Car -1 -1 -10 939.649 587.344 1075.556 686.508 -1 -1 -1 -1000 -1000 -1000 -10 0.86882198
Car -1 -1 -10 0.000 962.036 456.550 1199.758 -1 -1 -1 -1000 -1000 -1000 -10 0.02921452
Car -1 -1 -10 10.602 787.595 597.202 1200.000 -1 -1 -1 -1000 -1000 -1000 -10 0.01263590
Car -1 -1 -10 0.000 691.612 492.298 1200.000 -1 -1 -1 -1000 -1000 -1000 -10 0.00410948
Car -1 -1 -10 108.534 821.413 299.887 1200.000 -1 -1 -1 -1000 -1000 -1000 -10 0.00893921
Car -1 -1 -10 22.967 382.679 307.093 1200.000 -1 -1 -1 -1000 -1000 -1000 -10 0.00309920
Car -1 -1 -10 34.562 807.683 231.005 1200.000 -1 -1 -1 -1000 -1000 -1000 -10 0.00605627
Car -1 -1 -10 0.000 857.479 310.359 1200.000 -1 -1 -1 -1000 -1000 -1000 -10 0.00286307
Car -1 -1 -10 0.000 559.401 379.707 1200.000 -1 -1 -1 -1000 -1000 -1000 -10 0.00521536
Car -1 -1 -10 240.128 512.759 1441.423 1197.595 -1 -1 -1 -1000 -1000 -1000 -10 0.00653356
Car -1 -1 -10 5.108 927.321 256.166 1200.000 -1 -1 -1 -1000 -1000 -1000 -10 0.00248976
Car -1 -1 -10 71.121 362.555 360.392 1200.000 -1 -1 -1 -1000 -1000 -1000 -10 0.00236704
Car -1 -1 -10 44.259 774.821 170.803 1197.914 -1 -1 -1 -1000 -1000 -1000 -10 0.00210591
Car -1 -1 -10 139.659 794.105 266.433 1200.000 -1 -1 -1 -1000 -1000 -1000 -10 0.00192634
Car -1 -1 -10 0.000 1056.478 308.818 1200.000 -1 -1 -1 -1000 -1000 -1000 -10 0.00190214
Car -1 -1 -10 18.846 774.854 147.421 1197.537 -1 -1 -1 -1000 -1000 -1000 -10 0.00184514
Car -1 -1 -10 103.143 948.740 347.174 1200.000 -1 -1 -1 -1000 -1000 -1000 -10 0.00171281
