Car -1 -1 -10 1237.966 541.395 1432.002 697.755 -1 -1 -1 -1000 -1000 -1000 -10 0.92496103
Car -1 -1 -10 1326.443 548.986 1624.267 763.610 -1 -1 -1 -1000 -1000 -1000 -10 0.99378690
Car -1 -1 -10 873.943 530.681 1034.240 665.101 -1 -1 -1 -1000 -1000 -1000 -10 0.99211577
Car -1 -1 -10 1117.534 563.904 1228.537 655.844 -1 -1 -1 -1000 -1000 -1000 -10 0.45888066
Car -1 -1 -10 1309.628 542.280 1526.878 700.253 -1 -1 -1 -1000 -1000 -1000 -10 0.04275519
Car -1 -1 -10 1292.772 541.598 1488.607 714.224 -1 -1 -1 -1000 -1000 -1000 -10 0.02139225
Car -1 -1 -10 1124.256 567.346 1206.765 645.661 -1 -1 -1 -1000 -1000 -1000 -10 0.03010712
Car -1 -1 -10 0.000 540.601 894.486 1193.879 -1 -1 -1 -1000 -1000 -1000 -10 0.02091329
Car -1 -1 -10 1313.805 546.536 1454.286 680.009 -1 -1 -1 -1000 -1000 -1000 -10 0.00770041
Car -1 -1 -10 26.371 778.892 646.181 1196.033 -1 -1 -1 -1000 -1000 -1000 -10 0.00452841
Car -1 -1 -10 80.692 234.865 387.894 1195.829 -1 -1 -1 -1000 -1000 -1000 -10 0.00390179
Car -1 -1 -10 0.000 577.693 506.665 1199.831 -1 -1 -1 -1000 -1000 -1000 -10 0.00721647
Car -1 -1 -10 23.621 710.921 492.083 1200.000 -1 -1 -1 -1000 -1000 -1000 -10 0.00360519
Car -1 -1 -10 1280.883 1156.654 1318.867 1200.000 -1 -1 -1 -1000 -1000 -1000 -10 0.00333185
Car -1 -1 -10 1106.457 1080.391 1166.697 1200.000 -1 -1 -1 -1000 -1000 -1000 -10 0.00261844
