Car -1 -1 -10 809.646 589.933 866.038 642.738 -1 -1 -1 -1000 -1000 -1000 -10 0.88820200
Car -1 -1 -10 0.000 800.629 457.384 1198.899 -1 -1 -1 -1000 -1000 -1000 -10 0.00684051
Car -1 -1 -10 45.485 0.000 931.688 323.654 -1 -1 -1 -1000 -1000 -1000 -10 0.00203960
Car -1 -1 -10 625.936 1.634 1054.231 364.272 -1 -1 -1 -1000 -1000 -1000 -10 0.00317220
Car -1 -1 -10 211.205 4.723 795.006 279.409 -1 -1 -1 -1000 -1000 -1000 -10 0.00294850
Car -1 -1 -10 287.520 1.938 718.191 323.668 -1 -1 -1 -1000 -1000 -1000 -10 0.00285117
Car -1 -1 -10 751.165 38.476 903.228 635.900 -1 -1 -1 -1000 -1000 -1000 -10 0.00289253
Car -1 -1 -10 525.330 0.000 1126.735 370.714 -1 -1 -1 -1000 -1000 -1000 -10 0.00152378
Car -1 -1 -10 378.895 32.094 677.337 962.386 -1 -1 -1 -1000 -1000 -1000 -10 0.00458513
Car -1 -1 -10 688.311 8.863 968.484 417.071 -1 -1 -1 -1000 -1000 -1000 -10 0.00240211
Car -1 -1 -10 347.145 13.639 658.827 394.757 -1 -1 -1 -1000 -1000 -1000 -10 0.00234897
Car -1 -1 -10 0.000 936.956 324.509 1200.000 -1 -1 -1 -1000 -1000 -1000 -10 0.00227848
Car -1 -1 -10 417.602 50.283 613.837 528.673 -1 -1 -1 -1000 -1000 -1000 -10 0.00245800
Car -1 -1 -10 411.815 0.000 1300.596 322.643 -1 -1 -1 -1000 -1000 -1000 -10 0.00118649
Car -1 -1 -10 286.100 4.341 806.390 544.858 -1 -1 -1 -1000 -1000 -1000 -10 0.00116329
Car -1 -1 -10 667.431 34.487 965.517 961.371 -1 -1 -1 -1000 -1000 -1000 -10 0.00212227
Car -1 -1 -10 459.377 0.000 911.660 316.149 -1 -1 -1 -1000 -1000 -1000 -10 0.00210240
Car -1 -1 -10 708.801 89.925 989.002 261.742 -1 -1 -1 -1000 -1000 -1000 -10 0.00200761
Car -1 -1 -10 479.190 41.282 646.428 685.133 -1 -1 -1 -1000 -1000 -1000 -10 0.00101143
Car -1 -1 -10 737.566 42.286 922.139 554.701 -1 -1 -1 -1000 -1000 -1000 -10 0.00100817
Car -1 -1 -10 767.964 112.433 925.528 217.919 -1 -1 -1 -1000 -1000 -1000 -10 0.00100289
Car -1 -1 -10 568.293 24.506 868.743 955.762 -1 -1 -1 -1000 -1000 -1000 -10 0.00099372
Car -1 -1 -10 337.593 44.656 575.278 745.664 -1 -1 -1 -1000 -1000 -1000 -10 0.00098326
Car -1 -1 -10 439.326 34.917 591.558 630.747 -1 -1 -1 -1000 -1000 -1000 -10 0.00097006
Car -1 -1 -10 463.178 63.697 613.233 591.058 -1 -1 -1 -1000 -1000 -1000 -10 0.00096821
