Car -1 -1 -10 287.743 612.843 447.190 708.672 -1 -1 -1 -1000 -1000 -1000 -10 0.99982557
Car -1 -1 -10 936.181 595.674 1031.339 672.268 -1 -1 -1 -1000 -1000 -1000 -10 0.99873184
Car -1 -1 -10 460.115 609.746 560.660 679.974 -1 -1 -1 -1000 -1000 -1000 -10 0.85495161
Car -1 -1 -10 0.000 792.936 463.712 1199.113 -1 -1 -1 -1000 -1000 -1000 -10 0.01079324
Car -1 -1 -10 305.463 449.397 427.549 862.456 -1 -1 -1 -1000 -1000 -1000 -10 0.00393733
Car -1 -1 -10 23.607 1105.460 273.034 1200.000 -1 -1 -1 -1000 -1000 -1000 -10 0.00516919
Car -1 -1 -10 17.502 367.509 314.661 1200.000 -1 -1 -1 -1000 -1000 -1000 -10 0.00195249
Car -1 -1 -10 366.510 610.880 462.641 698.158 -1 -1 -1 -1000 -1000 -1000 -10 0.00375668
Car -1 -1 -10 17.301 688.468 264.494 1200.000 -1 -1 -1 -1000 -1000 -1000 -10 0.00513720
Car -1 -1 -10 396.514 609.022 470.679 679.901 -1 -1 -1 -1000 -1000 -1000 -10 0.00188121
Car -1 -1 -10 3.850 1058.158 351.416 1200.000 -1 -1 -1 -1000 -1000 -1000 -10 0.00328433
Car -1 -1 -10 330.780 446.765 400.181 846.601 -1 -1 -1 -1000 -1000 -1000 -10 0.00184098
Car -1 -1 -10 261.066 472.486 471.366 814.665 -1 -1 -1 -1000 -1000 -1000 -10 0.00335527
Car -1 -1 -10 9.321 992.087 420.075 1200.000 -1 -1 -1 -1000 -1000 -1000 -10 0.00307517
Car -1 -1 -10 79.820 771.003 273.828 1200.000 -1 -1 -1 -1000 -1000 -1000 -10 0.00173717
Car -1 -1 -10 509.546 614.408 571.375 674.579 -1 -1 -1 -1000 -1000 -1000 -10 0.00168072
Car -1 -1 -10 0.000 736.182 277.122 1011.112 -1 -1 -1 -1000 -1000 -1000 -10 0.00167442
Car -1 -1 -10 1416.221 592.907 1920.000 1196.685 -1 -1 -1 -1000 -1000 -1000 -10 0.00317870
Car -1 -1 -10 66.458 338.490 364.665 1200.000 -1 -1 -1 -1000 -1000 -1000 -10 0.00296855
Car -1 -1 -10 342.949 459.871 413.450 850.904 -1 -1 -1 -1000 -1000 -1000 -10 0.00151705
Car -1 -1 -10 114.016 752.906 244.203 1200.000 -1 -1 -1 -1000 -1000 -1000 -10 0.00150786
Car -1 -1 -10 1426.175 689.317 1917.314 965.279 -1 -1 -1 -1000 -1000 -1000 -10 0.00134366
Car -1 -1 -10 124.349 829.754 287.229 1200.000 -1 -1 -1 -1000 -1000 -1000 -10 0.00129501
