Car -1 -1 -10 1587.523 514.742 1920.000 690.311 -1 -1 -1 -1000 -1000 -1000 -10 0.63498972
Car -1 -1 -10 527.423 621.618 612.802 684.579 -1 -1 -1 -1000 -1000 -1000 -10 0.42146865
Car -1 -1 -10 1590.153 563.043 1758.132 663.130 -1 -1 -1 -1000 -1000 -1000 -10 0.01317464
Car -1 -1 -10 143.886 634.765 288.837 738.398 -1 -1 -1 -1000 -1000 -1000 -10 0.01323139
Car -1 -1 -10 1724.076 526.935 1866.565 654.610 -1 -1 -1 -1000 -1000 -1000 -10 0.00612162
Car -1 -1 -10 1709.160 536.989 1920.000 678.266 -1 -1 -1 -1000 -1000 -1000 -10 0.00296882
Car -1 -1 -10 0.000 798.328 458.988 1199.054 -1 -1 -1 -1000 -1000 -1000 -10 0.00967532
Car -1 -1 -10 1505.850 478.295 1920.000 1026.839 -1 -1 -1 -1000 -1000 -1000 -10 0.00400681
Car -1 -1 -10 5.477 1140.057 121.273 1200.000 -1 -1 -1 -1000 -1000 -1000 -10 0.00412555
Car -1 -1 -10 1741.231 537.806 1909.964 644.775 -1 -1 -1 -1000 -1000 -1000 -10 0.00215774
Car -1 -1 -10 1639.587 482.641 1911.064 848.808 -1 -1 -1 -1000 -1000 -1000 -10 0.00399044
Car -1 -1 -10 0.000 633.460 587.070 1084.738 -1 -1 -1 -1000 -1000 -1000 -10 0.00204814
Car -1 -1 -10 1610.312 585.979 1712.004 674.306 -1 -1 -1 -1000 -1000 -1000 -10 0.00369425
Car -1 -1 -10 1770.026 544.514 1906.527 676.094 -1 -1 -1 -1000 -1000 -1000 -10 0.00191010
Car -1 -1 -10 1630.992 539.633 1808.134 644.578 -1 -1 -1 -1000 -1000 -1000 -10 0.00346052
Car -1 -1 -10 1479.817 529.662 1896.882 912.321 -1 -1 -1 -1000 -1000 -1000 -10 0.00181633
Car -1 -1 -10 45.367 1158.065 82.225 1200.000 -1 -1 -1 -1000 -1000 -1000 -10 0.00171713
Car -1 -1 -10 1583.625 541.078 1757.661 637.405 -1 -1 -1 -1000 -1000 -1000 -10 0.00170749
Car -1 -1 -10 6.335 543.934 583.490 1181.222 -1 -1 -1 -1000 -1000 -1000 -10 0.00332345
Car -1 -1 -10 0.581 927.796 234.594 1200.000 -1 -1 -1 -1000 -1000 -1000 -10 0.00167580
Car -1 -1 -10 61.404 172.011 367.836 1188.809 -1 -1 -1 -1000 -1000 -1000 -10 0.00167257
Car -1 -1 -10 0.000 1019.666 244.790 1200.000 -1 -1 -1 -1000 -1000 -1000 -10 0.00164491
Car -1 -1 -10 24.301 726.649 240.392 1193.485 -1 -1 -1 -1000 -1000 -1000 -10 0.00157868
Car -1 -1 -10 617.301 619.164 659.219 665.937 -1 -1 -1 -1000 -1000 -1000 -10 0.00310497
Car -1 -1 -10 20.956 748.523 146.732 1200.000 -1 -1 -1 -1000 -1000 -1000 -10 0.00152197
Car -1 -1 -10 1731.940 536.642 1917.904 717.552 -1 -1 -1 -1000 -1000 -1000 -10 0.00147613
