Car -1 -1 -10 433.648 557.666 634.873 691.659 -1 -1 -1 -1000 -1000 -1000 -10 0.99996760
Car -1 -1 -10 925.192 535.544 1118.903 705.821 -1 -1 -1 -1000 -1000 -1000 -10 0.99994531
Car -1 -1 -10 253.690 572.293 449.381 688.692 -1 -1 -1 -1000 -1000 -1000 -10 0.99953672
Car -1 -1 -10 1076.720 555.321 1205.934 655.561 -1 -1 -1 -1000 -1000 -1000 -10 0.99782804
Car -1 -1 -10 707.243 565.015 777.256 625.507 -1 -1 -1 -1000 -1000 -1000 -10 0.53307672
Car -1 -1 -10 563.120 558.720 660.322 641.543 -1 -1 -1 -1000 -1000 -1000 -10 0.41653482
Car -1 -1 -10 1021.968 1155.592 1059.605 1200.000 -1 -1 -1 -1000 -1000 -1000 -10 0.01212769
Car -1 -1 -10 869.200 511.392 1920.000 1192.316 -1 -1 -1 -1000 -1000 -1000 -10 0.01762581
Car -1 -1 -10 891.326 816.916 1239.386 1194.752 -1 -1 -1 -1000 -1000 -1000 -10 0.00841337
Car -1 -1 -10 938.258 336.118 1223.286 1189.507 -1 -1 -1 -1000 -1000 -1000 -10 0.00866905
Car -1 -1 -10 348.341 575.679 466.472 685.064 -1 -1 -1 -1000 -1000 -1000 -10 0.00421815
Car -1 -1 -10 733.131 1088.173 891.807 1191.825 -1 -1 -1 -1000 -1000 -1000 -10 0.00756144
Car -1 -1 -10 829.983 1157.018 868.078 1200.000 -1 -1 -1 -1000 -1000 -1000 -10 0.00403120
Car -1 -1 -10 780.864 880.231 1301.075 1195.737 -1 -1 -1 -1000 -1000 -1000 -10 0.00389931
Car -1 -1 -10 814.373 1083.879 872.693 1200.000 -1 -1 -1 -1000 -1000 -1000 -10 0.00709731
Car -1 -1 -10 812.436 1032.372 1247.549 1200.000 -1 -1 -1 -1000 -1000 -1000 -10 0.00727137
Car -1 -1 -10 924.532 1080.563 1242.139 1200.000 -1 -1 -1 -1000 -1000 -1000 -10 0.00376583
Car -1 -1 -10 1007.712 1099.043 1187.021 1200.000 -1 -1 -1 -1000 -1000 -1000 -10 0.00374464
Car -1 -1 -10 1009.883 1156.402 1047.602 1200.000 -1 -1 -1 -1000 -1000 -1000 -10 0.00347833
Car -1 -1 -10 344.181 583.190 452.273 676.843 -1 -1 -1 -1000 -1000 -1000 -10 0.00346954
Car -1 -1 -10 1000.262 1114.921 1078.921 1200.000 -1 -1 -1 -1000 -1000 -1000 -10 0.00602032
Car -1 -1 -10 581.970 1031.847 1003.563 1200.000 -1 -1 -1 -1000 -1000 -1000 -10 0.00319220
Car -1 -1 -10 824.002 1155.661 862.808 1200.000 -1 -1 -1 -1000 -1000 -1000 -10 0.00313009
Car -1 -1 -10 926.095 890.428 1212.657 1200.000 -1 -1 -1 -1000 -1000 -1000 -10 0.00281401
