Car -1 -1 -10 0.000 793.380 458.977 1198.869 -1 -1 -1 -1000 -1000 -1000 -10 0.01145960
Car -1 -1 -10 0.000 510.081 899.775 1200.000 -1 -1 -1 -1000 -1000 -1000 -10 0.01025765
Car -1 -1 -10 0.947 412.337 509.417 1190.552 -1 -1 -1 -1000 -1000 -1000 -10 0.00434193
Car -1 -1 -10 29.359 293.988 393.527 1200.000 -1 -1 -1 -1000 -1000 -1000 -10 0.00205018
Car -1 -1 -10 107.876 914.091 260.832 1011.140 -1 -1 -1 -1000 -1000 -1000 -10 0.00203193
Car -1 -1 -10 87.635 853.841 311.091 1061.128 -1 -1 -1 -1000 -1000 -1000 -10 0.00190752
Car -1 -1 -10 83.602 546.589 226.579 1200.000 -1 -1 -1 -1000 -1000 -1000 -10 0.00326551
Car -1 -1 -10 138.077 604.994 266.842 1198.626 -1 -1 -1 -1000 -1000 -1000 -10 0.00182651
Car -1 -1 -10 166.041 915.159 320.843 1011.362 -1 -1 -1 -1000 -1000 -1000 -10 0.00177672
Car -1 -1 -10 115.133 604.066 246.390 1191.190 -1 -1 -1 -1000 -1000 -1000 -10 0.00174856
Car -1 -1 -10 74.961 202.502 349.290 1200.000 -1 -1 -1 -1000 -1000 -1000 -10 0.00298223
Car -1 -1 -10 41.034 344.155 276.169 1168.305 -1 -1 -1 -1000 -1000 -1000 -10 0.00157910
Car -1 -1 -10 153.717 539.281 303.902 1200.000 -1 -1 -1 -1000 -1000 -1000 -10 0.00157694
Car -1 -1 -10 0.000 923.285 229.058 1200.000 -1 -1 -1 -1000 -1000 -1000 -10 0.00155602
Car -1 -1 -10 154.412 765.297 242.684 1106.722 -1 -1 -1 -1000 -1000 -1000 -10 0.00155107
Car -1 -1 -10 126.530 528.488 278.527 1200.000 -1 -1 -1 -1000 -1000 -1000 -10 0.00154439
Car -1 -1 -10 7.643 616.114 572.733 1103.777 -1 -1 -1 -1000 -1000 -1000 -10 0.00293194
Car -1 -1 -10 204.365 572.081 344.476 1198.179 -1 -1 -1 -1000 -1000 -1000 -10 0.00289706
Car -1 -1 -10 0.000 935.195 321.323 1200.000 -1 -1 -1 -1000 -1000 -1000 -10 0.00290189
Car -1 -1 -10 178.434 787.746 220.459 1124.740 -1 -1 -1 -1000 -1000 -1000 -10 0.00144325
Car -1 -1 -10 237.172 914.863 395.110 1011.519 -1 -1 -1 -1000 -1000 -1000 -10 0.00143921
Car -1 -1 -10 0.000 755.583 326.973 1096.060 -1 -1 -1 -1000 -1000 -1000 -10 0.00132096
