Car -1 -1 -10 3.828 87.204 1549.506 1182.676 -1 -1 -1 -1000 -1000 -1000 -10 0.02456688
Car -1 -1 -10 21.045 39.378 313.327 1197.005 -1 -1 -1 -1000 -1000 -1000 -10 0.02792931
Car -1 -1 -10 0.000 520.094 523.048 987.469 -1 -1 -1 -1000 -1000 -1000 -10 0.00746183
Car -1 -1 -10 2.998 441.763 534.368 872.346 -1 -1 -1 -1000 -1000 -1000 -10 0.01051454
Car -1 -1 -10 676.443 585.101 726.014 630.673 -1 -1 -1 -1000 -1000 -1000 -10 0.01024566
Car -1 -1 -10 0.000 586.538 548.427 1200.000 -1 -1 -1 -1000 -1000 -1000 -10 0.01980812
Car -1 -1 -10 0.000 447.864 372.110 807.978 -1 -1 -1 -1000 -1000 -1000 -10 0.00596201
Car -1 -1 -10 0.000 397.780 867.642 1168.918 -1 -1 -1 -1000 -1000 -1000 -10 0.00876067
Car -1 -1 -10 0.000 450.272 1198.115 1197.856 -1 -1 -1 -1000 -1000 -1000 -10 0.00533622
Car -1 -1 -10 55.687 291.968 246.904 989.460 -1 -1 -1 -1000 -1000 -1000 -10 0.00493253
Car -1 -1 -10 17.564 399.631 246.555 842.667 -1 -1 -1 -1000 -1000 -1000 -10 0.00485557
Car -1 -1 -10 133.426 153.405 394.597 1200.000 -1 -1 -1 -1000 -1000 -1000 -10 0.00468527
Car -1 -1 -10 112.910 191.749 244.227 913.448 -1 -1 -1 -1000 -1000 -1000 -10 0.00455001
Car -1 -1 -10 4.299 364.914 368.709 783.378 -1 -1 -1 -1000 -1000 -1000 -10 0.00440363
Car -1 -1 -10 1.417 236.637 469.453 879.579 -1 -1 -1 -1000 -1000 -1000 -10 0.00432567
Car -1 -1 -10 0.000 85.211 576.205 1178.671 -1 -1 -1 -1000 -1000 -1000 -10 0.00732641
Car -1 -1 -10 161.385 249.692 292.926 966.585 -1 -1 -1 -1000 -1000 -1000 -10 0.00365169
Car -1 -1 -10 0.000 406.600 471.360 740.278 -1 -1 -1 -1000 -1000 -1000 -10 0.00349145
Car -1 -1 -10 31.721 312.512 326.655 842.668 -1 -1 -1 -1000 -1000 -1000 -10 0.00291998
Car -1 -1 -10 0.000 531.277 399.582 818.176 -1 -1 -1 -1000 -1000 -1000 -10 0.00278316
Car -1 -1 -10 105.483 196.089 255.258 1036.905 -1 -1 -1 -1000 -1000 -1000 -10 0.00257842
Car -1 -1 -10 54.341 280.862 209.875 1142.818 -1 -1 -1 -1000 -1000 -1000 -10 0.00240272
