Car -1 -1 -10 0.000 537.216 839.613 1193.474 -1 -1 -1 -1000 -1000 -1000 -10 0.01352640
Car -1 -1 -10 0.000 776.565 515.292 1198.932 -1 -1 -1 -1000 -1000 -1000 -10 0.01211991
Car -1 -1 -10 0.000 618.631 504.683 1200.000 -1 -1 -1 -1000 -1000 -1000 -10 0.00409595
Car -1 -1 -10 0.000 629.837 311.076 1194.609 -1 -1 -1 -1000 -1000 -1000 -10 0.00212657
Car -1 -1 -10 0.000 880.959 400.320 1200.000 -1 -1 -1 -1000 -1000 -1000 -10 0.00170009
Car -1 -1 -10 77.692 252.236 387.190 1197.791 -1 -1 -1 -1000 -1000 -1000 -10 0.00304880
Car -1 -1 -10 0.000 933.972 327.571 1200.000 -1 -1 -1 -1000 -1000 -1000 -10 0.00159452
Car -1 -1 -10 0.000 868.934 279.271 1200.000 -1 -1 -1 -1000 -1000 -1000 -10 0.00145551
Car -1 -1 -10 18.737 979.077 431.234 1200.000 -1 -1 -1 -1000 -1000 -1000 -10 0.00285630
Car -1 -1 -10 1.783 957.011 210.150 1200.000 -1 -1 -1 -1000 -1000 -1000 -10 0.00140586
Car -1 -1 -10 30.528 781.094 220.579 1200.000 -1 -1 -1 -1000 -1000 -1000 -10 0.00123236
Car -1 -1 -10 67.002 584.073 196.357 1200.000 -1 -1 -1 -1000 -1000 -1000 -10 0.00123178
Car -1 -1 -10 489.972 1117.854 571.726 1200.000 -1 -1 -1 -1000 -1000 -1000 -10 0.00215331
Car -1 -1 -10 46.618 565.551 272.155 1194.846 -1 -1 -1 -1000 -1000 -1000 -10 0.00110413
Car -1 -1 -10 0.000 1065.229 281.667 1200.000 -1 -1 -1 -1000 -1000 -1000 -10 0.00109137
Car -1 -1 -10 103.691 549.304 257.111 1200.000 -1 -1 -1 -1000 -1000 -1000 -10 0.00106566
