Car -1 -1 -10 709.183 595.777 820.242 682.681 -1 -1 -1 -1000 -1000 -1000 -10 0.99434479
Car -1 -1 -10 569.469 602.804 645.774 661.325 -1 -1 -1 -1000 -1000 -1000 -10 0.45284121
Car -1 -1 -10 573.189 606.667 635.598 659.104 -1 -1 -1 -1000 -1000 -1000 -10 0.39772320
Car -1 -1 -10 1063.605 570.122 1231.892 656.832 -1 -1 -1 -1000 -1000 -1000 -10 0.34882454
Car -1 -1 -10 660.033 594.345 740.902 663.443 -1 -1 -1 -1000 -1000 -1000 -10 0.15945761
Car -1 -1 -10 14.760 663.770 526.998 1190.844 -1 -1 -1 -1000 -1000 -1000 -10 0.00258285
Car -1 -1 -10 0.000 789.175 467.651 1199.189 -1 -1 -1 -1000 -1000 -1000 -10 0.00204509
Car -1 -1 -10 86.049 251.980 393.281 1197.352 -1 -1 -1 -1000 -1000 -1000 -10 0.00269055
Car -1 -1 -10 3.189 1080.007 317.914 1200.000 -1 -1 -1 -1000 -1000 -1000 -10 0.00336895
Car -1 -1 -10 0.000 537.512 302.289 889.331 -1 -1 -1 -1000 -1000 -1000 -10 0.00132758
Car -1 -1 -10 215.445 0.000 888.806 276.834 -1 -1 -1 -1000 -1000 -1000 -10 0.00131371
Car -1 -1 -10 73.943 820.898 235.074 1200.000 -1 -1 -1 -1000 -1000 -1000 -10 0.00115987
Car -1 -1 -10 52.012 0.000 909.640 318.323 -1 -1 -1 -1000 -1000 -1000 -10 0.00267236
Car -1 -1 -10 570.080 0.000 635.643 41.942 -1 -1 -1 -1000 -1000 -1000 -10 0.00102910
Car -1 -1 -10 65.218 1136.741 235.215 1200.000 -1 -1 -1 -1000 -1000 -1000 -10 0.00100426
Car -1 -1 -10 0.000 550.045 753.438 1198.760 -1 -1 -1 -1000 -1000 -1000 -10 0.00100310
Car -1 -1 -10 7.479 1109.818 181.470 1200.000 -1 -1 -1 -1000 -1000 -1000 -10 0.00163569
Car -1 -1 -10 19.167 986.777 455.606 1200.000 -1 -1 -1 -1000 -1000 -1000 -10 0.00195963
Car -1 -1 -10 400.343 614.002 585.030 1184.685 -1 -1 -1 -1000 -1000 -1000 -10 0.00167842
Car -1 -1 -10 32.882 620.765 300.689 1200.000 -1 -1 -1 -1000 -1000 -1000 -10 0.00096875
Car -1 -1 -10 3.248 531.895 258.156 849.273 -1 -1 -1 -1000 -1000 -1000 -10 0.00096757
Car -1 -1 -10 368.433 2.100 793.345 297.965 -1 -1 -1 -1000 -1000 -1000 -10 0.00253133
Car -1 -1 -10 136.724 1087.574 195.161 1200.000 -1 -1 -1 -1000 -1000 -1000 -10 0.00095113
Car -1 -1 -10 0.000 610.878 370.250 1198.976 -1 -1 -1 -1000 -1000 -1000 -10 0.00173572
Car -1 -1 -10 14.625 589.216 207.232 1178.766 -1 -1 -1 -1000 -1000 -1000 -10 0.00089072
Car -1 -1 -10 1468.322 806.068 1920.000 1200.000 -1 -1 -1 -1000 -1000 -1000 -10 0.00173280
Car -1 -1 -10 292.135 1054.240 717.880 1200.000 -1 -1 -1 -1000 -1000 -1000 -10 0.00155600
Car -1 -1 -10 737.641 444.251 806.247 774.450 -1 -1 -1 -1000 -1000 -1000 -10 0.00085711
Car -1 -1 -10 372.315 1105.720 622.706 1200.000 -1 -1 -1 -1000 -1000 -1000 -10 0.00154629
Car -1 -1 -10 645.866 0.000 715.993 37.877 -1 -1 -1 -1000 -1000 -1000 -10 0.00080865
Car -1 -1 -10 331.527 1.222 601.330 387.309 -1 -1 -1 -1000 -1000 -1000 -10 0.00079513
Car -1 -1 -10 588.819 0.000 654.552 41.694 -1 -1 -1 -1000 -1000 -1000 -10 0.00079398
Car -1 -1 -10 236.963 633.571 411.331 1190.523 -1 -1 -1 -1000 -1000 -1000 -10 0.00077772
Car -1 -1 -10 477.803 637.002 651.015 1190.694 -1 -1 -1 -1000 -1000 -1000 -10 0.00077259
Car -1 -1 -10 583.787 584.592 629.767 638.245 -1 -1 -1 -1000 -1000 -1000 -10 0.00076407
Car -1 -1 -10 283.537 40.122 580.173 957.133 -1 -1 -1 -1000 -1000 -1000 -10 0.00141635
Car -1 -1 -10 550.172 630.532 722.155 1188.981 -1 -1 -1 -1000 -1000 -1000 -10 0.00073970
Car -1 -1 -10 67.123 1158.593 105.039 1200.000 -1 -1 -1 -1000 -1000 -1000 -10 0.00073841
Car -1 -1 -10 676.899 550.804 722.761 707.771 -1 -1 -1 -1000 -1000 -1000 -10 0.00073042
Car -1 -1 -10 0.000 686.169 724.442 1175.150 -1 -1 -1 -1000 -1000 -1000 -10 0.00072668
Car -1 -1 -10 738.884 655.506 921.080 1193.742 -1 -1 -1 -1000 -1000 -1000 -10 0.00071781
Car -1 -1 -10 254.053 16.374 585.733 442.488 -1 -1 -1 -1000 -1000 -1000 -10 0.00071238
Car -1 -1 -10 361.892 826.821 669.425 1200.000 -1 -1 -1 -1000 -1000 -1000 -10 0.00071217
Car -1 -1 -10 347.381 64.179 496.552 587.066 -1 -1 -1 -1000 -1000 -1000 -10 0.00068019
