Car -1 -1 -10 1103.000 552.122 1200.462 636.077 -1 -1 -1 -1000 -1000 -1000 -10 0.99968833
Car -1 -1 -10 1767.398 587.488 1920.000 693.260 -1 -1 -1 -1000 -1000 -1000 -10 0.06827041
Car -1 -1 -10 0.000 514.246 1160.064 1183.088 -1 -1 -1 -1000 -1000 -1000 -10 0.04940041
Car -1 -1 -10 5.644 608.503 669.708 1200.000 -1 -1 -1 -1000 -1000 -1000 -10 0.01962434
Car -1 -1 -10 872.724 512.535 1920.000 1193.016 -1 -1 -1 -1000 -1000 -1000 -10 0.02338195
Car -1 -1 -10 0.000 598.618 503.210 1200.000 -1 -1 -1 -1000 -1000 -1000 -10 0.00945116
Car -1 -1 -10 0.000 724.743 389.341 1200.000 -1 -1 -1 -1000 -1000 -1000 -10 0.00434387
Car -1 -1 -10 685.485 753.345 1588.849 1192.092 -1 -1 -1 -1000 -1000 -1000 -10 0.01346971
Car -1 -1 -10 1269.733 658.201 1913.376 1197.427 -1 -1 -1 -1000 -1000 -1000 -10 0.01072695
Car -1 -1 -10 1444.020 791.219 1920.000 1200.000 -1 -1 -1 -1000 -1000 -1000 -10 0.00300650
Car -1 -1 -10 180.461 745.417 1081.507 1187.126 -1 -1 -1 -1000 -1000 -1000 -10 0.00786732
Car -1 -1 -10 862.464 816.497 1221.340 1195.079 -1 -1 -1 -1000 -1000 -1000 -10 0.00489111
Car -1 -1 -10 1707.971 535.924 1919.858 709.743 -1 -1 -1 -1000 -1000 -1000 -10 0.00236027
Car -1 -1 -10 763.338 927.688 1395.625 1200.000 -1 -1 -1 -1000 -1000 -1000 -10 0.00206370
