Car -1 -1 -10 567.380 586.365 662.806 663.742 -1 -1 -1 -1000 -1000 -1000 -10 0.99244213
Car -1 -1 -10 236.989 540.102 405.533 632.973 -1 -1 -1 -1000 -1000 -1000 -10 0.02774973
Car -1 -1 -10 1009.032 515.138 1910.737 1200.000 -1 -1 -1 -1000 -1000 -1000 -10 0.00962286
Car -1 -1 -10 1389.921 599.938 1632.670 1052.878 -1 -1 -1 -1000 -1000 -1000 -10 0.00446133
Car -1 -1 -10 1310.000 662.694 1832.295 988.755 -1 -1 -1 -1000 -1000 -1000 -10 0.00289136
Car -1 -1 -10 1454.012 736.244 1560.584 935.729 -1 -1 -1 -1000 -1000 -1000 -10 0.00263702
Car -1 -1 -10 0.000 795.908 462.244 1200.000 -1 -1 -1 -1000 -1000 -1000 -10 0.00615307
Car -1 -1 -10 1351.084 726.074 1674.829 947.388 -1 -1 -1 -1000 -1000 -1000 -10 0.00227610
Car -1 -1 -10 0.000 520.829 819.665 1197.569 -1 -1 -1 -1000 -1000 -1000 -10 0.00755002
Car -1 -1 -10 1405.301 765.179 1608.361 910.241 -1 -1 -1 -1000 -1000 -1000 -10 0.00211289
Car -1 -1 -10 1442.936 773.917 1569.366 902.261 -1 -1 -1 -1000 -1000 -1000 -10 0.00208221
Car -1 -1 -10 694.452 596.395 746.535 643.619 -1 -1 -1 -1000 -1000 -1000 -10 0.00334975
Car -1 -1 -10 1339.221 479.828 1704.528 1187.578 -1 -1 -1 -1000 -1000 -1000 -10 0.00202529
Car -1 -1 -10 1339.857 546.283 1634.991 1102.903 -1 -1 -1 -1000 -1000 -1000 -10 0.00310078
Car -1 -1 -10 187.688 518.382 473.191 654.402 -1 -1 -1 -1000 -1000 -1000 -10 0.00517739
Car -1 -1 -10 0.000 756.629 641.485 1200.000 -1 -1 -1 -1000 -1000 -1000 -10 0.00189627
Car -1 -1 -10 95.996 515.288 530.612 739.271 -1 -1 -1 -1000 -1000 -1000 -10 0.00183765
Car -1 -1 -10 1374.578 749.558 1639.679 925.795 -1 -1 -1 -1000 -1000 -1000 -10 0.00179175
Car -1 -1 -10 1445.208 589.499 1920.000 1115.713 -1 -1 -1 -1000 -1000 -1000 -10 0.00177544
Car -1 -1 -10 1297.398 748.064 1702.474 998.924 -1 -1 -1 -1000 -1000 -1000 -10 0.00395517
Car -1 -1 -10 1434.885 705.471 1577.181 963.827 -1 -1 -1 -1000 -1000 -1000 -10 0.00163704
Car -1 -1 -10 1472.082 595.747 1722.036 1060.285 -1 -1 -1 -1000 -1000 -1000 -10 0.00157486
Car -1 -1 -10 1299.997 643.556 1920.000 1059.934 -1 -1 -1 -1000 -1000 -1000 -10 0.00152482
Car -1 -1 -10 1.177 926.508 233.608 1200.000 -1 -1 -1 -1000 -1000 -1000 -10 0.00148393
Car -1 -1 -10 1428.782 788.586 1580.282 891.112 -1 -1 -1 -1000 -1000 -1000 -10 0.00252951
Car -1 -1 -10 1433.056 438.971 1919.886 1200.000 -1 -1 -1 -1000 -1000 -1000 -10 0.00141454
Car -1 -1 -10 1464.182 487.686 1849.522 1199.970 -1 -1 -1 -1000 -1000 -1000 -10 0.00139382
Car -1 -1 -10 1226.929 563.292 1800.339 977.900 -1 -1 -1 -1000 -1000 -1000 -10 0.00137371
Car -1 -1 -10 0.000 1007.705 257.993 1200.000 -1 -1 -1 -1000 -1000 -1000 -10 0.00133517
Car -1 -1 -10 0.000 1110.659 124.358 1200.000 -1 -1 -1 -1000 -1000 -1000 -10 0.00248272
Car -1 -1 -10 40.045 639.247 218.320 1188.292 -1 -1 -1 -1000 -1000 -1000 -10 0.00128038
Car -1 -1 -10 31.625 1158.624 68.485 1200.000 -1 -1 -1 -1000 -1000 -1000 -10 0.00120642
Car -1 -1 -10 0.000 1064.329 196.084 1200.000 -1 -1 -1 -1000 -1000 -1000 -10 0.00115715
Car -1 -1 -10 0.000 1156.427 31.623 1200.000 -1 -1 -1 -1000 -1000 -1000 -10 0.00107744
Car -1 -1 -10 27.396 673.093 273.350 1200.000 -1 -1 -1 -1000 -1000 -1000 -10 0.00106264
Car -1 -1 -10 982.313 558.693 1491.758 890.738 -1 -1 -1 -1000 -1000 -1000 -10 0.00103347
Car -1 -1 -10 289.973 530.860 373.299 604.879 -1 -1 -1 -1000 -1000 -1000 -10 0.00094012
Car -1 -1 -10 1320.536 623.812 1762.916 933.425 -1 -1 -1 -1000 -1000 -1000 -10 0.00092808
