Car -1 -1 -10 1100.850 546.280 1197.949 630.172 -1 -1 -1 -1000 -1000 -1000 -10 0.99993953
Car -1 -1 -10 452.493 573.366 550.839 640.093 -1 -1 -1 -1000 -1000 -1000 -10 0.65517810
Car -1 -1 -10 1.585 630.619 539.873 1199.085 -1 -1 -1 -1000 -1000 -1000 -10 0.02405762
Car -1 -1 -10 0.000 781.747 465.557 1192.673 -1 -1 -1 -1000 -1000 -1000 -10 0.00484387
Car -1 -1 -10 907.481 836.174 1250.883 1193.924 -1 -1 -1 -1000 -1000 -1000 -10 0.00755999
Car -1 -1 -10 852.164 1056.773 1263.793 1200.000 -1 -1 -1 -1000 -1000 -1000 -10 0.00737851
Car -1 -1 -10 643.193 1037.838 1041.358 1196.447 -1 -1 -1 -1000 -1000 -1000 -10 0.00537046
Car -1 -1 -10 1225.537 826.166 1577.923 1194.022 -1 -1 -1 -1000 -1000 -1000 -10 0.00535230
Car -1 -1 -10 678.978 1080.573 1000.677 1200.000 -1 -1 -1 -1000 -1000 -1000 -10 0.00528574
Car -1 -1 -10 783.124 1066.399 943.863 1166.381 -1 -1 -1 -1000 -1000 -1000 -10 0.00913684
Car -1 -1 -10 1160.220 1049.895 1584.518 1200.000 -1 -1 -1 -1000 -1000 -1000 -10 0.00954852
Car -1 -1 -10 1137.269 1093.998 1292.771 1187.619 -1 -1 -1 -1000 -1000 -1000 -10 0.00935299
Car -1 -1 -10 978.004 1101.171 1238.076 1200.000 -1 -1 -1 -1000 -1000 -1000 -10 0.00518994
Car -1 -1 -10 25.254 677.400 269.208 1198.215 -1 -1 -1 -1000 -1000 -1000 -10 0.00715656
Car -1 -1 -10 756.283 1087.292 917.870 1189.758 -1 -1 -1 -1000 -1000 -1000 -10 0.00255804
Car -1 -1 -10 973.179 940.369 1213.417 1200.000 -1 -1 -1 -1000 -1000 -1000 -10 0.00249680
Car -1 -1 -10 992.946 725.498 1146.730 1200.000 -1 -1 -1 -1000 -1000 -1000 -10 0.00247929
Car -1 -1 -10 954.459 667.742 1134.217 1194.786 -1 -1 -1 -1000 -1000 -1000 -10 0.00245748
Car -1 -1 -10 1002.565 1061.678 1395.775 1200.000 -1 -1 -1 -1000 -1000 -1000 -10 0.00441609
Car -1 -1 -10 720.759 1099.830 971.214 1200.000 -1 -1 -1 -1000 -1000 -1000 -10 0.00456489
Car -1 -1 -10 812.766 1009.938 1173.605 1191.709 -1 -1 -1 -1000 -1000 -1000 -10 0.00229027
Car -1 -1 -10 1202.057 1157.265 1238.955 1200.000 -1 -1 -1 -1000 -1000 -1000 -10 0.00222837
Car -1 -1 -10 1451.834 804.918 1920.000 1200.000 -1 -1 -1 -1000 -1000 -1000 -10 0.00219557
Car -1 -1 -10 1262.860 1102.548 1522.636 1200.000 -1 -1 -1 -1000 -1000 -1000 -10 0.00422526
Car -1 -1 -10 609.489 1017.077 1103.177 1200.000 -1 -1 -1 -1000 -1000 -1000 -10 0.00208095
Car -1 -1 -10 707.473 894.041 997.214 1200.000 -1 -1 -1 -1000 -1000 -1000 -10 0.00207897
Car -1 -1 -10 733.073 917.574 1415.455 1200.000 -1 -1 -1 -1000 -1000 -1000 -10 0.00205271
Car -1 -1 -10 1418.661 568.843 1920.000 1200.000 -1 -1 -1 -1000 -1000 -1000 -10 0.00203944
Car -1 -1 -10 829.257 882.886 1118.188 1200.000 -1 -1 -1 -1000 -1000 -1000 -10 0.00196520
Car -1 -1 -10 1039.512 1021.089 1131.478 1200.000 -1 -1 -1 -1000 -1000 -1000 -10 0.00196381
Car -1 -1 -10 971.834 990.951 1194.620 1200.000 -1 -1 -1 -1000 -1000 -1000 -10 0.00195269
Car -1 -1 -10 802.772 1056.889 1197.226 1200.000 -1 -1 -1 -1000 -1000 -1000 -10 0.00191734
Car -1 -1 -10 712.513 802.387 1315.572 1200.000 -1 -1 -1 -1000 -1000 -1000 -10 0.00189943
Car -1 -1 -10 960.268 1017.170 1454.268 1200.000 -1 -1 -1 -1000 -1000 -1000 -10 0.00189246
Car -1 -1 -10 1245.578 1158.231 1281.945 1200.000 -1 -1 -1 -1000 -1000 -1000 -10 0.00187897
Car -1 -1 -10 1208.086 1156.729 1245.708 1200.000 -1 -1 -1 -1000 -1000 -1000 -10 0.00186661
