Car -1 -1 -10 258.196 600.177 419.747 716.607 -1 -1 -1 -1000 -1000 -1000 -10 0.99990660
Car -1 -1 -10 700.596 603.581 853.169 726.941 -1 -1 -1 -1000 -1000 -1000 -10 0.99856240
Car -1 -1 -10 637.819 599.538 713.553 668.968 -1 -1 -1 -1000 -1000 -1000 -10 0.06857891
Car -1 -1 -10 4.046 652.095 687.126 1200.000 -1 -1 -1 -1000 -1000 -1000 -10 0.00588323
Car -1 -1 -10 693.601 596.542 794.364 692.238 -1 -1 -1 -1000 -1000 -1000 -10 0.01152905
Car -1 -1 -10 19.267 535.389 1098.887 1188.347 -1 -1 -1 -1000 -1000 -1000 -10 0.00759667
Car -1 -1 -10 766.986 597.755 873.034 712.285 -1 -1 -1 -1000 -1000 -1000 -10 0.00950889
Car -1 -1 -10 12.825 707.276 571.366 1199.297 -1 -1 -1 -1000 -1000 -1000 -10 0.00411217
Car -1 -1 -10 667.164 609.272 706.393 668.978 -1 -1 -1 -1000 -1000 -1000 -10 0.00563460
Car -1 -1 -10 0.000 610.375 507.909 1200.000 -1 -1 -1 -1000 -1000 -1000 -10 0.00559242
Car -1 -1 -10 674.881 602.091 791.868 709.064 -1 -1 -1 -1000 -1000 -1000 -10 0.00281647
Car -1 -1 -10 761.267 597.754 859.258 695.517 -1 -1 -1 -1000 -1000 -1000 -10 0.00268535
Car -1 -1 -10 836.902 605.996 877.498 654.033 -1 -1 -1 -1000 -1000 -1000 -10 0.00357722
Car -1 -1 -10 234.634 600.734 325.158 686.243 -1 -1 -1 -1000 -1000 -1000 -10 0.00181610
Car -1 -1 -10 84.353 245.931 388.562 1192.923 -1 -1 -1 -1000 -1000 -1000 -10 0.00180320
Car -1 -1 -10 0.000 832.920 309.928 1198.114 -1 -1 -1 -1000 -1000 -1000 -10 0.00311333
Car -1 -1 -10 842.476 606.043 887.236 653.606 -1 -1 -1 -1000 -1000 -1000 -10 0.00165037
Car -1 -1 -10 621.670 613.245 754.069 701.689 -1 -1 -1 -1000 -1000 -1000 -10 0.00290313
Car -1 -1 -10 712.757 611.195 771.511 676.040 -1 -1 -1 -1000 -1000 -1000 -10 0.00149438
Car -1 -1 -10 715.865 1158.157 755.612 1200.000 -1 -1 -1 -1000 -1000 -1000 -10 0.00145366
Car -1 -1 -10 170.058 736.344 839.846 1200.000 -1 -1 -1 -1000 -1000 -1000 -10 0.00138140
Car -1 -1 -10 267.686 379.433 414.701 855.012 -1 -1 -1 -1000 -1000 -1000 -10 0.00130853
Car -1 -1 -10 21.588 598.935 148.980 1200.000 -1 -1 -1 -1000 -1000 -1000 -10 0.00127795
