Car -1 -1 -10 872.097 558.980 951.398 630.669 -1 -1 -1 -1000 -1000 -1000 -10 0.85390477
Car -1 -1 -10 1550.719 478.892 1918.467 769.341 -1 -1 -1 -1000 -1000 -1000 -10 0.86079551
Car -1 -1 -10 1308.513 486.535 1775.450 717.698 -1 -1 -1 -1000 -1000 -1000 -10 0.63006518
Car -1 -1 -10 1057.677 559.649 1140.696 631.641 -1 -1 -1 -1000 -1000 -1000 -10 0.59610571
Car -1 -1 -10 1112.497 562.529 1197.674 647.696 -1 -1 -1 -1000 -1000 -1000 -10 0.37938381
Car -1 -1 -10 1007.495 556.054 1083.247 628.959 -1 -1 -1 -1000 -1000 -1000 -10 0.15995416
Car -1 -1 -10 253.138 576.834 313.406 663.775 -1 -1 -1 -1000 -1000 -1000 -10 0.03282180
Car -1 -1 -10 1478.231 497.520 1846.858 696.102 -1 -1 -1 -1000 -1000 -1000 -10 0.01000906
Car -1 -1 -10 1301.627 409.026 1916.215 746.984 -1 -1 -1 -1000 -1000 -1000 -10 0.00885669
Car -1 -1 -10 1721.061 482.990 1916.425 741.203 -1 -1 -1 -1000 -1000 -1000 -10 0.00702414
