Car -1 -1 -10 1094.550 539.128 1264.657 633.875 -1 -1 -1 -1000 -1000 -1000 -10 0.01016165
Car -1 -1 -10 1065.886 519.133 1223.665 612.579 -1 -1 -1 -1000 -1000 -1000 -10 0.00619018
Car -1 -1 -10 654.087 13.856 1908.461 1159.051 -1 -1 -1 -1000 -1000 -1000 -10 0.00546905
Car -1 -1 -10 1049.167 515.148 1347.056 657.159 -1 -1 -1 -1000 -1000 -1000 -10 0.00512962
Car -1 -1 -10 692.346 1157.779 729.709 1200.000 -1 -1 -1 -1000 -1000 -1000 -10 0.00435055
Car -1 -1 -10 0.000 509.459 913.121 1200.000 -1 -1 -1 -1000 -1000 -1000 -10 0.00827801
Car -1 -1 -10 953.871 409.788 1416.876 664.244 -1 -1 -1 -1000 -1000 -1000 -10 0.00489601
Car -1 -1 -10 0.000 796.783 458.939 1199.403 -1 -1 -1 -1000 -1000 -1000 -10 0.00791759
Car -1 -1 -10 1334.021 27.316 1920.000 1152.342 -1 -1 -1 -1000 -1000 -1000 -10 0.00394494
Car -1 -1 -10 1439.418 263.738 1920.000 816.157 -1 -1 -1 -1000 -1000 -1000 -10 0.00182095
Car -1 -1 -10 4.461 434.388 485.844 798.298 -1 -1 -1 -1000 -1000 -1000 -10 0.00173360
Car -1 -1 -10 1004.207 462.633 1292.353 616.372 -1 -1 -1 -1000 -1000 -1000 -10 0.00477445
Car -1 -1 -10 964.135 217.078 1161.707 925.849 -1 -1 -1 -1000 -1000 -1000 -10 0.00170614
Car -1 -1 -10 1427.007 432.468 1920.000 1038.429 -1 -1 -1 -1000 -1000 -1000 -10 0.00309742
Car -1 -1 -10 1654.331 433.457 1920.000 816.500 -1 -1 -1 -1000 -1000 -1000 -10 0.00162624
Car -1 -1 -10 1566.474 467.616 1918.429 809.912 -1 -1 -1 -1000 -1000 -1000 -10 0.00414151
Car -1 -1 -10 766.709 300.981 1366.270 648.466 -1 -1 -1 -1000 -1000 -1000 -10 0.00301647
Car -1 -1 -10 1396.286 322.738 1920.000 764.841 -1 -1 -1 -1000 -1000 -1000 -10 0.00154287
Car -1 -1 -10 1033.045 539.622 1187.994 633.461 -1 -1 -1 -1000 -1000 -1000 -10 0.00295070
Car -1 -1 -10 1678.599 405.487 1920.000 744.310 -1 -1 -1 -1000 -1000 -1000 -10 0.00150180
Car -1 -1 -10 764.783 1157.258 802.790 1200.000 -1 -1 -1 -1000 -1000 -1000 -10 0.00141324
Car -1 -1 -10 1789.815 587.195 1920.000 688.648 -1 -1 -1 -1000 -1000 -1000 -10 0.00137860
Car -1 -1 -10 0.000 939.256 318.371 1200.000 -1 -1 -1 -1000 -1000 -1000 -10 0.00137499
Car -1 -1 -10 675.718 1158.317 712.364 1200.000 -1 -1 -1 -1000 -1000 -1000 -10 0.00135889
Car -1 -1 -10 1776.621 564.744 1920.000 665.618 -1 -1 -1 -1000 -1000 -1000 -10 0.00135663
Car -1 -1 -10 979.479 229.485 1215.354 1021.988 -1 -1 -1 -1000 -1000 -1000 -10 0.00133622
Car -1 -1 -10 889.769 460.364 1186.708 616.902 -1 -1 -1 -1000 -1000 -1000 -10 0.00132666
Car -1 -1 -10 0.000 1008.666 256.983 1200.000 -1 -1 -1 -1000 -1000 -1000 -10 0.00131330
Car -1 -1 -10 0.000 639.485 536.754 1080.580 -1 -1 -1 -1000 -1000 -1000 -10 0.00128862
Car -1 -1 -10 820.157 376.342 1489.132 735.402 -1 -1 -1 -1000 -1000 -1000 -10 0.00127779
Car -1 -1 -10 1022.691 518.559 1181.251 608.971 -1 -1 -1 -1000 -1000 -1000 -10 0.00126035
Car -1 -1 -10 0.000 1109.983 123.585 1200.000 -1 -1 -1 -1000 -1000 -1000 -10 0.00122672
Car -1 -1 -10 0.000 1040.626 220.319 1200.000 -1 -1 -1 -1000 -1000 -1000 -10 0.00114910
Car -1 -1 -10 1137.964 516.988 1309.481 611.685 -1 -1 -1 -1000 -1000 -1000 -10 0.00113464
Car -1 -1 -10 1071.289 559.478 1219.795 655.127 -1 -1 -1 -1000 -1000 -1000 -10 0.00107409
Car -1 -1 -10 1748.435 615.112 1905.968 713.839 -1 -1 -1 -1000 -1000 -1000 -10 0.00106291
