Car -1 -1 -10 721.133 586.766 872.310 697.679 -1 -1 -1 -1000 -1000 -1000 -10 0.99214651
Car -1 -1 -10 358.753 495.232 755.121 749.830 -1 -1 -1 -1000 -1000 -1000 -10 0.96787125
Car -1 -1 -10 1832.345 578.163 1919.104 688.600 -1 -1 -1 -1000 -1000 -1000 -10 0.31573282
Car -1 -1 -10 931.508 574.587 1016.793 666.924 -1 -1 -1 -1000 -1000 -1000 -10 0.04623361
Car -1 -1 -10 0.000 476.981 139.352 653.109 -1 -1 -1 -1000 -1000 -1000 -10 0.01794581
Car -1 -1 -10 331.337 513.493 584.008 696.894 -1 -1 -1 -1000 -1000 -1000 -10 0.02447450
Car -1 -1 -10 792.406 585.317 884.113 678.225 -1 -1 -1 -1000 -1000 -1000 -10 0.00964416
Car -1 -1 -10 105.694 512.513 1171.821 1171.046 -1 -1 -1 -1000 -1000 -1000 -10 0.00898531
Car -1 -1 -10 1852.302 589.680 1908.741 651.880 -1 -1 -1 -1000 -1000 -1000 -10 0.00457186
Car -1 -1 -10 1847.960 598.879 1904.158 663.134 -1 -1 -1 -1000 -1000 -1000 -10 0.00428277
Car -1 -1 -10 0.000 466.412 177.944 670.428 -1 -1 -1 -1000 -1000 -1000 -10 0.00281325
Car -1 -1 -10 357.406 524.402 494.758 652.174 -1 -1 -1 -1000 -1000 -1000 -10 0.00278810
