Car -1 -1 -10 1711.514 529.555 1920.000 713.440 -1 -1 -1 -1000 -1000 -1000 -10 0.05273534
Car -1 -1 -10 45.512 568.667 1304.703 1188.754 -1 -1 -1 -1000 -1000 -1000 -10 0.08141409
Car -1 -1 -10 1562.323 593.870 1795.502 711.584 -1 -1 -1 -1000 -1000 -1000 -10 0.05056201
Car -1 -1 -10 1768.826 530.961 1917.684 699.388 -1 -1 -1 -1000 -1000 -1000 -10 0.03045468
Car -1 -1 -10 0.000 652.928 717.404 1200.000 -1 -1 -1 -1000 -1000 -1000 -10 0.05304437
Car -1 -1 -10 1804.485 537.123 1901.325 703.900 -1 -1 -1 -1000 -1000 -1000 -10 0.00545480
Car -1 -1 -10 1782.344 552.127 1919.223 681.996 -1 -1 -1 -1000 -1000 -1000 -10 0.00416977
Car -1 -1 -10 1700.435 491.498 1920.000 740.529 -1 -1 -1 -1000 -1000 -1000 -10 0.00702976
Car -1 -1 -10 0.000 698.231 376.055 1189.009 -1 -1 -1 -1000 -1000 -1000 -10 0.00320696
Car -1 -1 -10 0.000 620.161 309.412 1199.949 -1 -1 -1 -1000 -1000 -1000 -10 0.00590343
Car -1 -1 -10 1357.559 0.000 1920.000 210.916 -1 -1 -1 -1000 -1000 -1000 -10 0.00253026
Car -1 -1 -10 306.163 776.971 1014.122 1200.000 -1 -1 -1 -1000 -1000 -1000 -10 0.00249394
