Car -1 -1 -10 428.842 492.287 1687.689 1178.657 -1 -1 -1 -1000 -1000 -1000 -10 0.03869740
Car -1 -1 -10 1004.766 506.172 1920.000 1192.559 -1 -1 -1 -1000 -1000 -1000 -10 0.01605972
Car -1 -1 -10 557.958 1026.367 1028.670 1200.000 -1 -1 -1 -1000 -1000 -1000 -10 0.01254218
Car -1 -1 -10 623.757 1078.772 946.657 1200.000 -1 -1 -1 -1000 -1000 -1000 -10 0.00721833
Car -1 -1 -10 638.146 886.375 939.093 1198.629 -1 -1 -1 -1000 -1000 -1000 -10 0.00872024
Car -1 -1 -10 753.959 1085.986 812.432 1200.000 -1 -1 -1 -1000 -1000 -1000 -10 0.00601242
Car -1 -1 -10 664.161 1097.654 917.846 1200.000 -1 -1 -1 -1000 -1000 -1000 -10 0.00522903
Car -1 -1 -10 719.312 1068.999 864.590 1199.950 -1 -1 -1 -1000 -1000 -1000 -10 0.00504554
Car -1 -1 -10 763.957 1122.066 802.324 1200.000 -1 -1 -1 -1000 -1000 -1000 -10 0.00531340
Car -1 -1 -10 756.613 829.707 1409.721 1187.584 -1 -1 -1 -1000 -1000 -1000 -10 0.00526984
Car -1 -1 -10 1416.928 590.310 1920.000 1200.000 -1 -1 -1 -1000 -1000 -1000 -10 0.00591102
Car -1 -1 -10 199.918 1157.987 236.731 1200.000 -1 -1 -1 -1000 -1000 -1000 -10 0.00472183
Car -1 -1 -10 706.816 1066.125 870.604 1167.814 -1 -1 -1 -1000 -1000 -1000 -10 0.00248215
Car -1 -1 -10 698.370 704.793 861.270 1196.649 -1 -1 -1 -1000 -1000 -1000 -10 0.00461043
Car -1 -1 -10 0.000 797.318 464.345 1199.988 -1 -1 -1 -1000 -1000 -1000 -10 0.00917864
Car -1 -1 -10 659.593 830.818 1002.651 1192.995 -1 -1 -1 -1000 -1000 -1000 -10 0.00238231
Car -1 -1 -10 569.370 32.920 866.249 969.618 -1 -1 -1 -1000 -1000 -1000 -10 0.00236234
Car -1 -1 -10 1004.729 689.464 1218.685 1191.053 -1 -1 -1 -1000 -1000 -1000 -10 0.00225775
Car -1 -1 -10 737.428 913.152 1185.822 1145.907 -1 -1 -1 -1000 -1000 -1000 -10 0.00406986
Car -1 -1 -10 634.514 870.852 1508.248 1200.000 -1 -1 -1 -1000 -1000 -1000 -10 0.00221312
Car -1 -1 -10 660.035 1085.381 821.893 1191.720 -1 -1 -1 -1000 -1000 -1000 -10 0.00216966
Car -1 -1 -10 541.693 31.382 900.015 813.682 -1 -1 -1 -1000 -1000 -1000 -10 0.00216081
Car -1 -1 -10 687.391 948.845 916.907 1200.000 -1 -1 -1 -1000 -1000 -1000 -10 0.00210305
Car -1 -1 -10 912.869 866.829 1223.818 1200.000 -1 -1 -1 -1000 -1000 -1000 -10 0.00204994
Car -1 -1 -10 930.452 807.674 1297.532 1196.059 -1 -1 -1 -1000 -1000 -1000 -10 0.00204134
Car -1 -1 -10 754.653 1115.106 836.321 1200.000 -1 -1 -1 -1000 -1000 -1000 -10 0.00364507
Car -1 -1 -10 639.723 1067.970 800.075 1168.182 -1 -1 -1 -1000 -1000 -1000 -10 0.00365516
Car -1 -1 -10 617.233 697.992 850.936 1198.092 -1 -1 -1 -1000 -1000 -1000 -10 0.00192164
Car -1 -1 -10 1464.472 794.464 1920.000 1198.253 -1 -1 -1 -1000 -1000 -1000 -10 0.00364728
Car -1 -1 -10 981.230 1060.943 1375.438 1200.000 -1 -1 -1 -1000 -1000 -1000 -10 0.00190972
Car -1 -1 -10 1138.248 759.505 1814.864 1200.000 -1 -1 -1 -1000 -1000 -1000 -10 0.00190030
Car -1 -1 -10 738.167 1025.040 832.587 1200.000 -1 -1 -1 -1000 -1000 -1000 -10 0.00189179
Car -1 -1 -10 12.399 597.897 210.541 1194.696 -1 -1 -1 -1000 -1000 -1000 -10 0.00184726
Car -1 -1 -10 741.422 669.037 914.000 1191.085 -1 -1 -1 -1000 -1000 -1000 -10 0.00177548
Car -1 -1 -10 783.781 939.472 1016.472 1200.000 -1 -1 -1 -1000 -1000 -1000 -10 0.00172210
Car -1 -1 -10 739.713 762.355 867.560 1200.000 -1 -1 -1 -1000 -1000 -1000 -10 0.00168541
Car -1 -1 -10 1001.054 1083.725 1323.028 1200.000 -1 -1 -1 -1000 -1000 -1000 -10 0.00167067
Car -1 -1 -10 24.029 709.452 239.317 1200.000 -1 -1 -1 -1000 -1000 -1000 -10 0.00165198
Car -1 -1 -10 781.312 799.420 967.723 1200.000 -1 -1 -1 -1000 -1000 -1000 -10 0.00162050
Car -1 -1 -10 665.377 1101.519 838.553 1200.000 -1 -1 -1 -1000 -1000 -1000 -10 0.00161701
