Car -1 -1 -10 559.943 18.322 1914.531 1167.365 -1 -1 -1 -1000 -1000 -1000 -10 0.02429838
Car -1 -1 -10 1484.548 531.147 1913.280 1200.000 -1 -1 -1 -1000 -1000 -1000 -10 0.01910118
Car -1 -1 -10 989.799 482.048 1920.000 1200.000 -1 -1 -1 -1000 -1000 -1000 -10 0.01760794
Car -1 -1 -10 1328.269 183.432 1902.902 1200.000 -1 -1 -1 -1000 -1000 -1000 -10 0.01621866
Car -1 -1 -10 1261.947 523.785 1915.418 966.954 -1 -1 -1 -1000 -1000 -1000 -10 0.00594193
Car -1 -1 -10 1317.602 311.388 1916.153 774.314 -1 -1 -1 -1000 -1000 -1000 -10 0.00401718
Car -1 -1 -10 1424.698 571.188 1653.391 699.009 -1 -1 -1 -1000 -1000 -1000 -10 0.00211993
Car -1 -1 -10 1088.885 92.973 1920.000 937.497 -1 -1 -1 -1000 -1000 -1000 -10 0.00417727
Car -1 -1 -10 1475.863 800.130 1920.000 1200.000 -1 -1 -1 -1000 -1000 -1000 -10 0.00332064
Car -1 -1 -10 0.000 603.390 507.398 1200.000 -1 -1 -1 -1000 -1000 -1000 -10 0.00341051
Car -1 -1 -10 1460.864 567.116 1618.042 661.737 -1 -1 -1 -1000 -1000 -1000 -10 0.00169377
Car -1 -1 -10 1338.183 553.237 1783.279 791.310 -1 -1 -1 -1000 -1000 -1000 -10 0.00168011
Car -1 -1 -10 1379.378 535.453 1737.348 735.384 -1 -1 -1 -1000 -1000 -1000 -10 0.00154339
Car -1 -1 -10 1396.193 558.564 1696.585 714.700 -1 -1 -1 -1000 -1000 -1000 -10 0.00147082
Car -1 -1 -10 1414.376 671.925 1818.151 1081.783 -1 -1 -1 -1000 -1000 -1000 -10 0.00280799
Car -1 -1 -10 1118.721 436.621 1796.579 851.489 -1 -1 -1 -1000 -1000 -1000 -10 0.00137655
