Car -1 -1 -10 997.892 561.192 1203.240 726.948 -1 -1 -1 -1000 -1000 -1000 -10 0.99985284
Car -1 -1 -10 970.843 571.204 1104.553 706.297 -1 -1 -1 -1000 -1000 -1000 -10 0.53583896
Car -1 -1 -10 1471.766 247.468 1835.550 453.772 -1 -1 -1 -1000 -1000 -1000 -10 0.00455516
Car -1 -1 -10 3.452 797.267 484.446 1199.914 -1 -1 -1 -1000 -1000 -1000 -10 0.00858834
Car -1 -1 -10 1018.445 559.192 1132.335 677.253 -1 -1 -1 -1000 -1000 -1000 -10 0.00592272
Car -1 -1 -10 20.276 673.883 274.366 1200.000 -1 -1 -1 -1000 -1000 -1000 -10 0.00519670
Car -1 -1 -10 992.683 578.854 1073.311 660.809 -1 -1 -1 -1000 -1000 -1000 -10 0.00479887
Car -1 -1 -10 211.856 1102.591 460.558 1200.000 -1 -1 -1 -1000 -1000 -1000 -10 0.00312838
Car -1 -1 -10 127.856 1051.497 553.013 1200.000 -1 -1 -1 -1000 -1000 -1000 -10 0.00314724
Car -1 -1 -10 2.333 1068.195 347.138 1200.000 -1 -1 -1 -1000 -1000 -1000 -10 0.00585953
Car -1 -1 -10 0.000 514.937 979.140 1196.353 -1 -1 -1 -1000 -1000 -1000 -10 0.00602532
Car -1 -1 -10 189.665 646.276 362.727 1188.405 -1 -1 -1 -1000 -1000 -1000 -10 0.00154022
Car -1 -1 -10 1142.122 588.267 1241.785 675.575 -1 -1 -1 -1000 -1000 -1000 -10 0.00292561
Car -1 -1 -10 19.706 368.378 307.807 1200.000 -1 -1 -1 -1000 -1000 -1000 -10 0.00143197
Car -1 -1 -10 259.074 646.018 435.567 1190.213 -1 -1 -1 -1000 -1000 -1000 -10 0.00140672
Car -1 -1 -10 13.407 992.890 424.472 1200.000 -1 -1 -1 -1000 -1000 -1000 -10 0.00139486
Car -1 -1 -10 1087.961 567.741 1220.941 706.279 -1 -1 -1 -1000 -1000 -1000 -10 0.00137695
Car -1 -1 -10 141.950 647.950 314.150 1192.758 -1 -1 -1 -1000 -1000 -1000 -10 0.00136622
Car -1 -1 -10 6.118 1105.732 261.952 1200.000 -1 -1 -1 -1000 -1000 -1000 -10 0.00133830
Car -1 -1 -10 14.633 460.248 532.341 1200.000 -1 -1 -1 -1000 -1000 -1000 -10 0.00132953
Car -1 -1 -10 84.388 771.507 270.081 1200.000 -1 -1 -1 -1000 -1000 -1000 -10 0.00130421
Car -1 -1 -10 0.000 1106.604 90.285 1200.000 -1 -1 -1 -1000 -1000 -1000 -10 0.00129335
Car -1 -1 -10 116.022 753.008 242.813 1199.751 -1 -1 -1 -1000 -1000 -1000 -10 0.00128654
Car -1 -1 -10 0.000 1104.311 48.980 1200.000 -1 -1 -1 -1000 -1000 -1000 -10 0.00123385
