Car -1 -1 -10 985.569 526.194 1920.000 1200.000 -1 -1 -1 -1000 -1000 -1000 -10 0.02412082
Car -1 -1 -10 1452.595 616.904 1920.000 938.923 -1 -1 -1 -1000 -1000 -1000 -10 0.00734599
Car -1 -1 -10 1333.359 549.745 1906.372 927.233 -1 -1 -1 -1000 -1000 -1000 -10 0.01137922
Car -1 -1 -10 1269.219 639.120 1882.617 1001.258 -1 -1 -1 -1000 -1000 -1000 -10 0.00648657
Car -1 -1 -10 1433.051 467.129 1920.000 791.572 -1 -1 -1 -1000 -1000 -1000 -10 0.00919677
Car -1 -1 -10 1299.053 503.104 1920.000 854.390 -1 -1 -1 -1000 -1000 -1000 -10 0.00551397
Car -1 -1 -10 1449.239 656.323 1920.000 994.326 -1 -1 -1 -1000 -1000 -1000 -10 0.00535449
Car -1 -1 -10 1448.494 393.867 1920.000 1200.000 -1 -1 -1 -1000 -1000 -1000 -10 0.01051881
Car -1 -1 -10 1548.326 494.430 1898.590 1095.050 -1 -1 -1 -1000 -1000 -1000 -10 0.00521701
Car -1 -1 -10 1514.805 612.786 1920.000 848.125 -1 -1 -1 -1000 -1000 -1000 -10 0.00406307
Car -1 -1 -10 1303.808 556.203 1821.973 893.448 -1 -1 -1 -1000 -1000 -1000 -10 0.00405448
Car -1 -1 -10 1370.391 449.035 1873.244 713.330 -1 -1 -1 -1000 -1000 -1000 -10 0.00404668
Car -1 -1 -10 503.611 145.758 1895.842 1200.000 -1 -1 -1 -1000 -1000 -1000 -10 0.00404183
Car -1 -1 -10 1428.753 620.831 1760.159 931.399 -1 -1 -1 -1000 -1000 -1000 -10 0.00389473
Car -1 -1 -10 1578.584 536.309 1920.000 1155.035 -1 -1 -1 -1000 -1000 -1000 -10 0.00385638
Car -1 -1 -10 1546.776 562.627 1851.654 713.147 -1 -1 -1 -1000 -1000 -1000 -10 0.00335813
Car -1 -1 -10 1343.438 374.764 1920.000 746.641 -1 -1 -1 -1000 -1000 -1000 -10 0.00335660
Car -1 -1 -10 1428.099 392.173 1796.631 1074.219 -1 -1 -1 -1000 -1000 -1000 -10 0.00334548
Car -1 -1 -10 1383.492 562.450 1828.572 796.412 -1 -1 -1 -1000 -1000 -1000 -10 0.00332502
Car -1 -1 -10 1445.772 561.279 1751.728 715.949 -1 -1 -1 -1000 -1000 -1000 -10 0.00309163
