Car -1 -1 -10 256.705 601.529 460.306 711.036 -1 -1 -1 -1000 -1000 -1000 -10 0.98913006
Car -1 -1 -10 9.582 628.081 256.514 739.199 -1 -1 -1 -1000 -1000 -1000 -10 0.98563294
Car -1 -1 -10 418.198 613.580 512.723 692.627 -1 -1 -1 -1000 -1000 -1000 -10 0.01240749
Car -1 -1 -10 427.678 619.597 502.370 686.641 -1 -1 -1 -1000 -1000 -1000 -10 0.00883812
Car -1 -1 -10 1708.267 555.892 1919.010 714.286 -1 -1 -1 -1000 -1000 -1000 -10 0.01338367
Car -1 -1 -10 1623.011 548.465 1916.909 780.826 -1 -1 -1 -1000 -1000 -1000 -10 0.00649641
Car -1 -1 -10 498.280 623.568 648.342 693.215 -1 -1 -1 -1000 -1000 -1000 -10 0.00531179
Car -1 -1 -10 1799.501 564.308 1920.000 662.967 -1 -1 -1 -1000 -1000 -1000 -10 0.00491419
Car -1 -1 -10 1756.084 564.902 1919.648 666.032 -1 -1 -1 -1000 -1000 -1000 -10 0.00483626
Car -1 -1 -10 557.105 623.428 618.886 671.245 -1 -1 -1 -1000 -1000 -1000 -10 0.00431513
Car -1 -1 -10 447.954 617.407 505.046 674.320 -1 -1 -1 -1000 -1000 -1000 -10 0.00454023
Car -1 -1 -10 1622.136 521.159 1920.000 841.372 -1 -1 -1 -1000 -1000 -1000 -10 0.00428463
Car -1 -1 -10 0.000 644.494 123.117 737.785 -1 -1 -1 -1000 -1000 -1000 -10 0.00406537
Car -1 -1 -10 91.151 497.759 182.554 842.275 -1 -1 -1 -1000 -1000 -1000 -10 0.00356298
Car -1 -1 -10 505.365 632.221 565.812 681.434 -1 -1 -1 -1000 -1000 -1000 -10 0.00391584
Car -1 -1 -10 43.944 637.072 162.617 745.439 -1 -1 -1 -1000 -1000 -1000 -10 0.00371413
Car -1 -1 -10 0.000 785.462 451.198 1192.639 -1 -1 -1 -1000 -1000 -1000 -10 0.00355996
Car -1 -1 -10 0.000 0.000 307.591 369.654 -1 -1 -1 -1000 -1000 -1000 -10 0.00346628
Car -1 -1 -10 136.092 1139.403 250.901 1200.000 -1 -1 -1 -1000 -1000 -1000 -10 0.00176338
Car -1 -1 -10 51.003 13.919 422.907 807.739 -1 -1 -1 -1000 -1000 -1000 -10 0.00332672
Car -1 -1 -10 340.137 595.267 498.550 684.619 -1 -1 -1 -1000 -1000 -1000 -10 0.00332020
Car -1 -1 -10 389.446 602.017 483.587 686.334 -1 -1 -1 -1000 -1000 -1000 -10 0.00305601
Car -1 -1 -10 134.106 628.825 253.014 728.670 -1 -1 -1 -1000 -1000 -1000 -10 0.00297564
Car -1 -1 -10 0.000 0.000 417.657 312.192 -1 -1 -1 -1000 -1000 -1000 -10 0.00319709
Car -1 -1 -10 0.000 814.451 211.577 1193.627 -1 -1 -1 -1000 -1000 -1000 -10 0.00308722
Car -1 -1 -10 1.337 670.562 76.836 741.447 -1 -1 -1 -1000 -1000 -1000 -10 0.00158481
Car -1 -1 -10 1496.169 507.121 1920.000 1024.083 -1 -1 -1 -1000 -1000 -1000 -10 0.00157924
Car -1 -1 -10 5.901 623.201 259.415 1045.974 -1 -1 -1 -1000 -1000 -1000 -10 0.00154501
Car -1 -1 -10 0.000 0.000 391.953 682.389 -1 -1 -1 -1000 -1000 -1000 -10 0.00153030
Car -1 -1 -10 1801.140 590.528 1920.000 730.463 -1 -1 -1 -1000 -1000 -1000 -10 0.00152350
Car -1 -1 -10 318.927 468.098 412.490 813.169 -1 -1 -1 -1000 -1000 -1000 -10 0.00290971
Car -1 -1 -10 0.000 585.996 415.786 1144.108 -1 -1 -1 -1000 -1000 -1000 -10 0.00290693
Car -1 -1 -10 2.464 0.000 549.998 278.794 -1 -1 -1 -1000 -1000 -1000 -10 0.00145496
Car -1 -1 -10 58.583 0.000 654.216 355.559 -1 -1 -1 -1000 -1000 -1000 -10 0.00395504
Car -1 -1 -10 184.690 27.829 486.964 964.201 -1 -1 -1 -1000 -1000 -1000 -10 0.00136508
Car -1 -1 -10 176.483 1157.945 213.576 1200.000 -1 -1 -1 -1000 -1000 -1000 -10 0.00128706
Car -1 -1 -10 119.497 1065.311 515.838 1200.000 -1 -1 -1 -1000 -1000 -1000 -10 0.00126990
Car -1 -1 -10 399.394 608.446 477.852 679.784 -1 -1 -1 -1000 -1000 -1000 -10 0.00126274
Car -1 -1 -10 56.307 66.401 209.588 591.392 -1 -1 -1 -1000 -1000 -1000 -10 0.00124079
Car -1 -1 -10 95.110 14.000 407.233 430.605 -1 -1 -1 -1000 -1000 -1000 -10 0.00117623
