Car -1 -1 -10 1035.456 605.682 1229.083 762.214 -1 -1 -1 -1000 -1000 -1000 -10 0.94776601
Car -1 -1 -10 913.640 610.314 1034.816 703.721 -1 -1 -1 -1000 -1000 -1000 -10 0.98918311
Car -1 -1 -10 0.000 603.524 239.499 763.478 -1 -1 -1 -1000 -1000 -1000 -10 0.87030825
Car -1 -1 -10 1092.059 600.370 1361.522 789.619 -1 -1 -1 -1000 -1000 -1000 -10 0.93727699
Car -1 -1 -10 639.644 610.851 697.195 659.943 -1 -1 -1 -1000 -1000 -1000 -10 0.40073489
Car -1 -1 -10 320.808 593.627 493.098 692.120 -1 -1 -1 -1000 -1000 -1000 -10 0.13486179
Car -1 -1 -10 215.907 604.180 449.686 718.821 -1 -1 -1 -1000 -1000 -1000 -10 0.08436478
Car -1 -1 -10 867.638 586.051 1003.735 691.885 -1 -1 -1 -1000 -1000 -1000 -10 0.05114388
Car -1 -1 -10 80.256 613.968 320.101 749.446 -1 -1 -1 -1000 -1000 -1000 -10 0.01256001
Car -1 -1 -10 390.772 594.281 562.330 684.606 -1 -1 -1 -1000 -1000 -1000 -10 0.02084102
Car -1 -1 -10 0.000 616.566 119.830 752.730 -1 -1 -1 -1000 -1000 -1000 -10 0.00992552
