Car -1 -1 -10 954.815 603.844 1096.861 710.309 -1 -1 -1 -1000 -1000 -1000 -10 0.99967746
Car -1 -1 -10 907.533 616.670 975.076 674.299 -1 -1 -1 -1000 -1000 -1000 -10 0.44721282
Car -1 -1 -10 535.823 609.700 611.291 684.781 -1 -1 -1 -1000 -1000 -1000 -10 0.19386147
Car -1 -1 -10 523.091 607.420 622.021 690.516 -1 -1 -1 -1000 -1000 -1000 -10 0.07520316
Car -1 -1 -10 484.795 620.681 532.990 673.481 -1 -1 -1 -1000 -1000 -1000 -10 0.00683095
Car -1 -1 -10 433.294 626.134 513.012 682.343 -1 -1 -1 -1000 -1000 -1000 -10 0.00571377
Car -1 -1 -10 420.302 611.903 519.355 682.386 -1 -1 -1 -1000 -1000 -1000 -10 0.00312962
Car -1 -1 -10 0.000 706.168 602.795 1164.821 -1 -1 -1 -1000 -1000 -1000 -10 0.00222811
Car -1 -1 -10 604.777 611.697 681.717 675.125 -1 -1 -1 -1000 -1000 -1000 -10 0.00387599
Car -1 -1 -10 14.502 592.900 521.469 1190.383 -1 -1 -1 -1000 -1000 -1000 -10 0.00199170
Car -1 -1 -10 0.000 796.688 463.324 1200.000 -1 -1 -1 -1000 -1000 -1000 -10 0.00383996
Car -1 -1 -10 445.690 630.292 503.425 680.071 -1 -1 -1 -1000 -1000 -1000 -10 0.00314659
Car -1 -1 -10 932.720 607.398 1003.154 678.554 -1 -1 -1 -1000 -1000 -1000 -10 0.00136834
Car -1 -1 -10 0.000 785.874 345.573 1200.000 -1 -1 -1 -1000 -1000 -1000 -10 0.00136140
Car -1 -1 -10 0.000 810.415 212.161 1194.302 -1 -1 -1 -1000 -1000 -1000 -10 0.00135313
Car -1 -1 -10 3.137 1137.578 113.274 1200.000 -1 -1 -1 -1000 -1000 -1000 -10 0.00127367
Car -1 -1 -10 554.040 569.816 600.168 726.872 -1 -1 -1 -1000 -1000 -1000 -10 0.00126287
Car -1 -1 -10 907.372 484.014 1131.428 831.239 -1 -1 -1 -1000 -1000 -1000 -10 0.00243890
Car -1 -1 -10 37.399 1123.259 76.969 1200.000 -1 -1 -1 -1000 -1000 -1000 -10 0.00121326
Car -1 -1 -10 214.351 646.227 386.436 1186.081 -1 -1 -1 -1000 -1000 -1000 -10 0.00118337
Car -1 -1 -10 6.962 1107.433 178.165 1200.000 -1 -1 -1 -1000 -1000 -1000 -10 0.00222790
Car -1 -1 -10 0.000 983.245 290.637 1200.000 -1 -1 -1 -1000 -1000 -1000 -10 0.00211552
Car -1 -1 -10 65.083 616.620 246.278 1184.528 -1 -1 -1 -1000 -1000 -1000 -10 0.00219227
Car -1 -1 -10 970.162 468.411 1089.298 858.479 -1 -1 -1 -1000 -1000 -1000 -10 0.00112067
Car -1 -1 -10 41.726 1047.038 495.517 1200.000 -1 -1 -1 -1000 -1000 -1000 -10 0.00110503
Car -1 -1 -10 0.000 1107.968 90.961 1200.000 -1 -1 -1 -1000 -1000 -1000 -10 0.00109780
Car -1 -1 -10 13.918 637.937 689.735 1190.488 -1 -1 -1 -1000 -1000 -1000 -10 0.00109614
Car -1 -1 -10 4.039 831.023 292.141 1200.000 -1 -1 -1 -1000 -1000 -1000 -10 0.00109545
Car -1 -1 -10 27.353 1087.762 85.650 1200.000 -1 -1 -1 -1000 -1000 -1000 -10 0.00109150
Car -1 -1 -10 61.708 208.430 372.523 1200.000 -1 -1 -1 -1000 -1000 -1000 -10 0.00107103
Car -1 -1 -10 505.361 614.937 541.461 673.347 -1 -1 -1 -1000 -1000 -1000 -10 0.00106166
Car -1 -1 -10 0.000 1025.703 265.251 1200.000 -1 -1 -1 -1000 -1000 -1000 -10 0.00105038
Car -1 -1 -10 835.536 1158.284 873.388 1200.000 -1 -1 -1 -1000 -1000 -1000 -10 0.00102278
Car -1 -1 -10 0.000 1105.204 49.205 1200.000 -1 -1 -1 -1000 -1000 -1000 -10 0.00102269
Car -1 -1 -10 521.336 614.709 579.650 676.445 -1 -1 -1 -1000 -1000 -1000 -10 0.00102236
Car -1 -1 -10 105.207 407.017 428.602 1200.000 -1 -1 -1 -1000 -1000 -1000 -10 0.00100887
Car -1 -1 -10 42.427 647.371 219.709 1197.621 -1 -1 -1 -1000 -1000 -1000 -10 0.00100732
Car -1 -1 -10 0.000 893.254 240.434 1200.000 -1 -1 -1 -1000 -1000 -1000 -10 0.00099525
Car -1 -1 -10 0.000 1066.733 302.258 1200.000 -1 -1 -1 -1000 -1000 -1000 -10 0.00093675
