Car -1 -1 -10 0.000 562.001 503.792 1196.981 -1 -1 -1 -1000 -1000 -1000 -10 0.00336291
Car -1 -1 -10 0.000 828.626 442.576 1200.000 -1 -1 -1 -1000 -1000 -1000 -10 0.00447924
Car -1 -1 -10 525.818 647.765 698.895 1190.198 -1 -1 -1 -1000 -1000 -1000 -10 0.00122059
Car -1 -1 -10 173.719 498.161 1376.956 1200.000 -1 -1 -1 -1000 -1000 -1000 -10 0.00222221
Car -1 -1 -10 598.373 639.874 770.194 1187.490 -1 -1 -1 -1000 -1000 -1000 -10 0.00113874
Car -1 -1 -10 0.000 523.907 266.889 924.359 -1 -1 -1 -1000 -1000 -1000 -10 0.00109661
Car -1 -1 -10 0.000 1000.808 265.818 1200.000 -1 -1 -1 -1000 -1000 -1000 -10 0.00275289
Car -1 -1 -10 1321.017 763.071 1474.695 863.070 -1 -1 -1 -1000 -1000 -1000 -10 0.00202813
Car -1 -1 -10 4.337 512.918 358.921 960.904 -1 -1 -1 -1000 -1000 -1000 -10 0.00222503
Car -1 -1 -10 580.343 210.110 780.840 933.892 -1 -1 -1 -1000 -1000 -1000 -10 0.00096120
Car -1 -1 -10 0.436 1112.179 124.624 1200.000 -1 -1 -1 -1000 -1000 -1000 -10 0.00184687
Car -1 -1 -10 1573.029 563.739 1920.000 1200.000 -1 -1 -1 -1000 -1000 -1000 -10 0.00092758
Car -1 -1 -10 0.000 403.773 418.493 947.024 -1 -1 -1 -1000 -1000 -1000 -10 0.00091439
Car -1 -1 -10 0.000 1108.742 90.639 1200.000 -1 -1 -1 -1000 -1000 -1000 -10 0.00160507
Car -1 -1 -10 501.280 642.063 672.305 1192.792 -1 -1 -1 -1000 -1000 -1000 -10 0.00155176
Car -1 -1 -10 1256.042 271.744 1887.131 823.211 -1 -1 -1 -1000 -1000 -1000 -10 0.00163222
Car -1 -1 -10 0.000 1166.403 25.765 1200.000 -1 -1 -1 -1000 -1000 -1000 -10 0.00083217
Car -1 -1 -10 422.334 799.110 753.085 1198.266 -1 -1 -1 -1000 -1000 -1000 -10 0.00079793
Car -1 -1 -10 437.332 1108.963 690.135 1200.000 -1 -1 -1 -1000 -1000 -1000 -10 0.00153306
Car -1 -1 -10 500.052 735.502 628.687 1200.000 -1 -1 -1 -1000 -1000 -1000 -10 0.00079205
Car -1 -1 -10 0.000 940.859 320.989 1200.000 -1 -1 -1 -1000 -1000 -1000 -10 0.00078707
Car -1 -1 -10 401.028 354.729 1004.186 705.816 -1 -1 -1 -1000 -1000 -1000 -10 0.00078490
Car -1 -1 -10 1467.837 809.913 1920.000 1200.000 -1 -1 -1 -1000 -1000 -1000 -10 0.00150033
Car -1 -1 -10 1436.378 524.462 1919.675 910.767 -1 -1 -1 -1000 -1000 -1000 -10 0.00076851
Car -1 -1 -10 46.524 434.014 208.563 1049.875 -1 -1 -1 -1000 -1000 -1000 -10 0.00076416
Car -1 -1 -10 0.000 381.149 537.107 1020.866 -1 -1 -1 -1000 -1000 -1000 -10 0.00140290
Car -1 -1 -10 659.842 582.621 853.789 1179.735 -1 -1 -1 -1000 -1000 -1000 -10 0.00075587
Car -1 -1 -10 489.072 680.737 727.818 1195.345 -1 -1 -1 -1000 -1000 -1000 -10 0.00075166
Car -1 -1 -10 567.940 616.891 748.612 1181.795 -1 -1 -1 -1000 -1000 -1000 -10 0.00132153
Car -1 -1 -10 0.000 1140.081 54.286 1200.000 -1 -1 -1 -1000 -1000 -1000 -10 0.00073481
Car -1 -1 -10 1410.972 332.024 1903.411 776.863 -1 -1 -1 -1000 -1000 -1000 -10 0.00133761
Car -1 -1 -10 0.000 1061.478 200.472 1200.000 -1 -1 -1 -1000 -1000 -1000 -10 0.00126951
Car -1 -1 -10 1631.599 843.530 1920.000 1200.000 -1 -1 -1 -1000 -1000 -1000 -10 0.00063129
Car -1 -1 -10 41.652 647.923 219.247 1194.565 -1 -1 -1 -1000 -1000 -1000 -10 0.00059823
Car -1 -1 -10 1540.193 550.109 1907.166 899.462 -1 -1 -1 -1000 -1000 -1000 -10 0.00057574
Car -1 -1 -10 1619.250 500.286 1903.425 845.409 -1 -1 -1 -1000 -1000 -1000 -10 0.00057275
Car -1 -1 -10 386.253 1072.357 796.083 1200.000 -1 -1 -1 -1000 -1000 -1000 -10 0.00057182
Car -1 -1 -10 58.058 496.184 609.357 840.219 -1 -1 -1 -1000 -1000 -1000 -10 0.00057101
Car -1 -1 -10 63.038 66.673 366.787 1200.000 -1 -1 -1 -1000 -1000 -1000 -10 0.00055828
Car -1 -1 -10 570.416 119.319 872.153 1165.546 -1 -1 -1 -1000 -1000 -1000 -10 0.00054504
Car -1 -1 -10 0.000 1156.998 35.197 1200.000 -1 -1 -1 -1000 -1000 -1000 -10 0.00054013
Car -1 -1 -10 1711.277 964.480 1920.000 1200.000 -1 -1 -1 -1000 -1000 -1000 -10 0.00053929
Car -1 -1 -10 725.371 548.004 877.719 1187.805 -1 -1 -1 -1000 -1000 -1000 -10 0.00052596
Car -1 -1 -10 610.347 192.313 753.847 983.476 -1 -1 -1 -1000 -1000 -1000 -10 0.00050867
