Car -1 -1 -10 31.335 520.345 1232.355 1193.751 -1 -1 -1 -1000 -1000 -1000 -10 0.01566911
Car -1 -1 -10 507.627 498.438 1728.839 1197.808 -1 -1 -1 -1000 -1000 -1000 -10 0.00998870
Car -1 -1 -10 189.189 767.099 1039.221 1187.237 -1 -1 -1 -1000 -1000 -1000 -10 0.00450174
Car -1 -1 -10 0.000 792.555 453.310 1195.286 -1 -1 -1 -1000 -1000 -1000 -10 0.00295149
Car -1 -1 -10 0.000 0.000 417.676 316.612 -1 -1 -1 -1000 -1000 -1000 -10 0.00292970
Car -1 -1 -10 451.216 797.770 1099.660 1186.211 -1 -1 -1 -1000 -1000 -1000 -10 0.00143411
Car -1 -1 -10 1443.550 541.255 1920.000 905.050 -1 -1 -1 -1000 -1000 -1000 -10 0.00258141
Car -1 -1 -10 342.307 11.105 619.151 387.550 -1 -1 -1 -1000 -1000 -1000 -10 0.00257441
Car -1 -1 -10 0.000 0.000 491.473 376.350 -1 -1 -1 -1000 -1000 -1000 -10 0.00139886
Car -1 -1 -10 652.473 638.308 855.817 1184.868 -1 -1 -1 -1000 -1000 -1000 -10 0.00255182
Car -1 -1 -10 299.593 30.061 649.762 249.319 -1 -1 -1 -1000 -1000 -1000 -10 0.00246696
Car -1 -1 -10 568.587 754.976 1439.779 1188.463 -1 -1 -1 -1000 -1000 -1000 -10 0.00133187
Car -1 -1 -10 741.770 693.356 948.024 1193.637 -1 -1 -1 -1000 -1000 -1000 -10 0.00376067
Car -1 -1 -10 189.573 5.095 799.061 325.530 -1 -1 -1 -1000 -1000 -1000 -10 0.00333474
Car -1 -1 -10 665.382 1061.621 1051.191 1200.000 -1 -1 -1 -1000 -1000 -1000 -10 0.00230056
Car -1 -1 -10 1574.906 565.286 1920.000 1200.000 -1 -1 -1 -1000 -1000 -1000 -10 0.00126348
Car -1 -1 -10 830.929 805.616 1471.392 1194.906 -1 -1 -1 -1000 -1000 -1000 -10 0.00124885
Car -1 -1 -10 375.793 1029.216 835.764 1200.000 -1 -1 -1 -1000 -1000 -1000 -10 0.00216199
Car -1 -1 -10 0.000 0.000 309.328 368.603 -1 -1 -1 -1000 -1000 -1000 -10 0.00120041
Car -1 -1 -10 1441.856 382.058 1920.000 755.842 -1 -1 -1 -1000 -1000 -1000 -10 0.00119687
Car -1 -1 -10 340.608 48.628 625.179 225.623 -1 -1 -1 -1000 -1000 -1000 -10 0.00118904
Car -1 -1 -10 468.423 1085.011 779.452 1200.000 -1 -1 -1 -1000 -1000 -1000 -10 0.00224054
Car -1 -1 -10 0.000 11.047 263.378 482.884 -1 -1 -1 -1000 -1000 -1000 -10 0.00234335
Car -1 -1 -10 0.000 0.000 307.383 260.173 -1 -1 -1 -1000 -1000 -1000 -10 0.00117764
Car -1 -1 -10 492.995 686.869 729.505 1195.870 -1 -1 -1 -1000 -1000 -1000 -10 0.00116900
Car -1 -1 -10 332.747 1084.369 648.922 1200.000 -1 -1 -1 -1000 -1000 -1000 -10 0.00216508
Car -1 -1 -10 734.120 1104.151 977.040 1200.000 -1 -1 -1 -1000 -1000 -1000 -10 0.00213628
Car -1 -1 -10 388.132 52.375 562.464 224.023 -1 -1 -1 -1000 -1000 -1000 -10 0.00114926
Car -1 -1 -10 541.557 811.692 1170.784 1195.703 -1 -1 -1 -1000 -1000 -1000 -10 0.00114733
Car -1 -1 -10 270.095 1086.988 593.036 1200.000 -1 -1 -1 -1000 -1000 -1000 -10 0.00114045
Car -1 -1 -10 394.882 61.374 545.454 592.916 -1 -1 -1 -1000 -1000 -1000 -10 0.00212373
Car -1 -1 -10 370.978 681.197 609.394 1198.219 -1 -1 -1 -1000 -1000 -1000 -10 0.00109852
Car -1 -1 -10 7.938 25.557 296.948 198.506 -1 -1 -1 -1000 -1000 -1000 -10 0.00109086
Car -1 -1 -10 855.695 244.348 1155.910 1197.267 -1 -1 -1 -1000 -1000 -1000 -10 0.00108768
Car -1 -1 -10 1427.859 604.242 1920.000 1200.000 -1 -1 -1 -1000 -1000 -1000 -10 0.00107968
Car -1 -1 -10 682.088 589.071 830.377 1200.000 -1 -1 -1 -1000 -1000 -1000 -10 0.00107062
Car -1 -1 -10 473.559 252.113 774.349 1199.140 -1 -1 -1 -1000 -1000 -1000 -10 0.00307538
Car -1 -1 -10 1183.114 546.257 1891.650 1200.000 -1 -1 -1 -1000 -1000 -1000 -10 0.00106095
Car -1 -1 -10 663.368 520.143 1023.235 1200.000 -1 -1 -1 -1000 -1000 -1000 -10 0.00105670
Car -1 -1 -10 417.696 25.261 529.627 361.213 -1 -1 -1 -1000 -1000 -1000 -10 0.00103413
Car -1 -1 -10 532.383 818.717 690.783 1200.000 -1 -1 -1 -1000 -1000 -1000 -10 0.00102546
Car -1 -1 -10 58.000 74.903 176.045 189.248 -1 -1 -1 -1000 -1000 -1000 -10 0.00101906
Car -1 -1 -10 1470.798 806.811 1920.000 1200.000 -1 -1 -1 -1000 -1000 -1000 -10 0.00101290
Car -1 -1 -10 793.849 627.609 1015.127 1180.599 -1 -1 -1 -1000 -1000 -1000 -10 0.00101282
Car -1 -1 -10 586.751 1085.276 899.423 1200.000 -1 -1 -1 -1000 -1000 -1000 -10 0.00101197
Car -1 -1 -10 754.457 591.627 902.893 1200.000 -1 -1 -1 -1000 -1000 -1000 -10 0.00101081
Car -1 -1 -10 513.213 637.747 777.150 1200.000 -1 -1 -1 -1000 -1000 -1000 -10 0.00100682
Car -1 -1 -10 494.438 910.419 1197.317 1200.000 -1 -1 -1 -1000 -1000 -1000 -10 0.00100623
Car -1 -1 -10 610.322 580.572 758.596 1192.327 -1 -1 -1 -1000 -1000 -1000 -10 0.00100567
Car -1 -1 -10 331.982 644.176 862.463 1197.519 -1 -1 -1 -1000 -1000 -1000 -10 0.00100424
Car -1 -1 -10 0.000 0.000 369.841 678.107 -1 -1 -1 -1000 -1000 -1000 -10 0.00100092
Car -1 -1 -10 303.672 1104.188 555.952 1200.000 -1 -1 -1 -1000 -1000 -1000 -10 0.00098627
Car -1 -1 -10 664.840 250.942 966.338 1200.000 -1 -1 -1 -1000 -1000 -1000 -10 0.00098442
Car -1 -1 -10 900.992 653.984 1089.924 1196.547 -1 -1 -1 -1000 -1000 -1000 -10 0.00098117
Car -1 -1 -10 763.075 934.103 988.383 1200.000 -1 -1 -1 -1000 -1000 -1000 -10 0.00097705
Car -1 -1 -10 595.647 604.096 725.574 1189.666 -1 -1 -1 -1000 -1000 -1000 -10 0.00097530
Car -1 -1 -10 400.392 1103.956 651.171 1200.000 -1 -1 -1 -1000 -1000 -1000 -10 0.00097420
Car -1 -1 -10 704.437 585.518 854.737 1198.226 -1 -1 -1 -1000 -1000 -1000 -10 0.00096140
Car -1 -1 -10 562.268 516.016 920.973 1200.000 -1 -1 -1 -1000 -1000 -1000 -10 0.00095837
Car -1 -1 -10 596.327 743.455 722.079 1200.000 -1 -1 -1 -1000 -1000 -1000 -10 0.00095258
Car -1 -1 -10 552.362 1075.358 683.131 1200.000 -1 -1 -1 -1000 -1000 -1000 -10 0.00094081
Car -1 -1 -10 409.947 98.203 538.374 226.177 -1 -1 -1 -1000 -1000 -1000 -10 0.00092841
Car -1 -1 -10 411.921 819.627 571.290 1200.000 -1 -1 -1 -1000 -1000 -1000 -10 0.00092411
Car -1 -1 -10 468.222 592.631 661.700 1176.997 -1 -1 -1 -1000 -1000 -1000 -10 0.00092107
