Car -1 -1 -10 238.574 608.476 474.432 772.364 -1 -1 -1 -1000 -1000 -1000 -10 0.99996337
Car -1 -1 -10 875.505 620.983 1017.658 722.319 -1 -1 -1 -1000 -1000 -1000 -10 0.99915758
Car -1 -1 -10 1516.809 606.649 1693.916 714.367 -1 -1 -1 -1000 -1000 -1000 -10 0.53926107
Car -1 -1 -10 447.622 639.500 507.857 694.087 -1 -1 -1 -1000 -1000 -1000 -10 0.36218177
Car -1 -1 -10 517.890 622.221 617.971 695.303 -1 -1 -1 -1000 -1000 -1000 -10 0.41738869
Car -1 -1 -10 112.721 621.504 264.131 713.685 -1 -1 -1 -1000 -1000 -1000 -10 0.05432729
Car -1 -1 -10 434.675 634.506 510.432 695.894 -1 -1 -1 -1000 -1000 -1000 -10 0.01423815
Car -1 -1 -10 0.641 642.580 589.920 1200.000 -1 -1 -1 -1000 -1000 -1000 -10 0.01717471
Car -1 -1 -10 309.796 777.676 1163.802 1188.337 -1 -1 -1 -1000 -1000 -1000 -10 0.00569676
Car -1 -1 -10 316.520 2.212 656.053 151.980 -1 -1 -1 -1000 -1000 -1000 -10 0.00261332
Car -1 -1 -10 312.505 0.000 651.276 118.559 -1 -1 -1 -1000 -1000 -1000 -10 0.00253872
Car -1 -1 -10 202.760 0.000 789.739 211.885 -1 -1 -1 -1000 -1000 -1000 -10 0.00247004
Car -1 -1 -10 412.314 627.058 502.875 706.378 -1 -1 -1 -1000 -1000 -1000 -10 0.00434423
Car -1 -1 -10 407.366 0.000 540.123 138.382 -1 -1 -1 -1000 -1000 -1000 -10 0.00459814
Car -1 -1 -10 362.886 0.000 583.654 212.666 -1 -1 -1 -1000 -1000 -1000 -10 0.00226871
Car -1 -1 -10 359.893 19.341 615.031 473.971 -1 -1 -1 -1000 -1000 -1000 -10 0.00215162
Car -1 -1 -10 1428.321 599.351 1920.000 1200.000 -1 -1 -1 -1000 -1000 -1000 -10 0.00208915
Car -1 -1 -10 567.358 246.046 874.141 1200.000 -1 -1 -1 -1000 -1000 -1000 -10 0.00202769
Car -1 -1 -10 1574.697 595.845 1736.209 688.502 -1 -1 -1 -1000 -1000 -1000 -10 0.00202230
