Car -1 -1 -10 1213.450 498.896 1619.917 833.107 -1 -1 -1 -1000 -1000 -1000 -10 0.82579131
Car -1 -1 -10 1116.521 591.294 1281.086 681.535 -1 -1 -1 -1000 -1000 -1000 -10 0.02735801
Car -1 -1 -10 1015.967 609.763 1059.714 651.934 -1 -1 -1 -1000 -1000 -1000 -10 0.01474539
Car -1 -1 -10 0.000 797.993 461.119 1199.078 -1 -1 -1 -1000 -1000 -1000 -10 0.00776276
Car -1 -1 -10 1375.252 494.473 1700.398 842.113 -1 -1 -1 -1000 -1000 -1000 -10 0.00532620
Car -1 -1 -10 1197.960 507.554 1472.495 782.919 -1 -1 -1 -1000 -1000 -1000 -10 0.00184411
Car -1 -1 -10 1280.393 503.146 1514.147 727.229 -1 -1 -1 -1000 -1000 -1000 -10 0.00284860
Car -1 -1 -10 1267.625 521.089 1447.163 701.798 -1 -1 -1 -1000 -1000 -1000 -10 0.00334166
Car -1 -1 -10 356.075 629.366 530.944 1193.271 -1 -1 -1 -1000 -1000 -1000 -10 0.00108621
Car -1 -1 -10 332.720 1040.557 775.981 1200.000 -1 -1 -1 -1000 -1000 -1000 -10 0.00104701
Car -1 -1 -10 430.428 1105.895 679.296 1200.000 -1 -1 -1 -1000 -1000 -1000 -10 0.00095164
Car -1 -1 -10 328.853 1107.102 584.041 1200.000 -1 -1 -1 -1000 -1000 -1000 -10 0.00093330
Car -1 -1 -10 1219.994 565.825 1327.543 673.881 -1 -1 -1 -1000 -1000 -1000 -10 0.00092847
Car -1 -1 -10 0.000 933.345 321.883 1200.000 -1 -1 -1 -1000 -1000 -1000 -10 0.00092346
Car -1 -1 -10 477.221 644.006 650.877 1192.073 -1 -1 -1 -1000 -1000 -1000 -10 0.00091745
Car -1 -1 -10 921.826 598.655 972.605 646.296 -1 -1 -1 -1000 -1000 -1000 -10 0.00091319
Car -1 -1 -10 397.517 806.756 733.260 1196.709 -1 -1 -1 -1000 -1000 -1000 -10 0.00090562
Car -1 -1 -10 1338.337 497.710 1566.778 728.100 -1 -1 -1 -1000 -1000 -1000 -10 0.00088704
