Car -1 -1 -10 470.557 603.572 613.730 687.063 -1 -1 -1 -1000 -1000 -1000 -10 0.99310446
Car -1 -1 -10 1047.360 586.485 1124.657 656.893 -1 -1 -1 -1000 -1000 -1000 -10 0.97803661
Car -1 -1 -10 786.699 604.487 863.119 658.318 -1 -1 -1 -1000 -1000 -1000 -10 0.19148517
Car -1 -1 -10 1174.345 594.619 1231.037 641.692 -1 -1 -1 -1000 -1000 -1000 -10 0.09593285
Car -1 -1 -10 0.000 652.031 448.233 1197.368 -1 -1 -1 -1000 -1000 -1000 -10 0.00295976
Car -1 -1 -10 0.000 797.292 466.627 1200.000 -1 -1 -1 -1000 -1000 -1000 -10 0.00659850
Car -1 -1 -10 600.416 1083.168 913.478 1200.000 -1 -1 -1 -1000 -1000 -1000 -10 0.00276241
Car -1 -1 -10 0.000 1106.749 90.601 1200.000 -1 -1 -1 -1000 -1000 -1000 -10 0.00143667
Car -1 -1 -10 0.000 926.466 341.225 1200.000 -1 -1 -1 -1000 -1000 -1000 -10 0.00275587
Car -1 -1 -10 528.122 617.565 601.191 673.816 -1 -1 -1 -1000 -1000 -1000 -10 0.00229947
Car -1 -1 -10 285.052 1039.096 725.331 1200.000 -1 -1 -1 -1000 -1000 -1000 -10 0.00124871
Car -1 -1 -10 860.847 1080.551 920.755 1200.000 -1 -1 -1 -1000 -1000 -1000 -10 0.00124474
Car -1 -1 -10 0.000 1104.175 49.312 1200.000 -1 -1 -1 -1000 -1000 -1000 -10 0.00120869
Car -1 -1 -10 6.409 1073.342 316.214 1200.000 -1 -1 -1 -1000 -1000 -1000 -10 0.00231610
Car -1 -1 -10 1065.683 524.237 1119.959 713.914 -1 -1 -1 -1000 -1000 -1000 -10 0.00117372
Car -1 -1 -10 681.256 1102.411 924.163 1200.000 -1 -1 -1 -1000 -1000 -1000 -10 0.00117157
Car -1 -1 -10 796.589 1125.869 862.708 1200.000 -1 -1 -1 -1000 -1000 -1000 -10 0.00117125
Car -1 -1 -10 889.185 1158.767 926.756 1200.000 -1 -1 -1 -1000 -1000 -1000 -10 0.00116135
Car -1 -1 -10 578.520 1083.990 638.735 1200.000 -1 -1 -1 -1000 -1000 -1000 -10 0.00219697
Car -1 -1 -10 9.882 1106.723 248.844 1200.000 -1 -1 -1 -1000 -1000 -1000 -10 0.00116022
Car -1 -1 -10 23.533 719.166 239.521 1197.200 -1 -1 -1 -1000 -1000 -1000 -10 0.00218554
Car -1 -1 -10 0.000 851.110 702.696 1200.000 -1 -1 -1 -1000 -1000 -1000 -10 0.00113620
Car -1 -1 -10 41.266 648.035 219.736 1199.556 -1 -1 -1 -1000 -1000 -1000 -10 0.00111120
Car -1 -1 -10 378.333 1104.354 628.887 1200.000 -1 -1 -1 -1000 -1000 -1000 -10 0.00109664
Car -1 -1 -10 146.135 1065.173 542.544 1200.000 -1 -1 -1 -1000 -1000 -1000 -10 0.00109441
Car -1 -1 -10 676.227 827.948 835.419 1200.000 -1 -1 -1 -1000 -1000 -1000 -10 0.00109357
Car -1 -1 -10 74.452 821.869 235.530 1200.000 -1 -1 -1 -1000 -1000 -1000 -10 0.00109011
Car -1 -1 -10 540.962 1105.222 785.717 1200.000 -1 -1 -1 -1000 -1000 -1000 -10 0.00108627
Car -1 -1 -10 261.181 642.653 434.198 1190.849 -1 -1 -1 -1000 -1000 -1000 -10 0.00108509
Car -1 -1 -10 0.000 673.499 288.641 1084.210 -1 -1 -1 -1000 -1000 -1000 -10 0.00108433
Car -1 -1 -10 695.729 1075.960 827.536 1200.000 -1 -1 -1 -1000 -1000 -1000 -10 0.00209717
Car -1 -1 -10 212.283 1106.011 464.115 1200.000 -1 -1 -1 -1000 -1000 -1000 -10 0.00105863
Car -1 -1 -10 512.439 1010.970 991.555 1200.000 -1 -1 -1 -1000 -1000 -1000 -10 0.00211025
Car -1 -1 -10 593.318 1126.061 659.643 1200.000 -1 -1 -1 -1000 -1000 -1000 -10 0.00101487
Car -1 -1 -10 852.752 1157.332 892.008 1200.000 -1 -1 -1 -1000 -1000 -1000 -10 0.00101306
Car -1 -1 -10 594.399 1157.739 633.437 1200.000 -1 -1 -1 -1000 -1000 -1000 -10 0.00100858
Car -1 -1 -10 731.794 1101.997 976.877 1200.000 -1 -1 -1 -1000 -1000 -1000 -10 0.00099785
Car -1 -1 -10 692.996 1081.523 753.185 1200.000 -1 -1 -1 -1000 -1000 -1000 -10 0.00099031
Car -1 -1 -10 566.734 813.856 901.200 1195.985 -1 -1 -1 -1000 -1000 -1000 -10 0.00098784
Car -1 -1 -10 190.038 643.736 362.080 1190.285 -1 -1 -1 -1000 -1000 -1000 -10 0.00095962
Car -1 -1 -10 0.943 1024.519 288.224 1200.000 -1 -1 -1 -1000 -1000 -1000 -10 0.00095922
Car -1 -1 -10 404.056 644.904 579.605 1190.566 -1 -1 -1 -1000 -1000 -1000 -10 0.00095862
Car -1 -1 -10 0.000 639.351 497.374 1080.623 -1 -1 -1 -1000 -1000 -1000 -10 0.00095439
