Car -1 -1 -10 525.836 594.466 639.116 675.932 -1 -1 -1 -1000 -1000 -1000 -10 0.99944097
Car -1 -1 -10 0.000 598.102 92.145 695.308 -1 -1 -1 -1000 -1000 -1000 -10 0.71854533
Car -1 -1 -10 421.126 596.686 478.991 649.789 -1 -1 -1 -1000 -1000 -1000 -10 0.11729839
Car -1 -1 -10 85.425 617.341 170.554 674.493 -1 -1 -1 -1000 -1000 -1000 -10 0.03298970
Car -1 -1 -10 713.846 573.965 754.031 624.385 -1 -1 -1 -1000 -1000 -1000 -10 0.01618874
Car -1 -1 -10 16.253 593.144 158.581 685.786 -1 -1 -1 -1000 -1000 -1000 -10 0.01071842
Car -1 -1 -10 21.646 603.032 80.339 665.414 -1 -1 -1 -1000 -1000 -1000 -10 0.00607805
Car -1 -1 -10 16.490 612.314 82.039 674.480 -1 -1 -1 -1000 -1000 -1000 -10 0.00222434
Car -1 -1 -10 25.811 563.258 74.351 725.320 -1 -1 -1 -1000 -1000 -1000 -10 0.00412832
Car -1 -1 -10 1435.321 419.773 1920.000 1017.682 -1 -1 -1 -1000 -1000 -1000 -10 0.00315439
Car -1 -1 -10 1363.160 527.837 1911.340 979.575 -1 -1 -1 -1000 -1000 -1000 -10 0.00317944
Car -1 -1 -10 16.658 560.253 64.443 723.112 -1 -1 -1 -1000 -1000 -1000 -10 0.00157456
Car -1 -1 -10 7.060 599.108 48.279 664.832 -1 -1 -1 -1000 -1000 -1000 -10 0.00144799
Car -1 -1 -10 25.109 594.966 53.908 694.326 -1 -1 -1 -1000 -1000 -1000 -10 0.00142724
Car -1 -1 -10 36.176 594.548 65.565 694.601 -1 -1 -1 -1000 -1000 -1000 -10 0.00251275
Car -1 -1 -10 2.292 602.972 63.443 663.558 -1 -1 -1 -1000 -1000 -1000 -10 0.00136641
Car -1 -1 -10 13.233 621.123 74.369 685.584 -1 -1 -1 -1000 -1000 -1000 -10 0.00133376
Car -1 -1 -10 18.400 594.852 47.690 696.944 -1 -1 -1 -1000 -1000 -1000 -10 0.00124230
Car -1 -1 -10 1545.469 525.545 1912.293 828.016 -1 -1 -1 -1000 -1000 -1000 -10 0.00116596
Car -1 -1 -10 0.000 799.239 457.645 1197.729 -1 -1 -1 -1000 -1000 -1000 -10 0.00320267
Car -1 -1 -10 1570.579 548.205 1920.000 1200.000 -1 -1 -1 -1000 -1000 -1000 -10 0.00112845
Car -1 -1 -10 0.000 515.064 404.704 1041.200 -1 -1 -1 -1000 -1000 -1000 -10 0.00106762
Car -1 -1 -10 0.000 610.540 58.470 721.416 -1 -1 -1 -1000 -1000 -1000 -10 0.00106362
Car -1 -1 -10 1549.816 675.246 1913.715 977.636 -1 -1 -1 -1000 -1000 -1000 -10 0.00103700
Car -1 -1 -10 274.596 574.812 468.150 1176.318 -1 -1 -1 -1000 -1000 -1000 -10 0.00099841
Car -1 -1 -10 1022.624 241.270 1595.363 594.801 -1 -1 -1 -1000 -1000 -1000 -10 0.00097042
