Car -1 -1 -10 199.384 554.547 419.446 699.934 -1 -1 -1 -1000 -1000 -1000 -10 0.99961866
Car -1 -1 -10 1135.263 559.693 1331.719 696.400 -1 -1 -1 -1000 -1000 -1000 -10 0.99832949
Car -1 -1 -10 1073.647 570.832 1171.773 655.318 -1 -1 -1 -1000 -1000 -1000 -10 0.98845175
Car -1 -1 -10 1014.011 559.068 1093.602 645.958 -1 -1 -1 -1000 -1000 -1000 -10 0.49234283
Car -1 -1 -10 648.111 567.090 711.656 621.279 -1 -1 -1 -1000 -1000 -1000 -10 0.84693575
Car -1 -1 -10 1016.764 557.283 1087.732 629.465 -1 -1 -1 -1000 -1000 -1000 -10 0.42796043
Car -1 -1 -10 196.512 1140.482 311.794 1200.000 -1 -1 -1 -1000 -1000 -1000 -10 0.00292134
Car -1 -1 -10 1149.086 1084.204 1208.695 1200.000 -1 -1 -1 -1000 -1000 -1000 -10 0.00447464
Car -1 -1 -10 1150.551 1136.098 1257.046 1200.000 -1 -1 -1 -1000 -1000 -1000 -10 0.00256967
Car -1 -1 -10 1183.420 1120.917 1222.322 1200.000 -1 -1 -1 -1000 -1000 -1000 -10 0.00255119
Car -1 -1 -10 981.912 1083.154 1302.113 1200.000 -1 -1 -1 -1000 -1000 -1000 -10 0.00252885
Car -1 -1 -10 940.771 1059.997 1328.638 1200.000 -1 -1 -1 -1000 -1000 -1000 -10 0.00248608
Car -1 -1 -10 1183.690 1155.887 1221.322 1200.000 -1 -1 -1 -1000 -1000 -1000 -10 0.00241853
Car -1 -1 -10 1014.887 558.920 1057.781 624.049 -1 -1 -1 -1000 -1000 -1000 -10 0.00465693
Car -1 -1 -10 1216.899 1156.809 1253.915 1200.000 -1 -1 -1 -1000 -1000 -1000 -10 0.00417662
Car -1 -1 -10 1070.923 1091.081 1229.087 1191.027 -1 -1 -1 -1000 -1000 -1000 -10 0.00446802
Car -1 -1 -10 1178.026 1156.025 1214.935 1200.000 -1 -1 -1 -1000 -1000 -1000 -10 0.00227205
Car -1 -1 -10 222.544 1144.784 275.569 1200.000 -1 -1 -1 -1000 -1000 -1000 -10 0.00357736
Car -1 -1 -10 0.000 797.402 460.665 1198.625 -1 -1 -1 -1000 -1000 -1000 -10 0.00798538
Car -1 -1 -10 1162.966 1118.652 1241.891 1200.000 -1 -1 -1 -1000 -1000 -1000 -10 0.00215591
Car -1 -1 -10 875.598 806.597 1217.585 1194.669 -1 -1 -1 -1000 -1000 -1000 -10 0.00211633
Car -1 -1 -10 1213.829 1122.841 1252.631 1200.000 -1 -1 -1 -1000 -1000 -1000 -10 0.00204639
Car -1 -1 -10 1124.405 575.535 1235.955 687.479 -1 -1 -1 -1000 -1000 -1000 -10 0.00190561
Car -1 -1 -10 1171.313 1123.893 1210.212 1200.000 -1 -1 -1 -1000 -1000 -1000 -10 0.00189788
Car -1 -1 -10 1191.161 1158.413 1228.957 1200.000 -1 -1 -1 -1000 -1000 -1000 -10 0.00187207
Car -1 -1 -10 1179.433 1084.216 1238.843 1200.000 -1 -1 -1 -1000 -1000 -1000 -10 0.00186456
Car -1 -1 -10 906.086 1082.196 1217.909 1200.000 -1 -1 -1 -1000 -1000 -1000 -10 0.00180122
Car -1 -1 -10 920.999 1102.146 1174.239 1200.000 -1 -1 -1 -1000 -1000 -1000 -10 0.00169854
Car -1 -1 -10 1110.772 1023.994 1204.606 1200.000 -1 -1 -1 -1000 -1000 -1000 -10 0.00165416
Car -1 -1 -10 309.769 1158.635 345.960 1200.000 -1 -1 -1 -1000 -1000 -1000 -10 0.00165283
Car -1 -1 -10 803.617 1063.901 1199.016 1200.000 -1 -1 -1 -1000 -1000 -1000 -10 0.00162274
Car -1 -1 -10 971.633 692.571 1209.983 1200.000 -1 -1 -1 -1000 -1000 -1000 -10 0.00158966
Car -1 -1 -10 355.439 783.723 1022.271 1200.000 -1 -1 -1 -1000 -1000 -1000 -10 0.00149766
Car -1 -1 -10 548.553 598.524 677.995 1191.549 -1 -1 -1 -1000 -1000 -1000 -10 0.00146367
Car -1 -1 -10 879.050 683.838 1115.213 1196.211 -1 -1 -1 -1000 -1000 -1000 -10 0.00143841
Car -1 -1 -10 76.119 573.331 232.219 1200.000 -1 -1 -1 -1000 -1000 -1000 -10 0.00140997
Car -1 -1 -10 246.885 1143.867 299.277 1200.000 -1 -1 -1 -1000 -1000 -1000 -10 0.00139862
Car -1 -1 -10 517.907 1037.951 967.979 1200.000 -1 -1 -1 -1000 -1000 -1000 -10 0.00138825
Car -1 -1 -10 150.937 578.089 304.679 1200.000 -1 -1 -1 -1000 -1000 -1000 -10 0.00138451
Car -1 -1 -10 652.002 1085.310 978.515 1200.000 -1 -1 -1 -1000 -1000 -1000 -10 0.00131202
