Car -1 -1 -10 78.585 603.248 244.714 677.762 -1 -1 -1 -1000 -1000 -1000 -10 0.43899571
Car -1 -1 -10 908.518 594.077 946.733 639.160 -1 -1 -1 -1000 -1000 -1000 -10 0.02210515
Car -1 -1 -10 0.000 794.729 457.764 1198.682 -1 -1 -1 -1000 -1000 -1000 -10 0.00758563
Car -1 -1 -10 17.939 704.474 246.111 1200.000 -1 -1 -1 -1000 -1000 -1000 -10 0.00348903
Car -1 -1 -10 0.000 970.904 210.241 1200.000 -1 -1 -1 -1000 -1000 -1000 -10 0.00196641
Car -1 -1 -10 0.000 1036.979 221.346 1200.000 -1 -1 -1 -1000 -1000 -1000 -10 0.00194355
Car -1 -1 -10 6.258 1102.065 167.297 1200.000 -1 -1 -1 -1000 -1000 -1000 -10 0.00190453
Car -1 -1 -10 0.000 999.328 277.316 1200.000 -1 -1 -1 -1000 -1000 -1000 -10 0.00333197
Car -1 -1 -10 10.863 1108.778 239.826 1200.000 -1 -1 -1 -1000 -1000 -1000 -10 0.00441812
Car -1 -1 -10 0.000 1101.473 130.924 1200.000 -1 -1 -1 -1000 -1000 -1000 -10 0.00174659
Car -1 -1 -10 37.163 617.782 223.480 1187.731 -1 -1 -1 -1000 -1000 -1000 -10 0.00317273
Car -1 -1 -10 0.000 1105.152 90.677 1200.000 -1 -1 -1 -1000 -1000 -1000 -10 0.00162448
Car -1 -1 -10 0.000 1103.356 49.178 1200.000 -1 -1 -1 -1000 -1000 -1000 -10 0.00154374
Car -1 -1 -10 0.000 1063.080 326.413 1200.000 -1 -1 -1 -1000 -1000 -1000 -10 0.00153615
Car -1 -1 -10 0.000 1061.060 71.582 1200.000 -1 -1 -1 -1000 -1000 -1000 -10 0.00288218
Car -1 -1 -10 13.997 961.714 335.972 1200.000 -1 -1 -1 -1000 -1000 -1000 -10 0.00142579
Car -1 -1 -10 214.825 1064.869 613.065 1200.000 -1 -1 -1 -1000 -1000 -1000 -10 0.00250884
Car -1 -1 -10 1.384 598.064 152.453 681.599 -1 -1 -1 -1000 -1000 -1000 -10 0.00361573
Car -1 -1 -10 748.357 597.349 782.543 651.214 -1 -1 -1 -1000 -1000 -1000 -10 0.00140676
Car -1 -1 -10 56.047 1158.510 92.452 1200.000 -1 -1 -1 -1000 -1000 -1000 -10 0.00140214
Car -1 -1 -10 253.838 684.790 491.984 1195.349 -1 -1 -1 -1000 -1000 -1000 -10 0.00233816
Car -1 -1 -10 54.956 1138.035 169.102 1200.000 -1 -1 -1 -1000 -1000 -1000 -10 0.00131025
Car -1 -1 -10 18.962 547.272 364.856 908.498 -1 -1 -1 -1000 -1000 -1000 -10 0.00128289
Car -1 -1 -10 462.382 1128.609 529.577 1200.000 -1 -1 -1 -1000 -1000 -1000 -10 0.00126845
Car -1 -1 -10 62.901 1158.079 99.960 1200.000 -1 -1 -1 -1000 -1000 -1000 -10 0.00220699
Car -1 -1 -10 29.759 1137.812 142.219 1200.000 -1 -1 -1 -1000 -1000 -1000 -10 0.00124303
Car -1 -1 -10 0.000 1156.278 31.371 1200.000 -1 -1 -1 -1000 -1000 -1000 -10 0.00119511
Car -1 -1 -10 65.199 1015.531 162.274 1200.000 -1 -1 -1 -1000 -1000 -1000 -10 0.00215498
Car -1 -1 -10 205.493 691.297 443.727 1196.960 -1 -1 -1 -1000 -1000 -1000 -10 0.00117160
Car -1 -1 -10 414.684 1129.747 480.996 1200.000 -1 -1 -1 -1000 -1000 -1000 -10 0.00117140
Car -1 -1 -10 202.462 592.726 396.609 1178.498 -1 -1 -1 -1000 -1000 -1000 -10 0.00116550
Car -1 -1 -10 148.125 1064.284 539.727 1200.000 -1 -1 -1 -1000 -1000 -1000 -10 0.00115780
Car -1 -1 -10 11.261 1126.763 77.147 1200.000 -1 -1 -1 -1000 -1000 -1000 -10 0.00114089
Car -1 -1 -10 43.838 1073.473 183.985 1198.305 -1 -1 -1 -1000 -1000 -1000 -10 0.00111976
Car -1 -1 -10 0.000 1139.708 54.549 1200.000 -1 -1 -1 -1000 -1000 -1000 -10 0.00110691
Car -1 -1 -10 53.740 853.283 175.997 1200.000 -1 -1 -1 -1000 -1000 -1000 -10 0.00109687
Car -1 -1 -10 121.971 343.884 205.091 889.658 -1 -1 -1 -1000 -1000 -1000 -10 0.00109372
Car -1 -1 -10 164.420 638.457 340.036 1190.302 -1 -1 -1 -1000 -1000 -1000 -10 0.00108132
Car -1 -1 -10 343.966 598.677 541.651 1183.374 -1 -1 -1 -1000 -1000 -1000 -10 0.00107125
Car -1 -1 -10 0.000 515.716 1008.754 1191.205 -1 -1 -1 -1000 -1000 -1000 -10 0.00211188
Car -1 -1 -10 12.358 1141.675 64.342 1200.000 -1 -1 -1 -1000 -1000 -1000 -10 0.00104944
Car -1 -1 -10 419.306 1089.485 476.209 1200.000 -1 -1 -1 -1000 -1000 -1000 -10 0.00102598
Car -1 -1 -10 76.774 1138.068 190.148 1200.000 -1 -1 -1 -1000 -1000 -1000 -10 0.00102482
Car -1 -1 -10 46.545 1121.005 128.340 1200.000 -1 -1 -1 -1000 -1000 -1000 -10 0.00102021
Car -1 -1 -10 59.662 1092.520 228.310 1190.367 -1 -1 -1 -1000 -1000 -1000 -10 0.00100763
Car -1 -1 -10 377.251 1122.350 456.889 1200.000 -1 -1 -1 -1000 -1000 -1000 -10 0.00100298
Car -1 -1 -10 334.832 1092.225 498.385 1189.334 -1 -1 -1 -1000 -1000 -1000 -10 0.00100246
Car -1 -1 -10 398.951 1158.529 435.541 1200.000 -1 -1 -1 -1000 -1000 -1000 -10 0.00099823
Car -1 -1 -10 470.414 1157.104 508.009 1200.000 -1 -1 -1 -1000 -1000 -1000 -10 0.00099161
Car -1 -1 -10 82.758 1088.301 140.338 1200.000 -1 -1 -1 -1000 -1000 -1000 -10 0.00098152
Car -1 -1 -10 428.132 1157.181 465.969 1200.000 -1 -1 -1 -1000 -1000 -1000 -10 0.00097868
Car -1 -1 -10 0.000 1120.189 108.179 1200.000 -1 -1 -1 -1000 -1000 -1000 -10 0.00095711
