Car -1 -1 -10 607.458 29.341 1908.970 1157.002 -1 -1 -1 -1000 -1000 -1000 -10 0.01239896
Car -1 -1 -10 1304.455 603.014 1731.000 845.971 -1 -1 -1 -1000 -1000 -1000 -10 0.00757844
Car -1 -1 -10 1455.658 638.706 1612.013 740.153 -1 -1 -1 -1000 -1000 -1000 -10 0.00770053
Car -1 -1 -10 1142.200 636.815 1597.541 837.193 -1 -1 -1 -1000 -1000 -1000 -10 0.00384463
Car -1 -1 -10 1139.775 114.519 1920.000 1200.000 -1 -1 -1 -1000 -1000 -1000 -10 0.00678048
Car -1 -1 -10 1279.913 693.200 1448.408 782.402 -1 -1 -1 -1000 -1000 -1000 -10 0.00851354
Car -1 -1 -10 1385.406 614.027 1668.278 778.470 -1 -1 -1 -1000 -1000 -1000 -10 0.00955864
Car -1 -1 -10 982.725 597.689 1632.140 940.387 -1 -1 -1 -1000 -1000 -1000 -10 0.00550892
Car -1 -1 -10 1458.392 589.450 1769.934 737.724 -1 -1 -1 -1000 -1000 -1000 -10 0.00840623
Car -1 -1 -10 1430.889 4.862 1920.000 384.778 -1 -1 -1 -1000 -1000 -1000 -10 0.00572071
Car -1 -1 -10 1363.768 602.040 1823.512 852.059 -1 -1 -1 -1000 -1000 -1000 -10 0.00577862
Car -1 -1 -10 1441.909 663.208 1598.231 764.377 -1 -1 -1 -1000 -1000 -1000 -10 0.00560909
Car -1 -1 -10 313.108 711.104 825.783 1054.316 -1 -1 -1 -1000 -1000 -1000 -10 0.00557670
Car -1 -1 -10 1010.680 654.312 1509.999 907.896 -1 -1 -1 -1000 -1000 -1000 -10 0.00302133
Car -1 -1 -10 1542.566 618.960 1710.530 708.889 -1 -1 -1 -1000 -1000 -1000 -10 0.00744839
Car -1 -1 -10 1428.592 648.015 1606.520 811.556 -1 -1 -1 -1000 -1000 -1000 -10 0.00284456
Car -1 -1 -10 447.556 106.408 1381.390 899.534 -1 -1 -1 -1000 -1000 -1000 -10 0.00491343
Car -1 -1 -10 1277.039 487.114 1772.586 955.558 -1 -1 -1 -1000 -1000 -1000 -10 0.00277404
Car -1 -1 -10 1200.572 672.351 1521.425 810.680 -1 -1 -1 -1000 -1000 -1000 -10 0.00276450
Car -1 -1 -10 1510.107 640.205 1674.769 735.219 -1 -1 -1 -1000 -1000 -1000 -10 0.00507434
Car -1 -1 -10 1412.825 530.520 1775.293 739.015 -1 -1 -1 -1000 -1000 -1000 -10 0.00275576
Car -1 -1 -10 1017.573 185.837 1500.249 459.060 -1 -1 -1 -1000 -1000 -1000 -10 0.00267096
Car -1 -1 -10 593.773 162.089 1760.953 823.315 -1 -1 -1 -1000 -1000 -1000 -10 0.00475412
Car -1 -1 -10 1505.038 616.348 1668.640 712.955 -1 -1 -1 -1000 -1000 -1000 -10 0.00258232
Car -1 -1 -10 914.745 512.804 1920.000 1200.000 -1 -1 -1 -1000 -1000 -1000 -10 0.00505017
Car -1 -1 -10 766.047 468.146 1501.215 826.248 -1 -1 -1 -1000 -1000 -1000 -10 0.00488852
Car -1 -1 -10 1094.201 666.252 1544.357 886.152 -1 -1 -1 -1000 -1000 -1000 -10 0.00248172
Car -1 -1 -10 1655.484 11.183 1920.000 254.209 -1 -1 -1 -1000 -1000 -1000 -10 0.00246108
Car -1 -1 -10 1221.218 612.334 1542.283 764.272 -1 -1 -1 -1000 -1000 -1000 -10 0.00242215
Car -1 -1 -10 1694.741 9.040 1920.000 224.076 -1 -1 -1 -1000 -1000 -1000 -10 0.00237188
Car -1 -1 -10 1232.569 606.574 1920.000 1085.956 -1 -1 -1 -1000 -1000 -1000 -10 0.00236729
Car -1 -1 -10 1430.707 566.271 1920.000 1119.970 -1 -1 -1 -1000 -1000 -1000 -10 0.00235244
Car -1 -1 -10 0.000 510.358 868.409 1200.000 -1 -1 -1 -1000 -1000 -1000 -10 0.00443035
Car -1 -1 -10 745.532 16.679 1407.589 364.690 -1 -1 -1 -1000 -1000 -1000 -10 0.00232954
Car -1 -1 -10 552.655 662.223 718.290 1200.000 -1 -1 -1 -1000 -1000 -1000 -10 0.00231932
Car -1 -1 -10 1101.381 638.107 1684.909 998.290 -1 -1 -1 -1000 -1000 -1000 -10 0.00224046
Car -1 -1 -10 1482.661 661.163 1641.928 763.493 -1 -1 -1 -1000 -1000 -1000 -10 0.00222964
Car -1 -1 -10 1405.290 640.705 1565.086 738.294 -1 -1 -1 -1000 -1000 -1000 -10 0.00216994
Car -1 -1 -10 350.559 571.200 533.443 1200.000 -1 -1 -1 -1000 -1000 -1000 -10 0.00215094
Car -1 -1 -10 471.501 555.376 656.473 1199.773 -1 -1 -1 -1000 -1000 -1000 -10 0.00212798
Car -1 -1 -10 1484.691 615.983 1640.973 713.824 -1 -1 -1 -1000 -1000 -1000 -10 0.00210125
Car -1 -1 -10 886.196 49.498 1539.043 449.055 -1 -1 -1 -1000 -1000 -1000 -10 0.00207446
Car -1 -1 -10 1228.417 555.562 1896.519 944.778 -1 -1 -1 -1000 -1000 -1000 -10 0.00397475
Car -1 -1 -10 1464.399 673.413 1594.119 799.705 -1 -1 -1 -1000 -1000 -1000 -10 0.00203026
Car -1 -1 -10 1802.638 47.962 1920.000 176.097 -1 -1 -1 -1000 -1000 -1000 -10 0.00198608
Car -1 -1 -10 1448.997 593.563 1604.445 690.204 -1 -1 -1 -1000 -1000 -1000 -10 0.00194814
Car -1 -1 -10 1375.257 419.109 1675.056 945.984 -1 -1 -1 -1000 -1000 -1000 -10 0.00193190
Car -1 -1 -10 264.266 574.869 653.909 1184.724 -1 -1 -1 -1000 -1000 -1000 -10 0.00191192
Car -1 -1 -10 644.327 524.960 1879.715 1200.000 -1 -1 -1 -1000 -1000 -1000 -10 0.00180213
Car -1 -1 -10 456.343 388.169 747.809 1193.385 -1 -1 -1 -1000 -1000 -1000 -10 0.00175503
Car -1 -1 -10 23.902 533.124 1173.519 1200.000 -1 -1 -1 -1000 -1000 -1000 -10 0.00172711
Car -1 -1 -10 1414.890 403.126 1920.000 1176.013 -1 -1 -1 -1000 -1000 -1000 -10 0.00166079
Car -1 -1 -10 1122.423 685.870 1430.444 847.031 -1 -1 -1 -1000 -1000 -1000 -10 0.00162738
