Car -1 -1 -10 755.288 532.927 891.473 659.300 -1 -1 -1 -1000 -1000 -1000 -10 0.99935764
Car -1 -1 -10 634.404 536.584 758.306 616.513 -1 -1 -1 -1000 -1000 -1000 -10 0.60935394
Car -1 -1 -10 739.477 537.604 835.403 634.594 -1 -1 -1 -1000 -1000 -1000 -10 0.16913326
Car -1 -1 -10 709.198 538.152 797.742 623.364 -1 -1 -1 -1000 -1000 -1000 -10 0.02158156
Car -1 -1 -10 727.836 553.764 798.297 629.131 -1 -1 -1 -1000 -1000 -1000 -10 0.01186039
Car -1 -1 -10 722.879 537.856 807.881 626.964 -1 -1 -1 -1000 -1000 -1000 -10 0.01178912
Car -1 -1 -10 0.000 496.067 883.452 1198.012 -1 -1 -1 -1000 -1000 -1000 -10 0.01382412
Car -1 -1 -10 699.411 534.845 782.034 608.039 -1 -1 -1 -1000 -1000 -1000 -10 0.00373071
Car -1 -1 -10 1064.735 556.014 1154.727 731.388 -1 -1 -1 -1000 -1000 -1000 -10 0.00661755
Car -1 -1 -10 1508.586 638.532 1919.233 927.944 -1 -1 -1 -1000 -1000 -1000 -10 0.00477286
Car -1 -1 -10 0.000 796.312 458.175 1198.915 -1 -1 -1 -1000 -1000 -1000 -10 0.00670926
Car -1 -1 -10 0.000 584.362 509.461 1200.000 -1 -1 -1 -1000 -1000 -1000 -10 0.00240763
Car -1 -1 -10 762.068 543.375 804.978 614.787 -1 -1 -1 -1000 -1000 -1000 -10 0.00220125
Car -1 -1 -10 1215.169 544.764 1381.453 624.170 -1 -1 -1 -1000 -1000 -1000 -10 0.00394687
Car -1 -1 -10 731.246 564.433 805.840 635.907 -1 -1 -1 -1000 -1000 -1000 -10 0.00201493
Car -1 -1 -10 1730.292 717.602 1916.870 906.632 -1 -1 -1 -1000 -1000 -1000 -10 0.00190998
Car -1 -1 -10 1789.766 665.766 1919.023 760.009 -1 -1 -1 -1000 -1000 -1000 -10 0.00325584
Car -1 -1 -10 1698.870 705.583 1918.758 924.425 -1 -1 -1 -1000 -1000 -1000 -10 0.00172648
Car -1 -1 -10 53.835 517.976 207.982 1200.000 -1 -1 -1 -1000 -1000 -1000 -10 0.00171371
Car -1 -1 -10 2.108 613.263 605.614 1101.703 -1 -1 -1 -1000 -1000 -1000 -10 0.00313640
Car -1 -1 -10 112.421 390.402 413.531 1200.000 -1 -1 -1 -1000 -1000 -1000 -10 0.00301028
Car -1 -1 -10 1415.628 460.520 1914.548 869.159 -1 -1 -1 -1000 -1000 -1000 -10 0.00293768
Car -1 -1 -10 1775.505 615.084 1919.986 715.741 -1 -1 -1 -1000 -1000 -1000 -10 0.00274773
Car -1 -1 -10 11.903 613.456 238.734 1194.242 -1 -1 -1 -1000 -1000 -1000 -10 0.00144003
Car -1 -1 -10 1418.898 591.556 1920.000 1200.000 -1 -1 -1 -1000 -1000 -1000 -10 0.00279183
Car -1 -1 -10 26.577 243.550 440.342 1200.000 -1 -1 -1 -1000 -1000 -1000 -10 0.00138409
