Car -1 -1 -10 805.931 615.388 1012.145 771.352 -1 -1 -1 -1000 -1000 -1000 -10 0.99999696
Car -1 -1 -10 0.000 529.063 1132.469 1184.430 -1 -1 -1 -1000 -1000 -1000 -10 0.04880732
Car -1 -1 -10 1.001 636.947 567.877 1200.000 -1 -1 -1 -1000 -1000 -1000 -10 0.01517531
Car -1 -1 -10 21.941 979.883 599.805 1200.000 -1 -1 -1 -1000 -1000 -1000 -10 0.00585763
Car -1 -1 -10 10.820 264.701 293.925 1200.000 -1 -1 -1 -1000 -1000 -1000 -10 0.00770299
Car -1 -1 -10 128.666 852.072 472.767 1197.517 -1 -1 -1 -1000 -1000 -1000 -10 0.00525928
Car -1 -1 -10 154.442 717.151 960.027 1182.535 -1 -1 -1 -1000 -1000 -1000 -10 0.00940634
Car -1 -1 -10 4.082 739.270 355.155 1105.427 -1 -1 -1 -1000 -1000 -1000 -10 0.00489480
Car -1 -1 -10 0.000 853.347 725.295 1200.000 -1 -1 -1 -1000 -1000 -1000 -10 0.00243587
Car -1 -1 -10 55.210 504.809 206.824 1200.000 -1 -1 -1 -1000 -1000 -1000 -10 0.00240935
Car -1 -1 -10 109.744 183.530 414.014 1178.746 -1 -1 -1 -1000 -1000 -1000 -10 0.00213950
Car -1 -1 -10 209.663 644.243 691.594 909.833 -1 -1 -1 -1000 -1000 -1000 -10 0.00199059
Car -1 -1 -10 250.875 651.574 399.565 1200.000 -1 -1 -1 -1000 -1000 -1000 -10 0.00197910
Car -1 -1 -10 114.507 546.204 247.152 1194.231 -1 -1 -1 -1000 -1000 -1000 -10 0.00197137
Car -1 -1 -10 188.222 239.082 491.957 1198.768 -1 -1 -1 -1000 -1000 -1000 -10 0.00189763
Car -1 -1 -10 395.286 663.541 586.278 1191.287 -1 -1 -1 -1000 -1000 -1000 -10 0.00185729
Car -1 -1 -10 259.695 767.371 387.096 1200.000 -1 -1 -1 -1000 -1000 -1000 -10 0.00172897
