Car -1 -1 -10 3.035 3.411 1446.274 1189.569 -1 -1 -1 -1000 -1000 -1000 -10 0.03708950
Car -1 -1 -10 0.000 526.891 1168.039 1200.000 -1 -1 -1 -1000 -1000 -1000 -10 0.03374029
Car -1 -1 -10 0.000 416.838 974.745 1197.545 -1 -1 -1 -1000 -1000 -1000 -10 0.03522098
Car -1 -1 -10 806.562 330.113 1920.000 1010.650 -1 -1 -1 -1000 -1000 -1000 -10 0.03544392
Car -1 -1 -10 1089.054 409.192 1852.372 893.450 -1 -1 -1 -1000 -1000 -1000 -10 0.02060857
Car -1 -1 -10 104.064 458.136 1544.934 1200.000 -1 -1 -1 -1000 -1000 -1000 -10 0.01769239
Car -1 -1 -10 17.166 128.303 626.083 1179.351 -1 -1 -1 -1000 -1000 -1000 -10 0.01983765
Car -1 -1 -10 0.000 706.487 768.498 1199.326 -1 -1 -1 -1000 -1000 -1000 -10 0.01186043
Car -1 -1 -10 0.445 563.704 670.468 954.996 -1 -1 -1 -1000 -1000 -1000 -10 0.00988537
Car -1 -1 -10 0.000 574.776 482.875 1200.000 -1 -1 -1 -1000 -1000 -1000 -10 0.01271710
Car -1 -1 -10 116.549 29.745 406.813 1200.000 -1 -1 -1 -1000 -1000 -1000 -10 0.00455220
Car -1 -1 -10 1237.243 320.306 1652.320 1017.919 -1 -1 -1 -1000 -1000 -1000 -10 0.00443471
Car -1 -1 -10 507.621 192.220 853.972 845.746 -1 -1 -1 -1000 -1000 -1000 -10 0.00430059
Car -1 -1 -10 0.000 27.332 595.549 461.339 -1 -1 -1 -1000 -1000 -1000 -10 0.00415071
Car -1 -1 -10 252.489 185.648 394.051 1005.435 -1 -1 -1 -1000 -1000 -1000 -10 0.00670499
Car -1 -1 -10 276.764 92.768 578.887 1182.807 -1 -1 -1 -1000 -1000 -1000 -10 0.00403470
Car -1 -1 -10 1146.194 492.896 1570.922 753.097 -1 -1 -1 -1000 -1000 -1000 -10 0.00399781
Car -1 -1 -10 194.634 32.303 488.355 1200.000 -1 -1 -1 -1000 -1000 -1000 -10 0.00720464
Car -1 -1 -10 117.573 351.903 534.416 784.323 -1 -1 -1 -1000 -1000 -1000 -10 0.00390583
Car -1 -1 -10 0.969 330.349 641.687 763.799 -1 -1 -1 -1000 -1000 -1000 -10 0.00711103
Car -1 -1 -10 373.581 235.975 1047.351 652.944 -1 -1 -1 -1000 -1000 -1000 -10 0.00729012
Car -1 -1 -10 152.748 164.309 373.622 1200.000 -1 -1 -1 -1000 -1000 -1000 -10 0.00370158
Car -1 -1 -10 1.330 167.694 650.892 905.198 -1 -1 -1 -1000 -1000 -1000 -10 0.00370045
Car -1 -1 -10 1216.463 308.256 1827.538 645.739 -1 -1 -1 -1000 -1000 -1000 -10 0.00369914
Car -1 -1 -10 50.280 52.161 384.886 1188.213 -1 -1 -1 -1000 -1000 -1000 -10 0.00681043
Car -1 -1 -10 617.994 181.126 753.021 912.413 -1 -1 -1 -1000 -1000 -1000 -10 0.00363753
Car -1 -1 -10 37.497 249.940 303.166 1200.000 -1 -1 -1 -1000 -1000 -1000 -10 0.00350165
Car -1 -1 -10 1259.261 432.479 1723.414 721.833 -1 -1 -1 -1000 -1000 -1000 -10 0.00349078
Car -1 -1 -10 577.570 23.478 819.457 1200.000 -1 -1 -1 -1000 -1000 -1000 -10 0.00348572
Car -1 -1 -10 1164.486 276.019 1503.723 899.417 -1 -1 -1 -1000 -1000 -1000 -10 0.00347861
Car -1 -1 -10 1161.711 429.821 1555.990 806.962 -1 -1 -1 -1000 -1000 -1000 -10 0.00344246
Car -1 -1 -10 238.420 323.484 449.227 1077.285 -1 -1 -1 -1000 -1000 -1000 -10 0.00332763
Car -1 -1 -10 208.252 276.960 340.345 1015.691 -1 -1 -1 -1000 -1000 -1000 -10 0.00317601
Car -1 -1 -10 304.109 271.920 436.616 1020.694 -1 -1 -1 -1000 -1000 -1000 -10 0.00315133
Car -1 -1 -10 376.831 267.773 508.312 1021.238 -1 -1 -1 -1000 -1000 -1000 -10 0.00312594
Car -1 -1 -10 0.000 153.846 913.905 874.048 -1 -1 -1 -1000 -1000 -1000 -10 0.00305369
Car -1 -1 -10 0.000 229.528 647.556 660.567 -1 -1 -1 -1000 -1000 -1000 -10 0.00300826
Car -1 -1 -10 0.000 437.567 646.637 856.028 -1 -1 -1 -1000 -1000 -1000 -10 0.00277456
Car -1 -1 -10 231.820 38.417 362.773 772.111 -1 -1 -1 -1000 -1000 -1000 -10 0.00276560
Car -1 -1 -10 148.841 222.377 457.494 836.460 -1 -1 -1 -1000 -1000 -1000 -10 0.00275716
Car -1 -1 -10 215.815 84.379 1187.939 924.342 -1 -1 -1 -1000 -1000 -1000 -10 0.00497598
Car -1 -1 -10 115.977 447.505 528.896 702.878 -1 -1 -1 -1000 -1000 -1000 -10 0.00236207
Car -1 -1 -10 341.234 356.546 1024.723 748.161 -1 -1 -1 -1000 -1000 -1000 -10 0.00235958
