Car -1 -1 -10 0.000 506.527 1148.706 1197.337 -1 -1 -1 -1000 -1000 -1000 -10 0.00353744
Car -1 -1 -10 1419.631 590.229 1920.000 1199.665 -1 -1 -1 -1000 -1000 -1000 -10 0.00376622
Car -1 -1 -10 0.000 799.743 459.107 1198.999 -1 -1 -1 -1000 -1000 -1000 -10 0.00635606
Car -1 -1 -10 1462.116 798.778 1920.000 1199.498 -1 -1 -1 -1000 -1000 -1000 -10 0.00292358
Car -1 -1 -10 187.223 511.854 1372.656 1194.772 -1 -1 -1 -1000 -1000 -1000 -10 0.00255898
Car -1 -1 -10 48.483 588.293 208.452 1198.392 -1 -1 -1 -1000 -1000 -1000 -10 0.00251807
Car -1 -1 -10 315.285 788.040 1153.776 1198.310 -1 -1 -1 -1000 -1000 -1000 -10 0.00212283
Car -1 -1 -10 19.907 591.494 149.416 1200.000 -1 -1 -1 -1000 -1000 -1000 -10 0.00113774
Car -1 -1 -10 625.714 1083.360 935.378 1200.000 -1 -1 -1 -1000 -1000 -1000 -10 0.00109140
Car -1 -1 -10 1289.777 1106.071 1543.128 1200.000 -1 -1 -1 -1000 -1000 -1000 -10 0.00108675
Car -1 -1 -10 406.807 1083.192 716.998 1200.000 -1 -1 -1 -1000 -1000 -1000 -10 0.00107914
Car -1 -1 -10 57.967 281.285 375.219 1194.985 -1 -1 -1 -1000 -1000 -1000 -10 0.00198978
Car -1 -1 -10 537.472 1083.067 597.791 1200.000 -1 -1 -1 -1000 -1000 -1000 -10 0.00199132
Car -1 -1 -10 0.000 1106.718 91.103 1200.000 -1 -1 -1 -1000 -1000 -1000 -10 0.00105890
Car -1 -1 -10 1483.680 0.000 1920.000 317.519 -1 -1 -1 -1000 -1000 -1000 -10 0.00104291
Car -1 -1 -10 169.327 889.589 325.137 991.919 -1 -1 -1 -1000 -1000 -1000 -10 0.00103291
Car -1 -1 -10 958.473 1022.325 1270.773 1200.000 -1 -1 -1 -1000 -1000 -1000 -10 0.00103008
Car -1 -1 -10 1632.415 0.000 1920.000 210.373 -1 -1 -1 -1000 -1000 -1000 -10 0.00102781
Car -1 -1 -10 548.307 1079.471 608.636 1200.000 -1 -1 -1 -1000 -1000 -1000 -10 0.00102353
Car -1 -1 -10 134.781 581.938 272.787 1193.667 -1 -1 -1 -1000 -1000 -1000 -10 0.00296929
Car -1 -1 -10 569.865 254.173 869.759 1200.000 -1 -1 -1 -1000 -1000 -1000 -10 0.00101408
Car -1 -1 -10 630.820 805.277 1227.797 1191.173 -1 -1 -1 -1000 -1000 -1000 -10 0.00100905
Car -1 -1 -10 76.125 604.948 233.880 1200.000 -1 -1 -1 -1000 -1000 -1000 -10 0.00198534
Car -1 -1 -10 1061.937 1087.651 1175.922 1197.354 -1 -1 -1 -1000 -1000 -1000 -10 0.00099282
Car -1 -1 -10 1024.106 1102.529 1193.257 1200.000 -1 -1 -1 -1000 -1000 -1000 -10 0.00098774
Car -1 -1 -10 0.000 688.442 286.362 1151.408 -1 -1 -1 -1000 -1000 -1000 -10 0.00097583
Car -1 -1 -10 723.749 827.806 883.051 1200.000 -1 -1 -1 -1000 -1000 -1000 -10 0.00096735
Car -1 -1 -10 1013.163 826.140 1172.350 1200.000 -1 -1 -1 -1000 -1000 -1000 -10 0.00096393
Car -1 -1 -10 0.000 940.895 320.724 1200.000 -1 -1 -1 -1000 -1000 -1000 -10 0.00095062
Car -1 -1 -10 71.160 824.450 346.773 1091.821 -1 -1 -1 -1000 -1000 -1000 -10 0.00094572
Car -1 -1 -10 974.803 701.881 1209.268 1199.251 -1 -1 -1 -1000 -1000 -1000 -10 0.00094424
Car -1 -1 -10 135.462 913.675 288.790 1014.184 -1 -1 -1 -1000 -1000 -1000 -10 0.00093817
Car -1 -1 -10 8.550 1108.879 173.554 1200.000 -1 -1 -1 -1000 -1000 -1000 -10 0.00181954
Car -1 -1 -10 188.043 792.650 229.260 1132.087 -1 -1 -1 -1000 -1000 -1000 -10 0.00092822
Car -1 -1 -10 538.936 1102.531 781.826 1200.000 -1 -1 -1 -1000 -1000 -1000 -10 0.00183143
Car -1 -1 -10 925.742 1060.174 1314.307 1200.000 -1 -1 -1 -1000 -1000 -1000 -10 0.00091902
Car -1 -1 -10 560.916 1080.968 620.918 1200.000 -1 -1 -1 -1000 -1000 -1000 -10 0.00091510
Car -1 -1 -10 509.180 1101.875 679.656 1200.000 -1 -1 -1 -1000 -1000 -1000 -10 0.00091495
Car -1 -1 -10 916.193 828.499 1075.336 1200.000 -1 -1 -1 -1000 -1000 -1000 -10 0.00091276
Car -1 -1 -10 653.874 933.704 1264.376 1200.000 -1 -1 -1 -1000 -1000 -1000 -10 0.00179796
Car -1 -1 -10 654.412 646.175 921.167 1200.000 -1 -1 -1 -1000 -1000 -1000 -10 0.00090303
Car -1 -1 -10 176.992 769.968 265.830 1114.159 -1 -1 -1 -1000 -1000 -1000 -10 0.00089052
Car -1 -1 -10 508.126 827.603 668.195 1200.000 -1 -1 -1 -1000 -1000 -1000 -10 0.00088681
Car -1 -1 -10 1078.443 749.192 1203.152 1200.000 -1 -1 -1 -1000 -1000 -1000 -10 0.00088046
Car -1 -1 -10 556.382 825.295 714.955 1200.000 -1 -1 -1 -1000 -1000 -1000 -10 0.00087945
