Car -1 -1 -10 1456.884 490.098 1918.565 1005.249 -1 -1 -1 -1000 -1000 -1000 -10 0.00986766
Car -1 -1 -10 1628.946 572.459 1920.000 727.762 -1 -1 -1 -1000 -1000 -1000 -10 0.00733415
Car -1 -1 -10 1535.268 539.029 1919.407 820.265 -1 -1 -1 -1000 -1000 -1000 -10 0.01094761
Car -1 -1 -10 1425.748 367.470 1920.000 682.970 -1 -1 -1 -1000 -1000 -1000 -10 0.00369275
Car -1 -1 -10 1370.466 345.500 1914.662 782.703 -1 -1 -1 -1000 -1000 -1000 -10 0.00325309
Car -1 -1 -10 1373.293 636.960 1920.000 1004.891 -1 -1 -1 -1000 -1000 -1000 -10 0.00459690
Car -1 -1 -10 0.000 580.358 503.741 1200.000 -1 -1 -1 -1000 -1000 -1000 -10 0.00537024
Car -1 -1 -10 1677.977 591.254 1850.536 688.066 -1 -1 -1 -1000 -1000 -1000 -10 0.00255816
Car -1 -1 -10 1320.149 443.980 1918.345 862.067 -1 -1 -1 -1000 -1000 -1000 -10 0.00454302
Car -1 -1 -10 1489.563 407.833 1919.279 645.535 -1 -1 -1 -1000 -1000 -1000 -10 0.00237958
Car -1 -1 -10 0.000 509.539 912.534 1196.231 -1 -1 -1 -1000 -1000 -1000 -10 0.00329886
Car -1 -1 -10 1537.064 716.372 1706.118 810.636 -1 -1 -1 -1000 -1000 -1000 -10 0.00177559
Car -1 -1 -10 1349.493 239.546 1912.561 663.846 -1 -1 -1 -1000 -1000 -1000 -10 0.00312568
Car -1 -1 -10 1467.064 174.443 1854.674 941.247 -1 -1 -1 -1000 -1000 -1000 -10 0.00160183
Car -1 -1 -10 1491.143 686.072 1792.882 836.920 -1 -1 -1 -1000 -1000 -1000 -10 0.00156248
