Car -1 -1 -10 0.000 530.794 908.627 1198.373 -1 -1 -1 -1000 -1000 -1000 -10 0.01176993
Car -1 -1 -10 1410.102 433.336 1887.265 711.147 -1 -1 -1 -1000 -1000 -1000 -10 0.00226427
Car -1 -1 -10 1382.382 375.656 1920.000 747.831 -1 -1 -1 -1000 -1000 -1000 -10 0.00414872
Car -1 -1 -10 0.000 792.917 458.440 1195.048 -1 -1 -1 -1000 -1000 -1000 -10 0.00605284
Car -1 -1 -10 1405.212 512.446 1919.349 997.480 -1 -1 -1 -1000 -1000 -1000 -10 0.00400829
Car -1 -1 -10 0.000 597.245 509.756 1200.000 -1 -1 -1 -1000 -1000 -1000 -10 0.00203109
Car -1 -1 -10 1348.962 286.764 1920.000 655.867 -1 -1 -1 -1000 -1000 -1000 -10 0.00201652
Car -1 -1 -10 1267.795 391.445 1743.450 664.606 -1 -1 -1 -1000 -1000 -1000 -10 0.00188730
Car -1 -1 -10 639.352 87.726 1900.514 1176.366 -1 -1 -1 -1000 -1000 -1000 -10 0.00304084
Car -1 -1 -10 410.271 518.385 1588.747 1200.000 -1 -1 -1 -1000 -1000 -1000 -10 0.00324475
Car -1 -1 -10 6.248 654.061 667.521 1076.543 -1 -1 -1 -1000 -1000 -1000 -10 0.00331926
Car -1 -1 -10 1223.887 309.259 1920.000 1113.008 -1 -1 -1 -1000 -1000 -1000 -10 0.00300354
Car -1 -1 -10 1581.454 465.895 1751.599 563.262 -1 -1 -1 -1000 -1000 -1000 -10 0.00158859
Car -1 -1 -10 1391.102 418.721 1617.225 551.529 -1 -1 -1 -1000 -1000 -1000 -10 0.00158379
Car -1 -1 -10 1415.381 448.182 1909.610 855.842 -1 -1 -1 -1000 -1000 -1000 -10 0.00157024
Car -1 -1 -10 1461.203 811.227 1920.000 1200.000 -1 -1 -1 -1000 -1000 -1000 -10 0.00303110
Car -1 -1 -10 275.232 337.882 416.270 1184.583 -1 -1 -1 -1000 -1000 -1000 -10 0.00154102
Car -1 -1 -10 1522.046 453.593 1815.597 619.890 -1 -1 -1 -1000 -1000 -1000 -10 0.00153556
Car -1 -1 -10 1221.071 349.764 1831.867 727.554 -1 -1 -1 -1000 -1000 -1000 -10 0.00258470
Car -1 -1 -10 1499.782 584.556 1920.000 867.243 -1 -1 -1 -1000 -1000 -1000 -10 0.00152208
Car -1 -1 -10 1458.406 457.031 1897.256 691.213 -1 -1 -1 -1000 -1000 -1000 -10 0.00138577
Car -1 -1 -10 1651.696 674.475 1689.175 736.193 -1 -1 -1 -1000 -1000 -1000 -10 0.00125607
Car -1 -1 -10 1468.045 206.796 1845.766 893.921 -1 -1 -1 -1000 -1000 -1000 -10 0.00125037
Car -1 -1 -10 1516.458 605.914 1916.091 945.317 -1 -1 -1 -1000 -1000 -1000 -10 0.00120675
Car -1 -1 -10 1352.286 384.589 1639.487 543.871 -1 -1 -1 -1000 -1000 -1000 -10 0.00105416
Car -1 -1 -10 1455.352 421.663 1905.521 645.349 -1 -1 -1 -1000 -1000 -1000 -10 0.00104463
