Car -1 -1 -10 689.535 546.142 803.142 642.811 -1 -1 -1 -1000 -1000 -1000 -10 0.99997225
Car -1 -1 -10 241.535 551.616 469.978 729.791 -1 -1 -1 -1000 -1000 -1000 -10 0.99992001
Car -1 -1 -10 890.962 540.242 994.479 628.961 -1 -1 -1 -1000 -1000 -1000 -10 0.67110472
Car -1 -1 -10 694.463 786.352 1651.295 1195.422 -1 -1 -1 -1000 -1000 -1000 -10 0.01135746
Car -1 -1 -10 927.540 813.462 1583.058 1185.616 -1 -1 -1 -1000 -1000 -1000 -10 0.00723486
Car -1 -1 -10 467.877 826.545 1112.634 1188.800 -1 -1 -1 -1000 -1000 -1000 -10 0.00665134
Car -1 -1 -10 568.835 820.261 1212.823 1191.566 -1 -1 -1 -1000 -1000 -1000 -10 0.00657404
Car -1 -1 -10 185.965 796.156 869.109 1200.000 -1 -1 -1 -1000 -1000 -1000 -10 0.00626477
Car -1 -1 -10 858.985 901.040 1448.875 1197.983 -1 -1 -1 -1000 -1000 -1000 -10 0.00602761
Car -1 -1 -10 303.693 800.976 989.524 1200.000 -1 -1 -1 -1000 -1000 -1000 -10 0.00621893
Car -1 -1 -10 729.636 830.347 1317.373 1195.724 -1 -1 -1 -1000 -1000 -1000 -10 0.00510160
Car -1 -1 -10 999.579 869.276 1484.252 1092.376 -1 -1 -1 -1000 -1000 -1000 -10 0.00259738
