Car -1 -1 -10 0.000 796.773 461.371 1199.988 -1 -1 -1 -1000 -1000 -1000 -10 0.00575707
Car -1 -1 -10 7.497 688.728 261.181 1182.762 -1 -1 -1 -1000 -1000 -1000 -10 0.00288500
Car -1 -1 -10 0.000 788.852 311.465 1200.000 -1 -1 -1 -1000 -1000 -1000 -10 0.00161555
Car -1 -1 -10 2.516 1063.334 335.148 1200.000 -1 -1 -1 -1000 -1000 -1000 -10 0.00137237
Car -1 -1 -10 17.815 1105.656 237.184 1200.000 -1 -1 -1 -1000 -1000 -1000 -10 0.00223605
Car -1 -1 -10 55.428 691.194 206.409 1200.000 -1 -1 -1 -1000 -1000 -1000 -10 0.00209810
Car -1 -1 -10 13.997 989.861 426.258 1200.000 -1 -1 -1 -1000 -1000 -1000 -10 0.00124121
Car -1 -1 -10 10.133 603.016 147.314 1195.871 -1 -1 -1 -1000 -1000 -1000 -10 0.00232806
Car -1 -1 -10 0.000 1157.386 35.277 1200.000 -1 -1 -1 -1000 -1000 -1000 -10 0.00109071
Car -1 -1 -10 725.937 698.647 1227.965 1198.026 -1 -1 -1 -1000 -1000 -1000 -10 0.00108520
Car -1 -1 -10 0.000 185.487 488.468 554.529 -1 -1 -1 -1000 -1000 -1000 -10 0.00106622
Car -1 -1 -10 14.133 641.276 486.675 1200.000 -1 -1 -1 -1000 -1000 -1000 -10 0.00104699
Car -1 -1 -10 38.969 55.979 703.563 432.921 -1 -1 -1 -1000 -1000 -1000 -10 0.00103732
Car -1 -1 -10 0.000 936.977 316.728 1200.000 -1 -1 -1 -1000 -1000 -1000 -10 0.00098989
Car -1 -1 -10 36.347 931.373 274.570 1200.000 -1 -1 -1 -1000 -1000 -1000 -10 0.00097921
Car -1 -1 -10 2.140 959.856 209.567 1200.000 -1 -1 -1 -1000 -1000 -1000 -10 0.00096148
Car -1 -1 -10 11.501 560.264 572.891 1171.625 -1 -1 -1 -1000 -1000 -1000 -10 0.00095536
Car -1 -1 -10 60.553 119.558 634.639 500.905 -1 -1 -1 -1000 -1000 -1000 -10 0.00089973
Car -1 -1 -10 803.522 659.744 997.838 1190.521 -1 -1 -1 -1000 -1000 -1000 -10 0.00085820
Car -1 -1 -10 0.529 605.279 320.708 1142.475 -1 -1 -1 -1000 -1000 -1000 -10 0.00085737
Car -1 -1 -10 156.362 51.374 375.729 1057.219 -1 -1 -1 -1000 -1000 -1000 -10 0.00084974
Car -1 -1 -10 0.000 1066.732 194.625 1200.000 -1 -1 -1 -1000 -1000 -1000 -10 0.00077278
