Car -1 -1 -10 769.645 552.872 1026.060 754.885 -1 -1 -1 -1000 -1000 -1000 -10 0.99998787
Car -1 -1 -10 536.162 575.807 672.170 668.153 -1 -1 -1 -1000 -1000 -1000 -10 0.99866876
Car -1 -1 -10 513.475 577.179 587.124 644.043 -1 -1 -1 -1000 -1000 -1000 -10 0.20775118
Car -1 -1 -10 464.013 582.769 525.684 633.928 -1 -1 -1 -1000 -1000 -1000 -10 0.16231394
Car -1 -1 -10 147.357 559.292 225.188 627.069 -1 -1 -1 -1000 -1000 -1000 -10 0.04261733
Car -1 -1 -10 134.911 556.847 231.322 633.845 -1 -1 -1 -1000 -1000 -1000 -10 0.02507674
Car -1 -1 -10 426.312 577.275 477.851 630.412 -1 -1 -1 -1000 -1000 -1000 -10 0.01199132
Car -1 -1 -10 754.826 801.139 1379.260 1194.605 -1 -1 -1 -1000 -1000 -1000 -10 0.01272445
Car -1 -1 -10 929.547 520.800 1920.000 1196.641 -1 -1 -1 -1000 -1000 -1000 -10 0.01271148
Car -1 -1 -10 303.109 787.473 919.182 1198.875 -1 -1 -1 -1000 -1000 -1000 -10 0.00565956
Car -1 -1 -10 1225.363 727.537 1920.000 1200.000 -1 -1 -1 -1000 -1000 -1000 -10 0.00250628
Car -1 -1 -10 861.814 557.685 1017.378 676.561 -1 -1 -1 -1000 -1000 -1000 -10 0.00237360
Car -1 -1 -10 1040.041 697.040 1288.215 1193.060 -1 -1 -1 -1000 -1000 -1000 -10 0.00224488
Car -1 -1 -10 1470.514 795.235 1920.000 1198.928 -1 -1 -1 -1000 -1000 -1000 -10 0.00186815
Car -1 -1 -10 499.891 667.795 1156.610 1197.065 -1 -1 -1 -1000 -1000 -1000 -10 0.00173609
