Car -1 -1 -10 0.000 589.199 528.001 1200.000 -1 -1 -1 -1000 -1000 -1000 -10 0.01899563
Car -1 -1 -10 0.000 791.389 348.497 1200.000 -1 -1 -1 -1000 -1000 -1000 -10 0.00418145
Car -1 -1 -10 0.000 495.427 1148.833 1194.702 -1 -1 -1 -1000 -1000 -1000 -10 0.00783574
Car -1 -1 -10 0.724 707.695 389.844 1042.052 -1 -1 -1 -1000 -1000 -1000 -10 0.00334644
Car -1 -1 -10 65.595 580.703 195.922 1200.000 -1 -1 -1 -1000 -1000 -1000 -10 0.00160649
Car -1 -1 -10 63.379 79.070 363.134 1195.201 -1 -1 -1 -1000 -1000 -1000 -10 0.00301811
Car -1 -1 -10 1.752 960.087 213.226 1200.000 -1 -1 -1 -1000 -1000 -1000 -10 0.00131300
Car -1 -1 -10 0.000 934.179 326.474 1200.000 -1 -1 -1 -1000 -1000 -1000 -10 0.00125506
Car -1 -1 -10 0.000 878.134 401.005 1200.000 -1 -1 -1 -1000 -1000 -1000 -10 0.00119340
Car -1 -1 -10 0.000 1166.388 25.697 1200.000 -1 -1 -1 -1000 -1000 -1000 -10 0.00103347
Car -1 -1 -10 1.429 523.991 436.707 931.291 -1 -1 -1 -1000 -1000 -1000 -10 0.00100485
Car -1 -1 -10 3.778 656.430 339.128 1084.245 -1 -1 -1 -1000 -1000 -1000 -10 0.00192369
Car -1 -1 -10 0.000 1039.998 225.429 1200.000 -1 -1 -1 -1000 -1000 -1000 -10 0.00088026
Car -1 -1 -10 397.622 561.459 991.263 1164.910 -1 -1 -1 -1000 -1000 -1000 -10 0.00083583
Car -1 -1 -10 0.000 606.414 241.999 941.642 -1 -1 -1 -1000 -1000 -1000 -10 0.00083364
Car -1 -1 -10 706.649 645.239 897.767 1191.304 -1 -1 -1 -1000 -1000 -1000 -10 0.00079244
Car -1 -1 -10 0.000 538.104 265.524 911.889 -1 -1 -1 -1000 -1000 -1000 -10 0.00076292
Car -1 -1 -10 494.509 559.124 898.940 1181.577 -1 -1 -1 -1000 -1000 -1000 -10 0.00075967
