Car -1 -1 -10 565.367 19.495 1913.495 1168.550 -1 -1 -1 -1000 -1000 -1000 -10 0.00746959
Car -1 -1 -10 909.626 517.355 1920.000 1200.000 -1 -1 -1 -1000 -1000 -1000 -10 0.00427668
Car -1 -1 -10 0.000 802.380 459.508 1200.000 -1 -1 -1 -1000 -1000 -1000 -10 0.00386516
Car -1 -1 -10 1298.417 340.240 1917.721 757.816 -1 -1 -1 -1000 -1000 -1000 -10 0.00519817
Car -1 -1 -10 1050.682 387.962 1657.519 749.840 -1 -1 -1 -1000 -1000 -1000 -10 0.00171262
Car -1 -1 -10 1127.067 306.693 1920.000 1130.607 -1 -1 -1 -1000 -1000 -1000 -10 0.00338616
Car -1 -1 -10 962.401 443.612 1570.814 799.485 -1 -1 -1 -1000 -1000 -1000 -10 0.00167994
Car -1 -1 -10 1392.937 439.187 1920.000 865.565 -1 -1 -1 -1000 -1000 -1000 -10 0.00165802
Car -1 -1 -10 1509.823 73.278 1899.794 815.986 -1 -1 -1 -1000 -1000 -1000 -10 0.00289709
Car -1 -1 -10 1569.204 556.726 1920.000 1200.000 -1 -1 -1 -1000 -1000 -1000 -10 0.00156085
Car -1 -1 -10 1216.034 32.944 1920.000 1144.872 -1 -1 -1 -1000 -1000 -1000 -10 0.00282940
Car -1 -1 -10 1128.423 437.183 1829.033 873.456 -1 -1 -1 -1000 -1000 -1000 -10 0.00147818
Car -1 -1 -10 1181.183 385.024 1778.763 748.661 -1 -1 -1 -1000 -1000 -1000 -10 0.00147062
Car -1 -1 -10 1283.178 522.738 1914.705 975.722 -1 -1 -1 -1000 -1000 -1000 -10 0.00389213
Car -1 -1 -10 1352.750 232.199 1920.000 658.602 -1 -1 -1 -1000 -1000 -1000 -10 0.00125117
Car -1 -1 -10 1142.608 572.776 1832.210 941.195 -1 -1 -1 -1000 -1000 -1000 -10 0.00123310
Car -1 -1 -10 1455.539 812.136 1920.000 1200.000 -1 -1 -1 -1000 -1000 -1000 -10 0.00119781
Car -1 -1 -10 1678.110 353.487 1920.000 691.107 -1 -1 -1 -1000 -1000 -1000 -10 0.00103161
Car -1 -1 -10 1233.512 302.208 1601.900 997.895 -1 -1 -1 -1000 -1000 -1000 -10 0.00102341
