Car -1 -1 -10 1299.098 563.862 1453.766 670.270 -1 -1 -1 -1000 -1000 -1000 -10 0.99998164
Car -1 -1 -10 1587.443 568.483 1698.221 663.034 -1 -1 -1 -1000 -1000 -1000 -10 0.99987753
Car -1 -1 -10 575.674 573.849 695.164 664.596 -1 -1 -1 -1000 -1000 -1000 -10 0.89847182
Car -1 -1 -10 1.878 502.206 199.366 770.640 -1 -1 -1 -1000 -1000 -1000 -10 0.56469750
Car -1 -1 -10 808.720 560.843 900.236 623.478 -1 -1 -1 -1000 -1000 -1000 -10 0.39534216
Car -1 -1 -10 1087.013 555.412 1137.740 610.612 -1 -1 -1 -1000 -1000 -1000 -10 0.03627870
Car -1 -1 -10 1220.927 561.369 1301.538 627.162 -1 -1 -1 -1000 -1000 -1000 -10 0.03215172
Car -1 -1 -10 419.166 546.139 579.211 632.913 -1 -1 -1 -1000 -1000 -1000 -10 0.02469581
Car -1 -1 -10 248.574 569.371 408.978 641.834 -1 -1 -1 -1000 -1000 -1000 -10 0.02551529
Car -1 -1 -10 894.372 571.688 945.716 619.056 -1 -1 -1 -1000 -1000 -1000 -10 0.00745299
