Car -1 -1 -10 641.266 590.599 799.569 674.618 -1 -1 -1 -1000 -1000 -1000 -10 0.96177706
Car -1 -1 -10 532.422 596.362 693.694 672.587 -1 -1 -1 -1000 -1000 -1000 -10 0.47408000
Car -1 -1 -10 0.791 569.551 147.488 718.242 -1 -1 -1 -1000 -1000 -1000 -10 0.22951713
Car -1 -1 -10 0.000 600.090 95.679 717.219 -1 -1 -1 -1000 -1000 -1000 -10 0.00643908
Car -1 -1 -10 0.000 574.292 68.447 702.901 -1 -1 -1 -1000 -1000 -1000 -10 0.00600582
Car -1 -1 -10 21.717 532.756 85.504 750.909 -1 -1 -1 -1000 -1000 -1000 -10 0.00431462
Car -1 -1 -10 15.015 552.385 230.113 726.588 -1 -1 -1 -1000 -1000 -1000 -10 0.00460301
Car -1 -1 -10 1416.971 545.177 1914.666 930.962 -1 -1 -1 -1000 -1000 -1000 -10 0.00403420
Car -1 -1 -10 965.000 572.883 1127.577 654.688 -1 -1 -1 -1000 -1000 -1000 -10 0.00362058
Car -1 -1 -10 44.410 520.460 108.079 755.399 -1 -1 -1 -1000 -1000 -1000 -10 0.00190886
Car -1 -1 -10 1543.696 674.818 1910.105 974.803 -1 -1 -1 -1000 -1000 -1000 -10 0.00175854
Car -1 -1 -10 28.885 495.188 76.327 795.431 -1 -1 -1 -1000 -1000 -1000 -10 0.00168400
Car -1 -1 -10 1153.948 546.373 1890.148 1200.000 -1 -1 -1 -1000 -1000 -1000 -10 0.00153601
Car -1 -1 -10 18.840 372.635 109.293 901.960 -1 -1 -1 -1000 -1000 -1000 -10 0.00152319
Car -1 -1 -10 1468.723 496.616 1920.000 852.522 -1 -1 -1 -1000 -1000 -1000 -10 0.00151162
Car -1 -1 -10 0.000 1107.333 91.072 1200.000 -1 -1 -1 -1000 -1000 -1000 -10 0.00140447
Car -1 -1 -10 14.434 613.061 88.507 693.894 -1 -1 -1 -1000 -1000 -1000 -10 0.00140035
Car -1 -1 -10 0.000 998.495 276.391 1200.000 -1 -1 -1 -1000 -1000 -1000 -10 0.00255348
Car -1 -1 -10 29.095 574.876 232.624 1193.037 -1 -1 -1 -1000 -1000 -1000 -10 0.00137561
Car -1 -1 -10 7.836 1108.659 179.371 1200.000 -1 -1 -1 -1000 -1000 -1000 -10 0.00258204
Car -1 -1 -10 664.592 598.629 760.154 663.230 -1 -1 -1 -1000 -1000 -1000 -10 0.00125213
Car -1 -1 -10 0.000 1104.752 49.231 1200.000 -1 -1 -1 -1000 -1000 -1000 -10 0.00123513
Car -1 -1 -10 657.226 441.226 749.238 785.139 -1 -1 -1 -1000 -1000 -1000 -10 0.00119506
