Car -1 -1 -10 559.601 462.869 718.135 571.316 -1 -1 -1 -1000 -1000 -1000 -10 0.01341605
Car -1 -1 -10 845.284 784.483 1433.801 1196.329 -1 -1 -1 -1000 -1000 -1000 -10 0.00510335
Car -1 -1 -10 881.061 700.937 1348.020 1195.160 -1 -1 -1 -1000 -1000 -1000 -10 0.00333147
Car -1 -1 -10 977.826 601.535 1205.379 1189.741 -1 -1 -1 -1000 -1000 -1000 -10 0.00234540
Car -1 -1 -10 967.781 569.960 1021.106 618.738 -1 -1 -1 -1000 -1000 -1000 -10 0.00356097
Car -1 -1 -10 915.391 790.703 1528.165 1184.583 -1 -1 -1 -1000 -1000 -1000 -10 0.00196145
Car -1 -1 -10 715.944 533.850 1815.915 1200.000 -1 -1 -1 -1000 -1000 -1000 -10 0.00335998
Car -1 -1 -10 630.090 818.345 975.192 1197.439 -1 -1 -1 -1000 -1000 -1000 -10 0.00301660
Car -1 -1 -10 986.904 711.979 1287.995 1194.815 -1 -1 -1 -1000 -1000 -1000 -10 0.00165568
Car -1 -1 -10 99.237 776.321 709.090 1192.517 -1 -1 -1 -1000 -1000 -1000 -10 0.00257256
Car -1 -1 -10 297.780 1158.634 334.120 1200.000 -1 -1 -1 -1000 -1000 -1000 -10 0.00144506
Car -1 -1 -10 966.777 833.940 1464.144 1132.896 -1 -1 -1 -1000 -1000 -1000 -10 0.00141998
Car -1 -1 -10 11.608 691.447 251.151 1197.082 -1 -1 -1 -1000 -1000 -1000 -10 0.00141784
Car -1 -1 -10 923.950 711.997 1173.770 1192.238 -1 -1 -1 -1000 -1000 -1000 -10 0.00141062
Car -1 -1 -10 0.000 767.019 640.803 1200.000 -1 -1 -1 -1000 -1000 -1000 -10 0.00125435
Car -1 -1 -10 1038.942 568.330 1193.387 1200.000 -1 -1 -1 -1000 -1000 -1000 -10 0.00237277
Car -1 -1 -10 391.426 636.542 586.517 1195.294 -1 -1 -1 -1000 -1000 -1000 -10 0.00122314
Car -1 -1 -10 911.039 1060.970 1313.055 1200.000 -1 -1 -1 -1000 -1000 -1000 -10 0.00120456
Car -1 -1 -10 872.135 839.734 1284.872 1108.983 -1 -1 -1 -1000 -1000 -1000 -10 0.00227911
Car -1 -1 -10 1225.908 1158.399 1262.329 1200.000 -1 -1 -1 -1000 -1000 -1000 -10 0.00116088
Car -1 -1 -10 233.815 648.570 412.854 1188.630 -1 -1 -1 -1000 -1000 -1000 -10 0.00115500
Car -1 -1 -10 283.615 1158.113 320.414 1200.000 -1 -1 -1 -1000 -1000 -1000 -10 0.00113406
Car -1 -1 -10 1255.882 1158.994 1292.229 1200.000 -1 -1 -1 -1000 -1000 -1000 -10 0.00110940
Car -1 -1 -10 923.577 765.956 1115.004 1198.403 -1 -1 -1 -1000 -1000 -1000 -10 0.00100487
Car -1 -1 -10 804.701 1061.389 1214.734 1200.000 -1 -1 -1 -1000 -1000 -1000 -10 0.00093802
