Car -1 -1 -10 651.015 498.834 1000.250 736.549 -1 -1 -1 -1000 -1000 -1000 -10 0.99994165
Car -1 -1 -10 0.000 520.838 929.407 1197.429 -1 -1 -1 -1000 -1000 -1000 -10 0.01934178
Car -1 -1 -10 765.916 489.755 972.430 644.344 -1 -1 -1 -1000 -1000 -1000 -10 0.01826072
Car -1 -1 -10 2.280 596.063 513.472 1199.490 -1 -1 -1 -1000 -1000 -1000 -10 0.00745612
Car -1 -1 -10 0.000 698.806 619.010 1168.907 -1 -1 -1 -1000 -1000 -1000 -10 0.00231680
Car -1 -1 -10 709.895 508.384 870.119 619.165 -1 -1 -1 -1000 -1000 -1000 -10 0.00203508
Car -1 -1 -10 798.024 533.440 914.623 653.913 -1 -1 -1 -1000 -1000 -1000 -10 0.00185189
Car -1 -1 -10 63.175 172.388 369.314 1189.772 -1 -1 -1 -1000 -1000 -1000 -10 0.00178466
Car -1 -1 -10 704.915 487.691 862.585 588.605 -1 -1 -1 -1000 -1000 -1000 -10 0.00344468
Car -1 -1 -10 657.853 529.766 819.579 643.944 -1 -1 -1 -1000 -1000 -1000 -10 0.00166889
Car -1 -1 -10 681.785 509.866 845.384 617.304 -1 -1 -1 -1000 -1000 -1000 -10 0.00157082
Car -1 -1 -10 53.569 533.288 206.666 1200.000 -1 -1 -1 -1000 -1000 -1000 -10 0.00149962
Car -1 -1 -10 821.534 534.261 936.504 651.261 -1 -1 -1 -1000 -1000 -1000 -10 0.00149163
Car -1 -1 -10 20.564 594.266 147.730 1196.044 -1 -1 -1 -1000 -1000 -1000 -10 0.00143419
Car -1 -1 -10 1409.272 287.284 1905.696 649.183 -1 -1 -1 -1000 -1000 -1000 -10 0.00139889
Car -1 -1 -10 82.518 567.568 232.604 1200.000 -1 -1 -1 -1000 -1000 -1000 -10 0.00122083
