Car -1 -1 -10 1087.006 612.063 1138.290 674.958 -1 -1 -1 -1000 -1000 -1000 -10 0.13372437
Car -1 -1 -10 0.000 659.438 447.550 1200.000 -1 -1 -1 -1000 -1000 -1000 -10 0.00644646
Car -1 -1 -10 0.000 795.803 464.381 1200.000 -1 -1 -1 -1000 -1000 -1000 -10 0.00482368
Car -1 -1 -10 0.000 920.940 231.353 1200.000 -1 -1 -1 -1000 -1000 -1000 -10 0.00234047
Car -1 -1 -10 0.000 1004.820 92.364 1176.647 -1 -1 -1 -1000 -1000 -1000 -10 0.00212280
Car -1 -1 -10 0.000 922.078 336.339 1200.000 -1 -1 -1 -1000 -1000 -1000 -10 0.00325945
Car -1 -1 -10 0.000 805.482 319.877 1137.958 -1 -1 -1 -1000 -1000 -1000 -10 0.00170644
Car -1 -1 -10 39.039 647.560 221.344 1198.545 -1 -1 -1 -1000 -1000 -1000 -10 0.00157056
Car -1 -1 -10 0.000 1005.030 257.224 1200.000 -1 -1 -1 -1000 -1000 -1000 -10 0.00153414
Car -1 -1 -10 0.000 767.606 312.365 1087.628 -1 -1 -1 -1000 -1000 -1000 -10 0.00142593
Car -1 -1 -10 0.000 970.523 136.033 1187.708 -1 -1 -1 -1000 -1000 -1000 -10 0.00142186
Car -1 -1 -10 0.000 1064.242 280.193 1200.000 -1 -1 -1 -1000 -1000 -1000 -10 0.00125344
Car -1 -1 -10 0.000 791.485 267.868 1057.296 -1 -1 -1 -1000 -1000 -1000 -10 0.00122768
Car -1 -1 -10 0.000 715.159 292.141 1129.187 -1 -1 -1 -1000 -1000 -1000 -10 0.00114230
Car -1 -1 -10 0.582 1111.330 124.385 1200.000 -1 -1 -1 -1000 -1000 -1000 -10 0.00224692
Car -1 -1 -10 1.674 356.486 318.025 697.943 -1 -1 -1 -1000 -1000 -1000 -10 0.00107791
