Car -1 -1 -10 865.384 591.659 979.381 681.420 -1 -1 -1 -1000 -1000 -1000 -10 0.99970567
Car -1 -1 -10 178.101 611.092 419.233 712.057 -1 -1 -1 -1000 -1000 -1000 -10 0.37024204
Car -1 -1 -10 137.613 610.405 390.092 712.293 -1 -1 -1 -1000 -1000 -1000 -10 0.16194117
Car -1 -1 -10 339.010 599.436 516.137 685.774 -1 -1 -1 -1000 -1000 -1000 -10 0.02100244
Car -1 -1 -10 285.034 618.842 450.722 699.564 -1 -1 -1 -1000 -1000 -1000 -10 0.02189595
Car -1 -1 -10 245.353 615.679 420.671 702.210 -1 -1 -1 -1000 -1000 -1000 -10 0.01085024
Car -1 -1 -10 0.000 510.300 854.354 1180.776 -1 -1 -1 -1000 -1000 -1000 -10 0.00630244
Car -1 -1 -10 488.362 593.760 656.047 678.337 -1 -1 -1 -1000 -1000 -1000 -10 0.00475835
Car -1 -1 -10 0.000 786.700 464.376 1196.682 -1 -1 -1 -1000 -1000 -1000 -10 0.00438450
Car -1 -1 -10 199.974 622.693 306.769 715.139 -1 -1 -1 -1000 -1000 -1000 -10 0.00313702
Car -1 -1 -10 0.000 632.124 503.759 1197.737 -1 -1 -1 -1000 -1000 -1000 -10 0.00345128
Car -1 -1 -10 4.674 623.556 742.104 1194.862 -1 -1 -1 -1000 -1000 -1000 -10 0.00313582
Car -1 -1 -10 8.634 1106.029 185.497 1200.000 -1 -1 -1 -1000 -1000 -1000 -10 0.00305432
Car -1 -1 -10 342.262 632.044 421.130 700.407 -1 -1 -1 -1000 -1000 -1000 -10 0.00156799
Car -1 -1 -10 972.483 594.079 1020.961 643.412 -1 -1 -1 -1000 -1000 -1000 -10 0.00392777
Car -1 -1 -10 259.191 580.758 563.770 699.097 -1 -1 -1 -1000 -1000 -1000 -10 0.00141370
Car -1 -1 -10 2.466 1026.559 422.682 1200.000 -1 -1 -1 -1000 -1000 -1000 -10 0.00359841
Car -1 -1 -10 224.068 477.465 315.666 810.894 -1 -1 -1 -1000 -1000 -1000 -10 0.00231651
Car -1 -1 -10 128.621 1157.573 165.853 1200.000 -1 -1 -1 -1000 -1000 -1000 -10 0.00136402
Car -1 -1 -10 74.732 826.786 235.100 1200.000 -1 -1 -1 -1000 -1000 -1000 -10 0.00133193
Car -1 -1 -10 30.865 614.321 306.162 1200.000 -1 -1 -1 -1000 -1000 -1000 -10 0.00132953
Car -1 -1 -10 0.000 1106.504 91.243 1200.000 -1 -1 -1 -1000 -1000 -1000 -10 0.00130822
Car -1 -1 -10 656.532 610.394 710.755 660.667 -1 -1 -1 -1000 -1000 -1000 -10 0.00127653
Car -1 -1 -10 7.034 1085.198 280.860 1200.000 -1 -1 -1 -1000 -1000 -1000 -10 0.00125367
Car -1 -1 -10 272.877 594.830 564.998 714.721 -1 -1 -1 -1000 -1000 -1000 -10 0.00122990
Car -1 -1 -10 14.796 358.106 310.046 1200.000 -1 -1 -1 -1000 -1000 -1000 -10 0.00122105
Car -1 -1 -10 0.000 1104.016 49.307 1200.000 -1 -1 -1 -1000 -1000 -1000 -10 0.00121798
Car -1 -1 -10 14.038 596.182 206.343 1184.336 -1 -1 -1 -1000 -1000 -1000 -10 0.00237414
Car -1 -1 -10 419.710 594.592 580.970 679.155 -1 -1 -1 -1000 -1000 -1000 -10 0.00237266
Car -1 -1 -10 537.628 598.383 620.527 662.972 -1 -1 -1 -1000 -1000 -1000 -10 0.00118592
Car -1 -1 -10 215.362 643.613 386.892 1188.332 -1 -1 -1 -1000 -1000 -1000 -10 0.00110437
Car -1 -1 -10 0.000 1028.089 286.711 1200.000 -1 -1 -1 -1000 -1000 -1000 -10 0.00105444
Car -1 -1 -10 329.235 617.744 493.717 703.508 -1 -1 -1 -1000 -1000 -1000 -10 0.00196640
Car -1 -1 -10 160.932 1106.845 417.300 1200.000 -1 -1 -1 -1000 -1000 -1000 -10 0.00098728
Car -1 -1 -10 1.483 816.451 306.084 1200.000 -1 -1 -1 -1000 -1000 -1000 -10 0.00195137
Car -1 -1 -10 107.171 597.819 301.783 1179.243 -1 -1 -1 -1000 -1000 -1000 -10 0.00092318
Car -1 -1 -10 223.820 614.766 344.834 719.353 -1 -1 -1 -1000 -1000 -1000 -10 0.00092125
Car -1 -1 -10 953.737 596.758 994.203 645.599 -1 -1 -1 -1000 -1000 -1000 -10 0.00091901
Car -1 -1 -10 153.863 635.863 320.812 727.294 -1 -1 -1 -1000 -1000 -1000 -10 0.00091626
Car -1 -1 -10 142.017 646.901 314.038 1190.965 -1 -1 -1 -1000 -1000 -1000 -10 0.00091570
Car -1 -1 -10 91.524 570.468 494.686 995.991 -1 -1 -1 -1000 -1000 -1000 -10 0.00090591
Car -1 -1 -10 31.297 1104.640 216.567 1200.000 -1 -1 -1 -1000 -1000 -1000 -10 0.00090562
Car -1 -1 -10 75.018 1087.626 133.575 1200.000 -1 -1 -1 -1000 -1000 -1000 -10 0.00090431
Car -1 -1 -10 0.152 1105.061 144.419 1200.000 -1 -1 -1 -1000 -1000 -1000 -10 0.00090298
Car -1 -1 -10 42.779 1046.933 492.914 1200.000 -1 -1 -1 -1000 -1000 -1000 -10 0.00089739
Car -1 -1 -10 90.870 743.499 218.766 1200.000 -1 -1 -1 -1000 -1000 -1000 -10 0.00087403
