Car -1 -1 -10 888.737 624.681 941.096 677.356 -1 -1 -1 -1000 -1000 -1000 -10 0.99822694
Car -1 -1 -10 279.740 617.853 513.899 741.446 -1 -1 -1 -1000 -1000 -1000 -10 0.98820662
Car -1 -1 -10 424.063 609.592 612.297 715.436 -1 -1 -1 -1000 -1000 -1000 -10 0.91461800
Car -1 -1 -10 1154.600 583.378 1459.987 745.007 -1 -1 -1 -1000 -1000 -1000 -10 0.75939137
Car -1 -1 -10 1114.557 597.552 1350.870 722.837 -1 -1 -1 -1000 -1000 -1000 -10 0.52207655
Car -1 -1 -10 1.933 601.526 310.588 793.406 -1 -1 -1 -1000 -1000 -1000 -10 0.83005804
Car -1 -1 -10 1482.137 522.474 1902.319 800.570 -1 -1 -1 -1000 -1000 -1000 -10 0.39284398
Car -1 -1 -10 1367.938 522.804 1907.936 813.724 -1 -1 -1 -1000 -1000 -1000 -10 0.39367743
Car -1 -1 -10 1260.765 552.331 1677.399 796.589 -1 -1 -1 -1000 -1000 -1000 -10 0.25515404
Car -1 -1 -10 1580.888 557.533 1918.798 943.399 -1 -1 -1 -1000 -1000 -1000 -10 0.51846367
Car -1 -1 -10 1022.421 613.142 1177.412 706.173 -1 -1 -1 -1000 -1000 -1000 -10 0.22960684
Car -1 -1 -10 1241.051 579.746 1594.520 789.199 -1 -1 -1 -1000 -1000 -1000 -10 0.19430204
Car -1 -1 -10 1221.203 570.189 1527.205 759.667 -1 -1 -1 -1000 -1000 -1000 -10 0.05669869
Car -1 -1 -10 1034.236 613.839 1210.909 708.142 -1 -1 -1 -1000 -1000 -1000 -10 0.10355904
Car -1 -1 -10 120.287 622.610 356.324 756.272 -1 -1 -1 -1000 -1000 -1000 -10 0.08115064
Car -1 -1 -10 1561.079 535.628 1920.000 739.599 -1 -1 -1 -1000 -1000 -1000 -10 0.02856838
