Car -1 -1 -10 653.039 562.556 885.027 764.609 -1 -1 -1 -1000 -1000 -1000 -10 0.99890690
Car -1 -1 -10 861.102 570.999 1040.677 660.534 -1 -1 -1 -1000 -1000 -1000 -10 0.98798341
Car -1 -1 -10 848.964 580.820 955.473 657.102 -1 -1 -1 -1000 -1000 -1000 -10 0.00649977
Car -1 -1 -10 667.927 557.852 812.402 672.015 -1 -1 -1 -1000 -1000 -1000 -10 0.00759383
Car -1 -1 -10 740.955 556.085 867.419 680.725 -1 -1 -1 -1000 -1000 -1000 -10 0.00444874
Car -1 -1 -10 863.300 584.956 960.880 651.934 -1 -1 -1 -1000 -1000 -1000 -10 0.00464266
Car -1 -1 -10 729.697 563.134 882.708 666.742 -1 -1 -1 -1000 -1000 -1000 -10 0.00251556
Car -1 -1 -10 749.521 547.570 869.145 732.185 -1 -1 -1 -1000 -1000 -1000 -10 0.00226707
Car -1 -1 -10 688.946 560.650 768.928 628.115 -1 -1 -1 -1000 -1000 -1000 -10 0.00303857
Car -1 -1 -10 793.629 571.377 953.272 652.831 -1 -1 -1 -1000 -1000 -1000 -10 0.00206612
Car -1 -1 -10 782.094 561.956 878.646 649.633 -1 -1 -1 -1000 -1000 -1000 -10 0.00192642
Car -1 -1 -10 777.864 587.960 890.037 771.275 -1 -1 -1 -1000 -1000 -1000 -10 0.00309607
Car -1 -1 -10 0.000 794.726 458.746 1200.000 -1 -1 -1 -1000 -1000 -1000 -10 0.00376138
Car -1 -1 -10 896.813 413.407 994.205 766.679 -1 -1 -1 -1000 -1000 -1000 -10 0.00530154
Car -1 -1 -10 713.324 493.292 762.620 795.427 -1 -1 -1 -1000 -1000 -1000 -10 0.00127272
Car -1 -1 -10 659.751 572.804 774.795 749.067 -1 -1 -1 -1000 -1000 -1000 -10 0.00127122
Car -1 -1 -10 842.580 401.285 1061.986 769.693 -1 -1 -1 -1000 -1000 -1000 -10 0.00334060
Car -1 -1 -10 773.213 576.380 886.278 688.562 -1 -1 -1 -1000 -1000 -1000 -10 0.00121967
Car -1 -1 -10 793.027 569.596 870.289 641.233 -1 -1 -1 -1000 -1000 -1000 -10 0.00121515
Car -1 -1 -10 863.308 602.236 916.825 656.605 -1 -1 -1 -1000 -1000 -1000 -10 0.00110306
Car -1 -1 -10 784.161 492.116 834.719 789.850 -1 -1 -1 -1000 -1000 -1000 -10 0.00106606
Car -1 -1 -10 0.000 770.867 309.465 1198.981 -1 -1 -1 -1000 -1000 -1000 -10 0.00105397
Car -1 -1 -10 652.336 595.259 750.273 762.408 -1 -1 -1 -1000 -1000 -1000 -10 0.00197922
Car -1 -1 -10 698.518 539.775 853.153 640.827 -1 -1 -1 -1000 -1000 -1000 -10 0.00097401
