Car -1 -1 -10 360.720 608.198 470.092 685.548 -1 -1 -1 -1000 -1000 -1000 -10 0.96314803
Car -1 -1 -10 678.535 597.226 780.721 677.516 -1 -1 -1 -1000 -1000 -1000 -10 0.55540029
Car -1 -1 -10 610.220 608.748 669.880 659.386 -1 -1 -1 -1000 -1000 -1000 -10 0.01411762
Car -1 -1 -10 0.000 606.947 505.916 1197.087 -1 -1 -1 -1000 -1000 -1000 -10 0.00303672
Car -1 -1 -10 0.000 789.653 463.926 1196.824 -1 -1 -1 -1000 -1000 -1000 -10 0.00825406
Car -1 -1 -10 655.636 1158.379 692.699 1200.000 -1 -1 -1 -1000 -1000 -1000 -10 0.00416041
Car -1 -1 -10 682.982 603.764 727.984 668.481 -1 -1 -1 -1000 -1000 -1000 -10 0.00206797
Car -1 -1 -10 345.027 1085.392 404.448 1200.000 -1 -1 -1 -1000 -1000 -1000 -10 0.00300242
Car -1 -1 -10 141.432 1064.292 542.554 1200.000 -1 -1 -1 -1000 -1000 -1000 -10 0.00320616
Car -1 -1 -10 1429.923 463.747 1920.000 789.479 -1 -1 -1 -1000 -1000 -1000 -10 0.00443499
Car -1 -1 -10 261.120 640.598 447.275 1189.259 -1 -1 -1 -1000 -1000 -1000 -10 0.00461308
Car -1 -1 -10 47.026 796.942 692.773 1187.329 -1 -1 -1 -1000 -1000 -1000 -10 0.00168302
Car -1 -1 -10 298.739 1045.378 714.252 1200.000 -1 -1 -1 -1000 -1000 -1000 -10 0.00296043
Car -1 -1 -10 0.000 593.070 747.642 1198.906 -1 -1 -1 -1000 -1000 -1000 -10 0.00321325
Car -1 -1 -10 676.747 611.799 737.199 675.688 -1 -1 -1 -1000 -1000 -1000 -10 0.00164980
Car -1 -1 -10 275.758 1094.096 437.949 1189.849 -1 -1 -1 -1000 -1000 -1000 -10 0.00300101
Car -1 -1 -10 640.429 607.919 701.238 662.249 -1 -1 -1 -1000 -1000 -1000 -10 0.00153148
Car -1 -1 -10 366.487 1100.861 618.560 1200.000 -1 -1 -1 -1000 -1000 -1000 -10 0.00137612
Car -1 -1 -10 326.150 659.614 514.158 1192.530 -1 -1 -1 -1000 -1000 -1000 -10 0.00134788
Car -1 -1 -10 11.080 1105.156 250.363 1200.000 -1 -1 -1 -1000 -1000 -1000 -10 0.00134593
Car -1 -1 -10 1312.326 618.224 1920.000 1074.117 -1 -1 -1 -1000 -1000 -1000 -10 0.00133819
Car -1 -1 -10 61.971 316.880 373.673 1199.719 -1 -1 -1 -1000 -1000 -1000 -10 0.00238574
Car -1 -1 -10 634.175 602.929 709.796 664.786 -1 -1 -1 -1000 -1000 -1000 -10 0.00132041
Car -1 -1 -10 191.124 638.628 363.370 1186.766 -1 -1 -1 -1000 -1000 -1000 -10 0.00129693
Car -1 -1 -10 0.000 948.237 314.105 1200.000 -1 -1 -1 -1000 -1000 -1000 -10 0.00367998
Car -1 -1 -10 33.559 695.275 183.750 1200.000 -1 -1 -1 -1000 -1000 -1000 -10 0.00124855
Car -1 -1 -10 0.000 1105.818 90.564 1200.000 -1 -1 -1 -1000 -1000 -1000 -10 0.00122635
Car -1 -1 -10 44.829 646.031 212.178 1195.692 -1 -1 -1 -1000 -1000 -1000 -10 0.00122135
Car -1 -1 -10 370.048 881.284 656.280 1200.000 -1 -1 -1 -1000 -1000 -1000 -10 0.00119354
Car -1 -1 -10 747.007 1157.649 784.997 1200.000 -1 -1 -1 -1000 -1000 -1000 -10 0.00119235
Car -1 -1 -10 571.656 601.176 717.403 674.310 -1 -1 -1 -1000 -1000 -1000 -10 0.00118798
Car -1 -1 -10 0.000 1108.546 123.917 1200.000 -1 -1 -1 -1000 -1000 -1000 -10 0.00115021
Car -1 -1 -10 295.629 590.391 446.487 1200.000 -1 -1 -1 -1000 -1000 -1000 -10 0.00115011
Car -1 -1 -10 103.502 593.174 256.510 1199.224 -1 -1 -1 -1000 -1000 -1000 -10 0.00114737
Car -1 -1 -10 67.592 590.811 196.269 1200.000 -1 -1 -1 -1000 -1000 -1000 -10 0.00110159
Car -1 -1 -10 0.000 1103.527 49.093 1200.000 -1 -1 -1 -1000 -1000 -1000 -10 0.00105785
