Car -1 -1 -10 1475.614 584.816 1689.140 680.073 -1 -1 -1 -1000 -1000 -1000 -10 0.87068415
Car -1 -1 -10 112.569 294.171 959.484 1173.776 -1 -1 -1 -1000 -1000 -1000 -10 0.39230300
Car -1 -1 -10 1035.365 539.066 1363.642 687.698 -1 -1 -1 -1000 -1000 -1000 -10 0.44435790
Car -1 -1 -10 1378.955 596.594 1539.261 676.320 -1 -1 -1 -1000 -1000 -1000 -10 0.02272679
Car -1 -1 -10 156.219 377.421 548.502 1137.709 -1 -1 -1 -1000 -1000 -1000 -10 0.00986496
Car -1 -1 -10 573.531 356.584 961.634 1096.224 -1 -1 -1 -1000 -1000 -1000 -10 0.00760592
Car -1 -1 -10 327.565 278.072 1015.718 872.709 -1 -1 -1 -1000 -1000 -1000 -10 0.00735445
Car -1 -1 -10 162.724 73.231 482.753 1162.827 -1 -1 -1 -1000 -1000 -1000 -10 0.00717434
Car -1 -1 -10 571.857 88.046 886.879 1180.009 -1 -1 -1 -1000 -1000 -1000 -10 0.00359918
Car -1 -1 -10 671.676 121.662 960.927 1152.544 -1 -1 -1 -1000 -1000 -1000 -10 0.00353007
Car -1 -1 -10 97.219 400.822 560.666 940.260 -1 -1 -1 -1000 -1000 -1000 -10 0.00586314
Car -1 -1 -10 62.267 576.771 767.520 1113.474 -1 -1 -1 -1000 -1000 -1000 -10 0.00646315
Car -1 -1 -10 426.176 632.426 978.740 1194.324 -1 -1 -1 -1000 -1000 -1000 -10 0.01205450
Car -1 -1 -10 156.947 694.154 557.948 957.892 -1 -1 -1 -1000 -1000 -1000 -10 0.00638231
Car -1 -1 -10 155.858 579.559 549.406 863.260 -1 -1 -1 -1000 -1000 -1000 -10 0.00568990
Car -1 -1 -10 69.963 664.212 659.557 1086.969 -1 -1 -1 -1000 -1000 -1000 -10 0.00299083
Car -1 -1 -10 1043.969 557.855 1218.983 667.901 -1 -1 -1 -1000 -1000 -1000 -10 0.00544777
Car -1 -1 -10 18.242 674.825 764.449 1176.942 -1 -1 -1 -1000 -1000 -1000 -10 0.00262871
Car -1 -1 -10 375.586 219.166 680.728 1195.794 -1 -1 -1 -1000 -1000 -1000 -10 0.00512753
Car -1 -1 -10 259.218 399.401 438.916 1200.000 -1 -1 -1 -1000 -1000 -1000 -10 0.00259644
Car -1 -1 -10 216.460 616.211 479.542 1114.671 -1 -1 -1 -1000 -1000 -1000 -10 0.00257603
Car -1 -1 -10 33.622 422.921 487.330 815.467 -1 -1 -1 -1000 -1000 -1000 -10 0.00256192
Car -1 -1 -10 0.000 789.763 440.505 1188.714 -1 -1 -1 -1000 -1000 -1000 -10 0.00243513
