Car -1 -1 -10 0.000 582.859 507.383 1200.000 -1 -1 -1 -1000 -1000 -1000 -10 0.00610360
Car -1 -1 -10 554.074 16.598 1912.619 1151.263 -1 -1 -1 -1000 -1000 -1000 -10 0.00457518
Car -1 -1 -10 0.000 461.025 102.119 614.715 -1 -1 -1 -1000 -1000 -1000 -10 0.00218255
Car -1 -1 -10 1129.223 542.967 1734.473 880.998 -1 -1 -1 -1000 -1000 -1000 -10 0.00321917
Car -1 -1 -10 0.000 791.798 452.795 1196.721 -1 -1 -1 -1000 -1000 -1000 -10 0.00396666
Car -1 -1 -10 1215.979 536.342 1829.838 894.487 -1 -1 -1 -1000 -1000 -1000 -10 0.00172491
Car -1 -1 -10 0.000 453.393 128.308 624.163 -1 -1 -1 -1000 -1000 -1000 -10 0.00167454
Car -1 -1 -10 1511.877 197.192 1899.177 915.056 -1 -1 -1 -1000 -1000 -1000 -10 0.00157040
Car -1 -1 -10 1226.530 539.741 1686.950 738.766 -1 -1 -1 -1000 -1000 -1000 -10 0.00140041
Car -1 -1 -10 1166.136 542.481 1885.657 1200.000 -1 -1 -1 -1000 -1000 -1000 -10 0.00233259
Car -1 -1 -10 1449.930 83.618 1919.440 612.111 -1 -1 -1 -1000 -1000 -1000 -10 0.00229467
Car -1 -1 -10 1331.419 584.083 1633.496 740.722 -1 -1 -1 -1000 -1000 -1000 -10 0.00223788
Car -1 -1 -10 3.415 373.044 297.707 683.866 -1 -1 -1 -1000 -1000 -1000 -10 0.00225881
Car -1 -1 -10 1286.601 568.479 1610.674 708.940 -1 -1 -1 -1000 -1000 -1000 -10 0.00122008
Car -1 -1 -10 1306.990 344.073 1916.731 760.193 -1 -1 -1 -1000 -1000 -1000 -10 0.00220810
Car -1 -1 -10 1579.695 565.365 1920.000 1200.000 -1 -1 -1 -1000 -1000 -1000 -10 0.00120295
Car -1 -1 -10 17.712 576.346 151.253 1194.353 -1 -1 -1 -1000 -1000 -1000 -10 0.00120145
Car -1 -1 -10 1409.042 519.567 1908.810 988.138 -1 -1 -1 -1000 -1000 -1000 -10 0.00119623
Car -1 -1 -10 1390.767 591.788 1559.100 685.177 -1 -1 -1 -1000 -1000 -1000 -10 0.00414206
Car -1 -1 -10 0.494 381.615 473.902 748.342 -1 -1 -1 -1000 -1000 -1000 -10 0.00114432
Car -1 -1 -10 1473.544 630.721 1920.000 1008.644 -1 -1 -1 -1000 -1000 -1000 -10 0.00113974
Car -1 -1 -10 1449.409 284.038 1920.000 816.119 -1 -1 -1 -1000 -1000 -1000 -10 0.00112072
Car -1 -1 -10 0.000 698.746 293.055 1135.958 -1 -1 -1 -1000 -1000 -1000 -10 0.00212060
Car -1 -1 -10 1351.649 37.451 1920.000 1130.881 -1 -1 -1 -1000 -1000 -1000 -10 0.00206904
Car -1 -1 -10 1150.290 238.544 1752.139 603.535 -1 -1 -1 -1000 -1000 -1000 -10 0.00106775
Car -1 -1 -10 0.000 389.401 420.172 928.127 -1 -1 -1 -1000 -1000 -1000 -10 0.00195557
Car -1 -1 -10 257.491 499.941 1450.174 1197.820 -1 -1 -1 -1000 -1000 -1000 -10 0.00294346
Car -1 -1 -10 0.000 933.428 323.380 1200.000 -1 -1 -1 -1000 -1000 -1000 -10 0.00104499
Car -1 -1 -10 1535.416 0.000 1920.000 685.512 -1 -1 -1 -1000 -1000 -1000 -10 0.00100859
Car -1 -1 -10 1324.632 35.111 1920.000 463.334 -1 -1 -1 -1000 -1000 -1000 -10 0.00099613
Car -1 -1 -10 5.758 444.233 174.687 632.605 -1 -1 -1 -1000 -1000 -1000 -10 0.00098490
Car -1 -1 -10 0.000 881.388 262.934 1200.000 -1 -1 -1 -1000 -1000 -1000 -10 0.00098327
Car -1 -1 -10 1471.646 806.610 1920.000 1200.000 -1 -1 -1 -1000 -1000 -1000 -10 0.00093330
Car -1 -1 -10 3.448 959.530 211.746 1200.000 -1 -1 -1 -1000 -1000 -1000 -10 0.00092950
Car -1 -1 -10 1263.791 200.999 1916.687 915.180 -1 -1 -1 -1000 -1000 -1000 -10 0.00087714
Car -1 -1 -10 1167.147 355.066 1816.788 754.349 -1 -1 -1 -1000 -1000 -1000 -10 0.00082644
