Car -1 -1 -10 519.535 640.898 628.301 725.043 -1 -1 -1 -1000 -1000 -1000 -10 0.99829137
Car -1 -1 -10 1408.849 577.049 1920.000 1200.000 -1 -1 -1 -1000 -1000 -1000 -10 0.00832709
Car -1 -1 -10 1536.289 688.461 1919.581 970.997 -1 -1 -1 -1000 -1000 -1000 -10 0.00516401
Car -1 -1 -10 1544.834 580.658 1915.982 873.682 -1 -1 -1 -1000 -1000 -1000 -10 0.00206888
Car -1 -1 -10 1642.398 757.932 1920.000 919.448 -1 -1 -1 -1000 -1000 -1000 -10 0.00194120
Car -1 -1 -10 0.000 797.276 461.345 1198.528 -1 -1 -1 -1000 -1000 -1000 -10 0.00684998
Car -1 -1 -10 1639.730 688.146 1920.000 838.045 -1 -1 -1 -1000 -1000 -1000 -10 0.00176488
Car -1 -1 -10 1017.378 519.020 1920.000 1200.000 -1 -1 -1 -1000 -1000 -1000 -10 0.00278932
Car -1 -1 -10 1717.377 716.682 1881.476 813.139 -1 -1 -1 -1000 -1000 -1000 -10 0.00160322
Car -1 -1 -10 1640.538 713.592 1920.000 863.814 -1 -1 -1 -1000 -1000 -1000 -10 0.00154431
Car -1 -1 -10 1508.260 506.235 1918.898 849.263 -1 -1 -1 -1000 -1000 -1000 -10 0.00290277
Car -1 -1 -10 1481.910 664.403 1920.000 998.583 -1 -1 -1 -1000 -1000 -1000 -10 0.00145635
Car -1 -1 -10 1716.643 740.834 1881.278 836.882 -1 -1 -1 -1000 -1000 -1000 -10 0.00143779
Car -1 -1 -10 1649.990 628.506 1918.318 1144.672 -1 -1 -1 -1000 -1000 -1000 -10 0.00143057
Car -1 -1 -10 1449.571 424.002 1912.214 820.644 -1 -1 -1 -1000 -1000 -1000 -10 0.00142322
Car -1 -1 -10 1401.475 348.308 1914.033 974.073 -1 -1 -1 -1000 -1000 -1000 -10 0.00140262
Car -1 -1 -10 1645.231 633.380 1920.000 793.380 -1 -1 -1 -1000 -1000 -1000 -10 0.00134193
Car -1 -1 -10 1716.044 764.715 1883.751 862.781 -1 -1 -1 -1000 -1000 -1000 -10 0.00128619
Car -1 -1 -10 1575.573 416.422 1920.000 1083.293 -1 -1 -1 -1000 -1000 -1000 -10 0.00125346
Car -1 -1 -10 1714.731 509.012 1919.682 836.882 -1 -1 -1 -1000 -1000 -1000 -10 0.00123730
Car -1 -1 -10 1654.059 777.183 1920.000 947.996 -1 -1 -1 -1000 -1000 -1000 -10 0.00120848
Car -1 -1 -10 1615.337 761.033 1914.632 1095.171 -1 -1 -1 -1000 -1000 -1000 -10 0.00112745
Car -1 -1 -10 1606.652 722.592 1920.000 1163.099 -1 -1 -1 -1000 -1000 -1000 -10 0.00109635
Car -1 -1 -10 1718.291 692.340 1880.745 788.587 -1 -1 -1 -1000 -1000 -1000 -10 0.00108176
Car -1 -1 -10 1376.061 326.762 1911.630 786.507 -1 -1 -1 -1000 -1000 -1000 -10 0.00103804
