Car -1 -1 -10 0.000 498.007 1005.935 1198.113 -1 -1 -1 -1000 -1000 -1000 -10 0.00714218
Car -1 -1 -10 5.459 460.763 508.531 1193.812 -1 -1 -1 -1000 -1000 -1000 -10 0.00480711
Car -1 -1 -10 0.000 798.805 455.858 1199.207 -1 -1 -1 -1000 -1000 -1000 -10 0.00540996
Car -1 -1 -10 7.680 330.589 372.209 623.003 -1 -1 -1 -1000 -1000 -1000 -10 0.00129628
Car -1 -1 -10 1407.991 592.629 1920.000 1199.820 -1 -1 -1 -1000 -1000 -1000 -10 0.00403046
Car -1 -1 -10 1629.857 712.679 1915.180 1197.053 -1 -1 -1 -1000 -1000 -1000 -10 0.00112439
Car -1 -1 -10 61.840 707.544 741.227 1156.958 -1 -1 -1 -1000 -1000 -1000 -10 0.00099441
Car -1 -1 -10 39.909 173.467 217.221 851.188 -1 -1 -1 -1000 -1000 -1000 -10 0.00098663
Car -1 -1 -10 44.128 628.206 215.134 1198.582 -1 -1 -1 -1000 -1000 -1000 -10 0.00173310
Car -1 -1 -10 1.937 688.198 271.984 1158.437 -1 -1 -1 -1000 -1000 -1000 -10 0.00098188
Car -1 -1 -10 281.321 568.476 677.496 1180.290 -1 -1 -1 -1000 -1000 -1000 -10 0.00179654
Car -1 -1 -10 0.000 257.299 448.953 811.796 -1 -1 -1 -1000 -1000 -1000 -10 0.00184875
Car -1 -1 -10 164.976 560.975 735.992 1155.463 -1 -1 -1 -1000 -1000 -1000 -10 0.00094727
Car -1 -1 -10 0.000 937.811 317.687 1200.000 -1 -1 -1 -1000 -1000 -1000 -10 0.00180272
Car -1 -1 -10 0.000 612.453 324.474 1138.745 -1 -1 -1 -1000 -1000 -1000 -10 0.00090735
Car -1 -1 -10 1472.678 677.104 1920.000 987.397 -1 -1 -1 -1000 -1000 -1000 -10 0.00089964
Car -1 -1 -10 590.603 542.050 729.928 1195.256 -1 -1 -1 -1000 -1000 -1000 -10 0.00169209
Car -1 -1 -10 7.001 354.685 310.678 693.912 -1 -1 -1 -1000 -1000 -1000 -10 0.00087749
Car -1 -1 -10 547.018 617.155 869.736 1200.000 -1 -1 -1 -1000 -1000 -1000 -10 0.00170830
Car -1 -1 -10 465.301 535.471 617.594 1200.000 -1 -1 -1 -1000 -1000 -1000 -10 0.00087087
Car -1 -1 -10 1512.086 301.157 1896.879 1037.127 -1 -1 -1 -1000 -1000 -1000 -10 0.00083857
Car -1 -1 -10 1526.171 795.225 1912.193 1157.906 -1 -1 -1 -1000 -1000 -1000 -10 0.00083592
Car -1 -1 -10 1.864 364.743 405.763 693.889 -1 -1 -1 -1000 -1000 -1000 -10 0.00083530
Car -1 -1 -10 0.000 920.270 226.829 1200.000 -1 -1 -1 -1000 -1000 -1000 -10 0.00081612
Car -1 -1 -10 1358.715 434.383 1915.755 885.464 -1 -1 -1 -1000 -1000 -1000 -10 0.00080448
Car -1 -1 -10 1400.506 347.344 1914.831 774.855 -1 -1 -1 -1000 -1000 -1000 -10 0.00151746
Car -1 -1 -10 79.642 538.205 232.433 1200.000 -1 -1 -1 -1000 -1000 -1000 -10 0.00080310
Car -1 -1 -10 367.722 503.510 517.505 1200.000 -1 -1 -1 -1000 -1000 -1000 -10 0.00076355
