Car -1 -1 -10 333.166 8.131 1920.000 1194.262 -1 -1 -1 -1000 -1000 -1000 -10 0.06526094
Car -1 -1 -10 1189.354 15.299 1920.000 1169.551 -1 -1 -1 -1000 -1000 -1000 -10 0.03655213
Car -1 -1 -10 1387.714 25.463 1915.328 1071.859 -1 -1 -1 -1000 -1000 -1000 -10 0.01804842
Car -1 -1 -10 692.810 467.910 1920.000 1200.000 -1 -1 -1 -1000 -1000 -1000 -10 0.01329466
Car -1 -1 -10 1335.379 324.382 1920.000 762.271 -1 -1 -1 -1000 -1000 -1000 -10 0.01043084
Car -1 -1 -10 979.880 78.574 1910.172 921.914 -1 -1 -1 -1000 -1000 -1000 -10 0.00868824
Car -1 -1 -10 745.328 56.879 1785.287 922.286 -1 -1 -1 -1000 -1000 -1000 -10 0.00513823
Car -1 -1 -10 1415.891 83.727 1763.048 749.783 -1 -1 -1 -1000 -1000 -1000 -10 0.00467666
Car -1 -1 -10 816.510 306.887 1760.523 1108.747 -1 -1 -1 -1000 -1000 -1000 -10 0.00436565
Car -1 -1 -10 1084.778 17.401 1911.169 667.702 -1 -1 -1 -1000 -1000 -1000 -10 0.01135203
Car -1 -1 -10 1530.392 246.157 1878.699 906.214 -1 -1 -1 -1000 -1000 -1000 -10 0.00825635
Car -1 -1 -10 1266.538 154.402 1920.000 896.670 -1 -1 -1 -1000 -1000 -1000 -10 0.00370855
Car -1 -1 -10 1084.857 349.494 1773.231 752.952 -1 -1 -1 -1000 -1000 -1000 -10 0.01014510
Car -1 -1 -10 1271.444 106.596 1910.508 584.575 -1 -1 -1 -1000 -1000 -1000 -10 0.01040397
Car -1 -1 -10 1394.234 353.596 1809.052 598.102 -1 -1 -1 -1000 -1000 -1000 -10 0.00348478
Car -1 -1 -10 1251.571 448.181 1915.561 856.615 -1 -1 -1 -1000 -1000 -1000 -10 0.00331209
Car -1 -1 -10 610.873 288.427 1577.030 1139.084 -1 -1 -1 -1000 -1000 -1000 -10 0.00328654
Car -1 -1 -10 921.884 241.079 1586.964 654.206 -1 -1 -1 -1000 -1000 -1000 -10 0.00607570
Car -1 -1 -10 1166.048 389.873 1637.387 664.013 -1 -1 -1 -1000 -1000 -1000 -10 0.00276932
Car -1 -1 -10 1327.219 31.320 1920.000 462.486 -1 -1 -1 -1000 -1000 -1000 -10 0.00263557
Car -1 -1 -10 313.749 505.515 1580.723 1200.000 -1 -1 -1 -1000 -1000 -1000 -10 0.00262421
