Car -1 -1 -10 692.187 549.750 908.295 749.804 -1 -1 -1 -1000 -1000 -1000 -10 0.99988979
Car -1 -1 -10 0.000 588.612 507.484 1200.000 -1 -1 -1 -1000 -1000 -1000 -10 0.00400779
Car -1 -1 -10 1464.716 398.681 1920.000 761.445 -1 -1 -1 -1000 -1000 -1000 -10 0.00194060
Car -1 -1 -10 0.000 480.637 951.274 1190.777 -1 -1 -1 -1000 -1000 -1000 -10 0.00403827
Car -1 -1 -10 71.241 406.967 370.391 570.234 -1 -1 -1 -1000 -1000 -1000 -10 0.00284327
Car -1 -1 -10 0.000 344.652 418.725 625.524 -1 -1 -1 -1000 -1000 -1000 -10 0.00142673
Car -1 -1 -10 1580.075 561.926 1920.000 1200.000 -1 -1 -1 -1000 -1000 -1000 -10 0.00247129
Car -1 -1 -10 701.589 553.614 826.785 681.390 -1 -1 -1 -1000 -1000 -1000 -10 0.00324409
Car -1 -1 -10 1539.855 429.029 1918.029 832.219 -1 -1 -1 -1000 -1000 -1000 -10 0.00216046
Car -1 -1 -10 1489.633 541.867 1917.293 898.686 -1 -1 -1 -1000 -1000 -1000 -10 0.00119632
Car -1 -1 -10 0.000 798.512 443.283 1199.040 -1 -1 -1 -1000 -1000 -1000 -10 0.00228178
Car -1 -1 -10 1470.401 803.831 1920.000 1200.000 -1 -1 -1 -1000 -1000 -1000 -10 0.00225778
Car -1 -1 -10 25.013 172.332 1224.621 1200.000 -1 -1 -1 -1000 -1000 -1000 -10 0.00109302
Car -1 -1 -10 770.022 553.642 895.739 682.349 -1 -1 -1 -1000 -1000 -1000 -10 0.00274792
Car -1 -1 -10 1520.256 411.889 1920.000 662.263 -1 -1 -1 -1000 -1000 -1000 -10 0.00106540
Car -1 -1 -10 1457.710 479.119 1919.349 1012.107 -1 -1 -1 -1000 -1000 -1000 -10 0.00104516
Car -1 -1 -10 721.334 530.850 873.344 648.049 -1 -1 -1 -1000 -1000 -1000 -10 0.00103723
Car -1 -1 -10 1203.009 525.159 1629.314 740.793 -1 -1 -1 -1000 -1000 -1000 -10 0.00101986
Car -1 -1 -10 1266.807 560.341 1577.456 714.161 -1 -1 -1 -1000 -1000 -1000 -10 0.00100995
Car -1 -1 -10 1620.796 461.762 1920.000 618.103 -1 -1 -1 -1000 -1000 -1000 -10 0.00098859
Car -1 -1 -10 5.975 543.211 287.435 908.321 -1 -1 -1 -1000 -1000 -1000 -10 0.00171247
Car -1 -1 -10 7.311 413.540 315.553 742.001 -1 -1 -1 -1000 -1000 -1000 -10 0.00091908
Car -1 -1 -10 118.382 463.482 290.347 561.762 -1 -1 -1 -1000 -1000 -1000 -10 0.00175632
Car -1 -1 -10 663.654 653.617 851.243 1191.942 -1 -1 -1 -1000 -1000 -1000 -10 0.00089461
Car -1 -1 -10 1616.616 494.051 1906.876 1057.595 -1 -1 -1 -1000 -1000 -1000 -10 0.00089060
Car -1 -1 -10 0.000 405.599 480.823 921.517 -1 -1 -1 -1000 -1000 -1000 -10 0.00087679
Car -1 -1 -10 0.000 406.037 475.678 780.230 -1 -1 -1 -1000 -1000 -1000 -10 0.00163592
Car -1 -1 -10 805.217 1159.136 842.337 1200.000 -1 -1 -1 -1000 -1000 -1000 -10 0.00084253
Car -1 -1 -10 735.208 647.237 921.618 1192.279 -1 -1 -1 -1000 -1000 -1000 -10 0.00083817
Car -1 -1 -10 1282.185 569.797 1533.953 697.776 -1 -1 -1 -1000 -1000 -1000 -10 0.00083428
Car -1 -1 -10 1464.783 388.310 1847.313 1143.346 -1 -1 -1 -1000 -1000 -1000 -10 0.00082553
Car -1 -1 -10 1020.433 276.650 1583.752 661.567 -1 -1 -1 -1000 -1000 -1000 -10 0.00082326
Car -1 -1 -10 1609.284 637.438 1904.684 999.033 -1 -1 -1 -1000 -1000 -1000 -10 0.00081384
Car -1 -1 -10 704.779 534.592 850.836 645.131 -1 -1 -1 -1000 -1000 -1000 -10 0.00080971
Car -1 -1 -10 0.000 1166.837 24.795 1200.000 -1 -1 -1 -1000 -1000 -1000 -10 0.00079336
Car -1 -1 -10 1356.256 546.678 1832.720 894.522 -1 -1 -1 -1000 -1000 -1000 -10 0.00078360
Car -1 -1 -10 1453.288 465.381 1775.825 1097.226 -1 -1 -1 -1000 -1000 -1000 -10 0.00076749
