Car -1 -1 -10 195.548 615.730 388.704 732.534 -1 -1 -1 -1000 -1000 -1000 -10 0.99794447
Car -1 -1 -10 632.048 615.149 738.835 693.546 -1 -1 -1 -1000 -1000 -1000 -10 0.96161914
Car -1 -1 -10 835.304 617.688 885.957 668.018 -1 -1 -1 -1000 -1000 -1000 -10 0.19000804
Car -1 -1 -10 538.430 632.806 590.980 678.397 -1 -1 -1 -1000 -1000 -1000 -10 0.03050478
Car -1 -1 -10 528.941 617.617 592.160 672.075 -1 -1 -1 -1000 -1000 -1000 -10 0.00562949
Car -1 -1 -10 0.000 795.374 458.380 1199.337 -1 -1 -1 -1000 -1000 -1000 -10 0.00859574
Car -1 -1 -10 286.556 619.295 390.741 714.409 -1 -1 -1 -1000 -1000 -1000 -10 0.00691331
Car -1 -1 -10 475.980 1117.599 554.147 1200.000 -1 -1 -1 -1000 -1000 -1000 -10 0.00708854
Car -1 -1 -10 342.655 1058.168 743.858 1200.000 -1 -1 -1 -1000 -1000 -1000 -10 0.00456326
Car -1 -1 -10 498.361 1156.759 536.600 1200.000 -1 -1 -1 -1000 -1000 -1000 -10 0.00606233
Car -1 -1 -10 14.022 677.631 252.533 1198.125 -1 -1 -1 -1000 -1000 -1000 -10 0.00173353
Car -1 -1 -10 451.725 1093.008 610.525 1191.692 -1 -1 -1 -1000 -1000 -1000 -10 0.00336122
Car -1 -1 -10 10.291 531.426 160.875 1190.428 -1 -1 -1 -1000 -1000 -1000 -10 0.00168469
Car -1 -1 -10 567.848 693.804 802.971 1199.380 -1 -1 -1 -1000 -1000 -1000 -10 0.00163441
Car -1 -1 -10 613.977 1157.576 653.074 1200.000 -1 -1 -1 -1000 -1000 -1000 -10 0.00314160
Car -1 -1 -10 602.809 1125.353 674.792 1200.000 -1 -1 -1 -1000 -1000 -1000 -10 0.00409890
Car -1 -1 -10 370.126 1083.293 686.814 1200.000 -1 -1 -1 -1000 -1000 -1000 -10 0.00161143
Car -1 -1 -10 179.646 617.465 301.436 719.197 -1 -1 -1 -1000 -1000 -1000 -10 0.00269008
Car -1 -1 -10 411.809 683.090 643.187 1196.298 -1 -1 -1 -1000 -1000 -1000 -10 0.00284407
Car -1 -1 -10 607.615 1157.168 645.402 1200.000 -1 -1 -1 -1000 -1000 -1000 -10 0.00284729
Car -1 -1 -10 490.136 1065.068 875.949 1200.000 -1 -1 -1 -1000 -1000 -1000 -10 0.00147419
Car -1 -1 -10 326.231 682.793 562.924 1199.709 -1 -1 -1 -1000 -1000 -1000 -10 0.00146128
Car -1 -1 -10 231.129 611.273 416.770 1186.628 -1 -1 -1 -1000 -1000 -1000 -10 0.00247530
Car -1 -1 -10 604.241 1087.667 662.306 1200.000 -1 -1 -1 -1000 -1000 -1000 -10 0.00142451
Car -1 -1 -10 825.493 587.829 895.355 654.091 -1 -1 -1 -1000 -1000 -1000 -10 0.00245168
Car -1 -1 -10 493.694 1121.752 532.642 1200.000 -1 -1 -1 -1000 -1000 -1000 -10 0.00140067
Car -1 -1 -10 528.993 1085.926 848.522 1200.000 -1 -1 -1 -1000 -1000 -1000 -10 0.00138693
Car -1 -1 -10 625.151 1158.081 663.045 1200.000 -1 -1 -1 -1000 -1000 -1000 -10 0.00274478
Car -1 -1 -10 107.283 1065.780 504.052 1200.000 -1 -1 -1 -1000 -1000 -1000 -10 0.00243429
Car -1 -1 -10 285.372 587.952 482.269 1182.534 -1 -1 -1 -1000 -1000 -1000 -10 0.00260358
Car -1 -1 -10 631.607 1157.610 670.903 1200.000 -1 -1 -1 -1000 -1000 -1000 -10 0.00135300
Car -1 -1 -10 279.502 1085.077 600.352 1200.000 -1 -1 -1 -1000 -1000 -1000 -10 0.00134679
Car -1 -1 -10 602.470 1105.356 780.341 1200.000 -1 -1 -1 -1000 -1000 -1000 -10 0.00264824
Car -1 -1 -10 505.455 1123.737 544.323 1200.000 -1 -1 -1 -1000 -1000 -1000 -10 0.00133910
Car -1 -1 -10 0.000 1067.021 380.891 1200.000 -1 -1 -1 -1000 -1000 -1000 -10 0.00128479
Car -1 -1 -10 103.401 585.286 302.147 1180.817 -1 -1 -1 -1000 -1000 -1000 -10 0.00127100
Car -1 -1 -10 532.600 1123.243 571.760 1200.000 -1 -1 -1 -1000 -1000 -1000 -10 0.00241770
Car -1 -1 -10 167.232 1106.843 428.584 1200.000 -1 -1 -1 -1000 -1000 -1000 -10 0.00121741
Car -1 -1 -10 440.704 1101.219 684.746 1200.000 -1 -1 -1 -1000 -1000 -1000 -10 0.00121423
Car -1 -1 -10 18.104 358.502 314.711 1200.000 -1 -1 -1 -1000 -1000 -1000 -10 0.00120159
Car -1 -1 -10 503.542 1115.471 583.408 1200.000 -1 -1 -1 -1000 -1000 -1000 -10 0.00120052
Car -1 -1 -10 509.922 1084.522 568.970 1200.000 -1 -1 -1 -1000 -1000 -1000 -10 0.00237998
Car -1 -1 -10 660.951 1157.324 699.307 1200.000 -1 -1 -1 -1000 -1000 -1000 -10 0.00118514
Car -1 -1 -10 523.320 1123.288 562.418 1200.000 -1 -1 -1 -1000 -1000 -1000 -10 0.00233992
Car -1 -1 -10 526.202 1088.188 584.738 1200.000 -1 -1 -1 -1000 -1000 -1000 -10 0.00117135
Car -1 -1 -10 8.216 1106.876 200.544 1200.000 -1 -1 -1 -1000 -1000 -1000 -10 0.00116919
Car -1 -1 -10 0.000 940.379 319.448 1200.000 -1 -1 -1 -1000 -1000 -1000 -10 0.00219215
Car -1 -1 -10 420.087 1128.292 487.418 1200.000 -1 -1 -1 -1000 -1000 -1000 -10 0.00115120
Car -1 -1 -10 455.893 586.519 648.216 1178.632 -1 -1 -1 -1000 -1000 -1000 -10 0.00222243
Car -1 -1 -10 180.075 1044.473 627.084 1200.000 -1 -1 -1 -1000 -1000 -1000 -10 0.00113363
Car -1 -1 -10 55.133 585.310 253.705 1180.745 -1 -1 -1 -1000 -1000 -1000 -10 0.00113181
Car -1 -1 -10 266.449 1104.427 522.999 1200.000 -1 -1 -1 -1000 -1000 -1000 -10 0.00111880
Car -1 -1 -10 607.844 1124.995 646.410 1200.000 -1 -1 -1 -1000 -1000 -1000 -10 0.00110431
Car -1 -1 -10 346.155 589.003 540.241 1179.453 -1 -1 -1 -1000 -1000 -1000 -10 0.00109722
Car -1 -1 -10 591.536 1086.625 651.318 1200.000 -1 -1 -1 -1000 -1000 -1000 -10 0.00109514
Car -1 -1 -10 466.215 1133.724 627.805 1200.000 -1 -1 -1 -1000 -1000 -1000 -10 0.00109471
Car -1 -1 -10 498.802 1025.121 592.398 1200.000 -1 -1 -1 -1000 -1000 -1000 -10 0.00109018
Car -1 -1 -10 1457.875 807.786 1920.000 1200.000 -1 -1 -1 -1000 -1000 -1000 -10 0.00108324
Car -1 -1 -10 477.368 500.962 1604.082 1191.898 -1 -1 -1 -1000 -1000 -1000 -10 0.00107007
Car -1 -1 -10 41.167 1087.526 368.907 1200.000 -1 -1 -1 -1000 -1000 -1000 -10 0.00106517
Car -1 -1 -10 296.658 1021.577 779.283 1200.000 -1 -1 -1 -1000 -1000 -1000 -10 0.00105620
Car -1 -1 -10 589.238 594.128 782.218 1179.923 -1 -1 -1 -1000 -1000 -1000 -10 0.00105186
Car -1 -1 -10 436.919 1088.384 494.658 1200.000 -1 -1 -1 -1000 -1000 -1000 -10 0.00104951
Car -1 -1 -10 256.975 478.211 353.985 828.471 -1 -1 -1 -1000 -1000 -1000 -10 0.00104301
Car -1 -1 -10 446.322 1157.159 483.963 1200.000 -1 -1 -1 -1000 -1000 -1000 -10 0.00102578
Car -1 -1 -10 296.260 1087.437 355.934 1200.000 -1 -1 -1 -1000 -1000 -1000 -10 0.00101685
Car -1 -1 -10 619.529 1143.521 671.059 1200.000 -1 -1 -1 -1000 -1000 -1000 -10 0.00098484
