Car -1 -1 -10 95.772 620.929 272.663 717.758 -1 -1 -1 -1000 -1000 -1000 -10 0.98687340
Car -1 -1 -10 926.912 589.190 1014.912 662.420 -1 -1 -1 -1000 -1000 -1000 -10 0.97618045
Car -1 -1 -10 580.036 603.813 639.218 653.854 -1 -1 -1 -1000 -1000 -1000 -10 0.30479927
Car -1 -1 -10 848.531 599.423 937.950 687.038 -1 -1 -1 -1000 -1000 -1000 -10 0.05367871
Car -1 -1 -10 0.120 719.499 729.553 1198.093 -1 -1 -1 -1000 -1000 -1000 -10 0.07382770
Car -1 -1 -10 636.081 596.833 691.842 646.603 -1 -1 -1 -1000 -1000 -1000 -10 0.03310924
Car -1 -1 -10 306.402 537.823 1426.189 1180.806 -1 -1 -1 -1000 -1000 -1000 -10 0.01770974
Car -1 -1 -10 28.502 543.594 1121.728 1197.876 -1 -1 -1 -1000 -1000 -1000 -10 0.02009980
Car -1 -1 -10 933.344 531.938 1920.000 1200.000 -1 -1 -1 -1000 -1000 -1000 -10 0.02436738
Car -1 -1 -10 0.000 575.813 398.119 1200.000 -1 -1 -1 -1000 -1000 -1000 -10 0.00579052
Car -1 -1 -10 0.000 810.565 345.501 1196.527 -1 -1 -1 -1000 -1000 -1000 -10 0.00871368
Car -1 -1 -10 3.765 876.971 487.697 1199.244 -1 -1 -1 -1000 -1000 -1000 -10 0.00846190
Car -1 -1 -10 503.530 736.414 1189.931 1200.000 -1 -1 -1 -1000 -1000 -1000 -10 0.00701087
Car -1 -1 -10 1266.892 760.178 1920.000 1200.000 -1 -1 -1 -1000 -1000 -1000 -10 0.00564855
Car -1 -1 -10 15.705 604.803 530.614 1133.530 -1 -1 -1 -1000 -1000 -1000 -10 0.00264598
