Car -1 -1 -10 1026.356 588.574 1119.708 674.917 -1 -1 -1 -1000 -1000 -1000 -10 0.73663881
Car -1 -1 -10 1081.210 596.567 1175.323 685.384 -1 -1 -1 -1000 -1000 -1000 -10 0.49174067
Car -1 -1 -10 1077.900 593.917 1210.117 685.161 -1 -1 -1 -1000 -1000 -1000 -10 0.48726659
Car -1 -1 -10 1139.922 596.757 1269.664 697.860 -1 -1 -1 -1000 -1000 -1000 -10 0.67420873
Car -1 -1 -10 870.017 1065.186 1227.114 1199.057 -1 -1 -1 -1000 -1000 -1000 -10 0.00908363
Car -1 -1 -10 109.531 715.452 557.469 1194.243 -1 -1 -1 -1000 -1000 -1000 -10 0.01101532
Car -1 -1 -10 14.083 633.230 352.805 1197.911 -1 -1 -1 -1000 -1000 -1000 -10 0.00432797
Car -1 -1 -10 966.713 530.730 1920.000 1200.000 -1 -1 -1 -1000 -1000 -1000 -10 0.00502483
Car -1 -1 -10 760.324 791.839 1378.678 1193.593 -1 -1 -1 -1000 -1000 -1000 -10 0.00591265
Car -1 -1 -10 214.559 328.276 505.800 1190.853 -1 -1 -1 -1000 -1000 -1000 -10 0.00234179
Car -1 -1 -10 928.480 1090.115 1092.226 1191.176 -1 -1 -1 -1000 -1000 -1000 -10 0.00454316
Car -1 -1 -10 898.980 689.945 1142.491 1200.000 -1 -1 -1 -1000 -1000 -1000 -10 0.00387493
Car -1 -1 -10 811.632 1027.190 1278.055 1200.000 -1 -1 -1 -1000 -1000 -1000 -10 0.00414125
Car -1 -1 -10 916.766 591.515 1121.012 1185.048 -1 -1 -1 -1000 -1000 -1000 -10 0.00394688
Car -1 -1 -10 879.356 884.005 1167.871 1200.000 -1 -1 -1 -1000 -1000 -1000 -10 0.00201975
Car -1 -1 -10 1475.266 794.380 1920.000 1197.789 -1 -1 -1 -1000 -1000 -1000 -10 0.00330102
Car -1 -1 -10 200.468 652.622 398.308 1183.311 -1 -1 -1 -1000 -1000 -1000 -10 0.00168295
Car -1 -1 -10 966.372 1019.318 1060.429 1200.000 -1 -1 -1 -1000 -1000 -1000 -10 0.00161809
Car -1 -1 -10 944.703 873.374 1234.973 1200.000 -1 -1 -1 -1000 -1000 -1000 -10 0.00153950
Car -1 -1 -10 922.649 1102.511 1176.452 1200.000 -1 -1 -1 -1000 -1000 -1000 -10 0.00149059
Car -1 -1 -10 1214.304 699.678 1874.465 1168.038 -1 -1 -1 -1000 -1000 -1000 -10 0.00128659
Car -1 -1 -10 1015.732 701.860 1169.804 1200.000 -1 -1 -1 -1000 -1000 -1000 -10 0.00125612
