Car -1 -1 -10 297.533 580.618 453.445 688.704 -1 -1 -1 -1000 -1000 -1000 -10 0.99995783
Car -1 -1 -10 2.872 599.543 196.838 709.452 -1 -1 -1 -1000 -1000 -1000 -10 0.99813111
Car -1 -1 -10 442.186 596.405 521.679 663.410 -1 -1 -1 -1000 -1000 -1000 -10 0.02047734
Car -1 -1 -10 0.000 607.558 105.513 717.853 -1 -1 -1 -1000 -1000 -1000 -10 0.01037689
Car -1 -1 -10 0.000 612.328 85.345 709.700 -1 -1 -1 -1000 -1000 -1000 -10 0.00482207
Car -1 -1 -10 92.533 609.971 201.506 697.614 -1 -1 -1 -1000 -1000 -1000 -10 0.00434727
Car -1 -1 -10 518.375 5.204 899.705 365.200 -1 -1 -1 -1000 -1000 -1000 -10 0.00376545
Car -1 -1 -10 412.542 0.000 1005.852 223.212 -1 -1 -1 -1000 -1000 -1000 -10 0.00361458
Car -1 -1 -10 0.000 622.331 60.552 712.352 -1 -1 -1 -1000 -1000 -1000 -10 0.00339319
Car -1 -1 -10 406.311 588.876 503.850 669.483 -1 -1 -1 -1000 -1000 -1000 -10 0.00323896
Car -1 -1 -10 521.925 0.000 902.297 210.154 -1 -1 -1 -1000 -1000 -1000 -10 0.00322948
Car -1 -1 -10 423.151 593.371 526.536 668.673 -1 -1 -1 -1000 -1000 -1000 -10 0.00310260
Car -1 -1 -10 422.184 587.946 502.105 654.871 -1 -1 -1 -1000 -1000 -1000 -10 0.00292261
Car -1 -1 -10 552.660 39.492 844.489 849.595 -1 -1 -1 -1000 -1000 -1000 -10 0.00488625
Car -1 -1 -10 578.377 1.808 827.381 247.145 -1 -1 -1 -1000 -1000 -1000 -10 0.00262172
Car -1 -1 -10 643.442 12.464 799.334 112.108 -1 -1 -1 -1000 -1000 -1000 -10 0.00789809
Car -1 -1 -10 0.681 628.568 51.988 707.212 -1 -1 -1 -1000 -1000 -1000 -10 0.00251547
Car -1 -1 -10 459.606 0.661 904.049 287.669 -1 -1 -1 -1000 -1000 -1000 -10 0.00418786
Car -1 -1 -10 581.938 21.630 837.730 468.164 -1 -1 -1 -1000 -1000 -1000 -10 0.00548446
Car -1 -1 -10 360.481 0.000 1035.269 273.501 -1 -1 -1 -1000 -1000 -1000 -10 0.00229368
Car -1 -1 -10 617.566 33.316 798.044 518.235 -1 -1 -1 -1000 -1000 -1000 -10 0.00225555
Car -1 -1 -10 537.707 0.000 875.083 117.232 -1 -1 -1 -1000 -1000 -1000 -10 0.00218646
Car -1 -1 -10 686.344 1.490 812.700 123.363 -1 -1 -1 -1000 -1000 -1000 -10 0.00207242
Car -1 -1 -10 546.981 8.096 849.778 147.154 -1 -1 -1 -1000 -1000 -1000 -10 0.00314523
Car -1 -1 -10 323.613 433.161 441.688 834.941 -1 -1 -1 -1000 -1000 -1000 -10 0.00162691
Car -1 -1 -10 255.253 451.958 486.631 806.135 -1 -1 -1 -1000 -1000 -1000 -10 0.00159651
Car -1 -1 -10 285.629 585.597 383.233 675.773 -1 -1 -1 -1000 -1000 -1000 -10 0.00144239
Car -1 -1 -10 640.303 16.651 773.317 413.099 -1 -1 -1 -1000 -1000 -1000 -10 0.00139126
Car -1 -1 -10 354.136 438.796 425.380 825.341 -1 -1 -1 -1000 -1000 -1000 -10 0.00134685
Car -1 -1 -10 104.306 602.473 207.404 685.662 -1 -1 -1 -1000 -1000 -1000 -10 0.00132182
Car -1 -1 -10 619.392 1157.253 657.341 1200.000 -1 -1 -1 -1000 -1000 -1000 -10 0.00131473
Car -1 -1 -10 589.836 4.222 717.874 123.305 -1 -1 -1 -1000 -1000 -1000 -10 0.00125450
Car -1 -1 -10 658.234 17.020 768.513 286.537 -1 -1 -1 -1000 -1000 -1000 -10 0.00123462
