Car -1 -1 -10 615.186 544.929 708.717 622.400 -1 -1 -1 -1000 -1000 -1000 -10 0.99992296
Car -1 -1 -10 146.202 543.508 366.064 677.354 -1 -1 -1 -1000 -1000 -1000 -10 0.99880555
Car -1 -1 -10 1515.287 533.083 1809.983 739.797 -1 -1 -1 -1000 -1000 -1000 -10 0.99984255
Car -1 -1 -10 1370.879 550.041 1554.264 688.619 -1 -1 -1 -1000 -1000 -1000 -10 0.99923255
Car -1 -1 -10 452.881 534.193 583.433 642.005 -1 -1 -1 -1000 -1000 -1000 -10 0.99942546
Car -1 -1 -10 536.906 546.730 632.883 628.691 -1 -1 -1 -1000 -1000 -1000 -10 0.99924843
Car -1 -1 -10 341.422 545.573 497.756 661.332 -1 -1 -1 -1000 -1000 -1000 -10 0.99825086
Car -1 -1 -10 692.836 538.338 766.254 607.275 -1 -1 -1 -1000 -1000 -1000 -10 0.99640217
Car -1 -1 -10 745.943 546.360 810.342 600.395 -1 -1 -1 -1000 -1000 -1000 -10 0.42166436
Car -1 -1 -10 1202.240 550.891 1306.135 627.335 -1 -1 -1 -1000 -1000 -1000 -10 0.33246697
