Car -1 -1 -10 2.615 15.291 1436.355 1180.820 -1 -1 -1 -1000 -1000 -1000 -10 0.02597783
Car -1 -1 -10 71.318 475.521 939.955 1196.584 -1 -1 -1 -1000 -1000 -1000 -10 0.02504383
Car -1 -1 -10 1196.566 510.686 1920.000 1200.000 -1 -1 -1 -1000 -1000 -1000 -10 0.01306521
Car -1 -1 -10 0.000 574.668 533.329 1200.000 -1 -1 -1 -1000 -1000 -1000 -10 0.01676500
Car -1 -1 -10 22.371 39.817 312.822 1197.372 -1 -1 -1 -1000 -1000 -1000 -10 0.01444484
Car -1 -1 -10 0.000 385.858 524.210 1181.780 -1 -1 -1 -1000 -1000 -1000 -10 0.00532786
Car -1 -1 -10 0.000 130.323 607.077 1200.000 -1 -1 -1 -1000 -1000 -1000 -10 0.00505092
Car -1 -1 -10 13.778 236.133 410.779 1028.577 -1 -1 -1 -1000 -1000 -1000 -10 0.00438102
Car -1 -1 -10 1392.870 613.032 1920.000 1081.252 -1 -1 -1 -1000 -1000 -1000 -10 0.00390622
Car -1 -1 -10 1490.084 430.751 1920.000 726.941 -1 -1 -1 -1000 -1000 -1000 -10 0.00885371
Car -1 -1 -10 1444.667 484.809 1920.000 1021.016 -1 -1 -1 -1000 -1000 -1000 -10 0.00387698
Car -1 -1 -10 143.310 489.848 1421.665 1200.000 -1 -1 -1 -1000 -1000 -1000 -10 0.00577402
Car -1 -1 -10 144.929 118.315 381.665 1199.981 -1 -1 -1 -1000 -1000 -1000 -10 0.00633252
Car -1 -1 -10 311.479 267.417 521.659 1023.292 -1 -1 -1 -1000 -1000 -1000 -10 0.00319738
Car -1 -1 -10 79.486 336.028 765.652 766.130 -1 -1 -1 -1000 -1000 -1000 -10 0.00569915
Car -1 -1 -10 0.000 798.897 473.889 1200.000 -1 -1 -1 -1000 -1000 -1000 -10 0.00302219
Car -1 -1 -10 1.747 441.365 590.942 859.094 -1 -1 -1 -1000 -1000 -1000 -10 0.00591054
Car -1 -1 -10 184.805 487.942 665.426 765.846 -1 -1 -1 -1000 -1000 -1000 -10 0.00295872
Car -1 -1 -10 282.473 119.077 540.382 1199.751 -1 -1 -1 -1000 -1000 -1000 -10 0.00288469
Car -1 -1 -10 1.468 501.335 378.720 1016.003 -1 -1 -1 -1000 -1000 -1000 -10 0.00287775
Car -1 -1 -10 0.000 537.529 460.953 910.845 -1 -1 -1 -1000 -1000 -1000 -10 0.00287207
Car -1 -1 -10 1384.778 693.456 1920.000 1170.063 -1 -1 -1 -1000 -1000 -1000 -10 0.00281860
Car -1 -1 -10 294.707 482.382 601.981 643.629 -1 -1 -1 -1000 -1000 -1000 -10 0.00280932
Car -1 -1 -10 0.000 80.084 854.058 931.130 -1 -1 -1 -1000 -1000 -1000 -10 0.00550577
Car -1 -1 -10 0.000 276.389 471.706 817.679 -1 -1 -1 -1000 -1000 -1000 -10 0.00270460
Car -1 -1 -10 55.931 409.505 245.939 1094.427 -1 -1 -1 -1000 -1000 -1000 -10 0.00266498
Car -1 -1 -10 403.254 184.549 533.982 911.061 -1 -1 -1 -1000 -1000 -1000 -10 0.00260314
Car -1 -1 -10 1604.176 516.128 1765.192 610.663 -1 -1 -1 -1000 -1000 -1000 -10 0.00463778
Car -1 -1 -10 61.400 291.401 249.665 990.276 -1 -1 -1 -1000 -1000 -1000 -10 0.00245427
Car -1 -1 -10 189.903 51.733 484.639 1200.000 -1 -1 -1 -1000 -1000 -1000 -10 0.00235007
Car -1 -1 -10 353.514 288.334 483.928 1012.648 -1 -1 -1 -1000 -1000 -1000 -10 0.00232638
Car -1 -1 -10 0.000 531.030 402.576 819.814 -1 -1 -1 -1000 -1000 -1000 -10 0.00228423
Car -1 -1 -10 209.528 341.524 340.318 1067.171 -1 -1 -1 -1000 -1000 -1000 -10 0.00220848
Car -1 -1 -10 0.000 237.414 528.557 663.977 -1 -1 -1 -1000 -1000 -1000 -10 0.00218385
Car -1 -1 -10 1546.610 267.140 1895.135 918.003 -1 -1 -1 -1000 -1000 -1000 -10 0.00210426
Car -1 -1 -10 52.278 378.748 309.043 860.733 -1 -1 -1 -1000 -1000 -1000 -10 0.00192052
