Car -1 -1 -10 858.721 520.043 1920.000 1200.000 -1 -1 -1 -1000 -1000 -1000 -10 0.03295703
Car -1 -1 -10 367.530 135.914 1904.628 1200.000 -1 -1 -1 -1000 -1000 -1000 -10 0.00734615
Car -1 -1 -10 1309.893 555.281 1914.429 951.269 -1 -1 -1 -1000 -1000 -1000 -10 0.01016232
Car -1 -1 -10 1418.957 444.653 1920.000 802.774 -1 -1 -1 -1000 -1000 -1000 -10 0.01575163
Car -1 -1 -10 1252.421 641.497 1868.688 1030.007 -1 -1 -1 -1000 -1000 -1000 -10 0.01285641
Car -1 -1 -10 1446.503 606.859 1920.000 941.720 -1 -1 -1 -1000 -1000 -1000 -10 0.00454296
Car -1 -1 -10 1454.507 615.017 1693.432 1042.962 -1 -1 -1 -1000 -1000 -1000 -10 0.00438600
Car -1 -1 -10 1305.556 594.527 1787.053 866.197 -1 -1 -1 -1000 -1000 -1000 -10 0.00392408
Car -1 -1 -10 1411.054 270.502 1914.275 669.559 -1 -1 -1 -1000 -1000 -1000 -10 0.00390301
Car -1 -1 -10 1326.629 252.585 1831.838 1198.741 -1 -1 -1 -1000 -1000 -1000 -10 0.00718410
Car -1 -1 -10 990.923 591.478 1620.307 953.956 -1 -1 -1 -1000 -1000 -1000 -10 0.00357328
Car -1 -1 -10 1419.594 562.963 1729.417 1128.696 -1 -1 -1 -1000 -1000 -1000 -10 0.00332220
Car -1 -1 -10 1105.560 667.187 1784.454 1043.879 -1 -1 -1 -1000 -1000 -1000 -10 0.00323609
Car -1 -1 -10 1368.482 616.983 1785.872 848.370 -1 -1 -1 -1000 -1000 -1000 -10 0.00295937
Car -1 -1 -10 1434.987 0.352 1920.000 384.335 -1 -1 -1 -1000 -1000 -1000 -10 0.00263504
Car -1 -1 -10 1411.142 663.716 1737.284 990.304 -1 -1 -1 -1000 -1000 -1000 -10 0.00239599
