Car -1 -1 -10 74.402 535.929 228.076 629.973 -1 -1 -1 -1000 -1000 -1000 -10 0.03907870
Car -1 -1 -10 66.979 523.988 233.428 613.676 -1 -1 -1 -1000 -1000 -1000 -10 0.01203968
Car -1 -1 -10 123.825 806.012 873.578 1199.362 -1 -1 -1 -1000 -1000 -1000 -10 0.00695191
Car -1 -1 -10 1473.361 803.555 1920.000 1198.915 -1 -1 -1 -1000 -1000 -1000 -10 0.00509489
Car -1 -1 -10 0.000 804.369 457.247 1198.997 -1 -1 -1 -1000 -1000 -1000 -10 0.00545442
Car -1 -1 -10 0.000 546.986 1062.789 1198.601 -1 -1 -1 -1000 -1000 -1000 -10 0.00445078
Car -1 -1 -10 133.430 533.091 217.036 605.726 -1 -1 -1 -1000 -1000 -1000 -10 0.00127061
Car -1 -1 -10 440.125 584.693 587.272 1200.000 -1 -1 -1 -1000 -1000 -1000 -10 0.00124340
Car -1 -1 -10 191.099 1106.031 440.890 1200.000 -1 -1 -1 -1000 -1000 -1000 -10 0.00116461
Car -1 -1 -10 160.928 1041.954 603.893 1200.000 -1 -1 -1 -1000 -1000 -1000 -10 0.00106385
Car -1 -1 -10 302.604 865.047 750.069 1103.808 -1 -1 -1 -1000 -1000 -1000 -10 0.00105110
Car -1 -1 -10 345.778 824.058 684.924 1200.000 -1 -1 -1 -1000 -1000 -1000 -10 0.00187154
Car -1 -1 -10 369.852 577.811 515.724 1200.000 -1 -1 -1 -1000 -1000 -1000 -10 0.00103794
Car -1 -1 -10 1598.415 935.320 1920.000 1200.000 -1 -1 -1 -1000 -1000 -1000 -10 0.00099788
Car -1 -1 -10 499.444 619.796 627.579 1197.980 -1 -1 -1 -1000 -1000 -1000 -10 0.00098887
Car -1 -1 -10 232.563 1107.343 484.483 1200.000 -1 -1 -1 -1000 -1000 -1000 -10 0.00097826
Car -1 -1 -10 202.722 1115.553 283.150 1200.000 -1 -1 -1 -1000 -1000 -1000 -10 0.00190885
Car -1 -1 -10 429.360 756.589 556.140 1200.000 -1 -1 -1 -1000 -1000 -1000 -10 0.00095109
Car -1 -1 -10 257.717 610.009 439.786 1186.172 -1 -1 -1 -1000 -1000 -1000 -10 0.00182963
Car -1 -1 -10 13.098 693.243 250.391 1200.000 -1 -1 -1 -1000 -1000 -1000 -10 0.00093312
Car -1 -1 -10 223.540 1122.784 262.649 1200.000 -1 -1 -1 -1000 -1000 -1000 -10 0.00093304
Car -1 -1 -10 308.664 601.289 437.074 1200.000 -1 -1 -1 -1000 -1000 -1000 -10 0.00093267
Car -1 -1 -10 52.034 1043.525 488.358 1200.000 -1 -1 -1 -1000 -1000 -1000 -10 0.00092716
Car -1 -1 -10 247.508 1086.434 566.757 1200.000 -1 -1 -1 -1000 -1000 -1000 -10 0.00091702
Car -1 -1 -10 541.995 672.266 727.051 1180.352 -1 -1 -1 -1000 -1000 -1000 -10 0.00091036
Car -1 -1 -10 308.239 1087.552 629.622 1200.000 -1 -1 -1 -1000 -1000 -1000 -10 0.00090654
Car -1 -1 -10 158.473 684.531 394.981 1200.000 -1 -1 -1 -1000 -1000 -1000 -10 0.00090478
Car -1 -1 -10 0.000 813.203 210.447 1195.717 -1 -1 -1 -1000 -1000 -1000 -10 0.00089833
Car -1 -1 -10 264.807 834.794 575.391 1200.000 -1 -1 -1 -1000 -1000 -1000 -10 0.00089468
Car -1 -1 -10 241.651 1105.875 420.698 1200.000 -1 -1 -1 -1000 -1000 -1000 -10 0.00089378
Car -1 -1 -10 43.975 745.696 169.558 1199.702 -1 -1 -1 -1000 -1000 -1000 -10 0.00173732
Car -1 -1 -10 477.421 757.015 604.008 1200.000 -1 -1 -1 -1000 -1000 -1000 -10 0.00087493
Car -1 -1 -10 10.886 1105.417 246.435 1200.000 -1 -1 -1 -1000 -1000 -1000 -10 0.00087083
Car -1 -1 -10 381.587 751.493 508.062 1200.000 -1 -1 -1 -1000 -1000 -1000 -10 0.00086790
Car -1 -1 -10 0.000 865.103 248.340 1200.000 -1 -1 -1 -1000 -1000 -1000 -10 0.00168197
Car -1 -1 -10 251.782 987.583 800.625 1200.000 -1 -1 -1 -1000 -1000 -1000 -10 0.00086545
Car -1 -1 -10 292.797 820.579 451.728 1200.000 -1 -1 -1 -1000 -1000 -1000 -10 0.00086332
Car -1 -1 -10 196.324 819.063 354.802 1200.000 -1 -1 -1 -1000 -1000 -1000 -10 0.00085106
Car -1 -1 -10 66.080 1087.231 386.277 1200.000 -1 -1 -1 -1000 -1000 -1000 -10 0.00084624
Car -1 -1 -10 325.808 666.456 515.583 1185.465 -1 -1 -1 -1000 -1000 -1000 -10 0.00084174
Car -1 -1 -10 216.905 1142.315 268.427 1200.000 -1 -1 -1 -1000 -1000 -1000 -10 0.00083792
Car -1 -1 -10 320.027 957.559 710.891 1200.000 -1 -1 -1 -1000 -1000 -1000 -10 0.00083721
Car -1 -1 -10 435.790 830.318 594.372 1200.000 -1 -1 -1 -1000 -1000 -1000 -10 0.00080569
Car -1 -1 -10 275.526 556.207 637.663 1200.000 -1 -1 -1 -1000 -1000 -1000 -10 0.00078654
Car -1 -1 -10 9.064 1085.979 311.969 1200.000 -1 -1 -1 -1000 -1000 -1000 -10 0.00076719
