Car -1 -1 -10 0.000 588.968 527.218 1199.596 -1 -1 -1 -1000 -1000 -1000 -10 0.00954415
Car -1 -1 -10 35.130 513.714 1172.527 1193.798 -1 -1 -1 -1000 -1000 -1000 -10 0.00512319
Car -1 -1 -10 0.000 781.253 346.339 1200.000 -1 -1 -1 -1000 -1000 -1000 -10 0.00221673
Car -1 -1 -10 71.879 94.948 360.619 1196.842 -1 -1 -1 -1000 -1000 -1000 -10 0.00193385
Car -1 -1 -10 1341.162 392.975 1920.000 753.411 -1 -1 -1 -1000 -1000 -1000 -10 0.00090324
Car -1 -1 -10 1443.334 379.205 1920.000 1200.000 -1 -1 -1 -1000 -1000 -1000 -10 0.00089746
Car -1 -1 -10 1383.266 437.654 1908.048 887.159 -1 -1 -1 -1000 -1000 -1000 -10 0.00160436
Car -1 -1 -10 1368.704 539.503 1911.680 970.125 -1 -1 -1 -1000 -1000 -1000 -10 0.00153812
Car -1 -1 -10 0.000 548.651 483.600 901.691 -1 -1 -1 -1000 -1000 -1000 -10 0.00080584
Car -1 -1 -10 1351.901 338.299 1920.000 700.995 -1 -1 -1 -1000 -1000 -1000 -10 0.00076795
Car -1 -1 -10 1574.303 568.293 1920.000 1200.000 -1 -1 -1 -1000 -1000 -1000 -10 0.00073633
Car -1 -1 -10 1707.427 418.024 1920.000 839.884 -1 -1 -1 -1000 -1000 -1000 -10 0.00133364
Car -1 -1 -10 612.159 388.238 811.871 1134.764 -1 -1 -1 -1000 -1000 -1000 -10 0.00071417
Car -1 -1 -10 1117.205 562.860 1439.339 1197.790 -1 -1 -1 -1000 -1000 -1000 -10 0.00134343
Car -1 -1 -10 4.681 692.982 410.554 1059.448 -1 -1 -1 -1000 -1000 -1000 -10 0.00068803
Car -1 -1 -10 7.668 612.499 311.824 945.603 -1 -1 -1 -1000 -1000 -1000 -10 0.00125751
Car -1 -1 -10 441.436 647.458 1109.136 1069.501 -1 -1 -1 -1000 -1000 -1000 -10 0.00066990
Car -1 -1 -10 1559.471 480.030 1913.336 775.357 -1 -1 -1 -1000 -1000 -1000 -10 0.00065235
Car -1 -1 -10 0.000 407.616 432.627 923.140 -1 -1 -1 -1000 -1000 -1000 -10 0.00119122
Car -1 -1 -10 0.000 726.710 314.693 1154.799 -1 -1 -1 -1000 -1000 -1000 -10 0.00116693
Car -1 -1 -10 333.001 494.179 931.777 852.185 -1 -1 -1 -1000 -1000 -1000 -10 0.00059322
Car -1 -1 -10 1190.066 482.148 1764.748 857.471 -1 -1 -1 -1000 -1000 -1000 -10 0.00058915
Car -1 -1 -10 1390.645 570.742 1911.358 1127.095 -1 -1 -1 -1000 -1000 -1000 -10 0.00058437
Car -1 -1 -10 10.632 462.818 316.597 795.150 -1 -1 -1 -1000 -1000 -1000 -10 0.00057584
Car -1 -1 -10 966.739 549.899 1259.159 1104.860 -1 -1 -1 -1000 -1000 -1000 -10 0.00054863
Car -1 -1 -10 750.610 563.073 1082.987 1200.000 -1 -1 -1 -1000 -1000 -1000 -10 0.00053919
Car -1 -1 -10 1357.336 235.154 1912.677 682.718 -1 -1 -1 -1000 -1000 -1000 -10 0.00053649
Car -1 -1 -10 542.543 587.918 945.151 1184.471 -1 -1 -1 -1000 -1000 -1000 -10 0.00052319
