Car -1 -1 -10 978.253 589.850 1170.978 737.820 -1 -1 -1 -1000 -1000 -1000 -10 0.99999797
Car -1 -1 -10 0.000 504.585 1096.856 1196.164 -1 -1 -1 -1000 -1000 -1000 -10 0.01232083
Car -1 -1 -10 0.123 800.934 445.786 1186.158 -1 -1 -1 -1000 -1000 -1000 -10 0.00993950
Car -1 -1 -10 771.540 1138.341 881.729 1200.000 -1 -1 -1 -1000 -1000 -1000 -10 0.00294162
Car -1 -1 -10 284.574 1059.723 678.284 1200.000 -1 -1 -1 -1000 -1000 -1000 -10 0.00461505
Car -1 -1 -10 824.160 1157.033 861.272 1200.000 -1 -1 -1 -1000 -1000 -1000 -10 0.00263300
Car -1 -1 -10 824.358 1122.226 862.013 1200.000 -1 -1 -1 -1000 -1000 -1000 -10 0.00261813
Car -1 -1 -10 308.502 1080.344 628.851 1200.000 -1 -1 -1 -1000 -1000 -1000 -10 0.00251504
Car -1 -1 -10 842.123 1156.588 879.624 1200.000 -1 -1 -1 -1000 -1000 -1000 -10 0.00579320
Car -1 -1 -10 436.503 696.034 664.844 1194.096 -1 -1 -1 -1000 -1000 -1000 -10 0.00694489
Car -1 -1 -10 373.101 1060.162 760.691 1200.000 -1 -1 -1 -1000 -1000 -1000 -10 0.00222557
Car -1 -1 -10 322.116 883.483 609.204 1200.000 -1 -1 -1 -1000 -1000 -1000 -10 0.00222160
Car -1 -1 -10 805.082 1144.058 856.869 1200.000 -1 -1 -1 -1000 -1000 -1000 -10 0.00220409
Car -1 -1 -10 173.660 791.870 831.470 1196.057 -1 -1 -1 -1000 -1000 -1000 -10 0.00768828
Car -1 -1 -10 348.885 711.111 582.488 1194.853 -1 -1 -1 -1000 -1000 -1000 -10 0.00588651
Car -1 -1 -10 817.854 1157.142 855.824 1200.000 -1 -1 -1 -1000 -1000 -1000 -10 0.00214992
Car -1 -1 -10 0.000 581.236 536.560 1200.000 -1 -1 -1 -1000 -1000 -1000 -10 0.00214249
Car -1 -1 -10 815.868 1085.630 873.619 1200.000 -1 -1 -1 -1000 -1000 -1000 -10 0.00567024
Car -1 -1 -10 382.413 1089.305 550.984 1191.388 -1 -1 -1 -1000 -1000 -1000 -10 0.00356763
Car -1 -1 -10 48.840 588.703 209.048 1196.546 -1 -1 -1 -1000 -1000 -1000 -10 0.00398072
Car -1 -1 -10 323.555 1101.208 568.767 1200.000 -1 -1 -1 -1000 -1000 -1000 -10 0.00204180
Car -1 -1 -10 840.518 1086.843 898.420 1200.000 -1 -1 -1 -1000 -1000 -1000 -10 0.00350338
Car -1 -1 -10 539.006 690.810 771.827 1195.411 -1 -1 -1 -1000 -1000 -1000 -10 0.00199622
Car -1 -1 -10 181.424 990.291 730.955 1200.000 -1 -1 -1 -1000 -1000 -1000 -10 0.00198451
Car -1 -1 -10 436.238 1084.305 758.124 1200.000 -1 -1 -1 -1000 -1000 -1000 -10 0.00193873
Car -1 -1 -10 31.151 467.753 590.374 1200.000 -1 -1 -1 -1000 -1000 -1000 -10 0.00186281
Car -1 -1 -10 738.468 1106.743 913.901 1200.000 -1 -1 -1 -1000 -1000 -1000 -10 0.00496127
Car -1 -1 -10 653.850 1086.999 983.290 1200.000 -1 -1 -1 -1000 -1000 -1000 -10 0.00185653
Car -1 -1 -10 805.652 1123.110 844.129 1200.000 -1 -1 -1 -1000 -1000 -1000 -10 0.00185351
Car -1 -1 -10 799.935 1157.122 837.458 1200.000 -1 -1 -1 -1000 -1000 -1000 -10 0.00180071
Car -1 -1 -10 392.216 712.007 545.456 1200.000 -1 -1 -1 -1000 -1000 -1000 -10 0.00178405
Car -1 -1 -10 829.276 1124.315 867.971 1200.000 -1 -1 -1 -1000 -1000 -1000 -10 0.00174473
Car -1 -1 -10 792.916 1158.090 831.205 1200.000 -1 -1 -1 -1000 -1000 -1000 -10 0.00171937
Car -1 -1 -10 828.449 1126.265 895.211 1200.000 -1 -1 -1 -1000 -1000 -1000 -10 0.00170989
Car -1 -1 -10 516.617 1065.381 912.401 1200.000 -1 -1 -1 -1000 -1000 -1000 -10 0.00169904
Car -1 -1 -10 509.963 1103.753 689.290 1200.000 -1 -1 -1 -1000 -1000 -1000 -10 0.00325502
Car -1 -1 -10 0.000 820.655 252.980 1139.081 -1 -1 -1 -1000 -1000 -1000 -10 0.00164177
Car -1 -1 -10 285.100 640.141 459.521 1191.200 -1 -1 -1 -1000 -1000 -1000 -10 0.00163595
Car -1 -1 -10 372.520 943.845 604.522 1200.000 -1 -1 -1 -1000 -1000 -1000 -10 0.00162366
Car -1 -1 -10 569.205 1104.446 820.788 1200.000 -1 -1 -1 -1000 -1000 -1000 -10 0.00159803
Car -1 -1 -10 207.682 1039.573 653.932 1200.000 -1 -1 -1 -1000 -1000 -1000 -10 0.00157484
Car -1 -1 -10 300.746 526.875 658.833 1200.000 -1 -1 -1 -1000 -1000 -1000 -10 0.00293637
Car -1 -1 -10 823.659 1143.338 875.316 1200.000 -1 -1 -1 -1000 -1000 -1000 -10 0.00152273
Car -1 -1 -10 778.558 1120.833 859.010 1200.000 -1 -1 -1 -1000 -1000 -1000 -10 0.00148652
Car -1 -1 -10 782.289 1157.790 819.879 1200.000 -1 -1 -1 -1000 -1000 -1000 -10 0.00143503
Car -1 -1 -10 501.492 748.662 627.658 1200.000 -1 -1 -1 -1000 -1000 -1000 -10 0.00141421
