Car -1 -1 -10 823.670 589.407 916.880 675.383 -1 -1 -1 -1000 -1000 -1000 -10 0.95082828
Car -1 -1 -10 1104.523 549.594 1364.202 673.115 -1 -1 -1 -1000 -1000 -1000 -10 0.92835557
Car -1 -1 -10 739.781 601.499 806.019 659.137 -1 -1 -1 -1000 -1000 -1000 -10 0.65663959
Car -1 -1 -10 841.632 582.482 898.593 636.543 -1 -1 -1 -1000 -1000 -1000 -10 0.00759460
Car -1 -1 -10 0.000 796.836 452.439 1198.640 -1 -1 -1 -1000 -1000 -1000 -10 0.00670057
Car -1 -1 -10 1154.384 563.408 1277.166 670.480 -1 -1 -1 -1000 -1000 -1000 -10 0.00179154
Car -1 -1 -10 846.793 543.590 893.906 705.841 -1 -1 -1 -1000 -1000 -1000 -10 0.00318709
Car -1 -1 -10 858.259 583.527 887.126 684.585 -1 -1 -1 -1000 -1000 -1000 -10 0.00121635
Car -1 -1 -10 1575.320 567.624 1920.000 1200.000 -1 -1 -1 -1000 -1000 -1000 -10 0.00105578
Car -1 -1 -10 853.022 585.273 881.111 684.887 -1 -1 -1 -1000 -1000 -1000 -10 0.00104068
Car -1 -1 -10 1128.821 580.329 1204.486 654.861 -1 -1 -1 -1000 -1000 -1000 -10 0.00103050
Car -1 -1 -10 8.284 624.702 532.204 1101.988 -1 -1 -1 -1000 -1000 -1000 -10 0.00179636
Car -1 -1 -10 0.000 0.000 34.656 40.517 -1 -1 -1 -1000 -1000 -1000 -10 0.00092727
Car -1 -1 -10 24.958 489.240 516.193 1200.000 -1 -1 -1 -1000 -1000 -1000 -10 0.00091353
Car -1 -1 -10 1160.571 564.101 1197.010 626.194 -1 -1 -1 -1000 -1000 -1000 -10 0.00090124
Car -1 -1 -10 0.000 947.430 219.407 1200.000 -1 -1 -1 -1000 -1000 -1000 -10 0.00167337
Car -1 -1 -10 0.000 518.835 855.859 1189.621 -1 -1 -1 -1000 -1000 -1000 -10 0.00173582
Car -1 -1 -10 236.951 626.351 412.403 1190.725 -1 -1 -1 -1000 -1000 -1000 -10 0.00087904
Car -1 -1 -10 0.000 939.884 316.647 1200.000 -1 -1 -1 -1000 -1000 -1000 -10 0.00084826
Car -1 -1 -10 1467.527 808.085 1920.000 1200.000 -1 -1 -1 -1000 -1000 -1000 -10 0.00162951
Car -1 -1 -10 44.589 644.536 211.326 1198.429 -1 -1 -1 -1000 -1000 -1000 -10 0.00082229
Car -1 -1 -10 27.214 622.009 628.881 1189.916 -1 -1 -1 -1000 -1000 -1000 -10 0.00082203
Car -1 -1 -10 1258.395 567.460 1415.374 656.830 -1 -1 -1 -1000 -1000 -1000 -10 0.00079535
Car -1 -1 -10 0.000 1112.233 122.770 1200.000 -1 -1 -1 -1000 -1000 -1000 -10 0.00073311
