Car -1 -1 -10 19.276 674.730 262.761 1200.000 -1 -1 -1 -1000 -1000 -1000 -10 0.00262858
Car -1 -1 -10 320.426 1157.497 357.818 1200.000 -1 -1 -1 -1000 -1000 -1000 -10 0.00478572
Car -1 -1 -10 0.000 798.249 454.141 1198.954 -1 -1 -1 -1000 -1000 -1000 -10 0.00610760
Car -1 -1 -10 0.000 1109.097 90.835 1200.000 -1 -1 -1 -1000 -1000 -1000 -10 0.00202192
Car -1 -1 -10 0.000 937.189 317.111 1200.000 -1 -1 -1 -1000 -1000 -1000 -10 0.00206934
Car -1 -1 -10 1.868 1064.670 302.989 1200.000 -1 -1 -1 -1000 -1000 -1000 -10 0.00193722
Car -1 -1 -10 0.000 1019.150 245.449 1200.000 -1 -1 -1 -1000 -1000 -1000 -10 0.00109292
Car -1 -1 -10 211.101 1157.637 249.032 1200.000 -1 -1 -1 -1000 -1000 -1000 -10 0.00098056
Car -1 -1 -10 1575.070 560.748 1920.000 1200.000 -1 -1 -1 -1000 -1000 -1000 -10 0.00097492
Car -1 -1 -10 306.767 1128.117 372.162 1200.000 -1 -1 -1 -1000 -1000 -1000 -10 0.00096854
Car -1 -1 -10 58.300 613.590 247.383 1185.298 -1 -1 -1 -1000 -1000 -1000 -10 0.00170090
Car -1 -1 -10 1468.395 808.444 1920.000 1200.000 -1 -1 -1 -1000 -1000 -1000 -10 0.00272853
Car -1 -1 -10 0.000 1059.365 199.542 1200.000 -1 -1 -1 -1000 -1000 -1000 -10 0.00093339
Car -1 -1 -10 311.632 1086.346 370.545 1200.000 -1 -1 -1 -1000 -1000 -1000 -10 0.00231686
Car -1 -1 -10 249.923 1082.641 309.611 1200.000 -1 -1 -1 -1000 -1000 -1000 -10 0.00080273
Car -1 -1 -10 0.000 1166.631 25.783 1200.000 -1 -1 -1 -1000 -1000 -1000 -10 0.00080164
Car -1 -1 -10 297.206 1082.289 356.992 1200.000 -1 -1 -1 -1000 -1000 -1000 -10 0.00077876
Car -1 -1 -10 281.360 1157.929 319.257 1200.000 -1 -1 -1 -1000 -1000 -1000 -10 0.00135527
Car -1 -1 -10 324.928 1122.704 364.622 1200.000 -1 -1 -1 -1000 -1000 -1000 -10 0.00077550
Car -1 -1 -10 68.331 1083.688 129.946 1200.000 -1 -1 -1 -1000 -1000 -1000 -10 0.00077444
Car -1 -1 -10 64.663 348.581 366.489 1200.000 -1 -1 -1 -1000 -1000 -1000 -10 0.00147741
Car -1 -1 -10 211.253 632.450 387.462 1191.245 -1 -1 -1 -1000 -1000 -1000 -10 0.00073436
Car -1 -1 -10 1498.446 287.972 1920.000 823.671 -1 -1 -1 -1000 -1000 -1000 -10 0.00071487
Car -1 -1 -10 19.914 1157.693 57.260 1200.000 -1 -1 -1 -1000 -1000 -1000 -10 0.00128748
Car -1 -1 -10 268.540 1126.959 335.133 1200.000 -1 -1 -1 -1000 -1000 -1000 -10 0.00070910
Car -1 -1 -10 284.938 1082.271 344.769 1200.000 -1 -1 -1 -1000 -1000 -1000 -10 0.00070731
Car -1 -1 -10 5.311 1129.552 71.380 1200.000 -1 -1 -1 -1000 -1000 -1000 -10 0.00068741
Car -1 -1 -10 189.254 1107.838 437.788 1200.000 -1 -1 -1 -1000 -1000 -1000 -10 0.00068094
Car -1 -1 -10 134.442 611.936 321.169 1185.529 -1 -1 -1 -1000 -1000 -1000 -10 0.00127576
Car -1 -1 -10 244.573 523.416 1315.765 1194.786 -1 -1 -1 -1000 -1000 -1000 -10 0.00068005
Car -1 -1 -10 61.615 1158.257 99.111 1200.000 -1 -1 -1 -1000 -1000 -1000 -10 0.00067908
Car -1 -1 -10 7.822 1110.367 165.654 1200.000 -1 -1 -1 -1000 -1000 -1000 -10 0.00067862
Car -1 -1 -10 735.567 648.998 921.937 1191.286 -1 -1 -1 -1000 -1000 -1000 -10 0.00067643
Car -1 -1 -10 640.327 577.773 1039.853 1176.824 -1 -1 -1 -1000 -1000 -1000 -10 0.00059096
Car -1 -1 -10 225.679 587.078 421.923 1179.869 -1 -1 -1 -1000 -1000 -1000 -10 0.00056660
