Car -1 -1 -10 0.000 796.553 461.825 1198.143 -1 -1 -1 -1000 -1000 -1000 -10 0.00667965
Car -1 -1 -10 1544.086 580.466 1699.401 691.772 -1 -1 -1 -1000 -1000 -1000 -10 0.00313161
Car -1 -1 -10 0.000 5.307 423.155 368.265 -1 -1 -1 -1000 -1000 -1000 -10 0.00358651
Car -1 -1 -10 0.234 1004.568 290.207 1200.000 -1 -1 -1 -1000 -1000 -1000 -10 0.00506196
Car -1 -1 -10 3.026 774.439 214.008 1193.483 -1 -1 -1 -1000 -1000 -1000 -10 0.00275994
Car -1 -1 -10 14.590 1105.009 233.332 1200.000 -1 -1 -1 -1000 -1000 -1000 -10 0.00348975
Car -1 -1 -10 0.000 1105.413 91.261 1200.000 -1 -1 -1 -1000 -1000 -1000 -10 0.00123708
Car -1 -1 -10 0.000 534.777 834.084 1197.955 -1 -1 -1 -1000 -1000 -1000 -10 0.00447534
Car -1 -1 -10 10.759 695.583 249.693 1200.000 -1 -1 -1 -1000 -1000 -1000 -10 0.00241214
Car -1 -1 -10 54.458 75.005 335.933 251.688 -1 -1 -1 -1000 -1000 -1000 -10 0.00310595
Car -1 -1 -10 1.334 53.502 355.503 275.146 -1 -1 -1 -1000 -1000 -1000 -10 0.00112844
Car -1 -1 -10 81.484 1080.134 140.921 1200.000 -1 -1 -1 -1000 -1000 -1000 -10 0.00107305
Car -1 -1 -10 126.893 47.974 279.742 637.118 -1 -1 -1 -1000 -1000 -1000 -10 0.00271589
Car -1 -1 -10 112.360 75.741 287.321 249.639 -1 -1 -1 -1000 -1000 -1000 -10 0.00104334
Car -1 -1 -10 584.067 1104.871 833.099 1200.000 -1 -1 -1 -1000 -1000 -1000 -10 0.00104023
Car -1 -1 -10 139.502 599.864 269.607 1183.197 -1 -1 -1 -1000 -1000 -1000 -10 0.00103037
Car -1 -1 -10 0.000 1056.162 202.062 1200.000 -1 -1 -1 -1000 -1000 -1000 -10 0.00101420
Car -1 -1 -10 0.000 1103.232 49.344 1200.000 -1 -1 -1 -1000 -1000 -1000 -10 0.00100597
Car -1 -1 -10 67.802 1082.520 129.002 1200.000 -1 -1 -1 -1000 -1000 -1000 -10 0.00098483
Car -1 -1 -10 61.370 308.542 373.548 1195.836 -1 -1 -1 -1000 -1000 -1000 -10 0.00181599
Car -1 -1 -10 1462.882 535.949 1902.466 923.365 -1 -1 -1 -1000 -1000 -1000 -10 0.00097666
Car -1 -1 -10 505.296 1104.116 753.298 1200.000 -1 -1 -1 -1000 -1000 -1000 -10 0.00186351
Car -1 -1 -10 64.945 1016.524 162.460 1200.000 -1 -1 -1 -1000 -1000 -1000 -10 0.00096571
Car -1 -1 -10 85.816 1123.708 124.898 1200.000 -1 -1 -1 -1000 -1000 -1000 -10 0.00096210
Car -1 -1 -10 93.731 642.669 265.794 1192.956 -1 -1 -1 -1000 -1000 -1000 -10 0.00096008
Car -1 -1 -10 0.000 647.466 590.068 1079.171 -1 -1 -1 -1000 -1000 -1000 -10 0.00095273
Car -1 -1 -10 130.010 97.791 264.925 233.315 -1 -1 -1 -1000 -1000 -1000 -10 0.00092882
Car -1 -1 -10 100.621 823.256 260.280 1200.000 -1 -1 -1 -1000 -1000 -1000 -10 0.00088131
Car -1 -1 -10 96.487 19.005 297.735 351.869 -1 -1 -1 -1000 -1000 -1000 -10 0.00087809
Car -1 -1 -10 39.309 922.918 190.386 1200.000 -1 -1 -1 -1000 -1000 -1000 -10 0.00086619
Car -1 -1 -10 129.268 24.296 242.676 389.084 -1 -1 -1 -1000 -1000 -1000 -10 0.00086616
Car -1 -1 -10 0.000 935.610 170.086 1200.000 -1 -1 -1 -1000 -1000 -1000 -10 0.00085330
Car -1 -1 -10 427.063 604.764 556.037 1197.959 -1 -1 -1 -1000 -1000 -1000 -10 0.00084861
Car -1 -1 -10 70.879 1118.863 151.985 1200.000 -1 -1 -1 -1000 -1000 -1000 -10 0.00084135
Car -1 -1 -10 77.225 538.298 229.598 1199.077 -1 -1 -1 -1000 -1000 -1000 -10 0.00083987
Car -1 -1 -10 53.484 1126.701 118.716 1200.000 -1 -1 -1 -1000 -1000 -1000 -10 0.00083810
Car -1 -1 -10 407.659 1040.769 844.933 1200.000 -1 -1 -1 -1000 -1000 -1000 -10 0.00081683
Car -1 -1 -10 150.843 543.001 301.112 1200.000 -1 -1 -1 -1000 -1000 -1000 -10 0.00081655
Car -1 -1 -10 140.303 741.639 266.607 1200.000 -1 -1 -1 -1000 -1000 -1000 -10 0.00080229
Car -1 -1 -10 544.805 645.048 729.225 1193.903 -1 -1 -1 -1000 -1000 -1000 -10 0.00079533
Car -1 -1 -10 150.998 1106.566 403.348 1200.000 -1 -1 -1 -1000 -1000 -1000 -10 0.00076960
Car -1 -1 -10 556.221 820.703 715.165 1200.000 -1 -1 -1 -1000 -1000 -1000 -10 0.00074198
