Car -1 -1 -10 1.786 558.446 161.309 701.538 -1 -1 -1 -1000 -1000 -1000 -10 0.99981733
Car -1 -1 -10 792.511 537.385 921.773 653.449 -1 -1 -1 -1000 -1000 -1000 -10 0.99977809
Car -1 -1 -10 1247.499 562.523 1509.100 758.919 -1 -1 -1 -1000 -1000 -1000 -10 0.77659944
Car -1 -1 -10 1147.689 538.134 1351.150 692.213 -1 -1 -1 -1000 -1000 -1000 -10 0.37313231
Car -1 -1 -10 1488.295 562.286 1644.206 653.794 -1 -1 -1 -1000 -1000 -1000 -10 0.25939665
Car -1 -1 -10 1492.125 340.006 1920.000 954.129 -1 -1 -1 -1000 -1000 -1000 -10 0.01080299
Car -1 -1 -10 1578.369 560.619 1735.326 655.896 -1 -1 -1 -1000 -1000 -1000 -10 0.03029720
Car -1 -1 -10 1167.120 522.791 1482.452 720.401 -1 -1 -1 -1000 -1000 -1000 -10 0.00691787
Car -1 -1 -10 1435.021 546.813 1610.788 635.518 -1 -1 -1 -1000 -1000 -1000 -10 0.00519445
Car -1 -1 -10 433.191 574.096 480.146 621.096 -1 -1 -1 -1000 -1000 -1000 -10 0.00508348
