Car -1 -1 -10 68.206 504.163 364.137 691.627 -1 -1 -1 -1000 -1000 -1000 -10 0.99437629
Car -1 -1 -10 170.798 519.383 398.130 680.523 -1 -1 -1 -1000 -1000 -1000 -10 0.50340015
Car -1 -1 -10 521.830 793.562 1387.598 1198.678 -1 -1 -1 -1000 -1000 -1000 -10 0.01436167
Car -1 -1 -10 310.823 513.846 1501.521 1190.618 -1 -1 -1 -1000 -1000 -1000 -10 0.01299739
Car -1 -1 -10 83.924 509.084 241.639 629.569 -1 -1 -1 -1000 -1000 -1000 -10 0.00286381
Car -1 -1 -10 167.505 790.092 841.854 1200.000 -1 -1 -1 -1000 -1000 -1000 -10 0.00789641
Car -1 -1 -10 764.177 252.790 1062.806 1200.000 -1 -1 -1 -1000 -1000 -1000 -10 0.00395055
Car -1 -1 -10 39.311 557.269 557.723 1163.254 -1 -1 -1 -1000 -1000 -1000 -10 0.00194914
Car -1 -1 -10 433.366 1074.575 562.319 1200.000 -1 -1 -1 -1000 -1000 -1000 -10 0.00353480
Car -1 -1 -10 336.808 836.300 648.724 1195.164 -1 -1 -1 -1000 -1000 -1000 -10 0.00178213
Car -1 -1 -10 0.000 798.217 463.986 1200.000 -1 -1 -1 -1000 -1000 -1000 -10 0.00341079
Car -1 -1 -10 879.637 607.841 1067.922 1200.000 -1 -1 -1 -1000 -1000 -1000 -10 0.00176996
Car -1 -1 -10 347.783 1081.048 657.378 1200.000 -1 -1 -1 -1000 -1000 -1000 -10 0.00344885
Car -1 -1 -10 415.293 1100.538 582.201 1200.000 -1 -1 -1 -1000 -1000 -1000 -10 0.00164401
Car -1 -1 -10 766.551 926.035 1385.481 1200.000 -1 -1 -1 -1000 -1000 -1000 -10 0.00160341
Car -1 -1 -10 850.263 657.336 1116.789 1200.000 -1 -1 -1 -1000 -1000 -1000 -10 0.00318992
Car -1 -1 -10 436.128 827.787 596.557 1200.000 -1 -1 -1 -1000 -1000 -1000 -10 0.00158001
