Car -1 -1 -10 760.045 589.825 900.970 696.283 -1 -1 -1 -1000 -1000 -1000 -10 0.99873313
Car -1 -1 -10 682.878 574.154 757.936 646.207 -1 -1 -1 -1000 -1000 -1000 -10 0.72225348
Car -1 -1 -10 752.418 584.982 789.609 644.485 -1 -1 -1 -1000 -1000 -1000 -10 0.00545097
Car -1 -1 -10 750.054 583.015 793.777 634.299 -1 -1 -1 -1000 -1000 -1000 -10 0.00369628
Car -1 -1 -10 1490.872 168.521 1920.000 746.868 -1 -1 -1 -1000 -1000 -1000 -10 0.00556283
Car -1 -1 -10 326.472 1157.539 363.854 1200.000 -1 -1 -1 -1000 -1000 -1000 -10 0.00491694
Car -1 -1 -10 316.226 1085.961 374.604 1200.000 -1 -1 -1 -1000 -1000 -1000 -10 0.00396641
Car -1 -1 -10 302.237 1137.884 411.485 1200.000 -1 -1 -1 -1000 -1000 -1000 -10 0.00341155
Car -1 -1 -10 58.311 1049.692 495.285 1200.000 -1 -1 -1 -1000 -1000 -1000 -10 0.00504956
Car -1 -1 -10 350.844 1084.407 409.337 1200.000 -1 -1 -1 -1000 -1000 -1000 -10 0.00349179
Car -1 -1 -10 213.215 1136.830 376.259 1200.000 -1 -1 -1 -1000 -1000 -1000 -10 0.00337446
Car -1 -1 -10 11.396 811.125 375.048 1200.000 -1 -1 -1 -1000 -1000 -1000 -10 0.00323438
Car -1 -1 -10 162.709 1106.360 419.156 1200.000 -1 -1 -1 -1000 -1000 -1000 -10 0.00501614
Car -1 -1 -10 350.138 1157.153 387.894 1200.000 -1 -1 -1 -1000 -1000 -1000 -10 0.00467039
Car -1 -1 -10 370.362 1127.175 437.685 1200.000 -1 -1 -1 -1000 -1000 -1000 -10 0.00184911
Car -1 -1 -10 121.567 846.568 431.842 1200.000 -1 -1 -1 -1000 -1000 -1000 -10 0.00305258
Car -1 -1 -10 739.497 585.380 813.877 652.570 -1 -1 -1 -1000 -1000 -1000 -10 0.00361218
Car -1 -1 -10 223.536 1062.492 613.465 1200.000 -1 -1 -1 -1000 -1000 -1000 -10 0.00179829
Car -1 -1 -10 215.324 670.302 385.119 1194.691 -1 -1 -1 -1000 -1000 -1000 -10 0.00169278
Car -1 -1 -10 1558.781 394.678 1920.000 891.057 -1 -1 -1 -1000 -1000 -1000 -10 0.00331733
Car -1 -1 -10 274.649 1086.656 332.518 1200.000 -1 -1 -1 -1000 -1000 -1000 -10 0.00168108
Car -1 -1 -10 291.881 562.876 442.976 665.327 -1 -1 -1 -1000 -1000 -1000 -10 0.00165830
Car -1 -1 -10 218.308 1078.565 345.423 1200.000 -1 -1 -1 -1000 -1000 -1000 -10 0.00165565
Car -1 -1 -10 197.922 834.352 355.651 1200.000 -1 -1 -1 -1000 -1000 -1000 -10 0.00162655
Car -1 -1 -10 315.446 1106.773 489.952 1200.000 -1 -1 -1 -1000 -1000 -1000 -10 0.00315642
Car -1 -1 -10 331.399 1143.748 382.843 1200.000 -1 -1 -1 -1000 -1000 -1000 -10 0.00274059
Car -1 -1 -10 234.922 1087.663 558.753 1200.000 -1 -1 -1 -1000 -1000 -1000 -10 0.00158807
Car -1 -1 -10 264.229 1126.847 331.932 1200.000 -1 -1 -1 -1000 -1000 -1000 -10 0.00158324
Car -1 -1 -10 0.000 633.425 477.272 1200.000 -1 -1 -1 -1000 -1000 -1000 -10 0.00157178
Car -1 -1 -10 337.558 1122.569 375.790 1200.000 -1 -1 -1 -1000 -1000 -1000 -10 0.00156886
Car -1 -1 -10 309.831 653.176 482.905 1193.881 -1 -1 -1 -1000 -1000 -1000 -10 0.00154600
Car -1 -1 -10 375.350 1087.248 432.943 1200.000 -1 -1 -1 -1000 -1000 -1000 -10 0.00153302
Car -1 -1 -10 189.099 760.647 316.389 1200.000 -1 -1 -1 -1000 -1000 -1000 -10 0.00150417
Car -1 -1 -10 361.272 1122.319 400.274 1200.000 -1 -1 -1 -1000 -1000 -1000 -10 0.00289103
Car -1 -1 -10 340.123 1085.077 398.558 1200.000 -1 -1 -1 -1000 -1000 -1000 -10 0.00290478
Car -1 -1 -10 4.529 854.101 314.069 1200.000 -1 -1 -1 -1000 -1000 -1000 -10 0.00146959
Car -1 -1 -10 239.604 649.543 408.750 1193.123 -1 -1 -1 -1000 -1000 -1000 -10 0.00142084
Car -1 -1 -10 303.262 1085.494 362.137 1200.000 -1 -1 -1 -1000 -1000 -1000 -10 0.00256572
Car -1 -1 -10 384.747 1142.610 436.370 1200.000 -1 -1 -1 -1000 -1000 -1000 -10 0.00139134
Car -1 -1 -10 389.267 808.395 738.467 1198.837 -1 -1 -1 -1000 -1000 -1000 -10 0.00246294
Car -1 -1 -10 269.224 841.882 575.240 1200.000 -1 -1 -1 -1000 -1000 -1000 -10 0.00132219
Car -1 -1 -10 81.244 1086.209 139.897 1200.000 -1 -1 -1 -1000 -1000 -1000 -10 0.00243036
Car -1 -1 -10 327.911 1083.739 386.705 1200.000 -1 -1 -1 -1000 -1000 -1000 -10 0.00130927
Car -1 -1 -10 3.912 1084.469 278.307 1200.000 -1 -1 -1 -1000 -1000 -1000 -10 0.00125928
Car -1 -1 -10 380.008 1156.920 417.734 1200.000 -1 -1 -1 -1000 -1000 -1000 -10 0.00122517
Car -1 -1 -10 260.792 1138.142 371.567 1200.000 -1 -1 -1 -1000 -1000 -1000 -10 0.00120321
Car -1 -1 -10 274.948 693.688 515.569 1200.000 -1 -1 -1 -1000 -1000 -1000 -10 0.00119645
Car -1 -1 -10 380.772 636.718 554.466 1194.135 -1 -1 -1 -1000 -1000 -1000 -10 0.00118434
Car -1 -1 -10 187.912 614.097 316.774 1190.622 -1 -1 -1 -1000 -1000 -1000 -10 0.00117349
Car -1 -1 -10 428.838 1086.980 487.613 1200.000 -1 -1 -1 -1000 -1000 -1000 -10 0.00116687
Car -1 -1 -10 83.976 715.149 230.860 1200.000 -1 -1 -1 -1000 -1000 -1000 -10 0.00116191
Car -1 -1 -10 99.537 829.529 257.536 1200.000 -1 -1 -1 -1000 -1000 -1000 -10 0.00115555
Car -1 -1 -10 398.859 1086.975 457.037 1200.000 -1 -1 -1 -1000 -1000 -1000 -10 0.00115025
Car -1 -1 -10 226.948 1107.607 407.950 1200.000 -1 -1 -1 -1000 -1000 -1000 -10 0.00114828
Car -1 -1 -10 175.273 1019.448 661.882 1200.000 -1 -1 -1 -1000 -1000 -1000 -10 0.00113471
Car -1 -1 -10 344.060 1123.438 382.844 1200.000 -1 -1 -1 -1000 -1000 -1000 -10 0.00112618
Car -1 -1 -10 0.000 1019.836 430.906 1200.000 -1 -1 -1 -1000 -1000 -1000 -10 0.00109321
Car -1 -1 -10 354.404 1025.723 447.878 1200.000 -1 -1 -1 -1000 -1000 -1000 -10 0.00109214
Car -1 -1 -10 236.933 746.690 362.833 1200.000 -1 -1 -1 -1000 -1000 -1000 -10 0.00108099
Car -1 -1 -10 317.308 1121.358 397.081 1200.000 -1 -1 -1 -1000 -1000 -1000 -10 0.00107734
Car -1 -1 -10 386.176 1107.850 560.911 1200.000 -1 -1 -1 -1000 -1000 -1000 -10 0.00105423
