Car -1 -1 -10 2.770 755.940 148.032 861.910 -1 -1 -1 -1000 -1000 -1000 -10 0.01084440
Car -1 -1 -10 0.000 768.867 456.653 1198.271 -1 -1 -1 -1000 -1000 -1000 -10 0.00839215
Car -1 -1 -10 1385.800 435.981 1917.845 870.867 -1 -1 -1 -1000 -1000 -1000 -10 0.00809436
Car -1 -1 -10 1459.481 809.040 1920.000 1200.000 -1 -1 -1 -1000 -1000 -1000 -10 0.00397321
Car -1 -1 -10 1489.865 347.540 1918.958 700.742 -1 -1 -1 -1000 -1000 -1000 -10 0.00309062
Car -1 -1 -10 9.494 746.189 315.497 1110.240 -1 -1 -1 -1000 -1000 -1000 -10 0.00166394
Car -1 -1 -10 1360.737 580.171 1917.075 1143.547 -1 -1 -1 -1000 -1000 -1000 -10 0.00456231
Car -1 -1 -10 1508.791 540.007 1920.000 815.909 -1 -1 -1 -1000 -1000 -1000 -10 0.00161864
Car -1 -1 -10 1546.659 376.336 1912.949 673.650 -1 -1 -1 -1000 -1000 -1000 -10 0.00161307
Car -1 -1 -10 0.000 650.819 453.112 913.923 -1 -1 -1 -1000 -1000 -1000 -10 0.00151939
Car -1 -1 -10 1574.656 510.136 1918.364 755.104 -1 -1 -1 -1000 -1000 -1000 -10 0.00141800
Car -1 -1 -10 1580.454 603.000 1918.264 854.389 -1 -1 -1 -1000 -1000 -1000 -10 0.00265712
Car -1 -1 -10 0.000 535.522 939.006 1200.000 -1 -1 -1 -1000 -1000 -1000 -10 0.00249620
Car -1 -1 -10 1464.061 600.242 1920.000 945.484 -1 -1 -1 -1000 -1000 -1000 -10 0.00125854
Car -1 -1 -10 0.000 760.460 221.203 1195.092 -1 -1 -1 -1000 -1000 -1000 -10 0.00238436
Car -1 -1 -10 1400.265 253.368 1920.000 658.021 -1 -1 -1 -1000 -1000 -1000 -10 0.00122574
Car -1 -1 -10 1513.628 488.223 1920.000 768.264 -1 -1 -1 -1000 -1000 -1000 -10 0.00108676
