Car -1 -1 -10 927.022 534.803 1217.126 821.364 -1 -1 -1 -1000 -1000 -1000 -10 0.99934037
Car -1 -1 -10 864.552 570.672 978.131 664.119 -1 -1 -1 -1000 -1000 -1000 -10 0.72814080
Car -1 -1 -10 1169.739 566.408 1315.813 649.314 -1 -1 -1 -1000 -1000 -1000 -10 0.01646581
Car -1 -1 -10 781.983 807.986 1401.006 1197.931 -1 -1 -1 -1000 -1000 -1000 -10 0.01122225
Car -1 -1 -10 746.892 537.432 1919.993 1197.253 -1 -1 -1 -1000 -1000 -1000 -10 0.00716596
Car -1 -1 -10 0.000 730.415 465.892 1196.739 -1 -1 -1 -1000 -1000 -1000 -10 0.01249524
Car -1 -1 -10 114.087 856.339 725.145 1196.370 -1 -1 -1 -1000 -1000 -1000 -10 0.00612183
Car -1 -1 -10 0.000 522.370 1146.108 1197.287 -1 -1 -1 -1000 -1000 -1000 -10 0.00624762
Car -1 -1 -10 890.275 862.493 1309.477 1106.051 -1 -1 -1 -1000 -1000 -1000 -10 0.00326412
Car -1 -1 -10 981.004 809.806 1246.596 1194.326 -1 -1 -1 -1000 -1000 -1000 -10 0.00324008
Car -1 -1 -10 183.609 524.286 1395.961 1200.000 -1 -1 -1 -1000 -1000 -1000 -10 0.00303984
Car -1 -1 -10 1017.755 780.723 1703.085 1200.000 -1 -1 -1 -1000 -1000 -1000 -10 0.00283979
