Car -1 -1 -10 638.300 545.832 788.440 667.158 -1 -1 -1 -1000 -1000 -1000 -10 0.99999386
Car -1 -1 -10 718.686 541.338 825.837 632.084 -1 -1 -1 -1000 -1000 -1000 -10 0.77489775
Car -1 -1 -10 248.005 512.151 581.682 790.181 -1 -1 -1 -1000 -1000 -1000 -10 0.87062167
Car -1 -1 -10 365.830 515.524 572.389 665.662 -1 -1 -1 -1000 -1000 -1000 -10 0.01609116
Car -1 -1 -10 927.653 556.193 984.778 612.591 -1 -1 -1 -1000 -1000 -1000 -10 0.00572101
Car -1 -1 -10 105.821 503.283 514.169 748.611 -1 -1 -1 -1000 -1000 -1000 -10 0.00418532
Car -1 -1 -10 369.705 521.226 555.155 700.338 -1 -1 -1 -1000 -1000 -1000 -10 0.00239604
Car -1 -1 -10 1118.686 544.137 1273.087 639.853 -1 -1 -1 -1000 -1000 -1000 -10 0.00405259
Car -1 -1 -10 1034.900 564.360 1088.603 619.157 -1 -1 -1 -1000 -1000 -1000 -10 0.00352670
Car -1 -1 -10 75.701 509.387 443.070 757.610 -1 -1 -1 -1000 -1000 -1000 -10 0.00172715
Car -1 -1 -10 748.577 3.422 1118.267 374.702 -1 -1 -1 -1000 -1000 -1000 -10 0.00158354
Car -1 -1 -10 0.000 797.229 445.401 1197.474 -1 -1 -1 -1000 -1000 -1000 -10 0.00288526
Car -1 -1 -10 405.251 539.341 470.854 794.772 -1 -1 -1 -1000 -1000 -1000 -10 0.00125416
Car -1 -1 -10 233.434 509.996 498.010 674.978 -1 -1 -1 -1000 -1000 -1000 -10 0.00122532
Car -1 -1 -10 635.841 0.000 1215.607 218.354 -1 -1 -1 -1000 -1000 -1000 -10 0.00121858
