Car -1 -1 -10 277.273 612.107 425.157 719.931 -1 -1 -1 -1000 -1000 -1000 -10 0.99880503
Car -1 -1 -10 394.298 605.800 505.660 699.116 -1 -1 -1 -1000 -1000 -1000 -10 0.98824510
Car -1 -1 -10 642.564 499.608 1232.093 755.220 -1 -1 -1 -1000 -1000 -1000 -10 0.58981644
Car -1 -1 -10 252.573 617.345 365.899 718.662 -1 -1 -1 -1000 -1000 -1000 -10 0.14801563
Car -1 -1 -10 490.727 608.208 566.831 676.602 -1 -1 -1 -1000 -1000 -1000 -10 0.12458350
Car -1 -1 -10 917.377 503.982 1284.035 731.728 -1 -1 -1 -1000 -1000 -1000 -10 0.03734797
Car -1 -1 -10 605.370 592.714 660.445 649.792 -1 -1 -1 -1000 -1000 -1000 -10 0.01671192
Car -1 -1 -10 10.048 494.241 144.188 627.844 -1 -1 -1 -1000 -1000 -1000 -10 0.01928808
Car -1 -1 -10 438.560 608.327 536.539 689.953 -1 -1 -1 -1000 -1000 -1000 -10 0.01422871
Car -1 -1 -10 599.234 498.480 913.352 756.294 -1 -1 -1 -1000 -1000 -1000 -10 0.01055228
Car -1 -1 -10 320.075 611.108 470.232 711.407 -1 -1 -1 -1000 -1000 -1000 -10 0.01183932
Car -1 -1 -10 479.835 610.386 558.814 674.328 -1 -1 -1 -1000 -1000 -1000 -10 0.00575540
Car -1 -1 -10 496.878 614.916 555.916 673.735 -1 -1 -1 -1000 -1000 -1000 -10 0.00422308
Car -1 -1 -10 621.241 517.924 943.114 740.781 -1 -1 -1 -1000 -1000 -1000 -10 0.00408601
