Car -1 -1 -10 1122.415 557.574 1251.749 666.165 -1 -1 -1 -1000 -1000 -1000 -10 0.99989530
Car -1 -1 -10 1347.263 547.443 1516.885 635.105 -1 -1 -1 -1000 -1000 -1000 -10 0.54610635
Car -1 -1 -10 865.738 1006.508 1221.493 1200.000 -1 -1 -1 -1000 -1000 -1000 -10 0.02121064
Car -1 -1 -10 853.578 567.076 904.640 615.629 -1 -1 -1 -1000 -1000 -1000 -10 0.00886625
Car -1 -1 -10 854.847 822.360 1238.054 1191.496 -1 -1 -1 -1000 -1000 -1000 -10 0.00502664
Car -1 -1 -10 317.619 781.806 917.796 1196.571 -1 -1 -1 -1000 -1000 -1000 -10 0.01152326
Car -1 -1 -10 831.722 1049.626 1226.173 1200.000 -1 -1 -1 -1000 -1000 -1000 -10 0.00385861
Car -1 -1 -10 551.976 718.273 1271.949 1197.674 -1 -1 -1 -1000 -1000 -1000 -10 0.00978763
Car -1 -1 -10 1089.606 572.951 1165.488 641.576 -1 -1 -1 -1000 -1000 -1000 -10 0.00710681
Car -1 -1 -10 941.095 805.568 1140.473 1199.954 -1 -1 -1 -1000 -1000 -1000 -10 0.00350924
Car -1 -1 -10 624.446 807.744 988.461 1193.592 -1 -1 -1 -1000 -1000 -1000 -10 0.00598319
Car -1 -1 -10 899.040 899.301 1198.697 1200.000 -1 -1 -1 -1000 -1000 -1000 -10 0.00320629
Car -1 -1 -10 941.203 1013.782 1132.508 1200.000 -1 -1 -1 -1000 -1000 -1000 -10 0.00293018
Car -1 -1 -10 539.918 672.649 850.339 1191.800 -1 -1 -1 -1000 -1000 -1000 -10 0.00481829
Car -1 -1 -10 942.966 732.654 1100.325 1200.000 -1 -1 -1 -1000 -1000 -1000 -10 0.00270781
Car -1 -1 -10 601.929 1038.925 1030.421 1200.000 -1 -1 -1 -1000 -1000 -1000 -10 0.00476202
Car -1 -1 -10 929.195 331.215 1226.519 1200.000 -1 -1 -1 -1000 -1000 -1000 -10 0.00231782
Car -1 -1 -10 643.924 343.158 938.765 1200.000 -1 -1 -1 -1000 -1000 -1000 -10 0.00229096
Car -1 -1 -10 0.000 782.618 645.467 1200.000 -1 -1 -1 -1000 -1000 -1000 -10 0.00227936
Car -1 -1 -10 790.133 340.222 1085.093 1200.000 -1 -1 -1 -1000 -1000 -1000 -10 0.00220463
Car -1 -1 -10 719.850 924.865 1369.770 1200.000 -1 -1 -1 -1000 -1000 -1000 -10 0.00400346
Car -1 -1 -10 896.761 790.597 1522.734 1190.566 -1 -1 -1 -1000 -1000 -1000 -10 0.00213346
Car -1 -1 -10 587.429 640.566 789.680 1189.238 -1 -1 -1 -1000 -1000 -1000 -10 0.00207748
Car -1 -1 -10 958.146 1095.973 1206.356 1200.000 -1 -1 -1 -1000 -1000 -1000 -10 0.00405560
Car -1 -1 -10 158.138 829.289 496.520 1197.031 -1 -1 -1 -1000 -1000 -1000 -10 0.00399474
Car -1 -1 -10 756.547 886.941 1270.588 1200.000 -1 -1 -1 -1000 -1000 -1000 -10 0.00203139
Car -1 -1 -10 753.471 483.164 1127.775 1200.000 -1 -1 -1 -1000 -1000 -1000 -10 0.00198932
Car -1 -1 -10 954.733 672.548 1134.130 1197.258 -1 -1 -1 -1000 -1000 -1000 -10 0.00195371
Car -1 -1 -10 182.667 1104.348 444.780 1200.000 -1 -1 -1 -1000 -1000 -1000 -10 0.00195321
Car -1 -1 -10 826.798 923.741 1068.037 1200.000 -1 -1 -1 -1000 -1000 -1000 -10 0.00194829
Car -1 -1 -10 1159.904 1054.011 1563.363 1200.000 -1 -1 -1 -1000 -1000 -1000 -10 0.00194261
Car -1 -1 -10 598.748 348.577 892.340 1196.969 -1 -1 -1 -1000 -1000 -1000 -10 0.00181970
