Car -1 -1 -10 980.195 576.453 1163.136 716.678 -1 -1 -1 -1000 -1000 -1000 -10 0.99994597
Car -1 -1 -10 257.211 613.549 404.603 712.781 -1 -1 -1 -1000 -1000 -1000 -10 0.99995455
Car -1 -1 -10 785.173 599.656 829.442 644.461 -1 -1 -1 -1000 -1000 -1000 -10 0.01431324
Car -1 -1 -10 1768.086 544.205 1920.000 670.707 -1 -1 -1 -1000 -1000 -1000 -10 0.00704070
Car -1 -1 -10 975.655 572.586 1083.035 689.812 -1 -1 -1 -1000 -1000 -1000 -10 0.00617623
Car -1 -1 -10 0.000 795.143 460.945 1198.130 -1 -1 -1 -1000 -1000 -1000 -10 0.00762071
Car -1 -1 -10 1386.099 441.111 1559.355 535.022 -1 -1 -1 -1000 -1000 -1000 -10 0.00631960
Car -1 -1 -10 227.813 471.506 431.625 810.899 -1 -1 -1 -1000 -1000 -1000 -10 0.00318463
Car -1 -1 -10 269.015 446.280 391.062 862.881 -1 -1 -1 -1000 -1000 -1000 -10 0.00311767
Car -1 -1 -10 238.581 646.757 411.320 1188.621 -1 -1 -1 -1000 -1000 -1000 -10 0.00142708
Car -1 -1 -10 305.350 462.081 377.223 851.291 -1 -1 -1 -1000 -1000 -1000 -10 0.00138512
Car -1 -1 -10 130.287 1066.319 532.385 1200.000 -1 -1 -1 -1000 -1000 -1000 -10 0.00238103
Car -1 -1 -10 290.187 656.062 510.001 1190.987 -1 -1 -1 -1000 -1000 -1000 -10 0.00124454
Car -1 -1 -10 1355.986 437.101 1646.698 586.448 -1 -1 -1 -1000 -1000 -1000 -10 0.00122471
Car -1 -1 -10 1838.007 558.310 1920.000 663.458 -1 -1 -1 -1000 -1000 -1000 -10 0.00121218
Car -1 -1 -10 294.423 458.095 365.774 842.372 -1 -1 -1 -1000 -1000 -1000 -10 0.00120044
Car -1 -1 -10 780.293 605.662 811.636 652.890 -1 -1 -1 -1000 -1000 -1000 -10 0.00114654
Car -1 -1 -10 306.182 1103.937 557.164 1200.000 -1 -1 -1 -1000 -1000 -1000 -10 0.00211666
Car -1 -1 -10 41.775 648.997 220.738 1196.111 -1 -1 -1 -1000 -1000 -1000 -10 0.00112512
Car -1 -1 -10 279.476 1113.821 362.715 1200.000 -1 -1 -1 -1000 -1000 -1000 -10 0.00111944
Car -1 -1 -10 4.128 601.788 62.834 659.832 -1 -1 -1 -1000 -1000 -1000 -10 0.00110435
Car -1 -1 -10 1411.337 395.537 1585.262 489.289 -1 -1 -1 -1000 -1000 -1000 -10 0.00208940
Car -1 -1 -10 0.000 799.211 210.775 1194.959 -1 -1 -1 -1000 -1000 -1000 -10 0.00107641
Car -1 -1 -10 285.009 650.174 459.257 1192.460 -1 -1 -1 -1000 -1000 -1000 -10 0.00107392
Car -1 -1 -10 362.698 829.112 522.286 1200.000 -1 -1 -1 -1000 -1000 -1000 -10 0.00105201
Car -1 -1 -10 188.015 1108.582 439.894 1200.000 -1 -1 -1 -1000 -1000 -1000 -10 0.00102337
Car -1 -1 -10 238.488 1037.827 677.723 1200.000 -1 -1 -1 -1000 -1000 -1000 -10 0.00101846
Car -1 -1 -10 122.757 781.528 725.172 1199.338 -1 -1 -1 -1000 -1000 -1000 -10 0.00101669
Car -1 -1 -10 261.695 349.994 549.773 1200.000 -1 -1 -1 -1000 -1000 -1000 -10 0.00101558
Car -1 -1 -10 261.122 740.639 386.677 1200.000 -1 -1 -1 -1000 -1000 -1000 -10 0.00101202
Car -1 -1 -10 1063.610 572.980 1169.296 689.624 -1 -1 -1 -1000 -1000 -1000 -10 0.00100799
Car -1 -1 -10 317.244 512.007 366.205 816.970 -1 -1 -1 -1000 -1000 -1000 -10 0.00099693
Car -1 -1 -10 264.736 800.976 619.491 1200.000 -1 -1 -1 -1000 -1000 -1000 -10 0.00099522
Car -1 -1 -10 306.658 353.302 595.515 1200.000 -1 -1 -1 -1000 -1000 -1000 -10 0.00099458
Car -1 -1 -10 151.595 935.981 766.157 1200.000 -1 -1 -1 -1000 -1000 -1000 -10 0.00096640
Car -1 -1 -10 308.436 743.334 434.648 1200.000 -1 -1 -1 -1000 -1000 -1000 -10 0.00096512
Car -1 -1 -10 310.500 857.880 613.229 1200.000 -1 -1 -1 -1000 -1000 -1000 -10 0.00095915
Car -1 -1 -10 904.488 665.379 1090.152 1190.542 -1 -1 -1 -1000 -1000 -1000 -10 0.00095616
Car -1 -1 -10 425.534 649.785 608.447 1192.845 -1 -1 -1 -1000 -1000 -1000 -10 0.00094786
Car -1 -1 -10 125.321 663.475 341.926 1189.035 -1 -1 -1 -1000 -1000 -1000 -10 0.00093888
Car -1 -1 -10 278.838 1087.890 337.439 1200.000 -1 -1 -1 -1000 -1000 -1000 -10 0.00090238
Car -1 -1 -10 271.531 388.444 361.001 908.188 -1 -1 -1 -1000 -1000 -1000 -10 0.00089354
