Car -1 -1 -10 787.786 567.518 837.736 618.864 -1 -1 -1 -1000 -1000 -1000 -10 0.95882805
Car -1 -1 -10 544.281 594.821 624.664 651.864 -1 -1 -1 -1000 -1000 -1000 -10 0.91068332
Car -1 -1 -10 15.078 517.345 173.092 607.814 -1 -1 -1 -1000 -1000 -1000 -10 0.00598144
Car -1 -1 -10 0.000 800.452 456.525 1198.481 -1 -1 -1 -1000 -1000 -1000 -10 0.00541146
Car -1 -1 -10 445.358 1050.706 685.182 1195.006 -1 -1 -1 -1000 -1000 -1000 -10 0.00141732
Car -1 -1 -10 458.276 1156.724 496.291 1200.000 -1 -1 -1 -1000 -1000 -1000 -10 0.00303781
Car -1 -1 -10 447.055 1104.724 697.643 1200.000 -1 -1 -1 -1000 -1000 -1000 -10 0.00189255
Car -1 -1 -10 0.000 515.868 786.471 1197.723 -1 -1 -1 -1000 -1000 -1000 -10 0.00258846
Car -1 -1 -10 0.000 490.479 252.673 632.371 -1 -1 -1 -1000 -1000 -1000 -10 0.00308178
Car -1 -1 -10 452.170 1157.265 488.727 1200.000 -1 -1 -1 -1000 -1000 -1000 -10 0.00124788
Car -1 -1 -10 0.000 492.729 138.528 587.348 -1 -1 -1 -1000 -1000 -1000 -10 0.00197741
Car -1 -1 -10 269.596 1036.034 713.388 1200.000 -1 -1 -1 -1000 -1000 -1000 -10 0.00165750
Car -1 -1 -10 787.219 500.513 836.210 675.549 -1 -1 -1 -1000 -1000 -1000 -10 0.00269133
Car -1 -1 -10 413.778 854.356 712.894 1200.000 -1 -1 -1 -1000 -1000 -1000 -10 0.00194592
Car -1 -1 -10 157.161 504.626 652.408 841.693 -1 -1 -1 -1000 -1000 -1000 -10 0.00101636
Car -1 -1 -10 12.766 513.740 309.720 846.969 -1 -1 -1 -1000 -1000 -1000 -10 0.00098840
Car -1 -1 -10 381.404 1158.308 418.194 1200.000 -1 -1 -1 -1000 -1000 -1000 -10 0.00170299
Car -1 -1 -10 450.437 1087.169 509.886 1200.000 -1 -1 -1 -1000 -1000 -1000 -10 0.00157468
Car -1 -1 -10 363.094 1057.198 755.697 1200.000 -1 -1 -1 -1000 -1000 -1000 -10 0.00095500
Car -1 -1 -10 342.679 700.737 592.577 1200.000 -1 -1 -1 -1000 -1000 -1000 -10 0.00095382
Car -1 -1 -10 38.842 542.705 202.614 631.796 -1 -1 -1 -1000 -1000 -1000 -10 0.00094296
Car -1 -1 -10 439.357 1127.178 503.327 1200.000 -1 -1 -1 -1000 -1000 -1000 -10 0.00092869
Car -1 -1 -10 475.053 646.818 652.434 1193.694 -1 -1 -1 -1000 -1000 -1000 -10 0.00155794
Car -1 -1 -10 41.539 521.521 126.805 589.877 -1 -1 -1 -1000 -1000 -1000 -10 0.00170371
Car -1 -1 -10 386.321 827.988 547.949 1200.000 -1 -1 -1 -1000 -1000 -1000 -10 0.00092449
Car -1 -1 -10 0.398 436.139 188.033 592.944 -1 -1 -1 -1000 -1000 -1000 -10 0.00141181
Car -1 -1 -10 180.953 981.811 728.764 1200.000 -1 -1 -1 -1000 -1000 -1000 -10 0.00087134
Car -1 -1 -10 792.287 546.230 831.070 604.192 -1 -1 -1 -1000 -1000 -1000 -10 0.00168568
Car -1 -1 -10 498.882 754.777 626.543 1200.000 -1 -1 -1 -1000 -1000 -1000 -10 0.00086034
Car -1 -1 -10 682.517 576.512 877.061 1175.196 -1 -1 -1 -1000 -1000 -1000 -10 0.00145735
Car -1 -1 -10 538.337 1128.908 605.792 1200.000 -1 -1 -1 -1000 -1000 -1000 -10 0.00082778
Car -1 -1 -10 315.854 377.698 477.718 989.448 -1 -1 -1 -1000 -1000 -1000 -10 0.00082494
Car -1 -1 -10 22.383 443.339 456.135 798.202 -1 -1 -1 -1000 -1000 -1000 -10 0.00082467
Car -1 -1 -10 457.353 1082.250 518.843 1200.000 -1 -1 -1 -1000 -1000 -1000 -10 0.00082133
Car -1 -1 -10 0.000 344.580 347.648 770.508 -1 -1 -1 -1000 -1000 -1000 -10 0.00081605
Car -1 -1 -10 0.000 631.011 548.884 1079.693 -1 -1 -1 -1000 -1000 -1000 -10 0.00081215
Car -1 -1 -10 0.000 298.703 408.887 813.031 -1 -1 -1 -1000 -1000 -1000 -10 0.00080788
Car -1 -1 -10 338.978 1106.871 592.965 1200.000 -1 -1 -1 -1000 -1000 -1000 -10 0.00080463
Car -1 -1 -10 451.716 1123.471 490.937 1200.000 -1 -1 -1 -1000 -1000 -1000 -10 0.00080462
Car -1 -1 -10 0.989 518.506 57.657 588.959 -1 -1 -1 -1000 -1000 -1000 -10 0.00079309
Car -1 -1 -10 126.959 771.392 782.231 1200.000 -1 -1 -1 -1000 -1000 -1000 -10 0.00076208
Car -1 -1 -10 1.236 541.530 127.722 631.313 -1 -1 -1 -1000 -1000 -1000 -10 0.00126765
Car -1 -1 -10 461.041 1002.127 671.035 1200.000 -1 -1 -1 -1000 -1000 -1000 -10 0.00076096
Car -1 -1 -10 431.526 1119.167 511.262 1200.000 -1 -1 -1 -1000 -1000 -1000 -10 0.00075945
Car -1 -1 -10 45.448 494.265 215.974 586.591 -1 -1 -1 -1000 -1000 -1000 -10 0.00075663
Car -1 -1 -10 0.000 936.833 316.364 1200.000 -1 -1 -1 -1000 -1000 -1000 -10 0.00135608
Car -1 -1 -10 1468.448 808.176 1920.000 1200.000 -1 -1 -1 -1000 -1000 -1000 -10 0.00142631
Car -1 -1 -10 429.736 660.387 603.853 1195.782 -1 -1 -1 -1000 -1000 -1000 -10 0.00072991
Car -1 -1 -10 520.509 1010.497 618.890 1200.000 -1 -1 -1 -1000 -1000 -1000 -10 0.00072851
Car -1 -1 -10 1.340 490.157 301.580 767.781 -1 -1 -1 -1000 -1000 -1000 -10 0.00071567
Car -1 -1 -10 404.601 638.668 580.958 1192.509 -1 -1 -1 -1000 -1000 -1000 -10 0.00067270
Car -1 -1 -10 1571.140 569.115 1920.000 1200.000 -1 -1 -1 -1000 -1000 -1000 -10 0.00065493
Car -1 -1 -10 385.711 1123.674 425.213 1200.000 -1 -1 -1 -1000 -1000 -1000 -10 0.00064176
Car -1 -1 -10 1265.140 238.345 1647.111 496.535 -1 -1 -1 -1000 -1000 -1000 -10 0.00064160
Car -1 -1 -10 370.452 1114.567 451.910 1200.000 -1 -1 -1 -1000 -1000 -1000 -10 0.00063323
Car -1 -1 -10 756.122 642.857 944.332 1192.669 -1 -1 -1 -1000 -1000 -1000 -10 0.00062760
Car -1 -1 -10 592.164 604.966 774.698 1182.880 -1 -1 -1 -1000 -1000 -1000 -10 0.00114516
Car -1 -1 -10 230.310 325.537 583.527 1028.818 -1 -1 -1 -1000 -1000 -1000 -10 0.00060875
Car -1 -1 -10 1.091 506.285 56.995 580.556 -1 -1 -1 -1000 -1000 -1000 -10 0.00060825
Car -1 -1 -10 61.762 342.887 367.511 1200.000 -1 -1 -1 -1000 -1000 -1000 -10 0.00114674
Car -1 -1 -10 5.026 512.610 469.021 839.004 -1 -1 -1 -1000 -1000 -1000 -10 0.00058250
Car -1 -1 -10 461.594 1127.672 529.226 1200.000 -1 -1 -1 -1000 -1000 -1000 -10 0.00057348
Car -1 -1 -10 549.473 1159.198 586.681 1200.000 -1 -1 -1 -1000 -1000 -1000 -10 0.00057326
Car -1 -1 -10 402.158 570.288 550.695 655.090 -1 -1 -1 -1000 -1000 -1000 -10 0.00056338
Car -1 -1 -10 1445.207 191.090 1903.944 739.940 -1 -1 -1 -1000 -1000 -1000 -10 0.00054890
Car -1 -1 -10 0.000 456.133 86.424 615.132 -1 -1 -1 -1000 -1000 -1000 -10 0.00053853
Car -1 -1 -10 463.244 1143.887 514.647 1200.000 -1 -1 -1 -1000 -1000 -1000 -10 0.00050676
Car -1 -1 -10 484.505 817.145 643.950 1200.000 -1 -1 -1 -1000 -1000 -1000 -10 0.00050422
Car -1 -1 -10 429.882 736.494 555.629 1200.000 -1 -1 -1 -1000 -1000 -1000 -10 0.00049344
