Car -1 -1 -10 0.000 13.811 1569.696 1166.186 -1 -1 -1 -1000 -1000 -1000 -10 0.18427830
Car -1 -1 -10 0.000 469.637 1027.047 1200.000 -1 -1 -1 -1000 -1000 -1000 -10 0.05494951
Car -1 -1 -10 744.703 309.791 1900.515 1087.039 -1 -1 -1 -1000 -1000 -1000 -10 0.02163894
Car -1 -1 -10 0.000 74.095 742.827 932.955 -1 -1 -1 -1000 -1000 -1000 -10 0.01759398
Car -1 -1 -10 297.202 403.601 1720.050 1187.672 -1 -1 -1 -1000 -1000 -1000 -10 0.01823710
Car -1 -1 -10 0.000 438.264 597.189 864.487 -1 -1 -1 -1000 -1000 -1000 -10 0.02210076
Car -1 -1 -10 2.700 99.739 533.341 1112.266 -1 -1 -1 -1000 -1000 -1000 -10 0.02301162
Car -1 -1 -10 4.440 101.522 1038.807 873.590 -1 -1 -1 -1000 -1000 -1000 -10 0.00789255
Car -1 -1 -10 0.000 37.439 660.849 809.071 -1 -1 -1 -1000 -1000 -1000 -10 0.00732488
Car -1 -1 -10 5.967 585.561 546.501 1182.476 -1 -1 -1 -1000 -1000 -1000 -10 0.01940077
Car -1 -1 -10 129.782 17.941 398.670 1185.746 -1 -1 -1 -1000 -1000 -1000 -10 0.01173191
Car -1 -1 -10 0.000 92.590 666.877 597.432 -1 -1 -1 -1000 -1000 -1000 -10 0.00590583
Car -1 -1 -10 979.908 382.567 1648.478 749.587 -1 -1 -1 -1000 -1000 -1000 -10 0.01089117
Car -1 -1 -10 0.000 369.221 542.237 767.505 -1 -1 -1 -1000 -1000 -1000 -10 0.00569245
Car -1 -1 -10 208.792 293.399 341.343 1008.726 -1 -1 -1 -1000 -1000 -1000 -10 0.00557908
Car -1 -1 -10 0.000 622.950 586.868 1100.921 -1 -1 -1 -1000 -1000 -1000 -10 0.00557058
Car -1 -1 -10 759.598 378.437 1701.664 925.649 -1 -1 -1 -1000 -1000 -1000 -10 0.01010846
Car -1 -1 -10 158.684 561.410 600.985 794.474 -1 -1 -1 -1000 -1000 -1000 -10 0.00506247
Car -1 -1 -10 25.998 84.415 295.091 1191.599 -1 -1 -1 -1000 -1000 -1000 -10 0.00941326
Car -1 -1 -10 58.682 563.549 503.890 793.046 -1 -1 -1 -1000 -1000 -1000 -10 0.01370601
Car -1 -1 -10 1477.359 406.573 1920.000 1200.000 -1 -1 -1 -1000 -1000 -1000 -10 0.00482968
Car -1 -1 -10 1211.914 16.685 1920.000 1173.163 -1 -1 -1 -1000 -1000 -1000 -10 0.00478068
Car -1 -1 -10 306.038 286.814 437.188 1012.062 -1 -1 -1 -1000 -1000 -1000 -10 0.00905380
Car -1 -1 -10 122.791 335.394 431.273 899.156 -1 -1 -1 -1000 -1000 -1000 -10 0.00471212
Car -1 -1 -10 160.616 342.846 291.346 1068.805 -1 -1 -1 -1000 -1000 -1000 -10 0.00470218
Car -1 -1 -10 235.462 119.986 495.276 1187.292 -1 -1 -1 -1000 -1000 -1000 -10 0.00469755
Car -1 -1 -10 404.522 284.006 535.784 1017.530 -1 -1 -1 -1000 -1000 -1000 -10 0.00469443
Car -1 -1 -10 1309.619 193.450 1920.000 558.164 -1 -1 -1 -1000 -1000 -1000 -10 0.00459636
Car -1 -1 -10 97.626 310.938 413.087 460.038 -1 -1 -1 -1000 -1000 -1000 -10 0.00832778
Car -1 -1 -10 1134.263 425.578 1598.625 639.131 -1 -1 -1 -1000 -1000 -1000 -10 0.00450122
Car -1 -1 -10 1313.682 252.164 1918.703 649.730 -1 -1 -1 -1000 -1000 -1000 -10 0.00449944
Car -1 -1 -10 88.743 16.883 335.560 1200.000 -1 -1 -1 -1000 -1000 -1000 -10 0.00881647
Car -1 -1 -10 1424.751 218.106 1920.000 1200.000 -1 -1 -1 -1000 -1000 -1000 -10 0.00443109
Car -1 -1 -10 256.553 330.917 386.111 1063.134 -1 -1 -1 -1000 -1000 -1000 -10 0.00428172
Car -1 -1 -10 0.000 17.068 645.324 360.604 -1 -1 -1 -1000 -1000 -1000 -10 0.00424537
Car -1 -1 -10 867.954 332.098 1561.564 973.089 -1 -1 -1 -1000 -1000 -1000 -10 0.00423108
Car -1 -1 -10 226.261 312.261 560.274 924.330 -1 -1 -1 -1000 -1000 -1000 -10 0.00828262
Car -1 -1 -10 46.002 304.912 408.189 941.936 -1 -1 -1 -1000 -1000 -1000 -10 0.00416793
Car -1 -1 -10 0.000 43.405 607.077 448.484 -1 -1 -1 -1000 -1000 -1000 -10 0.00407295
Car -1 -1 -10 215.055 317.912 538.327 466.071 -1 -1 -1 -1000 -1000 -1000 -10 0.00406173
Car -1 -1 -10 42.353 341.319 738.391 753.158 -1 -1 -1 -1000 -1000 -1000 -10 0.00402145
Car -1 -1 -10 144.217 333.381 629.481 611.249 -1 -1 -1 -1000 -1000 -1000 -10 0.00398261
Car -1 -1 -10 198.573 49.700 420.350 1176.964 -1 -1 -1 -1000 -1000 -1000 -10 0.00395542
Car -1 -1 -10 0.000 791.944 479.138 1200.000 -1 -1 -1 -1000 -1000 -1000 -10 0.00366989
Car -1 -1 -10 287.440 41.873 582.996 1200.000 -1 -1 -1 -1000 -1000 -1000 -10 0.00361735
Car -1 -1 -10 1468.397 11.741 1845.686 708.948 -1 -1 -1 -1000 -1000 -1000 -10 0.00361015
