Car -1 -1 -10 139.312 598.951 275.451 687.472 -1 -1 -1 -1000 -1000 -1000 -10 0.99958958
Car -1 -1 -10 384.769 591.796 586.508 714.616 -1 -1 -1 -1000 -1000 -1000 -10 0.99920274
Car -1 -1 -10 568.861 583.083 625.698 636.992 -1 -1 -1 -1000 -1000 -1000 -10 0.05649064
Car -1 -1 -10 480.607 604.855 596.387 710.093 -1 -1 -1 -1000 -1000 -1000 -10 0.01711325
Car -1 -1 -10 676.223 580.557 728.292 633.933 -1 -1 -1 -1000 -1000 -1000 -10 0.00770295
Car -1 -1 -10 658.979 582.274 714.533 636.102 -1 -1 -1 -1000 -1000 -1000 -10 0.01001146
Car -1 -1 -10 481.402 584.148 594.190 697.863 -1 -1 -1 -1000 -1000 -1000 -10 0.00542105
Car -1 -1 -10 377.792 596.828 455.765 663.257 -1 -1 -1 -1000 -1000 -1000 -10 0.00509246
Car -1 -1 -10 509.085 594.249 586.048 665.356 -1 -1 -1 -1000 -1000 -1000 -10 0.00512844
Car -1 -1 -10 542.761 591.991 591.965 647.558 -1 -1 -1 -1000 -1000 -1000 -10 0.00407945
Car -1 -1 -10 372.292 591.034 489.181 693.877 -1 -1 -1 -1000 -1000 -1000 -10 0.00276015
Car -1 -1 -10 0.000 799.533 456.218 1199.365 -1 -1 -1 -1000 -1000 -1000 -10 0.00515365
Car -1 -1 -10 447.343 0.000 1033.258 211.346 -1 -1 -1 -1000 -1000 -1000 -10 0.00288899
Car -1 -1 -10 253.871 645.144 440.522 1196.070 -1 -1 -1 -1000 -1000 -1000 -10 0.00117361
Car -1 -1 -10 153.977 423.452 222.543 801.170 -1 -1 -1 -1000 -1000 -1000 -10 0.00113458
Car -1 -1 -10 0.000 797.259 199.987 1195.136 -1 -1 -1 -1000 -1000 -1000 -10 0.00294894
Car -1 -1 -10 675.745 3.291 800.536 124.381 -1 -1 -1 -1000 -1000 -1000 -10 0.00111255
Car -1 -1 -10 559.909 6.355 929.675 372.920 -1 -1 -1 -1000 -1000 -1000 -10 0.00196159
Car -1 -1 -10 0.000 0.000 294.165 213.458 -1 -1 -1 -1000 -1000 -1000 -10 0.00198690
Car -1 -1 -10 597.246 8.437 879.813 160.149 -1 -1 -1 -1000 -1000 -1000 -10 0.00187262
Car -1 -1 -10 253.756 685.557 493.350 1200.000 -1 -1 -1 -1000 -1000 -1000 -10 0.00098284
Car -1 -1 -10 723.449 2.836 847.744 124.188 -1 -1 -1 -1000 -1000 -1000 -10 0.00097160
Car -1 -1 -10 234.880 1094.249 395.549 1189.762 -1 -1 -1 -1000 -1000 -1000 -10 0.00185955
Car -1 -1 -10 123.568 1065.199 513.812 1200.000 -1 -1 -1 -1000 -1000 -1000 -10 0.00094919
Car -1 -1 -10 184.923 435.773 255.683 810.225 -1 -1 -1 -1000 -1000 -1000 -10 0.00094746
Car -1 -1 -10 438.144 494.245 484.860 795.458 -1 -1 -1 -1000 -1000 -1000 -10 0.00094303
Car -1 -1 -10 517.225 588.496 596.237 653.813 -1 -1 -1 -1000 -1000 -1000 -10 0.00093521
Car -1 -1 -10 17.335 595.554 165.443 675.522 -1 -1 -1 -1000 -1000 -1000 -10 0.00093452
Car -1 -1 -10 663.499 25.776 789.043 148.930 -1 -1 -1 -1000 -1000 -1000 -10 0.00093295
Car -1 -1 -10 666.058 38.900 845.980 511.849 -1 -1 -1 -1000 -1000 -1000 -10 0.00089724
Car -1 -1 -10 0.000 0.000 440.898 321.058 -1 -1 -1 -1000 -1000 -1000 -10 0.00172237
Car -1 -1 -10 177.212 586.272 378.177 1182.717 -1 -1 -1 -1000 -1000 -1000 -10 0.00085495
Car -1 -1 -10 451.686 577.272 572.557 685.438 -1 -1 -1 -1000 -1000 -1000 -10 0.00083260
Car -1 -1 -10 181.822 1063.264 571.680 1200.000 -1 -1 -1 -1000 -1000 -1000 -10 0.00082863
Car -1 -1 -10 378.770 638.769 557.453 1193.152 -1 -1 -1 -1000 -1000 -1000 -10 0.00082669
Car -1 -1 -10 261.514 1158.664 297.842 1200.000 -1 -1 -1 -1000 -1000 -1000 -10 0.00081956
Car -1 -1 -10 321.750 687.341 570.426 1199.942 -1 -1 -1 -1000 -1000 -1000 -10 0.00080850
Car -1 -1 -10 227.420 594.566 420.990 1179.826 -1 -1 -1 -1000 -1000 -1000 -10 0.00080843
Car -1 -1 -10 0.000 939.945 314.191 1200.000 -1 -1 -1 -1000 -1000 -1000 -10 0.00080272
Car -1 -1 -10 344.139 1106.691 593.262 1200.000 -1 -1 -1 -1000 -1000 -1000 -10 0.00080131
Car -1 -1 -10 51.335 577.804 256.260 1191.301 -1 -1 -1 -1000 -1000 -1000 -10 0.00079134
Car -1 -1 -10 313.812 844.965 613.251 1200.000 -1 -1 -1 -1000 -1000 -1000 -10 0.00156140
Car -1 -1 -10 251.037 1061.031 648.323 1200.000 -1 -1 -1 -1000 -1000 -1000 -10 0.00078144
Car -1 -1 -10 169.404 356.136 255.504 891.247 -1 -1 -1 -1000 -1000 -1000 -10 0.00077988
Car -1 -1 -10 307.366 746.158 433.935 1200.000 -1 -1 -1 -1000 -1000 -1000 -10 0.00077437
Car -1 -1 -10 172.488 494.045 223.304 790.872 -1 -1 -1 -1000 -1000 -1000 -10 0.00076677
Car -1 -1 -10 616.238 12.387 764.813 115.877 -1 -1 -1 -1000 -1000 -1000 -10 0.00074944
Car -1 -1 -10 579.047 2.951 704.950 124.134 -1 -1 -1 -1000 -1000 -1000 -10 0.00073373
Car -1 -1 -10 449.543 497.565 497.779 799.909 -1 -1 -1 -1000 -1000 -1000 -10 0.00073334
