Car -1 -1 -10 707.034 606.045 785.667 672.810 -1 -1 -1 -1000 -1000 -1000 -10 0.98784778
Car -1 -1 -10 347.159 624.065 427.580 683.833 -1 -1 -1 -1000 -1000 -1000 -10 0.82430506
Car -1 -1 -10 450.434 621.719 533.992 677.592 -1 -1 -1 -1000 -1000 -1000 -10 0.38311397
Car -1 -1 -10 913.527 612.351 986.996 678.220 -1 -1 -1 -1000 -1000 -1000 -10 0.02659432
Car -1 -1 -10 919.308 613.948 1020.423 695.240 -1 -1 -1 -1000 -1000 -1000 -10 0.00800684
Car -1 -1 -10 903.942 596.312 1040.388 688.938 -1 -1 -1 -1000 -1000 -1000 -10 0.00755778
Car -1 -1 -10 923.427 593.526 1086.330 689.058 -1 -1 -1 -1000 -1000 -1000 -10 0.00248203
Car -1 -1 -10 0.000 794.261 465.155 1198.226 -1 -1 -1 -1000 -1000 -1000 -10 0.00829046
Car -1 -1 -10 21.807 722.725 240.063 1195.518 -1 -1 -1 -1000 -1000 -1000 -10 0.00267721
Car -1 -1 -10 1463.917 802.468 1920.000 1199.979 -1 -1 -1 -1000 -1000 -1000 -10 0.00351294
Car -1 -1 -10 1568.669 559.097 1920.000 1200.000 -1 -1 -1 -1000 -1000 -1000 -10 0.00119696
Car -1 -1 -10 17.020 986.942 426.951 1200.000 -1 -1 -1 -1000 -1000 -1000 -10 0.00228525
Car -1 -1 -10 486.943 1101.656 730.837 1200.000 -1 -1 -1 -1000 -1000 -1000 -10 0.00104031
Car -1 -1 -10 0.000 937.966 320.779 1200.000 -1 -1 -1 -1000 -1000 -1000 -10 0.00098699
Car -1 -1 -10 527.400 1125.820 593.149 1200.000 -1 -1 -1 -1000 -1000 -1000 -10 0.00097816
Car -1 -1 -10 576.334 1127.400 642.847 1200.000 -1 -1 -1 -1000 -1000 -1000 -10 0.00096528
Car -1 -1 -10 0.000 1106.251 48.858 1200.000 -1 -1 -1 -1000 -1000 -1000 -10 0.00094165
Car -1 -1 -10 568.745 1117.782 649.075 1200.000 -1 -1 -1 -1000 -1000 -1000 -10 0.00093218
Car -1 -1 -10 438.525 1158.564 476.713 1200.000 -1 -1 -1 -1000 -1000 -1000 -10 0.00092939
Car -1 -1 -10 1.372 1023.584 288.942 1200.000 -1 -1 -1 -1000 -1000 -1000 -10 0.00092405
Car -1 -1 -10 8.669 1085.203 294.780 1200.000 -1 -1 -1 -1000 -1000 -1000 -10 0.00091787
Car -1 -1 -10 505.071 1085.363 818.943 1200.000 -1 -1 -1 -1000 -1000 -1000 -10 0.00091253
Car -1 -1 -10 74.265 827.593 235.156 1200.000 -1 -1 -1 -1000 -1000 -1000 -10 0.00089729
Car -1 -1 -10 378.778 1105.628 629.495 1200.000 -1 -1 -1 -1000 -1000 -1000 -10 0.00083956
Car -1 -1 -10 530.914 1087.607 590.107 1200.000 -1 -1 -1 -1000 -1000 -1000 -10 0.00080589
