Car -1 -1 -10 1360.426 526.550 1587.692 684.344 -1 -1 -1 -1000 -1000 -1000 -10 0.99785843
Car -1 -1 -10 902.629 556.188 1025.331 672.642 -1 -1 -1 -1000 -1000 -1000 -10 0.87485787
Car -1 -1 -10 649.881 552.245 741.651 631.715 -1 -1 -1 -1000 -1000 -1000 -10 0.99487327
Car -1 -1 -10 1444.498 534.286 1605.698 650.385 -1 -1 -1 -1000 -1000 -1000 -10 0.01555952
Car -1 -1 -10 1183.818 1155.960 1222.120 1200.000 -1 -1 -1 -1000 -1000 -1000 -10 0.01092483
Car -1 -1 -10 1201.329 1126.492 1266.903 1200.000 -1 -1 -1 -1000 -1000 -1000 -10 0.00303110
Car -1 -1 -10 1215.497 1155.707 1253.680 1200.000 -1 -1 -1 -1000 -1000 -1000 -10 0.00823465
Car -1 -1 -10 1178.151 1105.122 1226.629 1200.000 -1 -1 -1 -1000 -1000 -1000 -10 0.00248759
Car -1 -1 -10 1165.345 1113.943 1242.439 1200.000 -1 -1 -1 -1000 -1000 -1000 -10 0.00225784
Car -1 -1 -10 888.055 551.528 985.070 642.736 -1 -1 -1 -1000 -1000 -1000 -10 0.00384630
Car -1 -1 -10 1344.294 525.541 1482.437 655.424 -1 -1 -1 -1000 -1000 -1000 -10 0.00376067
Car -1 -1 -10 1206.860 1085.271 1265.733 1200.000 -1 -1 -1 -1000 -1000 -1000 -10 0.00403386
Car -1 -1 -10 1178.464 1123.679 1216.705 1200.000 -1 -1 -1 -1000 -1000 -1000 -10 0.00203053
Car -1 -1 -10 1174.074 1087.806 1231.547 1200.000 -1 -1 -1 -1000 -1000 -1000 -10 0.00360400
Car -1 -1 -10 940.417 557.728 1017.226 635.670 -1 -1 -1 -1000 -1000 -1000 -10 0.00182368
Car -1 -1 -10 965.236 559.872 1005.830 627.149 -1 -1 -1 -1000 -1000 -1000 -10 0.00175801
Car -1 -1 -10 0.000 527.588 97.300 665.049 -1 -1 -1 -1000 -1000 -1000 -10 0.00169144
Car -1 -1 -10 1025.267 1102.659 1195.878 1200.000 -1 -1 -1 -1000 -1000 -1000 -10 0.00164078
Car -1 -1 -10 3.447 534.007 114.077 688.978 -1 -1 -1 -1000 -1000 -1000 -10 0.00319924
Car -1 -1 -10 1157.969 1099.546 1270.864 1200.000 -1 -1 -1 -1000 -1000 -1000 -10 0.00158087
Car -1 -1 -10 1407.349 737.738 1734.443 1185.258 -1 -1 -1 -1000 -1000 -1000 -10 0.00154288
Car -1 -1 -10 1155.845 1084.960 1214.183 1200.000 -1 -1 -1 -1000 -1000 -1000 -10 0.00304290
Car -1 -1 -10 917.136 1030.090 1342.711 1200.000 -1 -1 -1 -1000 -1000 -1000 -10 0.00138883
Car -1 -1 -10 0.000 510.954 142.565 713.049 -1 -1 -1 -1000 -1000 -1000 -10 0.00138058
