Car -1 -1 -10 1240.177 664.223 1415.226 753.285 -1 -1 -1 -1000 -1000 -1000 -10 0.94060355
Car -1 -1 -10 1795.221 671.207 1920.000 737.697 -1 -1 -1 -1000 -1000 -1000 -10 0.00875077
Car -1 -1 -10 0.000 645.415 437.602 1200.000 -1 -1 -1 -1000 -1000 -1000 -10 0.00588193
Car -1 -1 -10 0.000 796.702 465.340 1200.000 -1 -1 -1 -1000 -1000 -1000 -10 0.00486031
Car -1 -1 -10 1787.393 652.583 1920.000 731.030 -1 -1 -1 -1000 -1000 -1000 -10 0.00446692
Car -1 -1 -10 1841.412 665.266 1920.000 724.787 -1 -1 -1 -1000 -1000 -1000 -10 0.00216253
Car -1 -1 -10 573.427 620.743 652.731 691.064 -1 -1 -1 -1000 -1000 -1000 -10 0.00198965
Car -1 -1 -10 50.946 612.441 265.146 1190.398 -1 -1 -1 -1000 -1000 -1000 -10 0.00179286
Car -1 -1 -10 18.511 578.980 151.994 1192.715 -1 -1 -1 -1000 -1000 -1000 -10 0.00177227
Car -1 -1 -10 182.433 574.028 321.423 1197.838 -1 -1 -1 -1000 -1000 -1000 -10 0.00308024
Car -1 -1 -10 105.796 546.577 256.235 1200.000 -1 -1 -1 -1000 -1000 -1000 -10 0.00152315
Car -1 -1 -10 0.000 929.274 229.044 1200.000 -1 -1 -1 -1000 -1000 -1000 -10 0.00151488
Car -1 -1 -10 60.756 171.807 365.186 1191.401 -1 -1 -1 -1000 -1000 -1000 -10 0.00150636
Car -1 -1 -10 0.000 534.044 706.238 1200.000 -1 -1 -1 -1000 -1000 -1000 -10 0.00145971
Car -1 -1 -10 0.000 927.142 332.336 1200.000 -1 -1 -1 -1000 -1000 -1000 -10 0.00284197
Car -1 -1 -10 0.000 1008.612 257.633 1200.000 -1 -1 -1 -1000 -1000 -1000 -10 0.00141219
Car -1 -1 -10 236.141 596.574 365.107 1191.737 -1 -1 -1 -1000 -1000 -1000 -10 0.00140249
Car -1 -1 -10 48.642 629.895 209.932 1200.000 -1 -1 -1 -1000 -1000 -1000 -10 0.00139197
Car -1 -1 -10 0.000 614.800 317.010 1141.564 -1 -1 -1 -1000 -1000 -1000 -10 0.00138081
Car -1 -1 -10 0.000 1109.326 123.964 1200.000 -1 -1 -1 -1000 -1000 -1000 -10 0.00128314
