Car -1 -1 -10 1499.334 543.094 1702.059 623.041 -1 -1 -1 -1000 -1000 -1000 -10 0.96570635
Car -1 -1 -10 1082.124 556.651 1281.607 630.512 -1 -1 -1 -1000 -1000 -1000 -10 0.55481840
Car -1 -1 -10 107.582 569.363 265.499 648.526 -1 -1 -1 -1000 -1000 -1000 -10 0.04496135
Car -1 -1 -10 1814.820 550.729 1919.948 622.198 -1 -1 -1 -1000 -1000 -1000 -10 0.03657917
Car -1 -1 -10 0.000 622.547 512.904 1200.000 -1 -1 -1 -1000 -1000 -1000 -10 0.02216957
Car -1 -1 -10 0.000 786.306 455.689 1194.091 -1 -1 -1 -1000 -1000 -1000 -10 0.01404518
Car -1 -1 -10 1679.320 547.710 1828.442 615.741 -1 -1 -1 -1000 -1000 -1000 -10 0.01281196
Car -1 -1 -10 1056.383 812.031 1718.572 1194.651 -1 -1 -1 -1000 -1000 -1000 -10 0.01524775
Car -1 -1 -10 390.778 816.442 1049.441 1187.876 -1 -1 -1 -1000 -1000 -1000 -10 0.01150365
Car -1 -1 -10 642.156 513.564 1810.816 1198.461 -1 -1 -1 -1000 -1000 -1000 -10 0.00736035
Car -1 -1 -10 1825.634 553.359 1909.575 609.429 -1 -1 -1 -1000 -1000 -1000 -10 0.00692583
Car -1 -1 -10 1271.708 771.479 1920.000 1200.000 -1 -1 -1 -1000 -1000 -1000 -10 0.00622613
Car -1 -1 -10 645.401 801.806 1334.024 1200.000 -1 -1 -1 -1000 -1000 -1000 -10 0.00623275
Car -1 -1 -10 0.000 500.558 946.314 1188.339 -1 -1 -1 -1000 -1000 -1000 -10 0.00640964
Car -1 -1 -10 638.622 1029.858 1079.663 1200.000 -1 -1 -1 -1000 -1000 -1000 -10 0.00329477
Car -1 -1 -10 1403.344 545.610 1562.793 624.356 -1 -1 -1 -1000 -1000 -1000 -10 0.00308737
Car -1 -1 -10 1005.687 1031.663 1448.944 1200.000 -1 -1 -1 -1000 -1000 -1000 -10 0.00298756
Car -1 -1 -10 1759.441 550.024 1918.732 616.968 -1 -1 -1 -1000 -1000 -1000 -10 0.00296165
Car -1 -1 -10 756.189 1031.352 1216.324 1200.000 -1 -1 -1 -1000 -1000 -1000 -10 0.00285898
Car -1 -1 -10 822.674 837.063 1175.090 1193.413 -1 -1 -1 -1000 -1000 -1000 -10 0.00283857
Car -1 -1 -10 907.170 931.605 1545.773 1200.000 -1 -1 -1 -1000 -1000 -1000 -10 0.00234980
