Car -1 -1 -10 681.113 582.416 794.883 673.242 -1 -1 -1 -1000 -1000 -1000 -10 0.99978930
Car -1 -1 -10 263.348 541.301 569.009 760.160 -1 -1 -1 -1000 -1000 -1000 -10 0.99988455
Car -1 -1 -10 523.707 588.187 617.818 663.804 -1 -1 -1 -1000 -1000 -1000 -10 0.83891523
Car -1 -1 -10 605.803 587.830 670.705 643.258 -1 -1 -1 -1000 -1000 -1000 -10 0.67073357
Car -1 -1 -10 215.099 562.788 371.043 666.223 -1 -1 -1 -1000 -1000 -1000 -10 0.00647058
Car -1 -1 -10 158.419 1157.836 196.534 1200.000 -1 -1 -1 -1000 -1000 -1000 -10 0.00564379
Car -1 -1 -10 309.745 535.237 466.717 643.257 -1 -1 -1 -1000 -1000 -1000 -10 0.00399679
Car -1 -1 -10 0.000 795.805 455.632 1198.898 -1 -1 -1 -1000 -1000 -1000 -10 0.00696234
Car -1 -1 -10 1578.708 571.014 1920.000 1200.000 -1 -1 -1 -1000 -1000 -1000 -10 0.00334823
Car -1 -1 -10 518.619 590.483 568.851 646.842 -1 -1 -1 -1000 -1000 -1000 -10 0.00178783
Car -1 -1 -10 164.076 567.738 307.919 663.081 -1 -1 -1 -1000 -1000 -1000 -10 0.00177821
Car -1 -1 -10 188.965 583.220 327.762 684.476 -1 -1 -1 -1000 -1000 -1000 -10 0.00174583
Car -1 -1 -10 143.024 1131.117 211.808 1200.000 -1 -1 -1 -1000 -1000 -1000 -10 0.00168774
Car -1 -1 -10 149.348 1089.190 206.165 1200.000 -1 -1 -1 -1000 -1000 -1000 -10 0.00144251
