Car -1 -1 -10 252.576 639.955 410.596 738.057 -1 -1 -1 -1000 -1000 -1000 -10 0.99993375
Car -1 -1 -10 980.481 593.381 1135.629 736.744 -1 -1 -1 -1000 -1000 -1000 -10 0.99943154
Car -1 -1 -10 940.165 618.962 1011.698 695.194 -1 -1 -1 -1000 -1000 -1000 -10 0.99818864
Car -1 -1 -10 457.551 629.197 553.671 709.908 -1 -1 -1 -1000 -1000 -1000 -10 0.91053060
Car -1 -1 -10 578.881 646.829 636.146 692.408 -1 -1 -1 -1000 -1000 -1000 -10 0.01215844
Car -1 -1 -10 1071.847 593.438 1167.080 675.237 -1 -1 -1 -1000 -1000 -1000 -10 0.00718104
Car -1 -1 -10 1039.975 590.017 1149.488 698.043 -1 -1 -1 -1000 -1000 -1000 -10 0.00293802
Car -1 -1 -10 954.792 607.861 1049.366 704.332 -1 -1 -1 -1000 -1000 -1000 -10 0.00704306
Car -1 -1 -10 225.792 493.846 434.491 833.825 -1 -1 -1 -1000 -1000 -1000 -10 0.00357582
Car -1 -1 -10 590.356 644.043 642.603 694.132 -1 -1 -1 -1000 -1000 -1000 -10 0.00318676
Car -1 -1 -10 1104.483 582.119 1144.670 654.114 -1 -1 -1 -1000 -1000 -1000 -10 0.00186357
Car -1 -1 -10 442.436 643.149 516.045 713.023 -1 -1 -1 -1000 -1000 -1000 -10 0.00290361
Car -1 -1 -10 1071.444 567.087 1218.287 665.270 -1 -1 -1 -1000 -1000 -1000 -10 0.00166850
Car -1 -1 -10 1080.898 577.737 1169.832 664.499 -1 -1 -1 -1000 -1000 -1000 -10 0.00166749
Car -1 -1 -10 272.568 466.882 395.533 884.080 -1 -1 -1 -1000 -1000 -1000 -10 0.00164272
Car -1 -1 -10 0.000 801.326 456.497 1199.326 -1 -1 -1 -1000 -1000 -1000 -10 0.00621224
Car -1 -1 -10 463.686 634.520 523.320 688.529 -1 -1 -1 -1000 -1000 -1000 -10 0.00390936
Car -1 -1 -10 984.067 385.942 1130.047 856.059 -1 -1 -1 -1000 -1000 -1000 -10 0.00261682
Car -1 -1 -10 481.235 634.818 541.396 690.026 -1 -1 -1 -1000 -1000 -1000 -10 0.00143500
Car -1 -1 -10 214.648 644.919 387.958 1186.272 -1 -1 -1 -1000 -1000 -1000 -10 0.00136813
Car -1 -1 -10 295.659 414.654 383.572 947.185 -1 -1 -1 -1000 -1000 -1000 -10 0.00135616
Car -1 -1 -10 283.772 480.049 352.978 878.383 -1 -1 -1 -1000 -1000 -1000 -10 0.00243673
Car -1 -1 -10 919.412 611.961 988.695 681.239 -1 -1 -1 -1000 -1000 -1000 -10 0.00125715
Car -1 -1 -10 356.218 645.729 529.255 1187.667 -1 -1 -1 -1000 -1000 -1000 -10 0.00118963
Car -1 -1 -10 471.423 582.502 517.914 743.216 -1 -1 -1 -1000 -1000 -1000 -10 0.00115499
Car -1 -1 -10 447.052 1158.158 484.435 1200.000 -1 -1 -1 -1000 -1000 -1000 -10 0.00110941
Car -1 -1 -10 15.379 606.590 205.917 1186.766 -1 -1 -1 -1000 -1000 -1000 -10 0.00110060
Car -1 -1 -10 999.080 345.644 1118.378 1004.945 -1 -1 -1 -1000 -1000 -1000 -10 0.00106820
Car -1 -1 -10 284.844 647.447 457.275 1187.170 -1 -1 -1 -1000 -1000 -1000 -10 0.00103346
Car -1 -1 -10 487.203 623.303 515.192 720.208 -1 -1 -1 -1000 -1000 -1000 -10 0.00101176
