Car -1 -1 -10 334.519 551.014 1669.501 1179.668 -1 -1 -1 -1000 -1000 -1000 -10 0.36355013
Car -1 -1 -10 705.915 588.461 1322.140 955.742 -1 -1 -1 -1000 -1000 -1000 -10 0.05087555
Car -1 -1 -10 0.000 640.533 671.291 1200.000 -1 -1 -1 -1000 -1000 -1000 -10 0.03589204
Car -1 -1 -10 0.000 563.787 1011.146 1199.411 -1 -1 -1 -1000 -1000 -1000 -10 0.01825920
Car -1 -1 -10 1232.809 644.121 1920.000 1200.000 -1 -1 -1 -1000 -1000 -1000 -10 0.01831676
Car -1 -1 -10 1408.309 583.861 1920.000 1200.000 -1 -1 -1 -1000 -1000 -1000 -10 0.01294239
Car -1 -1 -10 6.423 680.980 543.821 1184.828 -1 -1 -1 -1000 -1000 -1000 -10 0.00579163
Car -1 -1 -10 20.399 186.647 1234.992 1200.000 -1 -1 -1 -1000 -1000 -1000 -10 0.00522706
Car -1 -1 -10 488.795 375.103 1320.888 951.557 -1 -1 -1 -1000 -1000 -1000 -10 0.00883776
Car -1 -1 -10 67.334 178.957 363.125 1182.779 -1 -1 -1 -1000 -1000 -1000 -10 0.00490089
Car -1 -1 -10 588.139 297.814 1248.011 1000.439 -1 -1 -1 -1000 -1000 -1000 -10 0.00894208
Car -1 -1 -10 840.328 1037.549 1317.155 1200.000 -1 -1 -1 -1000 -1000 -1000 -10 0.00450868
Car -1 -1 -10 1066.530 523.095 1920.000 1188.393 -1 -1 -1 -1000 -1000 -1000 -10 0.00843060
Car -1 -1 -10 610.003 829.280 952.849 1190.528 -1 -1 -1 -1000 -1000 -1000 -10 0.00408219
Car -1 -1 -10 351.181 790.154 1030.285 1200.000 -1 -1 -1 -1000 -1000 -1000 -10 0.00398695
Car -1 -1 -10 616.795 890.952 905.114 1200.000 -1 -1 -1 -1000 -1000 -1000 -10 0.00395527
Car -1 -1 -10 650.815 785.827 1327.210 1200.000 -1 -1 -1 -1000 -1000 -1000 -10 0.00375444
Car -1 -1 -10 747.004 792.807 1419.851 1200.000 -1 -1 -1 -1000 -1000 -1000 -10 0.00372221
Car -1 -1 -10 618.151 1077.744 932.793 1200.000 -1 -1 -1 -1000 -1000 -1000 -10 0.00359185
Car -1 -1 -10 827.686 232.977 1210.980 860.805 -1 -1 -1 -1000 -1000 -1000 -10 0.00358007
Car -1 -1 -10 538.494 1030.411 955.966 1200.000 -1 -1 -1 -1000 -1000 -1000 -10 0.00354764
Car -1 -1 -10 781.417 1000.628 1374.638 1200.000 -1 -1 -1 -1000 -1000 -1000 -10 0.00352092
Car -1 -1 -10 673.837 1034.082 1109.235 1200.000 -1 -1 -1 -1000 -1000 -1000 -10 0.00346043
Car -1 -1 -10 24.028 416.123 400.169 1200.000 -1 -1 -1 -1000 -1000 -1000 -10 0.00339093
Car -1 -1 -10 697.581 669.260 1453.105 1196.221 -1 -1 -1 -1000 -1000 -1000 -10 0.00334800
Car -1 -1 -10 159.343 710.148 347.313 1190.974 -1 -1 -1 -1000 -1000 -1000 -10 0.00318470
Car -1 -1 -10 0.000 677.566 375.156 1064.133 -1 -1 -1 -1000 -1000 -1000 -10 0.00309303
