Car -1 -1 -10 1235.654 537.090 1547.903 683.928 -1 -1 -1 -1000 -1000 -1000 -10 0.41351780
Car -1 -1 -10 1206.656 519.147 1609.273 688.775 -1 -1 -1 -1000 -1000 -1000 -10 0.13208705
Car -1 -1 -10 1031.154 583.291 1113.891 652.134 -1 -1 -1 -1000 -1000 -1000 -10 0.04577238
Car -1 -1 -10 1227.844 538.658 1443.648 678.395 -1 -1 -1 -1000 -1000 -1000 -10 0.00806408
Car -1 -1 -10 1262.848 556.891 1449.452 666.903 -1 -1 -1 -1000 -1000 -1000 -10 0.00630912
Car -1 -1 -10 1343.317 512.605 1622.711 674.954 -1 -1 -1 -1000 -1000 -1000 -10 0.00551579
Car -1 -1 -10 1381.240 555.132 1563.672 664.037 -1 -1 -1 -1000 -1000 -1000 -10 0.00491926
Car -1 -1 -10 1223.718 498.436 1683.185 723.294 -1 -1 -1 -1000 -1000 -1000 -10 0.00390403
Car -1 -1 -10 321.157 1047.568 747.295 1200.000 -1 -1 -1 -1000 -1000 -1000 -10 0.00813235
Car -1 -1 -10 427.915 835.531 774.607 1196.913 -1 -1 -1 -1000 -1000 -1000 -10 0.00851149
Car -1 -1 -10 480.053 842.400 1050.527 1199.785 -1 -1 -1 -1000 -1000 -1000 -10 0.00367236
Car -1 -1 -10 992.499 572.161 1134.102 655.419 -1 -1 -1 -1000 -1000 -1000 -10 0.00372588
Car -1 -1 -10 507.538 843.151 666.568 1200.000 -1 -1 -1 -1000 -1000 -1000 -10 0.00196250
Car -1 -1 -10 428.435 1102.859 680.031 1200.000 -1 -1 -1 -1000 -1000 -1000 -10 0.00337151
Car -1 -1 -10 447.010 1072.045 601.710 1161.845 -1 -1 -1 -1000 -1000 -1000 -10 0.00188593
Car -1 -1 -10 965.994 572.887 1107.468 651.497 -1 -1 -1 -1000 -1000 -1000 -10 0.00169834
Car -1 -1 -10 476.387 761.240 604.117 1199.720 -1 -1 -1 -1000 -1000 -1000 -10 0.00335874
Car -1 -1 -10 447.664 1092.510 601.570 1186.555 -1 -1 -1 -1000 -1000 -1000 -10 0.00169528
Car -1 -1 -10 243.063 789.941 895.974 1200.000 -1 -1 -1 -1000 -1000 -1000 -10 0.00166122
Car -1 -1 -10 499.532 765.689 627.858 1200.000 -1 -1 -1 -1000 -1000 -1000 -10 0.00304483
Car -1 -1 -10 852.656 811.362 1466.446 1187.359 -1 -1 -1 -1000 -1000 -1000 -10 0.00159444
Car -1 -1 -10 531.611 839.747 691.219 1200.000 -1 -1 -1 -1000 -1000 -1000 -10 0.00151870
Car -1 -1 -10 671.018 715.663 839.308 1195.670 -1 -1 -1 -1000 -1000 -1000 -10 0.00149489
Car -1 -1 -10 1444.526 227.796 1915.364 769.390 -1 -1 -1 -1000 -1000 -1000 -10 0.00290598
Car -1 -1 -10 507.251 1091.699 663.411 1187.460 -1 -1 -1 -1000 -1000 -1000 -10 0.00145056
Car -1 -1 -10 523.745 762.613 653.697 1196.858 -1 -1 -1 -1000 -1000 -1000 -10 0.00144403
Car -1 -1 -10 495.423 1015.870 824.143 1200.000 -1 -1 -1 -1000 -1000 -1000 -10 0.00143614
Car -1 -1 -10 338.527 670.107 859.767 1200.000 -1 -1 -1 -1000 -1000 -1000 -10 0.00142350
Car -1 -1 -10 421.108 933.549 657.115 1200.000 -1 -1 -1 -1000 -1000 -1000 -10 0.00262066
Car -1 -1 -10 521.244 1064.972 634.837 1173.946 -1 -1 -1 -1000 -1000 -1000 -10 0.00140246
Car -1 -1 -10 596.816 767.635 725.153 1200.000 -1 -1 -1 -1000 -1000 -1000 -10 0.00133131
Car -1 -1 -10 324.827 958.473 907.209 1200.000 -1 -1 -1 -1000 -1000 -1000 -10 0.00261873
Car -1 -1 -10 412.449 839.908 572.438 1200.000 -1 -1 -1 -1000 -1000 -1000 -10 0.00131704
Car -1 -1 -10 577.508 946.746 933.757 1171.674 -1 -1 -1 -1000 -1000 -1000 -10 0.00131286
Car -1 -1 -10 310.353 1102.138 572.382 1200.000 -1 -1 -1 -1000 -1000 -1000 -10 0.00131085
Car -1 -1 -10 1452.124 434.654 1892.442 1092.726 -1 -1 -1 -1000 -1000 -1000 -10 0.00127532
Car -1 -1 -10 519.905 1105.111 774.322 1200.000 -1 -1 -1 -1000 -1000 -1000 -10 0.00123345
Car -1 -1 -10 486.942 991.275 780.806 1174.245 -1 -1 -1 -1000 -1000 -1000 -10 0.00122222
Car -1 -1 -10 240.344 1105.635 499.403 1200.000 -1 -1 -1 -1000 -1000 -1000 -10 0.00119506
