Car -1 -1 -10 624.783 604.266 815.652 738.861 -1 -1 -1 -1000 -1000 -1000 -10 0.99993730
Car -1 -1 -10 285.512 601.506 366.553 664.232 -1 -1 -1 -1000 -1000 -1000 -10 0.83034475
Car -1 -1 -10 374.884 611.580 432.299 660.358 -1 -1 -1 -1000 -1000 -1000 -10 0.40467448
Car -1 -1 -10 1048.007 577.905 1194.741 652.097 -1 -1 -1 -1000 -1000 -1000 -10 0.13933927
Car -1 -1 -10 777.137 605.681 824.091 660.509 -1 -1 -1 -1000 -1000 -1000 -10 0.01678485
Car -1 -1 -10 869.622 573.919 1021.855 654.534 -1 -1 -1 -1000 -1000 -1000 -10 0.00794546
Car -1 -1 -10 755.392 608.328 805.224 657.694 -1 -1 -1 -1000 -1000 -1000 -10 0.00355771
Car -1 -1 -10 0.000 797.346 455.137 1199.775 -1 -1 -1 -1000 -1000 -1000 -10 0.00541321
Car -1 -1 -10 841.706 1157.896 878.695 1200.000 -1 -1 -1 -1000 -1000 -1000 -10 0.00214018
Car -1 -1 -10 407.526 1113.550 486.978 1200.000 -1 -1 -1 -1000 -1000 -1000 -10 0.00111801
Car -1 -1 -10 417.138 1157.229 454.145 1200.000 -1 -1 -1 -1000 -1000 -1000 -10 0.00193660
Car -1 -1 -10 560.485 1157.300 598.295 1200.000 -1 -1 -1 -1000 -1000 -1000 -10 0.00104604
Car -1 -1 -10 278.357 585.939 468.512 1171.863 -1 -1 -1 -1000 -1000 -1000 -10 0.00161561
Car -1 -1 -10 428.004 1122.028 466.458 1200.000 -1 -1 -1 -1000 -1000 -1000 -10 0.00091597
Car -1 -1 -10 439.401 1155.951 478.965 1200.000 -1 -1 -1 -1000 -1000 -1000 -10 0.00091141
Car -1 -1 -10 0.000 951.525 308.670 1200.000 -1 -1 -1 -1000 -1000 -1000 -10 0.00266348
Car -1 -1 -10 0.000 1107.550 90.615 1200.000 -1 -1 -1 -1000 -1000 -1000 -10 0.00090801
Car -1 -1 -10 373.187 604.356 561.750 1184.760 -1 -1 -1 -1000 -1000 -1000 -10 0.00246064
Car -1 -1 -10 231.292 643.713 420.147 1190.718 -1 -1 -1 -1000 -1000 -1000 -10 0.00088031
Car -1 -1 -10 403.018 1159.264 440.787 1200.000 -1 -1 -1 -1000 -1000 -1000 -10 0.00087465
Car -1 -1 -10 706.185 601.796 822.878 710.936 -1 -1 -1 -1000 -1000 -1000 -10 0.00087440
Car -1 -1 -10 0.000 1166.365 25.606 1200.000 -1 -1 -1 -1000 -1000 -1000 -10 0.00082689
Car -1 -1 -10 449.591 1128.635 517.346 1200.000 -1 -1 -1 -1000 -1000 -1000 -10 0.00082670
Car -1 -1 -10 200.929 609.394 250.017 658.800 -1 -1 -1 -1000 -1000 -1000 -10 0.00082416
Car -1 -1 -10 740.291 602.594 833.636 679.053 -1 -1 -1 -1000 -1000 -1000 -10 0.00082238
Car -1 -1 -10 20.620 704.402 240.586 1197.297 -1 -1 -1 -1000 -1000 -1000 -10 0.00081940
Car -1 -1 -10 739.218 1158.048 776.674 1200.000 -1 -1 -1 -1000 -1000 -1000 -10 0.00081561
Car -1 -1 -10 428.416 1142.123 478.798 1200.000 -1 -1 -1 -1000 -1000 -1000 -10 0.00081149
Car -1 -1 -10 227.133 1043.270 677.289 1200.000 -1 -1 -1 -1000 -1000 -1000 -10 0.00079610
Car -1 -1 -10 561.815 682.713 801.076 1198.983 -1 -1 -1 -1000 -1000 -1000 -10 0.00142557
Car -1 -1 -10 541.037 1128.503 606.607 1200.000 -1 -1 -1 -1000 -1000 -1000 -10 0.00079132
Car -1 -1 -10 708.764 1157.301 747.124 1200.000 -1 -1 -1 -1000 -1000 -1000 -10 0.00077738
Car -1 -1 -10 306.569 638.004 484.296 1188.221 -1 -1 -1 -1000 -1000 -1000 -10 0.00076935
Car -1 -1 -10 447.436 603.268 633.435 1180.661 -1 -1 -1 -1000 -1000 -1000 -10 0.00212673
Car -1 -1 -10 0.000 1105.020 49.107 1200.000 -1 -1 -1 -1000 -1000 -1000 -10 0.00076618
Car -1 -1 -10 543.153 1157.095 580.783 1200.000 -1 -1 -1 -1000 -1000 -1000 -10 0.00075570
Car -1 -1 -10 398.160 603.939 434.383 651.759 -1 -1 -1 -1000 -1000 -1000 -10 0.00075315
Car -1 -1 -10 0.000 1009.620 260.072 1200.000 -1 -1 -1 -1000 -1000 -1000 -10 0.00074685
Car -1 -1 -10 891.480 587.176 971.427 649.794 -1 -1 -1 -1000 -1000 -1000 -10 0.00074155
Car -1 -1 -10 401.767 618.164 438.660 666.032 -1 -1 -1 -1000 -1000 -1000 -10 0.00074134
Car -1 -1 -10 658.585 585.386 852.205 1175.704 -1 -1 -1 -1000 -1000 -1000 -10 0.00133388
Car -1 -1 -10 700.826 530.438 752.347 820.712 -1 -1 -1 -1000 -1000 -1000 -10 0.00073918
Car -1 -1 -10 729.609 610.031 824.893 699.371 -1 -1 -1 -1000 -1000 -1000 -10 0.00073820
Car -1 -1 -10 0.000 1112.795 123.493 1200.000 -1 -1 -1 -1000 -1000 -1000 -10 0.00073016
Car -1 -1 -10 213.580 624.630 387.689 1188.247 -1 -1 -1 -1000 -1000 -1000 -10 0.00072795
Car -1 -1 -10 710.022 1080.141 771.482 1200.000 -1 -1 -1 -1000 -1000 -1000 -10 0.00072708
Car -1 -1 -10 1343.422 514.047 1501.136 608.867 -1 -1 -1 -1000 -1000 -1000 -10 0.00139262
Car -1 -1 -10 323.486 1103.080 579.610 1200.000 -1 -1 -1 -1000 -1000 -1000 -10 0.00068343
Car -1 -1 -10 1102.484 591.365 1168.361 643.885 -1 -1 -1 -1000 -1000 -1000 -10 0.00068336
Car -1 -1 -10 43.529 639.729 218.442 1198.456 -1 -1 -1 -1000 -1000 -1000 -10 0.00068250
Car -1 -1 -10 0.000 1067.824 196.811 1200.000 -1 -1 -1 -1000 -1000 -1000 -10 0.00066962
Car -1 -1 -10 454.327 1088.982 512.738 1200.000 -1 -1 -1 -1000 -1000 -1000 -10 0.00066958
Car -1 -1 -10 418.860 1088.855 476.618 1200.000 -1 -1 -1 -1000 -1000 -1000 -10 0.00065859
Car -1 -1 -10 1015.229 592.007 1161.974 675.425 -1 -1 -1 -1000 -1000 -1000 -10 0.00063498
Car -1 -1 -10 67.661 733.126 193.992 1200.000 -1 -1 -1 -1000 -1000 -1000 -10 0.00061260
Car -1 -1 -10 295.753 526.676 351.403 719.351 -1 -1 -1 -1000 -1000 -1000 -10 0.00059486
