Car -1 -1 -10 417.999 564.123 809.648 863.059 -1 -1 -1 -1000 -1000 -1000 -10 0.99897783
Car -1 -1 -10 738.683 584.699 849.019 676.462 -1 -1 -1 -1000 -1000 -1000 -10 0.99726251
Car -1 -1 -10 213.720 585.030 466.501 701.326 -1 -1 -1 -1000 -1000 -1000 -10 0.10014753
Car -1 -1 -10 214.576 576.517 513.676 718.085 -1 -1 -1 -1000 -1000 -1000 -10 0.02596510
Car -1 -1 -10 730.792 586.132 807.229 657.839 -1 -1 -1 -1000 -1000 -1000 -10 0.00436677
Car -1 -1 -10 448.612 569.732 739.285 759.203 -1 -1 -1 -1000 -1000 -1000 -10 0.00686269
Car -1 -1 -10 738.675 593.004 802.476 651.466 -1 -1 -1 -1000 -1000 -1000 -10 0.01099471
Car -1 -1 -10 282.945 607.244 454.242 710.866 -1 -1 -1 -1000 -1000 -1000 -10 0.00297681
Car -1 -1 -10 377.435 606.736 890.331 1178.920 -1 -1 -1 -1000 -1000 -1000 -10 0.00229914
Car -1 -1 -10 522.774 584.848 682.793 689.041 -1 -1 -1 -1000 -1000 -1000 -10 0.00219447
Car -1 -1 -10 246.945 595.019 430.021 684.510 -1 -1 -1 -1000 -1000 -1000 -10 0.00203384
Car -1 -1 -10 653.561 585.354 794.940 686.745 -1 -1 -1 -1000 -1000 -1000 -10 0.00191912
