Car -1 -1 -10 546.432 530.621 712.192 642.241 -1 -1 -1 -1000 -1000 -1000 -10 0.99870169
Car -1 -1 -10 715.132 561.691 851.501 644.620 -1 -1 -1 -1000 -1000 -1000 -10 0.93295294
Car -1 -1 -10 562.764 519.718 1820.939 1197.263 -1 -1 -1 -1000 -1000 -1000 -10 0.03095092
Car -1 -1 -10 606.551 776.080 1520.164 1195.308 -1 -1 -1 -1000 -1000 -1000 -10 0.02532806
Car -1 -1 -10 0.000 748.520 799.154 1194.124 -1 -1 -1 -1000 -1000 -1000 -10 0.02125463
Car -1 -1 -10 0.000 515.475 1119.192 1188.700 -1 -1 -1 -1000 -1000 -1000 -10 0.01706473
Car -1 -1 -10 0.000 580.228 484.195 1196.773 -1 -1 -1 -1000 -1000 -1000 -10 0.00692730
Car -1 -1 -10 823.821 907.775 1410.465 1198.138 -1 -1 -1 -1000 -1000 -1000 -10 0.00580792
Car -1 -1 -10 0.000 856.329 455.139 1197.344 -1 -1 -1 -1000 -1000 -1000 -10 0.00620232
Car -1 -1 -10 465.866 816.238 1100.557 1196.022 -1 -1 -1 -1000 -1000 -1000 -10 0.00564470
Car -1 -1 -10 300.901 784.815 989.694 1200.000 -1 -1 -1 -1000 -1000 -1000 -10 0.00268394
Car -1 -1 -10 884.895 1025.336 1322.800 1200.000 -1 -1 -1 -1000 -1000 -1000 -10 0.00266341
Car -1 -1 -10 178.910 899.399 906.284 1200.000 -1 -1 -1 -1000 -1000 -1000 -10 0.00257533
Car -1 -1 -10 939.329 828.778 1284.791 1195.646 -1 -1 -1 -1000 -1000 -1000 -10 0.00248495
