Car -1 -1 -10 345.234 554.552 504.654 666.268 -1 -1 -1 -1000 -1000 -1000 -10 0.99999619
Car -1 -1 -10 525.205 553.565 608.265 618.799 -1 -1 -1 -1000 -1000 -1000 -10 0.95258956
Car -1 -1 -10 1591.841 532.397 1920.000 791.104 -1 -1 -1 -1000 -1000 -1000 -10 0.03099222
Car -1 -1 -10 1519.520 502.298 1918.864 778.741 -1 -1 -1 -1000 -1000 -1000 -10 0.02053041
Car -1 -1 -10 0.000 816.134 528.404 1198.086 -1 -1 -1 -1000 -1000 -1000 -10 0.01139743
Car -1 -1 -10 115.014 793.026 721.353 1189.553 -1 -1 -1 -1000 -1000 -1000 -10 0.01310397
Car -1 -1 -10 213.347 711.591 448.912 1192.732 -1 -1 -1 -1000 -1000 -1000 -10 0.01813596
Car -1 -1 -10 425.001 799.481 1035.171 1194.847 -1 -1 -1 -1000 -1000 -1000 -10 0.00858356
Car -1 -1 -10 0.000 665.750 484.124 1200.000 -1 -1 -1 -1000 -1000 -1000 -10 0.00500944
Car -1 -1 -10 207.166 1099.314 461.417 1200.000 -1 -1 -1 -1000 -1000 -1000 -10 0.00463466
Car -1 -1 -10 463.217 713.536 675.838 1186.758 -1 -1 -1 -1000 -1000 -1000 -10 0.00455925
Car -1 -1 -10 345.266 1060.669 742.164 1200.000 -1 -1 -1 -1000 -1000 -1000 -10 0.01139563
Car -1 -1 -10 197.586 795.100 833.486 1190.603 -1 -1 -1 -1000 -1000 -1000 -10 0.00437018
Car -1 -1 -10 184.340 1081.542 510.230 1200.000 -1 -1 -1 -1000 -1000 -1000 -10 0.00434106
Car -1 -1 -10 490.938 1093.153 653.329 1189.111 -1 -1 -1 -1000 -1000 -1000 -10 0.00781204
Car -1 -1 -10 414.465 709.946 640.650 1191.765 -1 -1 -1 -1000 -1000 -1000 -10 0.00725995
Car -1 -1 -10 630.518 1088.603 791.179 1189.592 -1 -1 -1 -1000 -1000 -1000 -10 0.00389249
Car -1 -1 -10 1499.795 503.460 1920.000 992.841 -1 -1 -1 -1000 -1000 -1000 -10 0.00661116
Car -1 -1 -10 528.203 936.473 830.718 1189.459 -1 -1 -1 -1000 -1000 -1000 -10 0.00361732
Car -1 -1 -10 638.079 1068.264 803.179 1164.479 -1 -1 -1 -1000 -1000 -1000 -10 0.00356562
Car -1 -1 -10 0.000 867.990 446.750 1192.589 -1 -1 -1 -1000 -1000 -1000 -10 0.00353365
Car -1 -1 -10 504.705 1055.606 899.148 1200.000 -1 -1 -1 -1000 -1000 -1000 -10 0.00345938
Car -1 -1 -10 404.003 653.433 581.683 1189.753 -1 -1 -1 -1000 -1000 -1000 -10 0.00345554
Car -1 -1 -10 113.095 1024.807 578.859 1200.000 -1 -1 -1 -1000 -1000 -1000 -10 0.00644635
Car -1 -1 -10 5.693 930.421 570.708 1200.000 -1 -1 -1 -1000 -1000 -1000 -10 0.00335033
Car -1 -1 -10 151.328 1021.145 457.619 1200.000 -1 -1 -1 -1000 -1000 -1000 -10 0.00332757
Car -1 -1 -10 1701.627 559.231 1858.990 662.651 -1 -1 -1 -1000 -1000 -1000 -10 0.00310191
Car -1 -1 -10 422.007 1091.973 590.501 1186.435 -1 -1 -1 -1000 -1000 -1000 -10 0.00293487
Car -1 -1 -10 296.158 936.535 826.402 1195.421 -1 -1 -1 -1000 -1000 -1000 -10 0.00291192
