Car -1 -1 -10 1760.344 540.100 1919.940 633.130 -1 -1 -1 -1000 -1000 -1000 -10 0.04411176
Car -1 -1 -10 1686.865 548.542 1859.194 628.233 -1 -1 -1 -1000 -1000 -1000 -10 0.01890790
Car -1 -1 -10 1732.788 558.933 1821.220 623.167 -1 -1 -1 -1000 -1000 -1000 -10 0.00478732
Car -1 -1 -10 1638.099 512.404 1920.000 657.734 -1 -1 -1 -1000 -1000 -1000 -10 0.00208988
Car -1 -1 -10 1644.620 512.231 1920.000 728.718 -1 -1 -1 -1000 -1000 -1000 -10 0.00364694
Car -1 -1 -10 1700.848 471.053 1920.000 655.501 -1 -1 -1 -1000 -1000 -1000 -10 0.00192758
Car -1 -1 -10 1759.780 491.248 1920.000 685.471 -1 -1 -1 -1000 -1000 -1000 -10 0.00174802
Car -1 -1 -10 1626.994 458.061 1920.000 806.313 -1 -1 -1 -1000 -1000 -1000 -10 0.00294042
Car -1 -1 -10 1728.226 463.913 1920.000 625.523 -1 -1 -1 -1000 -1000 -1000 -10 0.00157782
Car -1 -1 -10 260.432 634.591 434.808 1189.442 -1 -1 -1 -1000 -1000 -1000 -10 0.00151915
Car -1 -1 -10 1805.937 491.356 1920.000 678.543 -1 -1 -1 -1000 -1000 -1000 -10 0.00130113
Car -1 -1 -10 1719.776 547.269 1802.702 615.571 -1 -1 -1 -1000 -1000 -1000 -10 0.00127166
Car -1 -1 -10 118.811 1067.315 518.391 1200.000 -1 -1 -1 -1000 -1000 -1000 -10 0.00224998
Car -1 -1 -10 1816.812 543.935 1897.089 617.557 -1 -1 -1 -1000 -1000 -1000 -10 0.00338143
Car -1 -1 -10 0.000 798.544 443.476 1198.915 -1 -1 -1 -1000 -1000 -1000 -10 0.00231626
Car -1 -1 -10 1813.412 560.340 1919.129 661.054 -1 -1 -1 -1000 -1000 -1000 -10 0.00230441
Car -1 -1 -10 188.907 630.877 364.201 1188.808 -1 -1 -1 -1000 -1000 -1000 -10 0.00120415
Car -1 -1 -10 1661.450 558.246 1766.533 631.746 -1 -1 -1 -1000 -1000 -1000 -10 0.00118877
Car -1 -1 -10 1821.190 505.792 1920.000 625.952 -1 -1 -1 -1000 -1000 -1000 -10 0.00114106
Car -1 -1 -10 1654.976 566.436 1808.446 651.459 -1 -1 -1 -1000 -1000 -1000 -10 0.00219639
Car -1 -1 -10 1725.605 560.417 1887.079 658.374 -1 -1 -1 -1000 -1000 -1000 -10 0.00113024
Car -1 -1 -10 227.987 587.611 421.981 1178.486 -1 -1 -1 -1000 -1000 -1000 -10 0.00304084
Car -1 -1 -10 253.939 1095.571 420.867 1189.845 -1 -1 -1 -1000 -1000 -1000 -10 0.00204183
Car -1 -1 -10 1617.730 538.990 1920.000 676.737 -1 -1 -1 -1000 -1000 -1000 -10 0.00106527
Car -1 -1 -10 0.000 517.915 1035.248 1200.000 -1 -1 -1 -1000 -1000 -1000 -10 0.00206439
Car -1 -1 -10 278.869 683.004 512.621 1200.000 -1 -1 -1 -1000 -1000 -1000 -10 0.00103129
Car -1 -1 -10 1742.483 542.130 1919.487 721.224 -1 -1 -1 -1000 -1000 -1000 -10 0.00099125
Car -1 -1 -10 28.988 531.383 713.565 1200.000 -1 -1 -1 -1000 -1000 -1000 -10 0.00099112
Car -1 -1 -10 12.603 571.884 339.208 1200.000 -1 -1 -1 -1000 -1000 -1000 -10 0.00097021
Car -1 -1 -10 1391.944 571.968 1546.078 648.350 -1 -1 -1 -1000 -1000 -1000 -10 0.00096310
Car -1 -1 -10 1723.078 585.111 1881.305 686.332 -1 -1 -1 -1000 -1000 -1000 -10 0.00166434
Car -1 -1 -10 590.958 641.847 774.913 1192.186 -1 -1 -1 -1000 -1000 -1000 -10 0.00087650
Car -1 -1 -10 0.000 940.692 318.149 1200.000 -1 -1 -1 -1000 -1000 -1000 -10 0.00081751
Car -1 -1 -10 10.856 1088.339 252.456 1200.000 -1 -1 -1 -1000 -1000 -1000 -10 0.00079550
Car -1 -1 -10 582.551 573.588 735.055 1199.537 -1 -1 -1 -1000 -1000 -1000 -10 0.00075216
