Car -1 -1 -10 873.884 563.814 1009.762 682.407 -1 -1 -1 -1000 -1000 -1000 -10 0.99158715
Car -1 -1 -10 781.900 560.725 832.864 610.275 -1 -1 -1 -1000 -1000 -1000 -10 0.04743853
Car -1 -1 -10 1447.802 627.781 1920.000 1199.437 -1 -1 -1 -1000 -1000 -1000 -10 0.00271242
Car -1 -1 -10 1474.718 798.790 1920.000 1198.077 -1 -1 -1 -1000 -1000 -1000 -10 0.00246209
Car -1 -1 -10 595.532 561.114 642.580 608.151 -1 -1 -1 -1000 -1000 -1000 -10 0.00369702
Car -1 -1 -10 719.377 0.791 1156.141 302.085 -1 -1 -1 -1000 -1000 -1000 -10 0.00321133
Car -1 -1 -10 779.381 780.716 1366.188 1195.437 -1 -1 -1 -1000 -1000 -1000 -10 0.00114845
Car -1 -1 -10 871.752 337.911 1012.513 828.810 -1 -1 -1 -1000 -1000 -1000 -10 0.00200397
Car -1 -1 -10 861.366 454.879 1023.078 722.546 -1 -1 -1 -1000 -1000 -1000 -10 0.00174281
Car -1 -1 -10 680.274 4.631 1269.141 277.856 -1 -1 -1 -1000 -1000 -1000 -10 0.00100014
Car -1 -1 -10 924.871 553.633 1028.305 665.130 -1 -1 -1 -1000 -1000 -1000 -10 0.00085483
Car -1 -1 -10 821.420 25.549 1076.784 472.349 -1 -1 -1 -1000 -1000 -1000 -10 0.00236335
Car -1 -1 -10 603.447 568.203 644.018 613.209 -1 -1 -1 -1000 -1000 -1000 -10 0.00084442
Car -1 -1 -10 799.437 542.207 944.542 636.896 -1 -1 -1 -1000 -1000 -1000 -10 0.00161663
Car -1 -1 -10 1659.749 877.856 1920.000 1200.000 -1 -1 -1 -1000 -1000 -1000 -10 0.00083220
Car -1 -1 -10 1247.073 650.714 1607.504 1189.818 -1 -1 -1 -1000 -1000 -1000 -10 0.00081893
Car -1 -1 -10 796.707 6.005 1107.805 367.148 -1 -1 -1 -1000 -1000 -1000 -10 0.00081717
Car -1 -1 -10 832.050 23.871 1117.197 199.350 -1 -1 -1 -1000 -1000 -1000 -10 0.00154949
Car -1 -1 -10 785.154 1046.453 1193.074 1200.000 -1 -1 -1 -1000 -1000 -1000 -10 0.00140312
Car -1 -1 -10 757.337 39.386 1117.866 722.211 -1 -1 -1 -1000 -1000 -1000 -10 0.00155592
Car -1 -1 -10 906.747 467.233 954.929 768.281 -1 -1 -1 -1000 -1000 -1000 -10 0.00078980
Car -1 -1 -10 1567.798 906.610 1920.000 1200.000 -1 -1 -1 -1000 -1000 -1000 -10 0.00078025
Car -1 -1 -10 884.965 1036.622 1314.055 1200.000 -1 -1 -1 -1000 -1000 -1000 -10 0.00075570
Car -1 -1 -10 929.773 468.341 977.359 766.029 -1 -1 -1 -1000 -1000 -1000 -10 0.00074536
Car -1 -1 -10 0.000 804.517 446.423 1200.000 -1 -1 -1 -1000 -1000 -1000 -10 0.00146860
Car -1 -1 -10 408.717 443.878 520.158 541.474 -1 -1 -1 -1000 -1000 -1000 -10 0.00072326
Car -1 -1 -10 846.864 628.288 1116.255 1200.000 -1 -1 -1 -1000 -1000 -1000 -10 0.00070567
Car -1 -1 -10 877.142 57.044 1017.735 560.641 -1 -1 -1 -1000 -1000 -1000 -10 0.00134486
Car -1 -1 -10 916.580 474.496 967.649 773.784 -1 -1 -1 -1000 -1000 -1000 -10 0.00130812
Car -1 -1 -10 941.625 52.497 1146.471 595.563 -1 -1 -1 -1000 -1000 -1000 -10 0.00067841
Car -1 -1 -10 783.684 51.825 1083.989 850.393 -1 -1 -1 -1000 -1000 -1000 -10 0.00067433
Car -1 -1 -10 835.345 47.533 1135.390 845.781 -1 -1 -1 -1000 -1000 -1000 -10 0.00066969
Car -1 -1 -10 795.563 3.415 1081.057 177.160 -1 -1 -1 -1000 -1000 -1000 -10 0.00066546
Car -1 -1 -10 974.886 702.063 1212.455 1197.950 -1 -1 -1 -1000 -1000 -1000 -10 0.00066391
Car -1 -1 -10 882.727 355.076 1176.540 1200.000 -1 -1 -1 -1000 -1000 -1000 -10 0.00065488
Car -1 -1 -10 887.409 299.126 1000.411 921.207 -1 -1 -1 -1000 -1000 -1000 -10 0.00064517
Car -1 -1 -10 983.166 550.811 1017.686 606.148 -1 -1 -1 -1000 -1000 -1000 -10 0.00064240
Car -1 -1 -10 956.647 37.565 1132.157 507.001 -1 -1 -1 -1000 -1000 -1000 -10 0.00062778
Car -1 -1 -10 734.126 930.697 1336.387 1200.000 -1 -1 -1 -1000 -1000 -1000 -10 0.00062653
Car -1 -1 -10 1031.627 1103.369 1271.668 1200.000 -1 -1 -1 -1000 -1000 -1000 -10 0.00061695
Car -1 -1 -10 820.089 0.000 1284.813 168.197 -1 -1 -1 -1000 -1000 -1000 -10 0.00061365
Car -1 -1 -10 944.564 557.727 1042.093 658.970 -1 -1 -1 -1000 -1000 -1000 -10 0.00061284
Car -1 -1 -10 988.563 821.951 1147.908 1200.000 -1 -1 -1 -1000 -1000 -1000 -10 0.00061017
Car -1 -1 -10 1610.259 685.021 1912.516 1196.245 -1 -1 -1 -1000 -1000 -1000 -10 0.00060402
Car -1 -1 -10 915.436 823.333 1075.370 1200.000 -1 -1 -1 -1000 -1000 -1000 -10 0.00060051
Car -1 -1 -10 894.780 749.256 1269.194 1200.000 -1 -1 -1 -1000 -1000 -1000 -10 0.00059322
