Car -1 -1 -10 454.858 529.726 616.104 690.201 -1 -1 -1 -1000 -1000 -1000 -10 0.99999085
Car -1 -1 -10 258.538 574.868 344.815 636.865 -1 -1 -1 -1000 -1000 -1000 -10 0.77587064
Car -1 -1 -10 586.599 557.703 655.201 627.519 -1 -1 -1 -1000 -1000 -1000 -10 0.39954476
Car -1 -1 -10 1300.532 447.030 1648.268 825.130 -1 -1 -1 -1000 -1000 -1000 -10 0.04558761
Car -1 -1 -10 658.920 573.591 701.947 616.393 -1 -1 -1 -1000 -1000 -1000 -10 0.03924737
Car -1 -1 -10 545.842 543.723 647.834 644.800 -1 -1 -1 -1000 -1000 -1000 -10 0.01442806
Car -1 -1 -10 327.358 580.509 376.901 632.978 -1 -1 -1 -1000 -1000 -1000 -10 0.00633026
Car -1 -1 -10 840.740 572.557 987.924 652.570 -1 -1 -1 -1000 -1000 -1000 -10 0.00480383
Car -1 -1 -10 877.871 571.948 988.383 648.711 -1 -1 -1 -1000 -1000 -1000 -10 0.00394751
Car -1 -1 -10 203.931 574.894 281.120 640.821 -1 -1 -1 -1000 -1000 -1000 -10 0.00409359
Car -1 -1 -10 616.358 567.334 670.083 622.173 -1 -1 -1 -1000 -1000 -1000 -10 0.00252437
Car -1 -1 -10 170.912 797.954 796.028 1185.948 -1 -1 -1 -1000 -1000 -1000 -10 0.00255375
Car -1 -1 -10 588.845 491.058 643.398 681.175 -1 -1 -1 -1000 -1000 -1000 -10 0.00133699
Car -1 -1 -10 595.485 550.628 623.868 639.411 -1 -1 -1 -1000 -1000 -1000 -10 0.00128282
Car -1 -1 -10 1355.155 391.087 1856.724 864.591 -1 -1 -1 -1000 -1000 -1000 -10 0.00126204
Car -1 -1 -10 1275.530 413.070 1920.000 879.516 -1 -1 -1 -1000 -1000 -1000 -10 0.00125719
Car -1 -1 -10 1642.781 476.882 1920.000 851.389 -1 -1 -1 -1000 -1000 -1000 -10 0.00123250
Car -1 -1 -10 1498.396 584.901 1920.000 1117.861 -1 -1 -1 -1000 -1000 -1000 -10 0.00121298
Car -1 -1 -10 420.688 667.128 606.375 1195.191 -1 -1 -1 -1000 -1000 -1000 -10 0.00119707
Car -1 -1 -10 138.265 573.979 287.175 649.446 -1 -1 -1 -1000 -1000 -1000 -10 0.00118819
Car -1 -1 -10 1271.431 427.948 1720.310 870.586 -1 -1 -1 -1000 -1000 -1000 -10 0.00117453
Car -1 -1 -10 128.647 585.597 216.929 652.700 -1 -1 -1 -1000 -1000 -1000 -10 0.00196464
Car -1 -1 -10 1590.728 624.061 1907.254 1190.427 -1 -1 -1 -1000 -1000 -1000 -10 0.00106729
Car -1 -1 -10 576.727 553.762 634.281 613.323 -1 -1 -1 -1000 -1000 -1000 -10 0.00102278
Car -1 -1 -10 1292.945 474.839 1575.845 788.409 -1 -1 -1 -1000 -1000 -1000 -10 0.00089278
Car -1 -1 -10 606.778 546.969 635.698 639.409 -1 -1 -1 -1000 -1000 -1000 -10 0.00081973
Car -1 -1 -10 1534.606 451.748 1897.205 808.602 -1 -1 -1 -1000 -1000 -1000 -10 0.00079302
Car -1 -1 -10 0.000 814.715 459.235 1200.000 -1 -1 -1 -1000 -1000 -1000 -10 0.00154717
Car -1 -1 -10 596.769 515.883 644.449 669.464 -1 -1 -1 -1000 -1000 -1000 -10 0.00078747
Car -1 -1 -10 480.434 284.487 598.303 956.910 -1 -1 -1 -1000 -1000 -1000 -10 0.00150963
Car -1 -1 -10 863.236 582.673 938.653 650.576 -1 -1 -1 -1000 -1000 -1000 -10 0.00078681
Car -1 -1 -10 255.033 651.710 441.556 1197.990 -1 -1 -1 -1000 -1000 -1000 -10 0.00077376
Car -1 -1 -10 839.661 781.635 1374.224 1159.534 -1 -1 -1 -1000 -1000 -1000 -10 0.00077211
Car -1 -1 -10 1482.742 798.737 1920.000 1200.000 -1 -1 -1 -1000 -1000 -1000 -10 0.00069511
