Car -1 -1 -10 264.571 495.955 1480.057 1189.018 -1 -1 -1 -1000 -1000 -1000 -10 0.01929781
Car -1 -1 -10 736.559 3.166 1170.401 296.381 -1 -1 -1 -1000 -1000 -1000 -10 0.00882032
Car -1 -1 -10 684.327 8.891 1275.074 281.900 -1 -1 -1 -1000 -1000 -1000 -10 0.00348730
Car -1 -1 -10 492.550 0.000 1368.856 322.294 -1 -1 -1 -1000 -1000 -1000 -10 0.00716697
Car -1 -1 -10 833.721 513.233 1916.628 1199.464 -1 -1 -1 -1000 -1000 -1000 -10 0.01008361
Car -1 -1 -10 0.000 789.528 470.316 1198.364 -1 -1 -1 -1000 -1000 -1000 -10 0.00863082
Car -1 -1 -10 448.611 828.465 1094.173 1191.949 -1 -1 -1 -1000 -1000 -1000 -10 0.01074288
Car -1 -1 -10 561.996 1048.002 1004.808 1200.000 -1 -1 -1 -1000 -1000 -1000 -10 0.00976378
Car -1 -1 -10 668.135 1101.697 924.256 1200.000 -1 -1 -1 -1000 -1000 -1000 -10 0.00967985
Car -1 -1 -10 770.054 8.735 1149.804 194.108 -1 -1 -1 -1000 -1000 -1000 -10 0.00267675
Car -1 -1 -10 0.000 584.325 499.141 1200.000 -1 -1 -1 -1000 -1000 -1000 -10 0.00256137
Car -1 -1 -10 723.389 1157.448 759.993 1200.000 -1 -1 -1 -1000 -1000 -1000 -10 0.00242973
Car -1 -1 -10 627.818 873.353 936.365 1199.980 -1 -1 -1 -1000 -1000 -1000 -10 0.00451241
Car -1 -1 -10 797.809 15.318 1095.964 394.328 -1 -1 -1 -1000 -1000 -1000 -10 0.00224024
Car -1 -1 -10 672.316 11.375 1201.620 538.021 -1 -1 -1 -1000 -1000 -1000 -10 0.00223370
Car -1 -1 -10 1034.577 772.602 1886.056 1187.956 -1 -1 -1 -1000 -1000 -1000 -10 0.00391237
Car -1 -1 -10 701.025 653.368 915.527 1178.229 -1 -1 -1 -1000 -1000 -1000 -10 0.00217425
Car -1 -1 -10 709.939 1113.504 789.876 1200.000 -1 -1 -1 -1000 -1000 -1000 -10 0.00380594
Car -1 -1 -10 715.937 764.952 842.895 1200.000 -1 -1 -1 -1000 -1000 -1000 -10 0.00209324
Car -1 -1 -10 883.004 38.078 1040.635 138.802 -1 -1 -1 -1000 -1000 -1000 -10 0.00387379
Car -1 -1 -10 852.471 33.696 1042.450 500.701 -1 -1 -1 -1000 -1000 -1000 -10 0.00208188
Car -1 -1 -10 815.537 646.552 986.930 1186.167 -1 -1 -1 -1000 -1000 -1000 -10 0.00206047
Car -1 -1 -10 690.553 782.496 872.577 1199.348 -1 -1 -1 -1000 -1000 -1000 -10 0.00397166
Car -1 -1 -10 762.525 25.879 1062.817 963.158 -1 -1 -1 -1000 -1000 -1000 -10 0.00375638
Car -1 -1 -10 871.564 54.486 1022.860 590.454 -1 -1 -1 -1000 -1000 -1000 -10 0.00191840
Car -1 -1 -10 571.365 667.547 1105.433 1199.327 -1 -1 -1 -1000 -1000 -1000 -10 0.00191400
Car -1 -1 -10 903.505 7.974 1269.404 370.411 -1 -1 -1 -1000 -1000 -1000 -10 0.00191083
Car -1 -1 -10 878.781 4.549 1242.141 195.904 -1 -1 -1 -1000 -1000 -1000 -10 0.00189266
Car -1 -1 -10 620.940 858.978 1058.073 1102.595 -1 -1 -1 -1000 -1000 -1000 -10 0.00189010
Car -1 -1 -10 802.855 9.807 1105.235 171.613 -1 -1 -1 -1000 -1000 -1000 -10 0.00347601
Car -1 -1 -10 620.076 884.248 904.301 1045.713 -1 -1 -1 -1000 -1000 -1000 -10 0.00185013
Car -1 -1 -10 999.344 24.789 1124.799 148.972 -1 -1 -1 -1000 -1000 -1000 -10 0.00180022
Car -1 -1 -10 933.903 8.515 1225.133 168.189 -1 -1 -1 -1000 -1000 -1000 -10 0.00175364
Car -1 -1 -10 650.990 587.834 1019.689 1198.482 -1 -1 -1 -1000 -1000 -1000 -10 0.00174974
Car -1 -1 -10 574.164 13.534 1013.553 254.955 -1 -1 -1 -1000 -1000 -1000 -10 0.00318603
Car -1 -1 -10 691.215 762.747 819.291 1199.043 -1 -1 -1 -1000 -1000 -1000 -10 0.00169700
Car -1 -1 -10 721.424 1142.912 772.830 1200.000 -1 -1 -1 -1000 -1000 -1000 -10 0.00168713
Car -1 -1 -10 540.571 657.255 731.803 1193.370 -1 -1 -1 -1000 -1000 -1000 -10 0.00164822
Car -1 -1 -10 855.691 36.900 1004.524 139.102 -1 -1 -1 -1000 -1000 -1000 -10 0.00162846
Car -1 -1 -10 508.533 871.508 967.264 1098.778 -1 -1 -1 -1000 -1000 -1000 -10 0.00161793
Car -1 -1 -10 704.252 445.015 969.753 1200.000 -1 -1 -1 -1000 -1000 -1000 -10 0.00153973
