Car -1 -1 -10 769.435 531.318 872.408 610.899 -1 -1 -1 -1000 -1000 -1000 -10 0.00816903
Car -1 -1 -10 0.000 503.794 1006.260 1200.000 -1 -1 -1 -1000 -1000 -1000 -10 0.01361415
Car -1 -1 -10 747.862 517.500 900.710 610.818 -1 -1 -1 -1000 -1000 -1000 -10 0.00610029
Car -1 -1 -10 764.544 531.830 838.508 606.732 -1 -1 -1 -1000 -1000 -1000 -10 0.00528267
Car -1 -1 -10 631.722 519.238 789.816 609.385 -1 -1 -1 -1000 -1000 -1000 -10 0.00870919
Car -1 -1 -10 763.661 521.765 838.828 594.023 -1 -1 -1 -1000 -1000 -1000 -10 0.00225822
Car -1 -1 -10 0.000 800.946 458.705 1199.348 -1 -1 -1 -1000 -1000 -1000 -10 0.00743564
Car -1 -1 -10 66.188 164.198 364.936 1188.104 -1 -1 -1 -1000 -1000 -1000 -10 0.00187675
Car -1 -1 -10 20.246 438.228 546.601 1193.194 -1 -1 -1 -1000 -1000 -1000 -10 0.00516098
Car -1 -1 -10 0.000 442.591 487.359 808.791 -1 -1 -1 -1000 -1000 -1000 -10 0.00178035
Car -1 -1 -10 598.911 439.698 1175.705 800.066 -1 -1 -1 -1000 -1000 -1000 -10 0.00165798
Car -1 -1 -10 0.114 610.822 665.137 1111.008 -1 -1 -1 -1000 -1000 -1000 -10 0.00158240
Car -1 -1 -10 60.118 385.700 375.581 1200.000 -1 -1 -1 -1000 -1000 -1000 -10 0.00152192
Car -1 -1 -10 787.727 518.659 943.371 609.880 -1 -1 -1 -1000 -1000 -1000 -10 0.00262598
Car -1 -1 -10 265.212 240.501 466.550 971.916 -1 -1 -1 -1000 -1000 -1000 -10 0.00145680
Car -1 -1 -10 12.407 683.198 253.612 1200.000 -1 -1 -1 -1000 -1000 -1000 -10 0.00142572
Car -1 -1 -10 237.387 636.784 410.537 1189.892 -1 -1 -1 -1000 -1000 -1000 -10 0.00141897
Car -1 -1 -10 135.371 575.641 274.406 1192.580 -1 -1 -1 -1000 -1000 -1000 -10 0.00243777
Car -1 -1 -10 667.836 493.370 821.693 587.820 -1 -1 -1 -1000 -1000 -1000 -10 0.00247238
Car -1 -1 -10 711.849 534.783 788.768 603.650 -1 -1 -1 -1000 -1000 -1000 -10 0.00135918
Car -1 -1 -10 770.405 537.977 828.257 599.336 -1 -1 -1 -1000 -1000 -1000 -10 0.00135628
Car -1 -1 -10 532.042 462.201 823.971 612.994 -1 -1 -1 -1000 -1000 -1000 -10 0.00245197
Car -1 -1 -10 494.214 464.069 999.704 784.901 -1 -1 -1 -1000 -1000 -1000 -10 0.00127691
Car -1 -1 -10 711.177 518.360 860.568 606.877 -1 -1 -1 -1000 -1000 -1000 -10 0.00126948
Car -1 -1 -10 306.399 660.577 488.724 1191.370 -1 -1 -1 -1000 -1000 -1000 -10 0.00125120
Car -1 -1 -10 3.830 499.307 351.624 852.690 -1 -1 -1 -1000 -1000 -1000 -10 0.00232473
Car -1 -1 -10 778.303 492.117 943.506 589.778 -1 -1 -1 -1000 -1000 -1000 -10 0.00124289
Car -1 -1 -10 188.273 1104.835 437.068 1200.000 -1 -1 -1 -1000 -1000 -1000 -10 0.00232242
Car -1 -1 -10 117.268 1067.020 517.289 1200.000 -1 -1 -1 -1000 -1000 -1000 -10 0.00220248
Car -1 -1 -10 103.943 539.410 254.511 1200.000 -1 -1 -1 -1000 -1000 -1000 -10 0.00120277
Car -1 -1 -10 679.832 519.761 836.271 608.421 -1 -1 -1 -1000 -1000 -1000 -10 0.00119996
Car -1 -1 -10 177.983 113.823 488.615 1171.412 -1 -1 -1 -1000 -1000 -1000 -10 0.00114781
Car -1 -1 -10 0.000 1023.466 265.101 1200.000 -1 -1 -1 -1000 -1000 -1000 -10 0.00112785
Car -1 -1 -10 275.272 542.541 423.327 1200.000 -1 -1 -1 -1000 -1000 -1000 -10 0.00112582
Car -1 -1 -10 181.994 569.781 320.808 1195.667 -1 -1 -1 -1000 -1000 -1000 -10 0.00215643
Car -1 -1 -10 26.486 647.064 298.030 1200.000 -1 -1 -1 -1000 -1000 -1000 -10 0.00111111
Car -1 -1 -10 366.950 490.115 1585.671 1193.465 -1 -1 -1 -1000 -1000 -1000 -10 0.00110337
Car -1 -1 -10 0.000 978.289 290.118 1200.000 -1 -1 -1 -1000 -1000 -1000 -10 0.00110162
Car -1 -1 -10 169.476 470.025 600.666 688.670 -1 -1 -1 -1000 -1000 -1000 -10 0.00109631
Car -1 -1 -10 737.957 497.362 886.301 590.664 -1 -1 -1 -1000 -1000 -1000 -10 0.00108389
Car -1 -1 -10 253.729 571.605 393.982 1195.134 -1 -1 -1 -1000 -1000 -1000 -10 0.00214166
Car -1 -1 -10 63.434 373.816 247.424 1047.461 -1 -1 -1 -1000 -1000 -1000 -10 0.00106881
Car -1 -1 -10 589.465 467.237 983.156 696.032 -1 -1 -1 -1000 -1000 -1000 -10 0.00106842
Car -1 -1 -10 33.018 698.473 183.406 1200.000 -1 -1 -1 -1000 -1000 -1000 -10 0.00106534
Car -1 -1 -10 769.266 536.809 811.204 602.169 -1 -1 -1 -1000 -1000 -1000 -10 0.00105732
Car -1 -1 -10 148.846 503.051 1335.890 1200.000 -1 -1 -1 -1000 -1000 -1000 -10 0.00105084
Car -1 -1 -10 650.563 565.710 797.790 650.834 -1 -1 -1 -1000 -1000 -1000 -10 0.00104446
Car -1 -1 -10 4.663 1086.384 267.250 1200.000 -1 -1 -1 -1000 -1000 -1000 -10 0.00104205
Car -1 -1 -10 203.064 537.860 350.292 1200.000 -1 -1 -1 -1000 -1000 -1000 -10 0.00103314
Car -1 -1 -10 0.000 200.844 417.418 717.562 -1 -1 -1 -1000 -1000 -1000 -10 0.00101171
Car -1 -1 -10 0.000 889.822 240.335 1200.000 -1 -1 -1 -1000 -1000 -1000 -10 0.00100378
Car -1 -1 -10 597.741 541.310 755.553 628.108 -1 -1 -1 -1000 -1000 -1000 -10 0.00095992
