Car -1 -1 -10 0.000 505.380 1208.888 1188.701 -1 -1 -1 -1000 -1000 -1000 -10 0.01890612
Car -1 -1 -10 907.355 506.858 1920.000 1200.000 -1 -1 -1 -1000 -1000 -1000 -10 0.02424819
Car -1 -1 -10 1436.527 495.692 1918.797 1200.000 -1 -1 -1 -1000 -1000 -1000 -10 0.02430048
Car -1 -1 -10 0.000 483.419 910.050 1190.103 -1 -1 -1 -1000 -1000 -1000 -10 0.01629437
Car -1 -1 -10 0.000 588.966 532.312 1198.925 -1 -1 -1 -1000 -1000 -1000 -10 0.01947688
Car -1 -1 -10 1506.102 601.001 1920.000 988.373 -1 -1 -1 -1000 -1000 -1000 -10 0.01004399
Car -1 -1 -10 1523.937 751.923 1859.952 1087.999 -1 -1 -1 -1000 -1000 -1000 -10 0.00349282
Car -1 -1 -10 0.000 769.877 302.403 1175.187 -1 -1 -1 -1000 -1000 -1000 -10 0.00336150
Car -1 -1 -10 18.489 667.234 329.482 810.248 -1 -1 -1 -1000 -1000 -1000 -10 0.00551950
Car -1 -1 -10 70.900 717.120 243.888 808.589 -1 -1 -1 -1000 -1000 -1000 -10 0.00508212
Car -1 -1 -10 1549.658 579.251 1919.962 875.986 -1 -1 -1 -1000 -1000 -1000 -10 0.00270721
Car -1 -1 -10 1553.728 618.555 1916.678 928.056 -1 -1 -1 -1000 -1000 -1000 -10 0.00266700
Car -1 -1 -10 139.193 697.013 316.928 785.159 -1 -1 -1 -1000 -1000 -1000 -10 0.00480041
Car -1 -1 -10 190.579 481.725 1503.342 1183.844 -1 -1 -1 -1000 -1000 -1000 -10 0.00222240
Car -1 -1 -10 0.000 570.788 421.340 889.449 -1 -1 -1 -1000 -1000 -1000 -10 0.00221429
