Car -1 -1 -10 0.000 527.663 769.029 1182.509 -1 -1 -1 -1000 -1000 -1000 -10 0.03179101
Car -1 -1 -10 572.959 11.349 1915.162 1159.804 -1 -1 -1 -1000 -1000 -1000 -10 0.01264437
Car -1 -1 -10 0.000 613.872 522.670 1200.000 -1 -1 -1 -1000 -1000 -1000 -10 0.01302930
Car -1 -1 -10 1521.486 602.382 1920.000 870.192 -1 -1 -1 -1000 -1000 -1000 -10 0.00520594
Car -1 -1 -10 1619.002 682.542 1915.089 842.641 -1 -1 -1 -1000 -1000 -1000 -10 0.01333889
Car -1 -1 -10 1363.646 106.645 1920.000 1200.000 -1 -1 -1 -1000 -1000 -1000 -10 0.00860973
Car -1 -1 -10 1513.463 513.019 1920.000 848.765 -1 -1 -1 -1000 -1000 -1000 -10 0.00413125
Car -1 -1 -10 1499.034 610.036 1920.000 947.088 -1 -1 -1 -1000 -1000 -1000 -10 0.00412832
Car -1 -1 -10 1428.103 313.065 1911.300 975.243 -1 -1 -1 -1000 -1000 -1000 -10 0.00696684
Car -1 -1 -10 1549.505 479.249 1915.989 778.203 -1 -1 -1 -1000 -1000 -1000 -10 0.00364749
Car -1 -1 -10 1454.297 499.460 1920.000 1009.856 -1 -1 -1 -1000 -1000 -1000 -10 0.00357451
Car -1 -1 -10 1405.914 380.129 1920.000 1200.000 -1 -1 -1 -1000 -1000 -1000 -10 0.00331163
Car -1 -1 -10 1602.498 616.271 1920.000 936.989 -1 -1 -1 -1000 -1000 -1000 -10 0.00329904
Car -1 -1 -10 1634.061 708.595 1920.000 866.084 -1 -1 -1 -1000 -1000 -1000 -10 0.00309423
Car -1 -1 -10 1646.026 743.458 1882.763 872.517 -1 -1 -1 -1000 -1000 -1000 -10 0.00295670
Car -1 -1 -10 1486.709 690.062 1920.000 964.268 -1 -1 -1 -1000 -1000 -1000 -10 0.00578177
Car -1 -1 -10 1648.076 648.599 1884.310 778.236 -1 -1 -1 -1000 -1000 -1000 -10 0.00291493
