Car -1 -1 -10 552.497 546.624 690.175 651.798 -1 -1 -1 -1000 -1000 -1000 -10 0.99969377
Car -1 -1 -10 1091.423 555.843 1228.265 655.578 -1 -1 -1 -1000 -1000 -1000 -10 0.99944699
Car -1 -1 -10 939.474 558.981 1023.185 623.756 -1 -1 -1 -1000 -1000 -1000 -10 0.49801204
Car -1 -1 -10 0.000 585.307 879.273 1196.457 -1 -1 -1 -1000 -1000 -1000 -10 0.16433385
Car -1 -1 -10 6.455 668.953 506.826 1199.518 -1 -1 -1 -1000 -1000 -1000 -10 0.01533934
Car -1 -1 -10 28.394 773.166 587.678 1194.324 -1 -1 -1 -1000 -1000 -1000 -10 0.00573673
Car -1 -1 -10 704.649 986.223 1251.422 1200.000 -1 -1 -1 -1000 -1000 -1000 -10 0.01038719
Car -1 -1 -10 986.118 548.553 1920.000 1200.000 -1 -1 -1 -1000 -1000 -1000 -10 0.00791211
Car -1 -1 -10 540.654 797.284 1149.328 1192.352 -1 -1 -1 -1000 -1000 -1000 -10 0.00340635
Car -1 -1 -10 0.000 564.076 384.458 1200.000 -1 -1 -1 -1000 -1000 -1000 -10 0.00330280
Car -1 -1 -10 820.132 847.482 1170.300 1193.147 -1 -1 -1 -1000 -1000 -1000 -10 0.00325081
Car -1 -1 -10 621.725 1039.156 1051.797 1200.000 -1 -1 -1 -1000 -1000 -1000 -10 0.01129759
Car -1 -1 -10 847.217 900.691 1142.836 1200.000 -1 -1 -1 -1000 -1000 -1000 -10 0.00315797
Car -1 -1 -10 626.595 1091.178 786.910 1192.902 -1 -1 -1 -1000 -1000 -1000 -10 0.00580428
Car -1 -1 -10 840.128 1045.092 1138.266 1192.671 -1 -1 -1 -1000 -1000 -1000 -10 0.00588973
Car -1 -1 -10 919.374 1087.322 1080.373 1190.926 -1 -1 -1 -1000 -1000 -1000 -10 0.00553683
Car -1 -1 -10 576.049 1078.863 886.093 1200.000 -1 -1 -1 -1000 -1000 -1000 -10 0.00570429
Car -1 -1 -10 654.833 708.053 908.164 1193.224 -1 -1 -1 -1000 -1000 -1000 -10 0.00285734
Car -1 -1 -10 971.460 715.985 1210.102 1200.000 -1 -1 -1 -1000 -1000 -1000 -10 0.00276627
Car -1 -1 -10 906.190 1036.465 1337.513 1200.000 -1 -1 -1 -1000 -1000 -1000 -10 0.00268421
Car -1 -1 -10 605.081 800.066 966.735 1193.984 -1 -1 -1 -1000 -1000 -1000 -10 0.00266560
Car -1 -1 -10 951.657 544.105 1010.082 603.290 -1 -1 -1 -1000 -1000 -1000 -10 0.00262550
Car -1 -1 -10 366.235 814.119 1007.236 1181.381 -1 -1 -1 -1000 -1000 -1000 -10 0.00256343
Car -1 -1 -10 941.805 1081.775 1256.401 1200.000 -1 -1 -1 -1000 -1000 -1000 -10 0.00238981
