Car -1 -1 -10 11.020 658.483 562.020 1199.396 -1 -1 -1 -1000 -1000 -1000 -10 0.00626396
Car -1 -1 -10 0.000 783.367 470.643 1192.410 -1 -1 -1 -1000 -1000 -1000 -10 0.00391278
Car -1 -1 -10 0.000 0.000 498.431 216.287 -1 -1 -1 -1000 -1000 -1000 -10 0.00165328
Car -1 -1 -10 0.000 2.453 352.640 377.192 -1 -1 -1 -1000 -1000 -1000 -10 0.00149046
Car -1 -1 -10 147.269 785.052 765.493 1196.935 -1 -1 -1 -1000 -1000 -1000 -10 0.00451831
Car -1 -1 -10 149.445 5.722 522.543 371.295 -1 -1 -1 -1000 -1000 -1000 -10 0.00241937
Car -1 -1 -10 17.812 0.000 398.825 205.936 -1 -1 -1 -1000 -1000 -1000 -10 0.00126304
Car -1 -1 -10 107.522 37.417 300.386 549.139 -1 -1 -1 -1000 -1000 -1000 -10 0.00217732
Car -1 -1 -10 0.783 705.572 306.645 1194.762 -1 -1 -1 -1000 -1000 -1000 -10 0.00124452
Car -1 -1 -10 6.656 0.000 262.389 211.241 -1 -1 -1 -1000 -1000 -1000 -10 0.00212045
Car -1 -1 -10 575.953 0.000 1007.193 300.445 -1 -1 -1 -1000 -1000 -1000 -10 0.00242035
Car -1 -1 -10 53.643 0.000 645.990 211.361 -1 -1 -1 -1000 -1000 -1000 -10 0.00215361
Car -1 -1 -10 1626.883 3.984 1920.000 378.171 -1 -1 -1 -1000 -1000 -1000 -10 0.00118714
Car -1 -1 -10 0.000 973.789 286.082 1200.000 -1 -1 -1 -1000 -1000 -1000 -10 0.00222970
Car -1 -1 -10 1478.467 0.000 1920.000 323.975 -1 -1 -1 -1000 -1000 -1000 -10 0.00115585
Car -1 -1 -10 41.291 29.231 222.436 512.976 -1 -1 -1 -1000 -1000 -1000 -10 0.00115496
Car -1 -1 -10 252.228 665.243 442.327 1197.932 -1 -1 -1 -1000 -1000 -1000 -10 0.00113422
Car -1 -1 -10 312.605 664.992 503.221 1198.643 -1 -1 -1 -1000 -1000 -1000 -10 0.00222077
Car -1 -1 -10 185.722 35.114 366.132 512.984 -1 -1 -1 -1000 -1000 -1000 -10 0.00112969
Car -1 -1 -10 510.860 4.040 1094.520 274.075 -1 -1 -1 -1000 -1000 -1000 -10 0.00205428
Car -1 -1 -10 171.377 1.554 419.590 243.762 -1 -1 -1 -1000 -1000 -1000 -10 0.00107239
Car -1 -1 -10 258.326 35.379 438.435 513.098 -1 -1 -1 -1000 -1000 -1000 -10 0.00105275
Car -1 -1 -10 3.993 12.420 254.662 475.063 -1 -1 -1 -1000 -1000 -1000 -10 0.00103784
Car -1 -1 -10 242.838 2.265 369.230 123.317 -1 -1 -1 -1000 -1000 -1000 -10 0.00103111
Car -1 -1 -10 327.166 37.829 479.581 140.197 -1 -1 -1 -1000 -1000 -1000 -10 0.00102101
Car -1 -1 -10 260.647 8.854 549.868 171.238 -1 -1 -1 -1000 -1000 -1000 -10 0.00101249
Car -1 -1 -10 82.195 0.000 345.734 99.436 -1 -1 -1 -1000 -1000 -1000 -10 0.00099282
Car -1 -1 -10 518.874 670.195 705.925 1197.291 -1 -1 -1 -1000 -1000 -1000 -10 0.00098557
Car -1 -1 -10 145.100 19.273 398.597 471.262 -1 -1 -1 -1000 -1000 -1000 -10 0.00097521
Car -1 -1 -10 6.326 0.000 250.348 146.369 -1 -1 -1 -1000 -1000 -1000 -10 0.00097224
Car -1 -1 -10 1.189 924.460 233.299 1200.000 -1 -1 -1 -1000 -1000 -1000 -10 0.00096498
Car -1 -1 -10 43.096 2.674 184.921 266.132 -1 -1 -1 -1000 -1000 -1000 -10 0.00094430
Car -1 -1 -10 141.263 8.268 281.857 275.789 -1 -1 -1 -1000 -1000 -1000 -10 0.00094225
Car -1 -1 -10 5.648 830.895 348.989 1187.561 -1 -1 -1 -1000 -1000 -1000 -10 0.00093345
Car -1 -1 -10 159.712 0.000 261.031 112.160 -1 -1 -1 -1000 -1000 -1000 -10 0.00091567
Car -1 -1 -10 68.334 0.000 161.266 180.821 -1 -1 -1 -1000 -1000 -1000 -10 0.00090395
Car -1 -1 -10 118.024 0.000 584.392 259.086 -1 -1 -1 -1000 -1000 -1000 -10 0.00090171
Car -1 -1 -10 163.899 6.737 454.951 146.906 -1 -1 -1 -1000 -1000 -1000 -10 0.00089449
Car -1 -1 -10 225.643 19.420 478.662 470.544 -1 -1 -1 -1000 -1000 -1000 -10 0.00087753
Car -1 -1 -10 1626.356 0.000 1920.000 212.214 -1 -1 -1 -1000 -1000 -1000 -10 0.00086718
