Car -1 -1 -10 550.663 548.811 726.945 675.223 -1 -1 -1 -1000 -1000 -1000 -10 0.99940540
Car -1 -1 -10 332.429 540.264 521.376 665.546 -1 -1 -1 -1000 -1000 -1000 -10 0.99877940
Car -1 -1 -10 727.990 538.599 837.324 637.958 -1 -1 -1 -1000 -1000 -1000 -10 0.99707638
Car -1 -1 -10 1616.847 501.252 1920.000 670.587 -1 -1 -1 -1000 -1000 -1000 -10 0.27916652
Car -1 -1 -10 245.821 575.581 351.745 644.693 -1 -1 -1 -1000 -1000 -1000 -10 0.02453015
Car -1 -1 -10 0.000 591.637 66.313 653.165 -1 -1 -1 -1000 -1000 -1000 -10 0.01466336
Car -1 -1 -10 235.692 569.166 374.911 649.182 -1 -1 -1 -1000 -1000 -1000 -10 0.00814546
Car -1 -1 -10 320.546 540.123 434.688 644.350 -1 -1 -1 -1000 -1000 -1000 -10 0.00444214
Car -1 -1 -10 335.750 547.375 440.511 638.338 -1 -1 -1 -1000 -1000 -1000 -10 0.00318918
Car -1 -1 -10 781.649 540.176 830.534 621.320 -1 -1 -1 -1000 -1000 -1000 -10 0.00538285
Car -1 -1 -10 768.662 549.404 829.629 616.508 -1 -1 -1 -1000 -1000 -1000 -10 0.00483449
Car -1 -1 -10 999.451 564.872 1053.471 618.860 -1 -1 -1 -1000 -1000 -1000 -10 0.00455222
Car -1 -1 -10 1552.976 366.183 1913.164 710.295 -1 -1 -1 -1000 -1000 -1000 -10 0.00634893
Car -1 -1 -10 0.000 796.155 459.081 1199.067 -1 -1 -1 -1000 -1000 -1000 -10 0.00343798
Car -1 -1 -10 1666.116 524.907 1801.975 652.804 -1 -1 -1 -1000 -1000 -1000 -10 0.00316045
Car -1 -1 -10 658.703 6.529 1095.440 344.290 -1 -1 -1 -1000 -1000 -1000 -10 0.00156660
Car -1 -1 -10 423.838 541.514 538.488 645.853 -1 -1 -1 -1000 -1000 -1000 -10 0.00149319
Car -1 -1 -10 775.478 504.794 825.759 663.623 -1 -1 -1 -1000 -1000 -1000 -10 0.00119934
Car -1 -1 -10 12.501 571.140 160.629 656.815 -1 -1 -1 -1000 -1000 -1000 -10 0.00118392
