Car -1 -1 -10 540.623 557.660 660.840 649.003 -1 -1 -1 -1000 -1000 -1000 -10 0.97104846
Car -1 -1 -10 297.448 505.108 1512.349 1195.054 -1 -1 -1 -1000 -1000 -1000 -10 0.01174782
Car -1 -1 -10 870.732 790.933 1447.536 1196.767 -1 -1 -1 -1000 -1000 -1000 -10 0.00312823
Car -1 -1 -10 1202.777 1156.715 1240.194 1200.000 -1 -1 -1 -1000 -1000 -1000 -10 0.00455633
Car -1 -1 -10 930.002 712.670 1282.623 1189.870 -1 -1 -1 -1000 -1000 -1000 -10 0.00213525
Car -1 -1 -10 829.713 514.902 1917.499 1189.280 -1 -1 -1 -1000 -1000 -1000 -10 0.00763581
Car -1 -1 -10 1196.849 1084.404 1255.906 1200.000 -1 -1 -1 -1000 -1000 -1000 -10 0.00328910
Car -1 -1 -10 0.000 796.818 455.974 1199.436 -1 -1 -1 -1000 -1000 -1000 -10 0.00354310
Car -1 -1 -10 1269.052 1081.531 1328.337 1200.000 -1 -1 -1 -1000 -1000 -1000 -10 0.00184799
Car -1 -1 -10 709.177 806.092 1331.304 1197.716 -1 -1 -1 -1000 -1000 -1000 -10 0.00181346
Car -1 -1 -10 1086.209 1098.266 1198.942 1200.000 -1 -1 -1 -1000 -1000 -1000 -10 0.00177567
Car -1 -1 -10 962.981 1081.585 1270.899 1200.000 -1 -1 -1 -1000 -1000 -1000 -10 0.00339657
Car -1 -1 -10 983.003 1033.202 1407.297 1200.000 -1 -1 -1 -1000 -1000 -1000 -10 0.00162238
Car -1 -1 -10 1177.450 1082.676 1489.049 1200.000 -1 -1 -1 -1000 -1000 -1000 -10 0.00433344
Car -1 -1 -10 1183.593 1117.277 1263.581 1200.000 -1 -1 -1 -1000 -1000 -1000 -10 0.00291985
Car -1 -1 -10 705.375 718.957 1513.906 1197.736 -1 -1 -1 -1000 -1000 -1000 -10 0.00152979
Car -1 -1 -10 1115.145 1077.916 1249.106 1200.000 -1 -1 -1 -1000 -1000 -1000 -10 0.00152082
Car -1 -1 -10 1110.014 1022.383 1417.944 1200.000 -1 -1 -1 -1000 -1000 -1000 -10 0.00151223
Car -1 -1 -10 461.615 773.697 1319.909 1190.997 -1 -1 -1 -1000 -1000 -1000 -10 0.00149766
Car -1 -1 -10 812.121 934.321 1423.564 1200.000 -1 -1 -1 -1000 -1000 -1000 -10 0.00149572
Car -1 -1 -10 1151.459 1089.401 1305.398 1192.140 -1 -1 -1 -1000 -1000 -1000 -10 0.00149311
Car -1 -1 -10 0.000 520.911 894.753 1200.000 -1 -1 -1 -1000 -1000 -1000 -10 0.00418866
Car -1 -1 -10 909.079 988.519 1442.445 1200.000 -1 -1 -1 -1000 -1000 -1000 -10 0.00147232
Car -1 -1 -10 1063.711 582.690 1218.324 1200.000 -1 -1 -1 -1000 -1000 -1000 -10 0.00146005
Car -1 -1 -10 1049.219 1089.919 1213.488 1191.403 -1 -1 -1 -1000 -1000 -1000 -10 0.00144624
Car -1 -1 -10 923.131 772.045 1678.198 1195.011 -1 -1 -1 -1000 -1000 -1000 -10 0.00287016
Car -1 -1 -10 1235.079 1113.072 1314.952 1200.000 -1 -1 -1 -1000 -1000 -1000 -10 0.00143262
Car -1 -1 -10 1268.046 1116.788 1348.287 1200.000 -1 -1 -1 -1000 -1000 -1000 -10 0.00266631
Car -1 -1 -10 1071.835 1102.270 1242.111 1200.000 -1 -1 -1 -1000 -1000 -1000 -10 0.00141242
Car -1 -1 -10 1005.993 1083.220 1317.667 1200.000 -1 -1 -1 -1000 -1000 -1000 -10 0.00140221
Car -1 -1 -10 1241.003 1102.716 1410.700 1200.000 -1 -1 -1 -1000 -1000 -1000 -10 0.00273969
Car -1 -1 -10 857.844 244.619 1159.106 1200.000 -1 -1 -1 -1000 -1000 -1000 -10 0.00138378
Car -1 -1 -10 1099.156 1007.333 1264.428 1176.298 -1 -1 -1 -1000 -1000 -1000 -10 0.00131168
Car -1 -1 -10 674.078 931.147 1294.561 1200.000 -1 -1 -1 -1000 -1000 -1000 -10 0.00130977
Car -1 -1 -10 1261.458 1121.880 1300.744 1200.000 -1 -1 -1 -1000 -1000 -1000 -10 0.00126441
Car -1 -1 -10 187.289 30.993 485.144 964.314 -1 -1 -1 -1000 -1000 -1000 -10 0.00126068
Car -1 -1 -10 1041.730 820.837 1375.419 1193.868 -1 -1 -1 -1000 -1000 -1000 -10 0.00125648
Car -1 -1 -10 903.053 641.366 1169.243 1200.000 -1 -1 -1 -1000 -1000 -1000 -10 0.00125273
Car -1 -1 -10 937.847 1102.840 1180.507 1200.000 -1 -1 -1 -1000 -1000 -1000 -10 0.00247507
Car -1 -1 -10 988.815 829.622 1149.624 1200.000 -1 -1 -1 -1000 -1000 -1000 -10 0.00122925
Car -1 -1 -10 1453.590 799.787 1920.000 1200.000 -1 -1 -1 -1000 -1000 -1000 -10 0.00120853
Car -1 -1 -10 1420.053 584.605 1920.000 1200.000 -1 -1 -1 -1000 -1000 -1000 -10 0.00119527
Car -1 -1 -10 31.794 648.951 275.304 1200.000 -1 -1 -1 -1000 -1000 -1000 -10 0.00117898
Car -1 -1 -10 1138.947 1077.637 1271.399 1200.000 -1 -1 -1 -1000 -1000 -1000 -10 0.00117770
Car -1 -1 -10 1018.874 1007.166 1292.407 1175.517 -1 -1 -1 -1000 -1000 -1000 -10 0.00117178
Car -1 -1 -10 1120.377 1117.992 1200.808 1200.000 -1 -1 -1 -1000 -1000 -1000 -10 0.00117084
