Car -1 -1 -10 764.506 598.192 854.702 672.835 -1 -1 -1 -1000 -1000 -1000 -10 0.99434632
Car -1 -1 -10 0.000 799.301 457.970 1199.072 -1 -1 -1 -1000 -1000 -1000 -10 0.00675535
Car -1 -1 -10 653.296 1158.242 690.760 1200.000 -1 -1 -1 -1000 -1000 -1000 -10 0.00398689
Car -1 -1 -10 703.360 1157.658 741.464 1200.000 -1 -1 -1 -1000 -1000 -1000 -10 0.00172580
Car -1 -1 -10 457.601 629.423 515.181 687.590 -1 -1 -1 -1000 -1000 -1000 -10 0.00324136
Car -1 -1 -10 520.004 623.425 574.601 673.013 -1 -1 -1 -1000 -1000 -1000 -10 0.00174463
Car -1 -1 -10 9.333 232.373 436.906 531.151 -1 -1 -1 -1000 -1000 -1000 -10 0.00156557
Car -1 -1 -10 1489.393 257.619 1920.000 818.572 -1 -1 -1 -1000 -1000 -1000 -10 0.00092177
Car -1 -1 -10 1577.266 565.498 1920.000 1200.000 -1 -1 -1 -1000 -1000 -1000 -10 0.00153933
Car -1 -1 -10 1516.786 521.299 1915.969 831.206 -1 -1 -1 -1000 -1000 -1000 -10 0.00224858
Car -1 -1 -10 1469.164 192.944 1920.000 732.693 -1 -1 -1 -1000 -1000 -1000 -10 0.00082478
Car -1 -1 -10 0.000 513.668 1080.654 1194.831 -1 -1 -1 -1000 -1000 -1000 -10 0.00150206
Car -1 -1 -10 835.919 1157.644 874.541 1200.000 -1 -1 -1 -1000 -1000 -1000 -10 0.00133459
Car -1 -1 -10 18.372 297.611 475.998 817.382 -1 -1 -1 -1000 -1000 -1000 -10 0.00077832
Car -1 -1 -10 15.406 551.655 554.561 1161.521 -1 -1 -1 -1000 -1000 -1000 -10 0.00204957
Car -1 -1 -10 1435.016 603.789 1920.000 1200.000 -1 -1 -1 -1000 -1000 -1000 -10 0.00077821
Car -1 -1 -10 859.838 1157.683 896.611 1200.000 -1 -1 -1 -1000 -1000 -1000 -10 0.00128407
Car -1 -1 -10 529.840 673.548 767.613 1198.819 -1 -1 -1 -1000 -1000 -1000 -10 0.00142002
Car -1 -1 -10 649.494 672.257 885.479 1198.370 -1 -1 -1 -1000 -1000 -1000 -10 0.00143097
Car -1 -1 -10 1460.879 631.466 1916.354 1019.559 -1 -1 -1 -1000 -1000 -1000 -10 0.00071925
Car -1 -1 -10 41.675 646.367 221.296 1193.936 -1 -1 -1 -1000 -1000 -1000 -10 0.00071399
Car -1 -1 -10 434.480 1067.139 830.716 1200.000 -1 -1 -1 -1000 -1000 -1000 -10 0.00125219
Car -1 -1 -10 419.724 595.944 571.368 681.788 -1 -1 -1 -1000 -1000 -1000 -10 0.00069876
Car -1 -1 -10 2.191 398.785 440.035 755.758 -1 -1 -1 -1000 -1000 -1000 -10 0.00069538
Car -1 -1 -10 0.000 938.009 321.916 1200.000 -1 -1 -1 -1000 -1000 -1000 -10 0.00069360
Car -1 -1 -10 10.165 334.914 483.254 716.004 -1 -1 -1 -1000 -1000 -1000 -10 0.00122766
Car -1 -1 -10 1610.541 707.194 1912.781 1048.620 -1 -1 -1 -1000 -1000 -1000 -10 0.00122363
Car -1 -1 -10 477.897 585.323 674.195 1178.984 -1 -1 -1 -1000 -1000 -1000 -10 0.00134624
Car -1 -1 -10 635.619 1130.978 703.009 1200.000 -1 -1 -1 -1000 -1000 -1000 -10 0.00132161
Car -1 -1 -10 45.555 552.936 273.054 1190.491 -1 -1 -1 -1000 -1000 -1000 -10 0.00066350
Car -1 -1 -10 618.821 1157.876 657.098 1200.000 -1 -1 -1 -1000 -1000 -1000 -10 0.00066146
Car -1 -1 -10 371.401 582.111 564.299 1175.791 -1 -1 -1 -1000 -1000 -1000 -10 0.00065797
Car -1 -1 -10 610.729 1127.561 677.630 1200.000 -1 -1 -1 -1000 -1000 -1000 -10 0.00065585
Car -1 -1 -10 7.386 252.033 488.235 602.815 -1 -1 -1 -1000 -1000 -1000 -10 0.00065395
Car -1 -1 -10 0.000 486.881 416.769 1036.268 -1 -1 -1 -1000 -1000 -1000 -10 0.00064915
Car -1 -1 -10 606.131 578.408 809.360 1183.798 -1 -1 -1 -1000 -1000 -1000 -10 0.00064799
Car -1 -1 -10 0.000 1166.682 24.816 1200.000 -1 -1 -1 -1000 -1000 -1000 -10 0.00064623
Car -1 -1 -10 1619.205 275.889 1920.000 670.084 -1 -1 -1 -1000 -1000 -1000 -10 0.00064549
Car -1 -1 -10 512.089 620.085 567.441 675.328 -1 -1 -1 -1000 -1000 -1000 -10 0.00119702
Car -1 -1 -10 1614.082 515.913 1917.437 839.550 -1 -1 -1 -1000 -1000 -1000 -10 0.00061939
Car -1 -1 -10 1668.736 1013.698 1920.000 1200.000 -1 -1 -1 -1000 -1000 -1000 -10 0.00119729
Car -1 -1 -10 0.272 464.321 240.127 785.668 -1 -1 -1 -1000 -1000 -1000 -10 0.00060756
Car -1 -1 -10 758.272 674.535 996.497 1199.347 -1 -1 -1 -1000 -1000 -1000 -10 0.00060272
Car -1 -1 -10 816.663 1128.372 882.883 1200.000 -1 -1 -1 -1000 -1000 -1000 -10 0.00060104
Car -1 -1 -10 1471.974 801.906 1920.000 1200.000 -1 -1 -1 -1000 -1000 -1000 -10 0.00059988
Car -1 -1 -10 694.370 1128.298 761.704 1200.000 -1 -1 -1 -1000 -1000 -1000 -10 0.00059915
Car -1 -1 -10 750.701 572.467 951.642 1181.148 -1 -1 -1 -1000 -1000 -1000 -10 0.00059886
Car -1 -1 -10 793.302 1158.042 831.087 1200.000 -1 -1 -1 -1000 -1000 -1000 -10 0.00059067
Car -1 -1 -10 539.459 585.906 734.436 1179.253 -1 -1 -1 -1000 -1000 -1000 -10 0.00059012
Car -1 -1 -10 17.433 710.944 241.479 1199.752 -1 -1 -1 -1000 -1000 -1000 -10 0.00059003
Car -1 -1 -10 201.417 694.086 446.713 1199.695 -1 -1 -1 -1000 -1000 -1000 -10 0.00058810
Car -1 -1 -10 75.596 146.330 358.716 1200.000 -1 -1 -1 -1000 -1000 -1000 -10 0.00058230
Car -1 -1 -10 0.000 515.174 236.317 828.052 -1 -1 -1 -1000 -1000 -1000 -10 0.00058025
Car -1 -1 -10 0.000 543.601 695.218 1192.453 -1 -1 -1 -1000 -1000 -1000 -10 0.00057850
Car -1 -1 -10 78.709 567.965 234.204 1197.423 -1 -1 -1 -1000 -1000 -1000 -10 0.00056881
Car -1 -1 -10 51.970 402.286 384.848 1200.000 -1 -1 -1 -1000 -1000 -1000 -10 0.00056851
Car -1 -1 -10 657.802 581.229 853.360 1179.940 -1 -1 -1 -1000 -1000 -1000 -10 0.00056633
Car -1 -1 -10 1427.645 707.604 1920.000 1050.172 -1 -1 -1 -1000 -1000 -1000 -10 0.00055019
Car -1 -1 -10 0.000 879.999 271.393 1200.000 -1 -1 -1 -1000 -1000 -1000 -10 0.00052238
Car -1 -1 -10 1.641 607.314 301.941 941.095 -1 -1 -1 -1000 -1000 -1000 -10 0.00051894
