Car -1 -1 -10 19.406 528.466 245.527 682.919 -1 -1 -1 -1000 -1000 -1000 -10 0.99973707
Car -1 -1 -10 0.000 542.935 161.464 669.977 -1 -1 -1 -1000 -1000 -1000 -10 0.01548709
Car -1 -1 -10 375.222 570.634 429.660 622.593 -1 -1 -1 -1000 -1000 -1000 -10 0.03406491
Car -1 -1 -10 0.000 536.159 154.815 701.219 -1 -1 -1 -1000 -1000 -1000 -10 0.01229099
Car -1 -1 -10 0.000 538.387 124.730 677.414 -1 -1 -1 -1000 -1000 -1000 -10 0.01617165
Car -1 -1 -10 107.426 545.263 255.541 671.305 -1 -1 -1 -1000 -1000 -1000 -10 0.00525895
Car -1 -1 -10 0.726 518.087 258.586 966.341 -1 -1 -1 -1000 -1000 -1000 -10 0.00587273
Car -1 -1 -10 21.311 355.861 112.186 885.883 -1 -1 -1 -1000 -1000 -1000 -10 0.00229579
Car -1 -1 -10 0.000 509.290 271.276 840.209 -1 -1 -1 -1000 -1000 -1000 -10 0.00205525
Car -1 -1 -10 0.000 0.000 340.616 281.314 -1 -1 -1 -1000 -1000 -1000 -10 0.00191702
Car -1 -1 -10 0.000 522.902 407.584 1088.340 -1 -1 -1 -1000 -1000 -1000 -10 0.00505741
Car -1 -1 -10 0.000 0.000 307.362 368.465 -1 -1 -1 -1000 -1000 -1000 -10 0.00179205
Car -1 -1 -10 0.000 0.000 440.662 325.549 -1 -1 -1 -1000 -1000 -1000 -10 0.00342392
Car -1 -1 -10 0.000 0.000 400.581 689.184 -1 -1 -1 -1000 -1000 -1000 -10 0.00310875
Car -1 -1 -10 53.315 529.139 149.165 690.304 -1 -1 -1 -1000 -1000 -1000 -10 0.00297975
Car -1 -1 -10 13.666 299.217 126.190 959.802 -1 -1 -1 -1000 -1000 -1000 -10 0.00147783
Car -1 -1 -10 0.000 544.328 66.302 674.583 -1 -1 -1 -1000 -1000 -1000 -10 0.00147589
Car -1 -1 -10 0.000 0.000 125.701 145.797 -1 -1 -1 -1000 -1000 -1000 -10 0.00140453
Car -1 -1 -10 0.000 0.000 278.635 206.140 -1 -1 -1 -1000 -1000 -1000 -10 0.00404838
Car -1 -1 -10 35.279 497.024 100.016 729.308 -1 -1 -1 -1000 -1000 -1000 -10 0.00130316
Car -1 -1 -10 0.000 372.933 288.900 724.176 -1 -1 -1 -1000 -1000 -1000 -10 0.00252513
Car -1 -1 -10 43.611 352.730 139.444 853.730 -1 -1 -1 -1000 -1000 -1000 -10 0.00118613
Car -1 -1 -10 53.533 528.891 165.685 659.105 -1 -1 -1 -1000 -1000 -1000 -10 0.00118252
Car -1 -1 -10 0.000 799.754 448.697 1200.000 -1 -1 -1 -1000 -1000 -1000 -10 0.00117621
Car -1 -1 -10 31.313 519.477 120.762 671.941 -1 -1 -1 -1000 -1000 -1000 -10 0.00113139
