Car -1 -1 -10 976.029 557.022 1155.217 687.714 -1 -1 -1 -1000 -1000 -1000 -10 0.99948056
Car -1 -1 -10 1116.438 572.117 1188.827 648.066 -1 -1 -1 -1000 -1000 -1000 -10 0.95247765
Car -1 -1 -10 1095.683 581.076 1170.515 652.473 -1 -1 -1 -1000 -1000 -1000 -10 0.01114773
Car -1 -1 -10 0.000 0.000 416.335 370.285 -1 -1 -1 -1000 -1000 -1000 -10 0.00925086
Car -1 -1 -10 1109.193 565.076 1161.747 625.892 -1 -1 -1 -1000 -1000 -1000 -10 0.00747214
Car -1 -1 -10 450.213 0.000 1132.812 279.174 -1 -1 -1 -1000 -1000 -1000 -10 0.00393887
Car -1 -1 -10 540.557 1.952 986.972 320.717 -1 -1 -1 -1000 -1000 -1000 -10 0.01050613
Car -1 -1 -10 0.430 16.640 327.065 430.508 -1 -1 -1 -1000 -1000 -1000 -10 0.00655232
Car -1 -1 -10 604.380 9.528 962.047 408.247 -1 -1 -1 -1000 -1000 -1000 -10 0.00332179
Car -1 -1 -10 26.818 56.703 314.526 1013.500 -1 -1 -1 -1000 -1000 -1000 -10 0.00296427
Car -1 -1 -10 53.539 43.228 229.451 691.877 -1 -1 -1 -1000 -1000 -1000 -10 0.00550748
Car -1 -1 -10 274.767 0.000 1134.010 323.985 -1 -1 -1 -1000 -1000 -1000 -10 0.00288465
Car -1 -1 -10 1065.432 563.442 1163.010 649.100 -1 -1 -1 -1000 -1000 -1000 -10 0.00281159
Car -1 -1 -10 0.000 0.564 335.082 223.107 -1 -1 -1 -1000 -1000 -1000 -10 0.00548837
Car -1 -1 -10 23.312 32.311 235.414 598.291 -1 -1 -1 -1000 -1000 -1000 -10 0.00277358
Car -1 -1 -10 643.299 29.606 937.838 852.027 -1 -1 -1 -1000 -1000 -1000 -10 0.00254100
Car -1 -1 -10 489.961 2.223 999.817 550.000 -1 -1 -1 -1000 -1000 -1000 -10 0.00251754
Car -1 -1 -10 1055.769 562.728 1168.305 670.157 -1 -1 -1 -1000 -1000 -1000 -10 0.00239173
Car -1 -1 -10 620.579 27.142 962.381 659.909 -1 -1 -1 -1000 -1000 -1000 -10 0.00229722
