Car -1 -1 -10 340.360 580.702 585.310 680.579 -1 -1 -1 -1000 -1000 -1000 -10 0.98756289
Car -1 -1 -10 478.020 597.399 637.891 671.367 -1 -1 -1 -1000 -1000 -1000 -10 0.01597733
Car -1 -1 -10 646.306 594.271 704.939 645.499 -1 -1 -1 -1000 -1000 -1000 -10 0.01101067
Car -1 -1 -10 634.283 593.143 688.391 647.091 -1 -1 -1 -1000 -1000 -1000 -10 0.00937302
Car -1 -1 -10 4.456 579.143 138.351 776.623 -1 -1 -1 -1000 -1000 -1000 -10 0.01450545
Car -1 -1 -10 12.788 618.087 53.345 700.313 -1 -1 -1 -1000 -1000 -1000 -10 0.00436840
Car -1 -1 -10 23.962 625.367 65.397 770.888 -1 -1 -1 -1000 -1000 -1000 -10 0.00474588
Car -1 -1 -10 536.797 599.393 699.298 670.103 -1 -1 -1 -1000 -1000 -1000 -10 0.00232878
Car -1 -1 -10 264.294 652.439 433.511 1188.562 -1 -1 -1 -1000 -1000 -1000 -10 0.00205872
Car -1 -1 -10 0.000 613.421 423.265 1168.809 -1 -1 -1 -1000 -1000 -1000 -10 0.00344944
Car -1 -1 -10 20.087 589.002 214.573 1188.894 -1 -1 -1 -1000 -1000 -1000 -10 0.00491144
Car -1 -1 -10 19.389 1102.982 223.363 1200.000 -1 -1 -1 -1000 -1000 -1000 -10 0.00350646
Car -1 -1 -10 18.639 629.703 58.150 774.825 -1 -1 -1 -1000 -1000 -1000 -10 0.00173109
Car -1 -1 -10 191.694 645.946 362.442 1188.499 -1 -1 -1 -1000 -1000 -1000 -10 0.00166340
Car -1 -1 -10 136.811 1066.647 546.867 1200.000 -1 -1 -1 -1000 -1000 -1000 -10 0.00163306
Car -1 -1 -10 0.000 1156.549 32.162 1200.000 -1 -1 -1 -1000 -1000 -1000 -10 0.00154607
Car -1 -1 -10 334.428 646.520 505.665 1188.244 -1 -1 -1 -1000 -1000 -1000 -10 0.00148610
