Car -1 -1 -10 3.373 650.479 531.310 1200.000 -1 -1 -1 -1000 -1000 -1000 -10 0.00169105
Car -1 -1 -10 0.000 796.260 458.478 1199.478 -1 -1 -1 -1000 -1000 -1000 -10 0.00434195
Car -1 -1 -10 367.038 786.746 979.009 1188.855 -1 -1 -1 -1000 -1000 -1000 -10 0.00267507
Car -1 -1 -10 589.816 650.174 779.095 1191.359 -1 -1 -1 -1000 -1000 -1000 -10 0.00105062
Car -1 -1 -10 617.692 620.491 837.414 1185.519 -1 -1 -1 -1000 -1000 -1000 -10 0.00102905
Car -1 -1 -10 311.071 1063.525 704.513 1200.000 -1 -1 -1 -1000 -1000 -1000 -10 0.00222322
Car -1 -1 -10 534.712 633.094 722.912 1184.984 -1 -1 -1 -1000 -1000 -1000 -10 0.00236777
Car -1 -1 -10 651.316 623.087 870.241 1187.159 -1 -1 -1 -1000 -1000 -1000 -10 0.00092273
Car -1 -1 -10 359.845 685.479 596.491 1196.081 -1 -1 -1 -1000 -1000 -1000 -10 0.00154900
Car -1 -1 -10 226.676 676.656 467.311 1199.361 -1 -1 -1 -1000 -1000 -1000 -10 0.00089588
Car -1 -1 -10 571.277 1157.330 609.635 1200.000 -1 -1 -1 -1000 -1000 -1000 -10 0.00150702
Car -1 -1 -10 132.828 1066.956 527.946 1200.000 -1 -1 -1 -1000 -1000 -1000 -10 0.00161341
Car -1 -1 -10 551.607 1057.811 955.065 1200.000 -1 -1 -1 -1000 -1000 -1000 -10 0.00220511
Car -1 -1 -10 326.483 645.021 511.231 1189.771 -1 -1 -1 -1000 -1000 -1000 -10 0.00081390
Car -1 -1 -10 563.037 1127.583 629.721 1200.000 -1 -1 -1 -1000 -1000 -1000 -10 0.00080980
Car -1 -1 -10 0.000 928.340 331.313 1200.000 -1 -1 -1 -1000 -1000 -1000 -10 0.00227237
Car -1 -1 -10 254.121 605.309 441.835 1181.645 -1 -1 -1 -1000 -1000 -1000 -10 0.00207228
Car -1 -1 -10 64.799 358.629 365.201 1200.000 -1 -1 -1 -1000 -1000 -1000 -10 0.00138767
Car -1 -1 -10 39.075 630.958 217.730 1188.110 -1 -1 -1 -1000 -1000 -1000 -10 0.00072757
Car -1 -1 -10 643.810 585.751 796.347 1198.524 -1 -1 -1 -1000 -1000 -1000 -10 0.00137407
Car -1 -1 -10 212.301 737.059 339.285 1200.000 -1 -1 -1 -1000 -1000 -1000 -10 0.00130381
Car -1 -1 -10 22.826 690.167 257.862 1198.657 -1 -1 -1 -1000 -1000 -1000 -10 0.00122322
Car -1 -1 -10 239.886 1105.468 488.252 1200.000 -1 -1 -1 -1000 -1000 -1000 -10 0.00065811
Car -1 -1 -10 236.489 737.989 362.405 1200.000 -1 -1 -1 -1000 -1000 -1000 -10 0.00065357
Car -1 -1 -10 583.468 583.151 734.503 1191.621 -1 -1 -1 -1000 -1000 -1000 -10 0.00061867
Car -1 -1 -10 560.642 1088.754 619.738 1200.000 -1 -1 -1 -1000 -1000 -1000 -10 0.00061775
Car -1 -1 -10 226.046 907.833 468.076 1200.000 -1 -1 -1 -1000 -1000 -1000 -10 0.00059716
Car -1 -1 -10 458.927 820.038 619.440 1200.000 -1 -1 -1 -1000 -1000 -1000 -10 0.00059371
Car -1 -1 -10 692.461 739.631 818.464 1200.000 -1 -1 -1 -1000 -1000 -1000 -10 0.00059151
Car -1 -1 -10 489.869 588.868 685.550 1178.501 -1 -1 -1 -1000 -1000 -1000 -10 0.00058696
Car -1 -1 -10 202.463 1085.984 514.355 1200.000 -1 -1 -1 -1000 -1000 -1000 -10 0.00058253
Car -1 -1 -10 582.778 717.858 883.359 1194.040 -1 -1 -1 -1000 -1000 -1000 -10 0.00056151
Car -1 -1 -10 644.277 1104.809 895.030 1200.000 -1 -1 -1 -1000 -1000 -1000 -10 0.00055135
Car -1 -1 -10 431.130 1104.085 678.378 1200.000 -1 -1 -1 -1000 -1000 -1000 -10 0.00055048
Car -1 -1 -10 0.000 1068.845 281.969 1200.000 -1 -1 -1 -1000 -1000 -1000 -10 0.00054607
Car -1 -1 -10 470.434 527.145 827.490 1200.000 -1 -1 -1 -1000 -1000 -1000 -10 0.00054529
