Car -1 -1 -10 786.916 602.707 860.984 669.189 -1 -1 -1 -1000 -1000 -1000 -10 0.96895304
Car -1 -1 -10 663.803 608.886 701.767 650.412 -1 -1 -1 -1000 -1000 -1000 -10 0.05699182
Car -1 -1 -10 0.000 641.517 439.249 1196.615 -1 -1 -1 -1000 -1000 -1000 -10 0.00446671
Car -1 -1 -10 1484.923 365.828 1917.329 695.528 -1 -1 -1 -1000 -1000 -1000 -10 0.00486464
Car -1 -1 -10 0.000 804.815 462.794 1200.000 -1 -1 -1 -1000 -1000 -1000 -10 0.00332022
Car -1 -1 -10 627.534 620.746 832.440 1187.443 -1 -1 -1 -1000 -1000 -1000 -10 0.00262048
Car -1 -1 -10 0.000 195.746 564.560 542.511 -1 -1 -1 -1000 -1000 -1000 -10 0.00251874
Car -1 -1 -10 481.450 754.177 913.812 1200.000 -1 -1 -1 -1000 -1000 -1000 -10 0.00143915
Car -1 -1 -10 0.000 504.832 927.419 1196.349 -1 -1 -1 -1000 -1000 -1000 -10 0.00356657
Car -1 -1 -10 0.000 967.774 209.387 1200.000 -1 -1 -1 -1000 -1000 -1000 -10 0.00137047
Car -1 -1 -10 579.516 567.248 737.428 1198.732 -1 -1 -1 -1000 -1000 -1000 -10 0.00128441
Car -1 -1 -10 0.000 994.748 273.250 1200.000 -1 -1 -1 -1000 -1000 -1000 -10 0.00253418
Car -1 -1 -10 0.027 1108.411 123.549 1200.000 -1 -1 -1 -1000 -1000 -1000 -10 0.00236833
Car -1 -1 -10 0.000 938.349 321.176 1200.000 -1 -1 -1 -1000 -1000 -1000 -10 0.00119424
Car -1 -1 -10 0.000 1105.609 90.984 1200.000 -1 -1 -1 -1000 -1000 -1000 -10 0.00114579
Car -1 -1 -10 414.597 770.522 980.340 1191.594 -1 -1 -1 -1000 -1000 -1000 -10 0.00113882
Car -1 -1 -10 707.662 633.864 893.376 1189.034 -1 -1 -1 -1000 -1000 -1000 -10 0.00113829
Car -1 -1 -10 1579.038 565.929 1920.000 1200.000 -1 -1 -1 -1000 -1000 -1000 -10 0.00194792
Car -1 -1 -10 1604.321 451.651 1912.352 795.796 -1 -1 -1 -1000 -1000 -1000 -10 0.00106709
Car -1 -1 -10 1547.123 477.964 1906.868 768.623 -1 -1 -1 -1000 -1000 -1000 -10 0.00106486
Car -1 -1 -10 0.000 1103.467 49.122 1200.000 -1 -1 -1 -1000 -1000 -1000 -10 0.00103246
Car -1 -1 -10 1423.811 415.952 1920.000 1010.328 -1 -1 -1 -1000 -1000 -1000 -10 0.00298144
Car -1 -1 -10 1534.150 414.123 1920.000 644.263 -1 -1 -1 -1000 -1000 -1000 -10 0.00096350
Car -1 -1 -10 518.068 640.970 707.098 1190.292 -1 -1 -1 -1000 -1000 -1000 -10 0.00095994
Car -1 -1 -10 0.000 1083.684 164.179 1200.000 -1 -1 -1 -1000 -1000 -1000 -10 0.00092141
Car -1 -1 -10 1449.068 435.538 1909.279 879.844 -1 -1 -1 -1000 -1000 -1000 -10 0.00091646
Car -1 -1 -10 1500.057 652.989 1920.000 923.566 -1 -1 -1 -1000 -1000 -1000 -10 0.00091544
Car -1 -1 -10 158.545 39.542 375.072 1063.656 -1 -1 -1 -1000 -1000 -1000 -10 0.00091422
Car -1 -1 -10 1619.432 501.947 1906.013 674.275 -1 -1 -1 -1000 -1000 -1000 -10 0.00090366
Car -1 -1 -10 47.435 624.707 210.072 1200.000 -1 -1 -1 -1000 -1000 -1000 -10 0.00088825
Car -1 -1 -10 604.326 575.432 759.388 1195.785 -1 -1 -1 -1000 -1000 -1000 -10 0.00088650
Car -1 -1 -10 1468.697 800.368 1920.000 1200.000 -1 -1 -1 -1000 -1000 -1000 -10 0.00086857
Car -1 -1 -10 1592.027 478.439 1899.956 645.995 -1 -1 -1 -1000 -1000 -1000 -10 0.00082105
Car -1 -1 -10 32.669 694.506 183.257 1200.000 -1 -1 -1 -1000 -1000 -1000 -10 0.00081987
Car -1 -1 -10 0.000 1068.339 280.977 1200.000 -1 -1 -1 -1000 -1000 -1000 -10 0.00076907
