Car -1 -1 -10 1024.074 589.821 1183.662 694.439 -1 -1 -1 -1000 -1000 -1000 -10 0.99995530
Car -1 -1 -10 1228.018 574.979 1313.112 634.781 -1 -1 -1 -1000 -1000 -1000 -10 0.05069990
Car -1 -1 -10 1185.174 571.177 1320.492 648.988 -1 -1 -1 -1000 -1000 -1000 -10 0.01816109
Car -1 -1 -10 0.000 516.025 854.921 1179.790 -1 -1 -1 -1000 -1000 -1000 -10 0.02322805
Car -1 -1 -10 1240.977 579.779 1308.113 634.276 -1 -1 -1 -1000 -1000 -1000 -10 0.00863670
Car -1 -1 -10 3.347 613.209 516.821 1196.071 -1 -1 -1 -1000 -1000 -1000 -10 0.01203019
Car -1 -1 -10 0.000 498.520 425.036 771.795 -1 -1 -1 -1000 -1000 -1000 -10 0.00180799
Car -1 -1 -10 183.059 499.748 1403.457 1195.568 -1 -1 -1 -1000 -1000 -1000 -10 0.00173775
Car -1 -1 -10 167.651 593.027 322.126 684.530 -1 -1 -1 -1000 -1000 -1000 -10 0.00292965
Car -1 -1 -10 1043.001 408.055 1164.870 836.675 -1 -1 -1 -1000 -1000 -1000 -10 0.00288176
Car -1 -1 -10 1001.677 442.473 1206.497 779.511 -1 -1 -1 -1000 -1000 -1000 -10 0.00267514
Car -1 -1 -10 10.576 642.421 292.816 1200.000 -1 -1 -1 -1000 -1000 -1000 -10 0.00209794
Car -1 -1 -10 50.917 513.252 209.271 1200.000 -1 -1 -1 -1000 -1000 -1000 -10 0.00131107
Car -1 -1 -10 0.000 398.346 427.538 929.491 -1 -1 -1 -1000 -1000 -1000 -10 0.00244258
Car -1 -1 -10 1075.323 428.107 1145.194 834.117 -1 -1 -1 -1000 -1000 -1000 -10 0.00103187
Car -1 -1 -10 55.385 443.497 301.826 1200.000 -1 -1 -1 -1000 -1000 -1000 -10 0.00102407
Car -1 -1 -10 319.762 508.226 1085.261 1196.922 -1 -1 -1 -1000 -1000 -1000 -10 0.00196380
Car -1 -1 -10 0.000 628.539 359.176 1023.975 -1 -1 -1 -1000 -1000 -1000 -10 0.00089789
Car -1 -1 -10 570.254 250.868 872.395 1196.574 -1 -1 -1 -1000 -1000 -1000 -10 0.00082062
Car -1 -1 -10 24.108 774.304 769.938 1191.791 -1 -1 -1 -1000 -1000 -1000 -10 0.00080225
Car -1 -1 -10 1627.512 502.566 1920.000 859.061 -1 -1 -1 -1000 -1000 -1000 -10 0.00078222
Car -1 -1 -10 8.354 418.360 313.171 741.161 -1 -1 -1 -1000 -1000 -1000 -10 0.00078170
Car -1 -1 -10 1091.227 582.807 1200.200 683.021 -1 -1 -1 -1000 -1000 -1000 -10 0.00076680
Car -1 -1 -10 1074.232 476.969 1121.947 802.860 -1 -1 -1 -1000 -1000 -1000 -10 0.00074712
Car -1 -1 -10 185.672 245.152 486.560 1198.244 -1 -1 -1 -1000 -1000 -1000 -10 0.00074069
Car -1 -1 -10 91.190 194.794 336.725 1193.769 -1 -1 -1 -1000 -1000 -1000 -10 0.00073024
