Car -1 -1 -10 901.367 591.816 1016.425 692.302 -1 -1 -1 -1000 -1000 -1000 -10 0.99994934
Car -1 -1 -10 569.961 534.742 774.225 702.689 -1 -1 -1 -1000 -1000 -1000 -10 0.99986613
Car -1 -1 -10 386.171 591.168 492.497 671.358 -1 -1 -1 -1000 -1000 -1000 -10 0.81349622
Car -1 -1 -10 145.449 525.667 393.106 727.840 -1 -1 -1 -1000 -1000 -1000 -10 0.06189864
Car -1 -1 -10 496.709 593.814 576.173 656.855 -1 -1 -1 -1000 -1000 -1000 -10 0.02860045
Car -1 -1 -10 1608.261 589.589 1707.935 649.113 -1 -1 -1 -1000 -1000 -1000 -10 0.01245119
Car -1 -1 -10 890.144 805.669 1501.601 1193.028 -1 -1 -1 -1000 -1000 -1000 -10 0.00908295
Car -1 -1 -10 460.373 595.497 533.440 663.094 -1 -1 -1 -1000 -1000 -1000 -10 0.00581409
Car -1 -1 -10 652.007 546.055 791.433 682.997 -1 -1 -1 -1000 -1000 -1000 -10 0.00478601
Car -1 -1 -10 482.484 576.202 635.098 655.835 -1 -1 -1 -1000 -1000 -1000 -10 0.00296518
Car -1 -1 -10 528.826 603.412 581.419 655.601 -1 -1 -1 -1000 -1000 -1000 -10 0.00292927
Car -1 -1 -10 1098.925 798.925 1753.413 1195.537 -1 -1 -1 -1000 -1000 -1000 -10 0.00959894
Car -1 -1 -10 1459.764 593.099 1920.000 1194.448 -1 -1 -1 -1000 -1000 -1000 -10 0.00258884
Car -1 -1 -10 0.000 796.299 455.170 1198.713 -1 -1 -1 -1000 -1000 -1000 -10 0.00622406
Car -1 -1 -10 1442.247 797.819 1920.000 1196.324 -1 -1 -1 -1000 -1000 -1000 -10 0.00612552
Car -1 -1 -10 1054.947 764.157 1322.046 1188.230 -1 -1 -1 -1000 -1000 -1000 -10 0.00219955
Car -1 -1 -10 512.130 575.170 606.362 660.514 -1 -1 -1 -1000 -1000 -1000 -10 0.00219455
