Car -1 -1 -10 914.904 569.076 978.414 622.114 -1 -1 -1 -1000 -1000 -1000 -10 0.82317378
Car -1 -1 -10 1038.416 569.656 1096.050 622.747 -1 -1 -1 -1000 -1000 -1000 -10 0.02912664
Car -1 -1 -10 0.000 534.607 851.529 1191.087 -1 -1 -1 -1000 -1000 -1000 -10 0.01920476
Car -1 -1 -10 130.226 3.285 529.979 293.349 -1 -1 -1 -1000 -1000 -1000 -10 0.01336237
Car -1 -1 -10 85.033 0.000 520.683 368.485 -1 -1 -1 -1000 -1000 -1000 -10 0.00404947
Car -1 -1 -10 705.773 801.533 1318.055 1184.318 -1 -1 -1 -1000 -1000 -1000 -10 0.00393545
Car -1 -1 -10 0.000 0.000 862.152 319.762 -1 -1 -1 -1000 -1000 -1000 -10 0.00629571
Car -1 -1 -10 891.792 1048.038 1308.578 1200.000 -1 -1 -1 -1000 -1000 -1000 -10 0.00615474
Car -1 -1 -10 746.735 1046.969 1165.808 1200.000 -1 -1 -1 -1000 -1000 -1000 -10 0.00578174
Car -1 -1 -10 47.251 6.241 577.367 533.407 -1 -1 -1 -1000 -1000 -1000 -10 0.00599966
Car -1 -1 -10 25.279 0.000 624.290 353.631 -1 -1 -1 -1000 -1000 -1000 -10 0.00297693
Car -1 -1 -10 761.284 3.147 1116.357 377.680 -1 -1 -1 -1000 -1000 -1000 -10 0.00758297
Car -1 -1 -10 268.055 1.872 437.520 175.190 -1 -1 -1 -1000 -1000 -1000 -10 0.00508157
Car -1 -1 -10 1149.120 762.047 1740.366 1189.701 -1 -1 -1 -1000 -1000 -1000 -10 0.00274764
Car -1 -1 -10 978.638 661.790 1195.342 1189.467 -1 -1 -1 -1000 -1000 -1000 -10 0.00266538
Car -1 -1 -10 1354.502 769.711 1920.000 1182.475 -1 -1 -1 -1000 -1000 -1000 -10 0.00265355
Car -1 -1 -10 955.888 1082.180 1269.534 1200.000 -1 -1 -1 -1000 -1000 -1000 -10 0.00263234
Car -1 -1 -10 177.439 29.294 472.387 982.778 -1 -1 -1 -1000 -1000 -1000 -10 0.00518189
Car -1 -1 -10 1031.811 1102.845 1209.582 1200.000 -1 -1 -1 -1000 -1000 -1000 -10 0.00261999
Car -1 -1 -10 641.621 0.000 1208.884 214.503 -1 -1 -1 -1000 -1000 -1000 -10 0.00484821
Car -1 -1 -10 298.126 22.549 411.794 313.742 -1 -1 -1 -1000 -1000 -1000 -10 0.00257796
Car -1 -1 -10 86.913 6.720 370.816 374.359 -1 -1 -1 -1000 -1000 -1000 -10 0.00241878
Car -1 -1 -10 0.000 686.086 598.513 1169.893 -1 -1 -1 -1000 -1000 -1000 -10 0.00239570
Car -1 -1 -10 190.786 35.859 412.283 582.697 -1 -1 -1 -1000 -1000 -1000 -10 0.00238980
Car -1 -1 -10 608.378 1058.124 1013.817 1200.000 -1 -1 -1 -1000 -1000 -1000 -10 0.00238810
Car -1 -1 -10 833.971 1058.615 1238.932 1200.000 -1 -1 -1 -1000 -1000 -1000 -10 0.00238448
Car -1 -1 -10 290.813 5.595 653.955 371.983 -1 -1 -1 -1000 -1000 -1000 -10 0.00233880
Car -1 -1 -10 800.879 1.724 1040.422 248.650 -1 -1 -1 -1000 -1000 -1000 -10 0.00231318
Car -1 -1 -10 942.249 351.625 1221.044 1200.000 -1 -1 -1 -1000 -1000 -1000 -10 0.00223865
Car -1 -1 -10 154.534 0.000 731.298 211.718 -1 -1 -1 -1000 -1000 -1000 -10 0.00217849
Car -1 -1 -10 729.768 924.010 1426.141 1200.000 -1 -1 -1 -1000 -1000 -1000 -10 0.00215211
Car -1 -1 -10 57.278 16.323 426.758 810.165 -1 -1 -1 -1000 -1000 -1000 -10 0.00210789
Car -1 -1 -10 909.328 1101.631 1161.819 1200.000 -1 -1 -1 -1000 -1000 -1000 -10 0.00202697
Car -1 -1 -10 225.774 52.925 377.940 586.908 -1 -1 -1 -1000 -1000 -1000 -10 0.00201054
Car -1 -1 -10 791.734 0.000 1105.706 184.875 -1 -1 -1 -1000 -1000 -1000 -10 0.00199269
Car -1 -1 -10 949.177 513.646 1294.936 1200.000 -1 -1 -1 -1000 -1000 -1000 -10 0.00191295
Car -1 -1 -10 1149.040 626.446 1675.897 1200.000 -1 -1 -1 -1000 -1000 -1000 -10 0.00188382
Car -1 -1 -10 859.392 33.174 1036.134 513.753 -1 -1 -1 -1000 -1000 -1000 -10 0.00186375
