Car -1 -1 -10 241.064 522.060 431.979 665.526 -1 -1 -1 -1000 -1000 -1000 -10 0.99729203
Car -1 -1 -10 656.478 573.968 713.237 623.085 -1 -1 -1 -1000 -1000 -1000 -10 0.01126152
Car -1 -1 -10 214.619 540.536 352.790 675.251 -1 -1 -1 -1000 -1000 -1000 -10 0.00265458
Car -1 -1 -10 218.854 534.708 335.290 650.059 -1 -1 -1 -1000 -1000 -1000 -10 0.00264819
Car -1 -1 -10 316.320 452.690 366.602 755.506 -1 -1 -1 -1000 -1000 -1000 -10 0.00249044
Car -1 -1 -10 1292.365 1158.637 1328.677 1200.000 -1 -1 -1 -1000 -1000 -1000 -10 0.00184207
Car -1 -1 -10 0.000 805.717 452.290 1200.000 -1 -1 -1 -1000 -1000 -1000 -10 0.00371652
Car -1 -1 -10 413.249 0.514 777.968 379.028 -1 -1 -1 -1000 -1000 -1000 -10 0.00096880
Car -1 -1 -10 324.743 1.700 691.023 377.964 -1 -1 -1 -1000 -1000 -1000 -10 0.00089728
Car -1 -1 -10 281.179 301.124 397.008 929.948 -1 -1 -1 -1000 -1000 -1000 -10 0.00156316
Car -1 -1 -10 977.275 817.163 1506.053 1199.203 -1 -1 -1 -1000 -1000 -1000 -10 0.00084368
Car -1 -1 -10 717.417 573.163 761.153 617.809 -1 -1 -1 -1000 -1000 -1000 -10 0.00141231
Car -1 -1 -10 989.923 1052.743 1402.749 1200.000 -1 -1 -1 -1000 -1000 -1000 -10 0.00145341
Car -1 -1 -10 1262.945 1157.088 1300.417 1200.000 -1 -1 -1 -1000 -1000 -1000 -10 0.00140979
Car -1 -1 -10 497.380 32.983 679.108 511.282 -1 -1 -1 -1000 -1000 -1000 -10 0.00078062
Car -1 -1 -10 970.086 703.840 1315.962 1185.418 -1 -1 -1 -1000 -1000 -1000 -10 0.00077861
Car -1 -1 -10 975.342 602.007 1200.342 1185.728 -1 -1 -1 -1000 -1000 -1000 -10 0.00077504
Car -1 -1 -10 234.384 0.000 812.310 210.604 -1 -1 -1 -1000 -1000 -1000 -10 0.00284712
Car -1 -1 -10 1248.937 1127.639 1314.356 1200.000 -1 -1 -1 -1000 -1000 -1000 -10 0.00076897
Car -1 -1 -10 0.000 0.000 295.708 204.955 -1 -1 -1 -1000 -1000 -1000 -10 0.00215489
Car -1 -1 -10 934.276 1066.274 1329.717 1200.000 -1 -1 -1 -1000 -1000 -1000 -10 0.00131543
Car -1 -1 -10 519.560 653.589 706.083 1190.397 -1 -1 -1 -1000 -1000 -1000 -10 0.00075026
Car -1 -1 -10 293.942 451.352 342.232 752.933 -1 -1 -1 -1000 -1000 -1000 -10 0.00134537
Car -1 -1 -10 459.691 16.483 710.774 474.741 -1 -1 -1 -1000 -1000 -1000 -10 0.00071108
Car -1 -1 -10 371.810 36.441 733.557 718.870 -1 -1 -1 -1000 -1000 -1000 -10 0.00132845
Car -1 -1 -10 291.371 521.168 405.337 628.149 -1 -1 -1 -1000 -1000 -1000 -10 0.00191540
Car -1 -1 -10 449.163 34.202 631.121 513.192 -1 -1 -1 -1000 -1000 -1000 -10 0.00069166
Car -1 -1 -10 311.832 786.825 911.045 1185.983 -1 -1 -1 -1000 -1000 -1000 -10 0.00129990
Car -1 -1 -10 1466.851 809.504 1920.000 1200.000 -1 -1 -1 -1000 -1000 -1000 -10 0.00195564
Car -1 -1 -10 457.859 647.125 645.741 1188.706 -1 -1 -1 -1000 -1000 -1000 -10 0.00128426
Car -1 -1 -10 159.335 626.116 349.002 1191.322 -1 -1 -1 -1000 -1000 -1000 -10 0.00067571
Car -1 -1 -10 0.000 940.274 317.192 1200.000 -1 -1 -1 -1000 -1000 -1000 -10 0.00066952
Car -1 -1 -10 362.649 21.348 615.867 471.356 -1 -1 -1 -1000 -1000 -1000 -10 0.00066438
Car -1 -1 -10 992.409 584.504 1147.523 1191.069 -1 -1 -1 -1000 -1000 -1000 -10 0.00065704
Car -1 -1 -10 483.993 0.104 737.389 249.106 -1 -1 -1 -1000 -1000 -1000 -10 0.00119084
Car -1 -1 -10 0.000 0.000 125.985 144.598 -1 -1 -1 -1000 -1000 -1000 -10 0.00065147
Car -1 -1 -10 416.326 15.655 668.404 475.176 -1 -1 -1 -1000 -1000 -1000 -10 0.00064054
Car -1 -1 -10 247.804 638.026 443.626 1189.508 -1 -1 -1 -1000 -1000 -1000 -10 0.00062031
Car -1 -1 -10 1069.704 1048.844 1483.046 1200.000 -1 -1 -1 -1000 -1000 -1000 -10 0.00111549
Car -1 -1 -10 387.152 37.492 565.938 507.779 -1 -1 -1 -1000 -1000 -1000 -10 0.00173820
Car -1 -1 -10 403.145 0.544 654.361 247.253 -1 -1 -1 -1000 -1000 -1000 -10 0.00111291
Car -1 -1 -10 590.223 623.767 778.806 1183.594 -1 -1 -1 -1000 -1000 -1000 -10 0.00109960
Car -1 -1 -10 663.422 660.258 849.031 1187.747 -1 -1 -1 -1000 -1000 -1000 -10 0.00058867
Car -1 -1 -10 401.671 48.791 702.639 845.344 -1 -1 -1 -1000 -1000 -1000 -10 0.00114155
Car -1 -1 -10 0.000 0.000 165.340 116.423 -1 -1 -1 -1000 -1000 -1000 -10 0.00055890
Car -1 -1 -10 1076.209 1102.760 1318.171 1200.000 -1 -1 -1 -1000 -1000 -1000 -10 0.00054580
Car -1 -1 -10 1627.664 0.000 1920.000 203.580 -1 -1 -1 -1000 -1000 -1000 -10 0.00053388
Car -1 -1 -10 456.133 1.261 623.279 336.462 -1 -1 -1 -1000 -1000 -1000 -10 0.00053122
Car -1 -1 -10 1069.153 907.444 1307.874 1200.000 -1 -1 -1 -1000 -1000 -1000 -10 0.00052997
Car -1 -1 -10 1795.203 0.000 1920.000 145.544 -1 -1 -1 -1000 -1000 -1000 -10 0.00052964
Car -1 -1 -10 524.381 16.943 651.563 412.757 -1 -1 -1 -1000 -1000 -1000 -10 0.00052696
Car -1 -1 -10 275.254 0.000 780.137 569.974 -1 -1 -1 -1000 -1000 -1000 -10 0.00101943
Car -1 -1 -10 1037.771 579.463 1190.866 1193.452 -1 -1 -1 -1000 -1000 -1000 -10 0.00052583
Car -1 -1 -10 951.745 508.551 1307.422 1200.000 -1 -1 -1 -1000 -1000 -1000 -10 0.00051164
Car -1 -1 -10 1016.863 1105.770 1263.937 1200.000 -1 -1 -1 -1000 -1000 -1000 -10 0.00050440
Car -1 -1 -10 34.718 695.064 182.892 1200.000 -1 -1 -1 -1000 -1000 -1000 -10 0.00049019
Car -1 -1 -10 476.521 16.660 603.677 413.572 -1 -1 -1 -1000 -1000 -1000 -10 0.00048674
Car -1 -1 -10 1270.407 1123.037 1351.412 1200.000 -1 -1 -1 -1000 -1000 -1000 -10 0.00048338
