Car -1 -1 -10 0.000 529.709 1143.627 1192.089 -1 -1 -1 -1000 -1000 -1000 -10 0.08442296
Car -1 -1 -10 0.000 665.974 686.943 1194.407 -1 -1 -1 -1000 -1000 -1000 -10 0.03900570
Car -1 -1 -10 365.175 513.621 1670.793 1191.238 -1 -1 -1 -1000 -1000 -1000 -10 0.01891931
Car -1 -1 -10 258.455 730.850 1148.861 1185.944 -1 -1 -1 -1000 -1000 -1000 -10 0.01666284
Car -1 -1 -10 326.185 641.130 1071.099 1101.368 -1 -1 -1 -1000 -1000 -1000 -10 0.00459942
Car -1 -1 -10 445.388 520.674 1282.795 1200.000 -1 -1 -1 -1000 -1000 -1000 -10 0.00378802
Car -1 -1 -10 437.049 626.843 1028.561 1017.059 -1 -1 -1 -1000 -1000 -1000 -10 0.00648796
Car -1 -1 -10 570.275 106.497 870.457 1185.150 -1 -1 -1 -1000 -1000 -1000 -10 0.01241657
Car -1 -1 -10 120.394 841.588 986.128 1200.000 -1 -1 -1 -1000 -1000 -1000 -10 0.00329567
Car -1 -1 -10 0.000 625.128 309.489 1199.670 -1 -1 -1 -1000 -1000 -1000 -10 0.00617420
Car -1 -1 -10 516.855 684.968 997.433 968.919 -1 -1 -1 -1000 -1000 -1000 -10 0.00315314
Car -1 -1 -10 193.304 780.744 894.779 1200.000 -1 -1 -1 -1000 -1000 -1000 -10 0.00301267
Car -1 -1 -10 979.087 517.965 1920.000 1200.000 -1 -1 -1 -1000 -1000 -1000 -10 0.00565373
Car -1 -1 -10 381.538 176.818 682.844 1193.029 -1 -1 -1 -1000 -1000 -1000 -10 0.00563938
Car -1 -1 -10 367.514 645.973 857.354 914.070 -1 -1 -1 -1000 -1000 -1000 -10 0.00290773
Car -1 -1 -10 111.348 658.138 647.975 993.532 -1 -1 -1 -1000 -1000 -1000 -10 0.00285084
Car -1 -1 -10 29.841 252.553 298.998 1200.000 -1 -1 -1 -1000 -1000 -1000 -10 0.00280955
Car -1 -1 -10 518.480 723.490 996.331 1026.305 -1 -1 -1 -1000 -1000 -1000 -10 0.00268467
Car -1 -1 -10 660.665 457.839 925.344 1200.000 -1 -1 -1 -1000 -1000 -1000 -10 0.00264279
Car -1 -1 -10 0.000 566.921 530.263 960.688 -1 -1 -1 -1000 -1000 -1000 -10 0.00263492
Car -1 -1 -10 310.884 415.234 608.173 1200.000 -1 -1 -1 -1000 -1000 -1000 -10 0.00260190
Car -1 -1 -10 546.707 732.312 1251.919 1161.894 -1 -1 -1 -1000 -1000 -1000 -10 0.00259434
Car -1 -1 -10 23.392 377.514 392.635 1200.000 -1 -1 -1 -1000 -1000 -1000 -10 0.00258518
