Car -1 -1 -10 19.624 279.605 319.547 1191.257 -1 -1 -1 -1000 -1000 -1000 -10 0.00472325
Car -1 -1 -10 0.000 573.489 544.199 1200.000 -1 -1 -1 -1000 -1000 -1000 -10 0.00482518
Car -1 -1 -10 1430.115 652.253 1920.000 1001.431 -1 -1 -1 -1000 -1000 -1000 -10 0.00738583
Car -1 -1 -10 1.881 734.423 388.347 1112.356 -1 -1 -1 -1000 -1000 -1000 -10 0.00396818
Car -1 -1 -10 0.000 808.125 461.391 1200.000 -1 -1 -1 -1000 -1000 -1000 -10 0.00351007
Car -1 -1 -10 53.747 525.448 206.823 1194.999 -1 -1 -1 -1000 -1000 -1000 -10 0.00172253
Car -1 -1 -10 78.354 515.133 233.981 1195.948 -1 -1 -1 -1000 -1000 -1000 -10 0.00168202
Car -1 -1 -10 1503.926 465.601 1903.926 1191.944 -1 -1 -1 -1000 -1000 -1000 -10 0.00166627
Car -1 -1 -10 1577.574 705.589 1919.567 953.882 -1 -1 -1 -1000 -1000 -1000 -10 0.00159394
Car -1 -1 -10 1161.054 549.652 1883.456 1200.000 -1 -1 -1 -1000 -1000 -1000 -10 0.00290314
Car -1 -1 -10 1576.659 554.436 1920.000 1200.000 -1 -1 -1 -1000 -1000 -1000 -10 0.00142520
Car -1 -1 -10 1339.767 714.408 1781.425 942.184 -1 -1 -1 -1000 -1000 -1000 -10 0.00140028
Car -1 -1 -10 313.509 515.462 1415.162 1200.000 -1 -1 -1 -1000 -1000 -1000 -10 0.00130960
Car -1 -1 -10 1546.865 582.732 1916.932 872.467 -1 -1 -1 -1000 -1000 -1000 -10 0.00130797
Car -1 -1 -10 20.037 559.311 147.764 1192.834 -1 -1 -1 -1000 -1000 -1000 -10 0.00130131
Car -1 -1 -10 1673.761 598.873 1903.411 1048.034 -1 -1 -1 -1000 -1000 -1000 -10 0.00124942
Car -1 -1 -10 1379.873 510.733 1920.000 1190.913 -1 -1 -1 -1000 -1000 -1000 -10 0.00122523
Car -1 -1 -10 1467.890 805.512 1920.000 1200.000 -1 -1 -1 -1000 -1000 -1000 -10 0.00108735
