Car -1 -1 -10 129.102 373.909 1128.429 1135.119 -1 -1 -1 -1000 -1000 -1000 -10 0.11553639
Car -1 -1 -10 0.000 548.981 835.674 1178.956 -1 -1 -1 -1000 -1000 -1000 -10 0.09476840
Car -1 -1 -10 362.018 321.749 1020.251 1164.362 -1 -1 -1 -1000 -1000 -1000 -10 0.02158292
Car -1 -1 -10 18.990 740.103 646.450 1191.447 -1 -1 -1 -1000 -1000 -1000 -10 0.02928193
Car -1 -1 -10 388.189 696.172 1043.692 1148.795 -1 -1 -1 -1000 -1000 -1000 -10 0.01520294
Car -1 -1 -10 1373.980 657.416 1686.785 813.432 -1 -1 -1 -1000 -1000 -1000 -10 0.00929599
Car -1 -1 -10 623.196 326.572 993.276 1071.123 -1 -1 -1 -1000 -1000 -1000 -10 0.00455051
Car -1 -1 -10 425.919 671.074 1027.789 1071.836 -1 -1 -1 -1000 -1000 -1000 -10 0.00436322
Car -1 -1 -10 335.548 426.344 986.890 888.530 -1 -1 -1 -1000 -1000 -1000 -10 0.00357590
Car -1 -1 -10 358.926 492.559 1023.696 1000.229 -1 -1 -1 -1000 -1000 -1000 -10 0.00677255
Car -1 -1 -10 511.753 403.621 978.089 930.110 -1 -1 -1 -1000 -1000 -1000 -10 0.00348877
Car -1 -1 -10 1243.353 623.199 1767.673 854.205 -1 -1 -1 -1000 -1000 -1000 -10 0.00344836
Car -1 -1 -10 471.197 58.355 780.035 1171.365 -1 -1 -1 -1000 -1000 -1000 -10 0.01209970
Car -1 -1 -10 1567.868 515.719 1798.480 658.011 -1 -1 -1 -1000 -1000 -1000 -10 0.00329780
Car -1 -1 -10 154.271 513.088 366.202 661.823 -1 -1 -1 -1000 -1000 -1000 -10 0.00566289
Car -1 -1 -10 526.220 591.004 950.752 853.572 -1 -1 -1 -1000 -1000 -1000 -10 0.00563327
Car -1 -1 -10 1541.814 507.416 1816.643 672.356 -1 -1 -1 -1000 -1000 -1000 -10 0.00282559
Car -1 -1 -10 552.668 282.219 936.918 1190.234 -1 -1 -1 -1000 -1000 -1000 -10 0.00552914
Car -1 -1 -10 513.754 796.706 962.673 1049.246 -1 -1 -1 -1000 -1000 -1000 -10 0.00272064
Car -1 -1 -10 512.828 704.473 966.209 951.632 -1 -1 -1 -1000 -1000 -1000 -10 0.00264046
Car -1 -1 -10 1456.418 666.456 1627.106 761.083 -1 -1 -1 -1000 -1000 -1000 -10 0.00503066
Car -1 -1 -10 293.641 385.778 762.095 907.666 -1 -1 -1 -1000 -1000 -1000 -10 0.00249328
