Car -1 -1 -10 306.397 520.035 476.211 626.770 -1 -1 -1 -1000 -1000 -1000 -10 0.99874757
Car -1 -1 -10 489.255 527.330 826.202 658.136 -1 -1 -1 -1000 -1000 -1000 -10 0.41172688
Car -1 -1 -10 466.432 539.508 628.175 630.569 -1 -1 -1 -1000 -1000 -1000 -10 0.29282799
Car -1 -1 -10 547.711 799.480 1471.792 1194.696 -1 -1 -1 -1000 -1000 -1000 -10 0.05834921
Car -1 -1 -10 452.424 525.749 1735.092 1199.761 -1 -1 -1 -1000 -1000 -1000 -10 0.02728301
Car -1 -1 -10 945.085 776.746 1874.870 1186.027 -1 -1 -1 -1000 -1000 -1000 -10 0.01818444
Car -1 -1 -10 1134.266 833.214 1840.467 1189.769 -1 -1 -1 -1000 -1000 -1000 -10 0.00809282
Car -1 -1 -10 874.403 505.614 1920.000 1198.709 -1 -1 -1 -1000 -1000 -1000 -10 0.02352721
Car -1 -1 -10 519.915 539.515 710.192 634.945 -1 -1 -1 -1000 -1000 -1000 -10 0.02198319
Car -1 -1 -10 453.983 532.485 556.796 610.368 -1 -1 -1 -1000 -1000 -1000 -10 0.02020135
Car -1 -1 -10 0.000 580.075 514.098 1198.073 -1 -1 -1 -1000 -1000 -1000 -10 0.01712516
Car -1 -1 -10 0.000 798.427 598.941 1193.446 -1 -1 -1 -1000 -1000 -1000 -10 0.00646280
Car -1 -1 -10 365.641 791.832 1002.831 1191.784 -1 -1 -1 -1000 -1000 -1000 -10 0.01365437
Car -1 -1 -10 630.674 541.387 811.506 639.372 -1 -1 -1 -1000 -1000 -1000 -10 0.01407963
Car -1 -1 -10 807.342 831.808 1311.520 1127.983 -1 -1 -1 -1000 -1000 -1000 -10 0.00880144
Car -1 -1 -10 893.941 849.306 1194.369 1018.933 -1 -1 -1 -1000 -1000 -1000 -10 0.00418394
Car -1 -1 -10 1250.619 863.960 1716.671 1100.522 -1 -1 -1 -1000 -1000 -1000 -10 0.00805428
Car -1 -1 -10 0.000 543.368 382.589 1200.000 -1 -1 -1 -1000 -1000 -1000 -10 0.00382752
Car -1 -1 -10 1451.593 854.410 1747.442 1020.071 -1 -1 -1 -1000 -1000 -1000 -10 0.00369497
Car -1 -1 -10 0.000 835.100 425.297 1195.578 -1 -1 -1 -1000 -1000 -1000 -10 0.00365411
Car -1 -1 -10 439.317 535.722 546.448 619.641 -1 -1 -1 -1000 -1000 -1000 -10 0.00364746
Car -1 -1 -10 1422.898 593.991 1920.000 1200.000 -1 -1 -1 -1000 -1000 -1000 -10 0.00699139
