Car -1 -1 -10 477.881 560.860 676.158 702.942 -1 -1 -1 -1000 -1000 -1000 -10 0.99994469
Car -1 -1 -10 1384.008 530.848 1655.717 633.745 -1 -1 -1 -1000 -1000 -1000 -10 0.19868036
Car -1 -1 -10 1521.930 529.356 1765.434 629.716 -1 -1 -1 -1000 -1000 -1000 -10 0.10852004
Car -1 -1 -10 1449.475 529.163 1755.002 633.733 -1 -1 -1 -1000 -1000 -1000 -10 0.10028391
Car -1 -1 -10 1418.317 539.919 1609.799 629.514 -1 -1 -1 -1000 -1000 -1000 -10 0.02185843
Car -1 -1 -10 1368.001 542.853 1527.473 628.779 -1 -1 -1 -1000 -1000 -1000 -10 0.01516161
Car -1 -1 -10 116.765 498.550 1333.934 1196.352 -1 -1 -1 -1000 -1000 -1000 -10 0.01488853
Car -1 -1 -10 1667.043 539.635 1767.854 622.439 -1 -1 -1 -1000 -1000 -1000 -10 0.00509374
Car -1 -1 -10 1312.138 515.009 1747.137 704.717 -1 -1 -1 -1000 -1000 -1000 -10 0.00516495
Car -1 -1 -10 1578.556 527.480 1761.697 613.502 -1 -1 -1 -1000 -1000 -1000 -10 0.00266565
Car -1 -1 -10 0.000 795.194 466.027 1198.421 -1 -1 -1 -1000 -1000 -1000 -10 0.00534087
Car -1 -1 -10 1580.414 539.296 1692.241 625.944 -1 -1 -1 -1000 -1000 -1000 -10 0.00327611
Car -1 -1 -10 32.271 527.997 749.713 1197.952 -1 -1 -1 -1000 -1000 -1000 -10 0.00369008
Car -1 -1 -10 224.495 780.816 928.211 1194.714 -1 -1 -1 -1000 -1000 -1000 -10 0.00615055
Car -1 -1 -10 539.141 551.156 666.197 661.626 -1 -1 -1 -1000 -1000 -1000 -10 0.00184612
Car -1 -1 -10 0.000 655.379 480.441 1200.000 -1 -1 -1 -1000 -1000 -1000 -10 0.00177087
Car -1 -1 -10 1400.495 547.344 1482.243 617.753 -1 -1 -1 -1000 -1000 -1000 -10 0.00170131
Car -1 -1 -10 471.641 562.851 585.128 675.411 -1 -1 -1 -1000 -1000 -1000 -10 0.00303120
Car -1 -1 -10 421.557 656.936 609.488 1192.809 -1 -1 -1 -1000 -1000 -1000 -10 0.00319598
Car -1 -1 -10 10.522 680.581 252.010 1200.000 -1 -1 -1 -1000 -1000 -1000 -10 0.00149824
Car -1 -1 -10 1349.114 518.795 1789.821 677.344 -1 -1 -1 -1000 -1000 -1000 -10 0.00266363
Car -1 -1 -10 87.805 1158.323 124.168 1200.000 -1 -1 -1 -1000 -1000 -1000 -10 0.00135680
Car -1 -1 -10 723.224 632.468 1428.366 1052.465 -1 -1 -1 -1000 -1000 -1000 -10 0.00131969
Car -1 -1 -10 738.447 664.386 921.237 1192.805 -1 -1 -1 -1000 -1000 -1000 -10 0.00127842
Car -1 -1 -10 594.778 557.107 707.130 656.860 -1 -1 -1 -1000 -1000 -1000 -10 0.00125448
Car -1 -1 -10 291.091 666.491 509.104 1187.848 -1 -1 -1 -1000 -1000 -1000 -10 0.00125100
Car -1 -1 -10 237.800 1036.406 680.166 1200.000 -1 -1 -1 -1000 -1000 -1000 -10 0.00124738
Car -1 -1 -10 464.608 586.386 614.212 1200.000 -1 -1 -1 -1000 -1000 -1000 -10 0.00122837
Car -1 -1 -10 349.059 664.859 535.962 1194.746 -1 -1 -1 -1000 -1000 -1000 -10 0.00122512
Car -1 -1 -10 1380.329 558.987 1457.883 627.155 -1 -1 -1 -1000 -1000 -1000 -10 0.00121301
Car -1 -1 -10 876.791 658.921 1061.377 1191.142 -1 -1 -1 -1000 -1000 -1000 -10 0.00121185
Car -1 -1 -10 399.112 870.326 684.660 1200.000 -1 -1 -1 -1000 -1000 -1000 -10 0.00120742
Car -1 -1 -10 413.160 642.568 681.023 1200.000 -1 -1 -1 -1000 -1000 -1000 -10 0.00120015
Car -1 -1 -10 421.084 1083.227 731.788 1200.000 -1 -1 -1 -1000 -1000 -1000 -10 0.00116803
Car -1 -1 -10 394.633 595.729 543.422 1200.000 -1 -1 -1 -1000 -1000 -1000 -10 0.00115067
Car -1 -1 -10 238.351 930.391 862.332 1200.000 -1 -1 -1 -1000 -1000 -1000 -10 0.00115055
Car -1 -1 -10 103.688 385.491 428.078 1200.000 -1 -1 -1 -1000 -1000 -1000 -10 0.00114846
