Car -1 -1 -10 422.034 547.762 739.229 792.071 -1 -1 -1 -1000 -1000 -1000 -10 0.99998561
Car -1 -1 -10 897.414 570.027 1075.024 744.499 -1 -1 -1 -1000 -1000 -1000 -10 0.99764389
Car -1 -1 -10 1144.058 578.944 1323.399 707.092 -1 -1 -1 -1000 -1000 -1000 -10 0.99226381
Car -1 -1 -10 1676.654 582.536 1894.378 702.829 -1 -1 -1 -1000 -1000 -1000 -10 0.98777065
Car -1 -1 -10 691.365 568.537 825.394 704.518 -1 -1 -1 -1000 -1000 -1000 -10 0.86419970
Car -1 -1 -10 1777.933 585.399 1920.000 699.448 -1 -1 -1 -1000 -1000 -1000 -10 0.07022539
Car -1 -1 -10 1370.361 585.922 1520.805 656.204 -1 -1 -1 -1000 -1000 -1000 -10 0.02668608
Car -1 -1 -10 1391.451 585.873 1503.158 657.096 -1 -1 -1 -1000 -1000 -1000 -10 0.01838160
Car -1 -1 -10 1369.017 593.810 1531.265 667.639 -1 -1 -1 -1000 -1000 -1000 -10 0.02611401
Car -1 -1 -10 0.000 672.579 639.040 1200.000 -1 -1 -1 -1000 -1000 -1000 -10 0.01910280
