Car -1 -1 -10 0.000 498.920 937.107 1198.615 -1 -1 -1 -1000 -1000 -1000 -10 0.03124498
Car -1 -1 -10 26.337 169.098 1278.148 1200.000 -1 -1 -1 -1000 -1000 -1000 -10 0.00728870
Car -1 -1 -10 25.499 713.484 718.344 1187.592 -1 -1 -1 -1000 -1000 -1000 -10 0.01144112
Car -1 -1 -10 0.000 401.718 521.931 1183.086 -1 -1 -1 -1000 -1000 -1000 -10 0.00709299
Car -1 -1 -10 0.000 797.305 470.415 1200.000 -1 -1 -1 -1000 -1000 -1000 -10 0.00656449
Car -1 -1 -10 132.018 239.365 399.359 1200.000 -1 -1 -1 -1000 -1000 -1000 -10 0.00539456
Car -1 -1 -10 0.000 560.079 367.118 1200.000 -1 -1 -1 -1000 -1000 -1000 -10 0.00267118
Car -1 -1 -10 5.529 533.666 583.664 977.582 -1 -1 -1 -1000 -1000 -1000 -10 0.00490136
Car -1 -1 -10 21.290 464.980 646.255 856.698 -1 -1 -1 -1000 -1000 -1000 -10 0.00426605
Car -1 -1 -10 16.670 256.828 292.223 1200.000 -1 -1 -1 -1000 -1000 -1000 -10 0.00422841
Car -1 -1 -10 209.381 350.504 396.192 1035.388 -1 -1 -1 -1000 -1000 -1000 -10 0.00209009
Car -1 -1 -10 281.645 100.935 584.101 1178.715 -1 -1 -1 -1000 -1000 -1000 -10 0.00721354
Car -1 -1 -10 74.079 324.813 629.980 713.253 -1 -1 -1 -1000 -1000 -1000 -10 0.00384807
Car -1 -1 -10 5.313 1093.187 248.178 1200.000 -1 -1 -1 -1000 -1000 -1000 -10 0.00346453
Car -1 -1 -10 175.106 83.355 445.031 1186.930 -1 -1 -1 -1000 -1000 -1000 -10 0.00354445
Car -1 -1 -10 565.971 1122.998 604.415 1200.000 -1 -1 -1 -1000 -1000 -1000 -10 0.00180517
Car -1 -1 -10 11.732 599.270 207.898 1192.149 -1 -1 -1 -1000 -1000 -1000 -10 0.00178052
Car -1 -1 -10 0.000 980.912 290.988 1200.000 -1 -1 -1 -1000 -1000 -1000 -10 0.00173094
Car -1 -1 -10 55.245 1138.008 168.640 1200.000 -1 -1 -1 -1000 -1000 -1000 -10 0.00170516
Car -1 -1 -10 0.000 187.335 235.177 645.728 -1 -1 -1 -1000 -1000 -1000 -10 0.00167394
Car -1 -1 -10 14.476 332.227 584.681 750.256 -1 -1 -1 -1000 -1000 -1000 -10 0.00165629
Car -1 -1 -10 226.230 425.337 496.085 1200.000 -1 -1 -1 -1000 -1000 -1000 -10 0.00164445
Car -1 -1 -10 11.255 434.189 462.718 831.628 -1 -1 -1 -1000 -1000 -1000 -10 0.00163198
Car -1 -1 -10 88.231 174.313 338.824 1200.000 -1 -1 -1 -1000 -1000 -1000 -10 0.00162822
