Car -1 -1 -10 1017.632 611.686 1184.236 726.174 -1 -1 -1 -1000 -1000 -1000 -10 0.99987455
Car -1 -1 -10 476.193 634.342 558.494 692.702 -1 -1 -1 -1000 -1000 -1000 -10 0.84435512
Car -1 -1 -10 756.216 605.881 866.602 703.085 -1 -1 -1 -1000 -1000 -1000 -10 0.29957651
Car -1 -1 -10 781.752 615.985 879.797 701.627 -1 -1 -1 -1000 -1000 -1000 -10 0.01191387
Car -1 -1 -10 0.000 794.128 459.758 1198.310 -1 -1 -1 -1000 -1000 -1000 -10 0.00869978
Car -1 -1 -10 1011.180 637.518 1111.819 724.968 -1 -1 -1 -1000 -1000 -1000 -10 0.00369342
Car -1 -1 -10 0.000 0.000 293.903 214.988 -1 -1 -1 -1000 -1000 -1000 -10 0.00469863
Car -1 -1 -10 10.361 673.635 251.866 1200.000 -1 -1 -1 -1000 -1000 -1000 -10 0.00187195
Car -1 -1 -10 742.445 1156.444 780.145 1200.000 -1 -1 -1 -1000 -1000 -1000 -10 0.00415293
Car -1 -1 -10 784.832 569.216 832.122 732.756 -1 -1 -1 -1000 -1000 -1000 -10 0.00157210
Car -1 -1 -10 0.000 803.222 210.481 1195.124 -1 -1 -1 -1000 -1000 -1000 -10 0.00157133
Car -1 -1 -10 0.000 1104.768 49.212 1200.000 -1 -1 -1 -1000 -1000 -1000 -10 0.00148915
Car -1 -1 -10 0.000 1107.549 91.363 1200.000 -1 -1 -1 -1000 -1000 -1000 -10 0.00138852
Car -1 -1 -10 62.459 606.007 247.178 1184.687 -1 -1 -1 -1000 -1000 -1000 -10 0.00239658
Car -1 -1 -10 1479.950 478.279 1917.773 777.440 -1 -1 -1 -1000 -1000 -1000 -10 0.00136865
Car -1 -1 -10 0.000 998.911 276.928 1200.000 -1 -1 -1 -1000 -1000 -1000 -10 0.00255264
Car -1 -1 -10 0.000 0.000 432.032 323.560 -1 -1 -1 -1000 -1000 -1000 -10 0.00360992
Car -1 -1 -10 782.614 1158.941 821.042 1200.000 -1 -1 -1 -1000 -1000 -1000 -10 0.00132833
Car -1 -1 -10 1757.995 506.746 1920.000 719.484 -1 -1 -1 -1000 -1000 -1000 -10 0.00130057
Car -1 -1 -10 8.263 1108.454 178.291 1200.000 -1 -1 -1 -1000 -1000 -1000 -10 0.00249080
Car -1 -1 -10 774.154 625.037 840.418 687.011 -1 -1 -1 -1000 -1000 -1000 -10 0.00126931
Car -1 -1 -10 792.697 609.572 821.585 707.659 -1 -1 -1 -1000 -1000 -1000 -10 0.00125280
Car -1 -1 -10 0.000 1139.188 54.088 1200.000 -1 -1 -1 -1000 -1000 -1000 -10 0.00122188
Car -1 -1 -10 1668.967 492.453 1920.000 742.669 -1 -1 -1 -1000 -1000 -1000 -10 0.00120646
Car -1 -1 -10 10.387 467.455 525.964 1200.000 -1 -1 -1 -1000 -1000 -1000 -10 0.00118655
Car -1 -1 -10 1615.733 451.933 1905.636 772.773 -1 -1 -1 -1000 -1000 -1000 -10 0.00117133
Car -1 -1 -10 727.220 1127.438 792.303 1200.000 -1 -1 -1 -1000 -1000 -1000 -10 0.00113754
Car -1 -1 -10 0.000 2.015 123.195 242.538 -1 -1 -1 -1000 -1000 -1000 -10 0.00111261
Car -1 -1 -10 0.000 0.000 341.541 277.592 -1 -1 -1 -1000 -1000 -1000 -10 0.00108876
Car -1 -1 -10 769.500 1158.313 807.097 1200.000 -1 -1 -1 -1000 -1000 -1000 -10 0.00106644
Car -1 -1 -10 0.000 1110.047 123.787 1200.000 -1 -1 -1 -1000 -1000 -1000 -10 0.00101909
Car -1 -1 -10 0.000 968.579 210.555 1200.000 -1 -1 -1 -1000 -1000 -1000 -10 0.00097946
Car -1 -1 -10 46.080 640.358 216.686 1195.077 -1 -1 -1 -1000 -1000 -1000 -10 0.00096694
Car -1 -1 -10 3.339 1087.319 252.455 1200.000 -1 -1 -1 -1000 -1000 -1000 -10 0.00094894
