Car -1 -1 -10 418.086 9.817 1920.000 1181.866 -1 -1 -1 -1000 -1000 -1000 -10 0.01162337
Car -1 -1 -10 434.772 510.138 1793.411 1200.000 -1 -1 -1 -1000 -1000 -1000 -10 0.00830452
Car -1 -1 -10 1204.503 27.453 1920.000 1147.299 -1 -1 -1 -1000 -1000 -1000 -10 0.00942565
Car -1 -1 -10 774.795 347.314 1920.000 1038.262 -1 -1 -1 -1000 -1000 -1000 -10 0.00808566
Car -1 -1 -10 1241.046 556.518 1917.623 959.881 -1 -1 -1 -1000 -1000 -1000 -10 0.00664891
Car -1 -1 -10 1528.670 299.289 1920.000 736.313 -1 -1 -1 -1000 -1000 -1000 -10 0.00586531
Car -1 -1 -10 726.455 507.518 1582.847 1200.000 -1 -1 -1 -1000 -1000 -1000 -10 0.00317666
Car -1 -1 -10 1156.523 450.525 1819.524 848.166 -1 -1 -1 -1000 -1000 -1000 -10 0.00306290
Car -1 -1 -10 1339.909 446.570 1920.000 862.054 -1 -1 -1 -1000 -1000 -1000 -10 0.00301207
Car -1 -1 -10 867.193 655.959 1538.176 1056.091 -1 -1 -1 -1000 -1000 -1000 -10 0.00288764
Car -1 -1 -10 1257.941 363.883 1920.000 923.017 -1 -1 -1 -1000 -1000 -1000 -10 0.00285502
Car -1 -1 -10 1475.928 629.505 1920.000 916.533 -1 -1 -1 -1000 -1000 -1000 -10 0.00285464
Car -1 -1 -10 1046.182 422.295 1755.775 876.722 -1 -1 -1 -1000 -1000 -1000 -10 0.00281523
Car -1 -1 -10 1320.731 336.709 1919.279 763.776 -1 -1 -1 -1000 -1000 -1000 -10 0.00521408
Car -1 -1 -10 1070.443 299.662 1682.853 651.795 -1 -1 -1 -1000 -1000 -1000 -10 0.00259183
Car -1 -1 -10 973.681 639.139 1591.309 1011.992 -1 -1 -1 -1000 -1000 -1000 -10 0.00258146
Car -1 -1 -10 1275.249 590.918 1761.145 863.907 -1 -1 -1 -1000 -1000 -1000 -10 0.00242707
Car -1 -1 -10 1023.343 350.078 1673.558 749.201 -1 -1 -1 -1000 -1000 -1000 -10 0.00241787
Car -1 -1 -10 1019.467 304.013 1920.000 1133.033 -1 -1 -1 -1000 -1000 -1000 -10 0.00236010
Car -1 -1 -10 1444.914 237.897 1864.009 1045.225 -1 -1 -1 -1000 -1000 -1000 -10 0.00233789
Car -1 -1 -10 997.664 534.134 1704.676 970.159 -1 -1 -1 -1000 -1000 -1000 -10 0.00229132
Car -1 -1 -10 733.234 501.885 1920.000 1200.000 -1 -1 -1 -1000 -1000 -1000 -10 0.00226096
Car -1 -1 -10 1077.557 94.002 1920.000 916.567 -1 -1 -1 -1000 -1000 -1000 -10 0.00224677
Car -1 -1 -10 0.000 508.307 1118.436 1197.226 -1 -1 -1 -1000 -1000 -1000 -10 0.00402497
Car -1 -1 -10 1129.220 355.016 1792.703 749.199 -1 -1 -1 -1000 -1000 -1000 -10 0.00404962
