Car -1 -1 -10 725.563 552.223 829.101 630.099 -1 -1 -1 -1000 -1000 -1000 -10 0.99611124
Car -1 -1 -10 687.947 549.069 769.101 613.739 -1 -1 -1 -1000 -1000 -1000 -10 0.04501725
Car -1 -1 -10 840.255 5.387 1210.920 373.752 -1 -1 -1 -1000 -1000 -1000 -10 0.00160914
Car -1 -1 -10 178.688 583.282 233.281 633.133 -1 -1 -1 -1000 -1000 -1000 -10 0.00269812
Car -1 -1 -10 726.453 0.000 1310.855 218.385 -1 -1 -1 -1000 -1000 -1000 -10 0.00135677
Car -1 -1 -10 838.511 3.799 1192.398 175.647 -1 -1 -1 -1000 -1000 -1000 -10 0.00214031
Car -1 -1 -10 781.424 0.000 1209.012 298.015 -1 -1 -1 -1000 -1000 -1000 -10 0.00129043
Car -1 -1 -10 212.559 1157.934 250.707 1200.000 -1 -1 -1 -1000 -1000 -1000 -10 0.00126587
Car -1 -1 -10 928.457 31.618 1111.712 513.292 -1 -1 -1 -1000 -1000 -1000 -10 0.00122678
Car -1 -1 -10 680.043 2.924 1267.662 272.528 -1 -1 -1 -1000 -1000 -1000 -10 0.00221703
Car -1 -1 -10 890.077 1.716 1140.489 246.977 -1 -1 -1 -1000 -1000 -1000 -10 0.00113825
Car -1 -1 -10 885.942 21.857 1139.987 473.307 -1 -1 -1 -1000 -1000 -1000 -10 0.00300331
Car -1 -1 -10 468.278 0.000 1361.432 323.127 -1 -1 -1 -1000 -1000 -1000 -10 0.00103583
Car -1 -1 -10 838.154 785.440 1447.127 1185.636 -1 -1 -1 -1000 -1000 -1000 -10 0.00179128
Car -1 -1 -10 834.374 47.839 1132.416 849.596 -1 -1 -1 -1000 -1000 -1000 -10 0.00287092
Car -1 -1 -10 0.000 801.303 452.161 1199.156 -1 -1 -1 -1000 -1000 -1000 -10 0.00295046
Car -1 -1 -10 0.000 562.475 351.797 1200.000 -1 -1 -1 -1000 -1000 -1000 -10 0.00095105
Car -1 -1 -10 685.291 5.067 1058.837 373.026 -1 -1 -1 -1000 -1000 -1000 -10 0.00092711
Car -1 -1 -10 882.699 47.767 1181.308 846.040 -1 -1 -1 -1000 -1000 -1000 -10 0.00092505
Car -1 -1 -10 1225.234 1158.954 1263.032 1200.000 -1 -1 -1 -1000 -1000 -1000 -10 0.00088265
Car -1 -1 -10 711.500 557.570 784.551 625.644 -1 -1 -1 -1000 -1000 -1000 -10 0.00160390
Car -1 -1 -10 793.540 25.798 1049.614 473.471 -1 -1 -1 -1000 -1000 -1000 -10 0.00085466
Car -1 -1 -10 956.244 12.638 1084.439 415.038 -1 -1 -1 -1000 -1000 -1000 -10 0.00084963
Car -1 -1 -10 962.670 0.000 1087.978 126.648 -1 -1 -1 -1000 -1000 -1000 -10 0.00167159
Car -1 -1 -10 677.889 0.000 1142.100 178.297 -1 -1 -1 -1000 -1000 -1000 -10 0.00082752
Car -1 -1 -10 834.636 39.152 1013.259 510.604 -1 -1 -1 -1000 -1000 -1000 -10 0.00155745
Car -1 -1 -10 726.713 554.864 790.034 611.585 -1 -1 -1 -1000 -1000 -1000 -10 0.00151307
Car -1 -1 -10 726.991 1.596 1237.096 562.420 -1 -1 -1 -1000 -1000 -1000 -10 0.00156294
Car -1 -1 -10 691.440 553.561 753.822 612.690 -1 -1 -1 -1000 -1000 -1000 -10 0.00078553
Car -1 -1 -10 930.845 16.141 1060.624 413.166 -1 -1 -1 -1000 -1000 -1000 -10 0.00145471
Car -1 -1 -10 933.852 2.980 1116.560 149.369 -1 -1 -1 -1000 -1000 -1000 -10 0.00077264
Car -1 -1 -10 762.720 547.321 790.331 642.733 -1 -1 -1 -1000 -1000 -1000 -10 0.00149513
Car -1 -1 -10 940.790 646.880 1212.554 1200.000 -1 -1 -1 -1000 -1000 -1000 -10 0.00075717
Car -1 -1 -10 943.310 1042.649 1379.932 1200.000 -1 -1 -1 -1000 -1000 -1000 -10 0.00148116
Car -1 -1 -10 1028.702 1103.645 1273.736 1200.000 -1 -1 -1 -1000 -1000 -1000 -10 0.00145280
Car -1 -1 -10 969.656 11.935 1059.358 243.182 -1 -1 -1 -1000 -1000 -1000 -10 0.00145990
Car -1 -1 -10 907.240 17.556 1039.075 413.147 -1 -1 -1 -1000 -1000 -1000 -10 0.00073218
Car -1 -1 -10 549.554 1037.978 977.339 1200.000 -1 -1 -1 -1000 -1000 -1000 -10 0.00071809
Car -1 -1 -10 769.653 552.643 796.460 643.007 -1 -1 -1 -1000 -1000 -1000 -10 0.00071117
Car -1 -1 -10 637.994 698.506 873.603 1196.914 -1 -1 -1 -1000 -1000 -1000 -10 0.00070996
Car -1 -1 -10 741.660 505.323 788.353 667.226 -1 -1 -1 -1000 -1000 -1000 -10 0.00070619
Car -1 -1 -10 1615.095 7.187 1920.000 377.438 -1 -1 -1 -1000 -1000 -1000 -10 0.00070504
Car -1 -1 -10 766.044 4.003 1076.858 367.276 -1 -1 -1 -1000 -1000 -1000 -10 0.00067405
Car -1 -1 -10 1102.132 739.391 1227.217 1200.000 -1 -1 -1 -1000 -1000 -1000 -10 0.00067301
Car -1 -1 -10 846.334 43.619 1052.330 585.901 -1 -1 -1 -1000 -1000 -1000 -10 0.00067293
Car -1 -1 -10 923.588 727.581 1336.364 1200.000 -1 -1 -1 -1000 -1000 -1000 -10 0.00066410
