Car -1 -1 -10 1022.359 551.812 1320.123 704.848 -1 -1 -1 -1000 -1000 -1000 -10 0.49877860
Car -1 -1 -10 1056.738 546.860 1362.732 706.392 -1 -1 -1 -1000 -1000 -1000 -10 0.49426819
Car -1 -1 -10 1468.080 514.767 1740.502 652.494 -1 -1 -1 -1000 -1000 -1000 -10 0.91862617
Car -1 -1 -10 1704.424 541.665 1862.028 628.176 -1 -1 -1 -1000 -1000 -1000 -10 0.01026086
Car -1 -1 -10 1137.559 533.494 1377.076 693.064 -1 -1 -1 -1000 -1000 -1000 -10 0.00873068
Car -1 -1 -10 999.302 558.282 1219.433 708.205 -1 -1 -1 -1000 -1000 -1000 -10 0.00751832
Car -1 -1 -10 0.000 705.778 595.294 1166.935 -1 -1 -1 -1000 -1000 -1000 -10 0.00161986
Car -1 -1 -10 1130.118 568.691 1204.814 639.642 -1 -1 -1 -1000 -1000 -1000 -10 0.00152588
Car -1 -1 -10 0.909 1156.675 35.399 1200.000 -1 -1 -1 -1000 -1000 -1000 -10 0.00146333
Car -1 -1 -10 1656.180 512.111 1758.388 623.725 -1 -1 -1 -1000 -1000 -1000 -10 0.00139846
Car -1 -1 -10 1414.034 523.948 1638.885 655.673 -1 -1 -1 -1000 -1000 -1000 -10 0.00272750
Car -1 -1 -10 1126.398 566.539 1182.094 623.357 -1 -1 -1 -1000 -1000 -1000 -10 0.00227261
Car -1 -1 -10 1103.032 465.837 1191.373 814.010 -1 -1 -1 -1000 -1000 -1000 -10 0.00133891
Car -1 -1 -10 0.000 804.495 453.619 1200.000 -1 -1 -1 -1000 -1000 -1000 -10 0.00377153
Car -1 -1 -10 1163.277 551.638 1299.757 677.217 -1 -1 -1 -1000 -1000 -1000 -10 0.00121609
Car -1 -1 -10 1089.195 550.955 1205.049 660.602 -1 -1 -1 -1000 -1000 -1000 -10 0.00229039
Car -1 -1 -10 0.000 562.463 346.009 1200.000 -1 -1 -1 -1000 -1000 -1000 -10 0.00115966
Car -1 -1 -10 0.000 1140.206 54.216 1200.000 -1 -1 -1 -1000 -1000 -1000 -10 0.00110960
Car -1 -1 -10 0.000 983.534 285.920 1200.000 -1 -1 -1 -1000 -1000 -1000 -10 0.00282978
Car -1 -1 -10 126.521 678.464 619.154 1190.032 -1 -1 -1 -1000 -1000 -1000 -10 0.00104883
Car -1 -1 -10 1748.890 546.155 1835.624 613.915 -1 -1 -1 -1000 -1000 -1000 -10 0.00103030
Car -1 -1 -10 1051.721 572.140 1172.952 690.448 -1 -1 -1 -1000 -1000 -1000 -10 0.00101655
Car -1 -1 -10 1095.086 562.834 1235.845 699.015 -1 -1 -1 -1000 -1000 -1000 -10 0.00097125
Car -1 -1 -10 12.979 1158.464 50.497 1200.000 -1 -1 -1 -1000 -1000 -1000 -10 0.00096468
Car -1 -1 -10 0.000 1110.723 123.809 1200.000 -1 -1 -1 -1000 -1000 -1000 -10 0.00092825
