Car -1 -1 -10 609.300 560.230 890.191 850.109 -1 -1 -1 -1000 -1000 -1000 -10 0.95646809
Car -1 -1 -10 1730.654 559.239 1919.744 695.236 -1 -1 -1 -1000 -1000 -1000 -10 0.89164965
Car -1 -1 -10 1624.560 574.053 1873.717 698.186 -1 -1 -1 -1000 -1000 -1000 -10 0.06618670
Car -1 -1 -10 162.537 319.409 690.302 1185.231 -1 -1 -1 -1000 -1000 -1000 -10 0.01101819
Car -1 -1 -10 381.812 241.533 687.997 1180.161 -1 -1 -1 -1000 -1000 -1000 -10 0.01615612
Car -1 -1 -10 0.000 189.241 832.597 1200.000 -1 -1 -1 -1000 -1000 -1000 -10 0.02315916
Car -1 -1 -10 1659.581 585.839 1852.286 687.960 -1 -1 -1 -1000 -1000 -1000 -10 0.00849873
Car -1 -1 -10 944.655 609.101 1004.575 663.116 -1 -1 -1 -1000 -1000 -1000 -10 0.00827031
Car -1 -1 -10 2.800 575.771 572.652 1199.920 -1 -1 -1 -1000 -1000 -1000 -10 0.02798104
Car -1 -1 -10 1830.465 560.105 1920.000 681.502 -1 -1 -1 -1000 -1000 -1000 -10 0.01061847
Car -1 -1 -10 333.630 352.667 713.236 1180.310 -1 -1 -1 -1000 -1000 -1000 -10 0.00505744
Car -1 -1 -10 935.621 605.141 1007.258 666.390 -1 -1 -1 -1000 -1000 -1000 -10 0.00394167
Car -1 -1 -10 76.817 51.868 394.294 1173.633 -1 -1 -1 -1000 -1000 -1000 -10 0.00356833
