Car -1 -1 -10 1105.941 558.152 1448.513 808.964 -1 -1 -1 -1000 -1000 -1000 -10 0.99996310
Car -1 -1 -10 346.197 528.366 1549.878 1176.754 -1 -1 -1 -1000 -1000 -1000 -10 0.06546712
Car -1 -1 -10 0.000 527.439 1126.368 1182.330 -1 -1 -1 -1000 -1000 -1000 -10 0.02953938
Car -1 -1 -10 1747.647 547.483 1919.372 633.818 -1 -1 -1 -1000 -1000 -1000 -10 0.01396565
Car -1 -1 -10 1373.674 565.408 1531.425 661.475 -1 -1 -1 -1000 -1000 -1000 -10 0.01457823
Car -1 -1 -10 1263.328 576.744 1481.879 795.004 -1 -1 -1 -1000 -1000 -1000 -10 0.00269491
Car -1 -1 -10 1336.584 579.222 1460.961 699.114 -1 -1 -1 -1000 -1000 -1000 -10 0.00247491
Car -1 -1 -10 409.098 742.287 1270.725 1181.251 -1 -1 -1 -1000 -1000 -1000 -10 0.00199274
Car -1 -1 -10 1301.602 546.681 1594.247 684.027 -1 -1 -1 -1000 -1000 -1000 -10 0.00190619
Car -1 -1 -10 43.942 755.934 889.195 1179.483 -1 -1 -1 -1000 -1000 -1000 -10 0.00173668
Car -1 -1 -10 254.099 690.802 981.434 1196.534 -1 -1 -1 -1000 -1000 -1000 -10 0.00165542
Car -1 -1 -10 356.580 1083.105 672.288 1200.000 -1 -1 -1 -1000 -1000 -1000 -10 0.00165356
Car -1 -1 -10 1157.570 546.700 1366.005 683.835 -1 -1 -1 -1000 -1000 -1000 -10 0.00310489
Car -1 -1 -10 384.738 675.075 604.950 1185.857 -1 -1 -1 -1000 -1000 -1000 -10 0.00144830
Car -1 -1 -10 260.003 1034.564 701.109 1200.000 -1 -1 -1 -1000 -1000 -1000 -10 0.00143974
Car -1 -1 -10 348.633 1104.592 598.568 1200.000 -1 -1 -1 -1000 -1000 -1000 -10 0.00281245
Car -1 -1 -10 410.685 827.635 570.933 1200.000 -1 -1 -1 -1000 -1000 -1000 -10 0.00130447
Car -1 -1 -10 316.529 813.460 657.429 1196.817 -1 -1 -1 -1000 -1000 -1000 -10 0.00123575
Car -1 -1 -10 156.010 908.414 863.741 1200.000 -1 -1 -1 -1000 -1000 -1000 -10 0.00123572
