Car -1 -1 -10 1581.138 594.145 1746.027 677.676 -1 -1 -1 -1000 -1000 -1000 -10 0.01898005
Car -1 -1 -10 0.000 798.132 457.449 1199.262 -1 -1 -1 -1000 -1000 -1000 -10 0.00833205
Car -1 -1 -10 0.000 933.241 234.715 1200.000 -1 -1 -1 -1000 -1000 -1000 -10 0.00365876
Car -1 -1 -10 2.776 519.592 1055.040 1195.132 -1 -1 -1 -1000 -1000 -1000 -10 0.00628836
Car -1 -1 -10 34.449 614.415 226.657 1192.495 -1 -1 -1 -1000 -1000 -1000 -10 0.00406177
Car -1 -1 -10 1499.553 544.562 1809.906 686.565 -1 -1 -1 -1000 -1000 -1000 -10 0.00256927
Car -1 -1 -10 0.000 996.436 276.491 1200.000 -1 -1 -1 -1000 -1000 -1000 -10 0.00290269
Car -1 -1 -10 0.000 1103.846 48.898 1200.000 -1 -1 -1 -1000 -1000 -1000 -10 0.00151069
Car -1 -1 -10 2.454 1093.901 167.394 1200.000 -1 -1 -1 -1000 -1000 -1000 -10 0.00244265
Car -1 -1 -10 1.297 1060.639 294.088 1200.000 -1 -1 -1 -1000 -1000 -1000 -10 0.00257162
Car -1 -1 -10 0.000 1157.032 35.782 1200.000 -1 -1 -1 -1000 -1000 -1000 -10 0.00245236
Car -1 -1 -10 14.008 476.929 525.984 1200.000 -1 -1 -1 -1000 -1000 -1000 -10 0.00140142
Car -1 -1 -10 9.394 1103.438 241.937 1200.000 -1 -1 -1 -1000 -1000 -1000 -10 0.00136186
Car -1 -1 -10 23.080 720.923 240.594 1193.353 -1 -1 -1 -1000 -1000 -1000 -10 0.00132119
Car -1 -1 -10 0.000 1106.280 89.970 1200.000 -1 -1 -1 -1000 -1000 -1000 -10 0.00130529
Car -1 -1 -10 134.102 567.215 496.917 1193.140 -1 -1 -1 -1000 -1000 -1000 -10 0.00347233
Car -1 -1 -10 0.756 1107.870 125.525 1200.000 -1 -1 -1 -1000 -1000 -1000 -10 0.00123960
Car -1 -1 -10 283.404 564.276 599.119 1200.000 -1 -1 -1 -1000 -1000 -1000 -10 0.00238783
Car -1 -1 -10 67.529 697.933 748.009 1163.473 -1 -1 -1 -1000 -1000 -1000 -10 0.00215785
Car -1 -1 -10 230.966 620.112 416.636 1190.841 -1 -1 -1 -1000 -1000 -1000 -10 0.00226384
Car -1 -1 -10 93.405 1157.767 130.317 1200.000 -1 -1 -1 -1000 -1000 -1000 -10 0.00113808
Car -1 -1 -10 25.438 1158.128 62.954 1200.000 -1 -1 -1 -1000 -1000 -1000 -10 0.00112378
Car -1 -1 -10 55.691 1138.556 166.328 1200.000 -1 -1 -1 -1000 -1000 -1000 -10 0.00109608
Car -1 -1 -10 1631.050 567.456 1733.755 648.461 -1 -1 -1 -1000 -1000 -1000 -10 0.00107287
Car -1 -1 -10 173.834 568.033 731.733 1160.776 -1 -1 -1 -1000 -1000 -1000 -10 0.00106385
Car -1 -1 -10 1331.072 453.132 1912.770 795.019 -1 -1 -1 -1000 -1000 -1000 -10 0.00105463
Car -1 -1 -10 97.746 1124.811 136.202 1200.000 -1 -1 -1 -1000 -1000 -1000 -10 0.00103764
Car -1 -1 -10 368.670 493.353 520.438 1200.000 -1 -1 -1 -1000 -1000 -1000 -10 0.00099385
