Car -1 -1 -10 1072.689 605.680 1221.506 725.225 -1 -1 -1 -1000 -1000 -1000 -10 0.99997744
Car -1 -1 -10 1000.756 603.558 1098.545 695.283 -1 -1 -1 -1000 -1000 -1000 -10 0.99965034
Car -1 -1 -10 728.657 590.763 863.627 733.409 -1 -1 -1 -1000 -1000 -1000 -10 0.49821687
Car -1 -1 -10 839.673 618.247 914.640 688.795 -1 -1 -1 -1000 -1000 -1000 -10 0.80970474
Car -1 -1 -10 708.021 595.275 840.668 731.820 -1 -1 -1 -1000 -1000 -1000 -10 0.47279550
Car -1 -1 -10 0.000 642.243 127.984 726.099 -1 -1 -1 -1000 -1000 -1000 -10 0.53583658
Car -1 -1 -10 953.846 619.482 1023.360 682.507 -1 -1 -1 -1000 -1000 -1000 -10 0.42875515
Car -1 -1 -10 106.086 628.148 241.198 712.444 -1 -1 -1 -1000 -1000 -1000 -10 0.25019456
Car -1 -1 -10 137.423 637.842 244.426 708.920 -1 -1 -1 -1000 -1000 -1000 -10 0.06893232
Car -1 -1 -10 0.000 643.183 57.966 742.468 -1 -1 -1 -1000 -1000 -1000 -10 0.02006080
Car -1 -1 -10 1405.231 566.664 1573.055 659.857 -1 -1 -1 -1000 -1000 -1000 -10 0.01514255
Car -1 -1 -10 764.719 590.893 869.210 703.796 -1 -1 -1 -1000 -1000 -1000 -10 0.00413112
Car -1 -1 -10 470.634 1158.106 508.608 1200.000 -1 -1 -1 -1000 -1000 -1000 -10 0.00170504
Car -1 -1 -10 0.000 791.035 443.055 1190.598 -1 -1 -1 -1000 -1000 -1000 -10 0.00160170
