Car -1 -1 -10 466.470 602.549 569.311 678.658 -1 -1 -1 -1000 -1000 -1000 -10 0.95874465
Car -1 -1 -10 842.812 595.201 899.170 650.217 -1 -1 -1 -1000 -1000 -1000 -10 0.11022459
Car -1 -1 -10 2.729 607.063 201.047 734.825 -1 -1 -1 -1000 -1000 -1000 -10 0.09067429
Car -1 -1 -10 0.000 587.171 505.054 1183.936 -1 -1 -1 -1000 -1000 -1000 -10 0.00194866
Car -1 -1 -10 0.000 788.302 457.968 1193.887 -1 -1 -1 -1000 -1000 -1000 -10 0.00547303
Car -1 -1 -10 10.370 675.516 254.752 1200.000 -1 -1 -1 -1000 -1000 -1000 -10 0.00312660
Car -1 -1 -10 0.000 532.976 777.251 1194.561 -1 -1 -1 -1000 -1000 -1000 -10 0.00553806
Car -1 -1 -10 211.613 621.182 391.674 1180.570 -1 -1 -1 -1000 -1000 -1000 -10 0.00227167
Car -1 -1 -10 8.864 1107.079 198.248 1200.000 -1 -1 -1 -1000 -1000 -1000 -10 0.00248246
Car -1 -1 -10 3.333 1062.579 328.768 1200.000 -1 -1 -1 -1000 -1000 -1000 -10 0.00125141
Car -1 -1 -10 1119.177 417.193 1595.109 728.988 -1 -1 -1 -1000 -1000 -1000 -10 0.00225121
Car -1 -1 -10 65.456 351.334 362.987 1200.000 -1 -1 -1 -1000 -1000 -1000 -10 0.00325876
Car -1 -1 -10 19.064 558.693 148.225 1178.046 -1 -1 -1 -1000 -1000 -1000 -10 0.00119505
Car -1 -1 -10 1136.213 447.149 1404.654 623.476 -1 -1 -1 -1000 -1000 -1000 -10 0.00116182
Car -1 -1 -10 26.062 636.721 298.149 1200.000 -1 -1 -1 -1000 -1000 -1000 -10 0.00111043
Car -1 -1 -10 297.870 639.440 468.804 1186.368 -1 -1 -1 -1000 -1000 -1000 -10 0.00206906
Car -1 -1 -10 94.349 1068.491 495.502 1200.000 -1 -1 -1 -1000 -1000 -1000 -10 0.00105036
Car -1 -1 -10 0.000 941.045 321.234 1200.000 -1 -1 -1 -1000 -1000 -1000 -10 0.00104502
Car -1 -1 -10 107.138 591.350 301.296 1177.475 -1 -1 -1 -1000 -1000 -1000 -10 0.00102731
Car -1 -1 -10 0.000 1026.960 289.061 1200.000 -1 -1 -1 -1000 -1000 -1000 -10 0.00100177
Car -1 -1 -10 153.307 587.876 349.470 1183.079 -1 -1 -1 -1000 -1000 -1000 -10 0.00096256
Car -1 -1 -10 45.593 645.508 217.337 1196.286 -1 -1 -1 -1000 -1000 -1000 -10 0.00094904
Car -1 -1 -10 499.164 601.269 526.646 691.408 -1 -1 -1 -1000 -1000 -1000 -10 0.00094257
Car -1 -1 -10 7.584 1085.987 267.316 1200.000 -1 -1 -1 -1000 -1000 -1000 -10 0.00092057
Car -1 -1 -10 198.493 1107.370 452.104 1200.000 -1 -1 -1 -1000 -1000 -1000 -10 0.00086853
