Car -1 -1 -10 532.378 593.667 670.011 688.947 -1 -1 -1 -1000 -1000 -1000 -10 0.99988876
Car -1 -1 -10 127.210 609.925 288.161 703.270 -1 -1 -1 -1000 -1000 -1000 -10 0.99977157
Car -1 -1 -10 1441.308 589.854 1608.229 694.963 -1 -1 -1 -1000 -1000 -1000 -10 0.49921833
Car -1 -1 -10 763.796 597.672 846.155 665.305 -1 -1 -1 -1000 -1000 -1000 -10 0.77133644
Car -1 -1 -10 1342.861 583.926 1504.689 687.822 -1 -1 -1 -1000 -1000 -1000 -10 0.47064744
Car -1 -1 -10 1395.391 583.948 1618.815 698.371 -1 -1 -1 -1000 -1000 -1000 -10 0.41077490
Car -1 -1 -10 1365.776 590.817 1530.721 683.061 -1 -1 -1 -1000 -1000 -1000 -10 0.08932466
Car -1 -1 -10 1508.647 589.588 1623.067 693.156 -1 -1 -1 -1000 -1000 -1000 -10 0.00261649
Car -1 -1 -10 1497.371 593.682 1601.826 692.374 -1 -1 -1 -1000 -1000 -1000 -10 0.00230973
Car -1 -1 -10 0.709 596.475 129.552 682.582 -1 -1 -1 -1000 -1000 -1000 -10 0.00391514
Car -1 -1 -10 9.427 597.681 91.014 665.951 -1 -1 -1 -1000 -1000 -1000 -10 0.00363818
Car -1 -1 -10 524.630 590.290 609.320 670.710 -1 -1 -1 -1000 -1000 -1000 -10 0.00734164
Car -1 -1 -10 758.435 1122.388 831.452 1200.000 -1 -1 -1 -1000 -1000 -1000 -10 0.00321396
Car -1 -1 -10 1416.556 587.304 1521.548 678.777 -1 -1 -1 -1000 -1000 -1000 -10 0.00175413
Car -1 -1 -10 733.808 1157.927 771.297 1200.000 -1 -1 -1 -1000 -1000 -1000 -10 0.00172151
Car -1 -1 -10 776.555 1155.896 814.332 1200.000 -1 -1 -1 -1000 -1000 -1000 -10 0.00301990
Car -1 -1 -10 84.839 479.018 322.662 841.128 -1 -1 -1 -1000 -1000 -1000 -10 0.00272685
Car -1 -1 -10 1.864 615.807 124.722 701.190 -1 -1 -1 -1000 -1000 -1000 -10 0.00144965
Car -1 -1 -10 175.648 453.855 244.498 845.881 -1 -1 -1 -1000 -1000 -1000 -10 0.00276568
Car -1 -1 -10 454.492 1114.270 535.870 1200.000 -1 -1 -1 -1000 -1000 -1000 -10 0.00140854
Car -1 -1 -10 696.284 1125.273 762.211 1200.000 -1 -1 -1 -1000 -1000 -1000 -10 0.00134842
Car -1 -1 -10 1395.063 412.014 1639.108 808.535 -1 -1 -1 -1000 -1000 -1000 -10 0.00132919
Car -1 -1 -10 695.854 1103.778 869.998 1200.000 -1 -1 -1 -1000 -1000 -1000 -10 0.00131485
Car -1 -1 -10 1321.931 569.718 1485.551 664.716 -1 -1 -1 -1000 -1000 -1000 -10 0.00130293
Car -1 -1 -10 533.470 1125.709 600.611 1200.000 -1 -1 -1 -1000 -1000 -1000 -10 0.00243684
Car -1 -1 -10 682.901 576.103 878.697 1184.109 -1 -1 -1 -1000 -1000 -1000 -10 0.00126149
Car -1 -1 -10 0.000 797.234 449.827 1198.575 -1 -1 -1 -1000 -1000 -1000 -10 0.00477412
Car -1 -1 -10 469.064 1158.235 507.538 1200.000 -1 -1 -1 -1000 -1000 -1000 -10 0.00125133
Car -1 -1 -10 731.272 1127.617 799.501 1200.000 -1 -1 -1 -1000 -1000 -1000 -10 0.00124606
Car -1 -1 -10 0.000 497.556 116.068 675.915 -1 -1 -1 -1000 -1000 -1000 -10 0.00236335
Car -1 -1 -10 11.501 674.176 250.412 1198.648 -1 -1 -1 -1000 -1000 -1000 -10 0.00118376
Car -1 -1 -10 382.709 583.718 576.615 1180.766 -1 -1 -1 -1000 -1000 -1000 -10 0.00225496
Car -1 -1 -10 3.129 568.265 181.899 708.754 -1 -1 -1 -1000 -1000 -1000 -10 0.00113615
Car -1 -1 -10 739.925 1156.837 779.789 1200.000 -1 -1 -1 -1000 -1000 -1000 -10 0.00113268
Car -1 -1 -10 504.511 1125.356 569.197 1200.000 -1 -1 -1 -1000 -1000 -1000 -10 0.00112445
Car -1 -1 -10 795.046 1156.500 833.111 1200.000 -1 -1 -1 -1000 -1000 -1000 -10 0.00111154
