Car -1 -1 -10 1625.957 536.613 1797.556 624.277 -1 -1 -1 -1000 -1000 -1000 -10 0.05350772
Car -1 -1 -10 1606.227 523.194 1834.343 639.385 -1 -1 -1 -1000 -1000 -1000 -10 0.01721362
Car -1 -1 -10 307.244 1082.165 647.693 1200.000 -1 -1 -1 -1000 -1000 -1000 -10 0.00810122
Car -1 -1 -10 420.448 1097.848 594.109 1186.128 -1 -1 -1 -1000 -1000 -1000 -10 0.01183227
Car -1 -1 -10 567.529 1095.053 807.910 1200.000 -1 -1 -1 -1000 -1000 -1000 -10 0.00348521
Car -1 -1 -10 1604.643 510.725 1900.650 633.368 -1 -1 -1 -1000 -1000 -1000 -10 0.00619251
Car -1 -1 -10 239.558 1019.180 738.023 1200.000 -1 -1 -1 -1000 -1000 -1000 -10 0.00553569
Car -1 -1 -10 600.200 1098.518 775.973 1200.000 -1 -1 -1 -1000 -1000 -1000 -10 0.00410888
Car -1 -1 -10 423.263 612.167 611.344 1185.881 -1 -1 -1 -1000 -1000 -1000 -10 0.00736108
Car -1 -1 -10 218.212 1106.570 484.148 1200.000 -1 -1 -1 -1000 -1000 -1000 -10 0.00874795
Car -1 -1 -10 525.672 692.984 769.349 1200.000 -1 -1 -1 -1000 -1000 -1000 -10 0.00474229
Car -1 -1 -10 272.359 595.727 463.705 1183.247 -1 -1 -1 -1000 -1000 -1000 -10 0.00445349
Car -1 -1 -10 528.697 1069.723 832.613 1200.000 -1 -1 -1 -1000 -1000 -1000 -10 0.00384173
Car -1 -1 -10 350.196 1094.743 522.762 1186.259 -1 -1 -1 -1000 -1000 -1000 -10 0.00744666
Car -1 -1 -10 343.682 1067.406 747.537 1200.000 -1 -1 -1 -1000 -1000 -1000 -10 0.00226004
Car -1 -1 -10 411.448 833.668 573.430 1200.000 -1 -1 -1 -1000 -1000 -1000 -10 0.00220473
Car -1 -1 -10 356.757 647.221 529.414 1190.360 -1 -1 -1 -1000 -1000 -1000 -10 0.00529347
Car -1 -1 -10 651.799 1099.147 752.962 1200.000 -1 -1 -1 -1000 -1000 -1000 -10 0.00210939
Car -1 -1 -10 157.407 1049.347 624.212 1200.000 -1 -1 -1 -1000 -1000 -1000 -10 0.00334522
Car -1 -1 -10 390.253 993.269 616.515 1200.000 -1 -1 -1 -1000 -1000 -1000 -10 0.00180714
Car -1 -1 -10 500.754 650.838 672.658 1192.245 -1 -1 -1 -1000 -1000 -1000 -10 0.00180052
Car -1 -1 -10 1578.831 500.535 1920.000 735.480 -1 -1 -1 -1000 -1000 -1000 -10 0.00310379
Car -1 -1 -10 451.722 1021.814 544.758 1200.000 -1 -1 -1 -1000 -1000 -1000 -10 0.00355265
Car -1 -1 -10 360.088 1089.599 699.237 1200.000 -1 -1 -1 -1000 -1000 -1000 -10 0.00175630
Car -1 -1 -10 559.928 987.367 774.950 1199.113 -1 -1 -1 -1000 -1000 -1000 -10 0.00174829
Car -1 -1 -10 441.512 1016.094 921.151 1200.000 -1 -1 -1 -1000 -1000 -1000 -10 0.00174212
Car -1 -1 -10 529.318 1104.948 700.903 1200.000 -1 -1 -1 -1000 -1000 -1000 -10 0.00341576
Car -1 -1 -10 628.256 835.262 787.523 1200.000 -1 -1 -1 -1000 -1000 -1000 -10 0.00170748
Car -1 -1 -10 600.199 698.054 836.541 1199.799 -1 -1 -1 -1000 -1000 -1000 -10 0.00330161
Car -1 -1 -10 443.537 865.133 557.863 1200.000 -1 -1 -1 -1000 -1000 -1000 -10 0.00169831
Car -1 -1 -10 1686.345 518.270 1860.807 611.419 -1 -1 -1 -1000 -1000 -1000 -10 0.00298376
Car -1 -1 -10 629.728 1020.851 727.088 1200.000 -1 -1 -1 -1000 -1000 -1000 -10 0.00165132
Car -1 -1 -10 490.707 1106.929 670.783 1200.000 -1 -1 -1 -1000 -1000 -1000 -10 0.00292814
Car -1 -1 -10 396.378 1127.089 463.100 1200.000 -1 -1 -1 -1000 -1000 -1000 -10 0.00150421
Car -1 -1 -10 230.192 1157.519 269.420 1200.000 -1 -1 -1 -1000 -1000 -1000 -10 0.00150269
Car -1 -1 -10 455.867 651.568 621.149 1189.768 -1 -1 -1 -1000 -1000 -1000 -10 0.00149055
Car -1 -1 -10 440.769 813.240 776.842 1196.524 -1 -1 -1 -1000 -1000 -1000 -10 0.00145281
Car -1 -1 -10 1780.255 534.837 1914.632 638.121 -1 -1 -1 -1000 -1000 -1000 -10 0.00133714
Car -1 -1 -10 322.248 1100.729 439.615 1200.000 -1 -1 -1 -1000 -1000 -1000 -10 0.00130377
Car -1 -1 -10 549.117 1024.610 866.145 1200.000 -1 -1 -1 -1000 -1000 -1000 -10 0.00129466
Car -1 -1 -10 313.562 1022.776 817.378 1200.000 -1 -1 -1 -1000 -1000 -1000 -10 0.00129340
Car -1 -1 -10 1003.993 518.122 1147.729 609.655 -1 -1 -1 -1000 -1000 -1000 -10 0.00126514
Car -1 -1 -10 525.435 747.374 652.085 1200.000 -1 -1 -1 -1000 -1000 -1000 -10 0.00125778
Car -1 -1 -10 311.203 809.880 420.546 1200.000 -1 -1 -1 -1000 -1000 -1000 -10 0.00125591
Car -1 -1 -10 244.582 1139.169 359.166 1200.000 -1 -1 -1 -1000 -1000 -1000 -10 0.00125478
Car -1 -1 -10 211.721 627.760 389.557 1196.500 -1 -1 -1 -1000 -1000 -1000 -10 0.00124716
Car -1 -1 -10 403.622 1142.818 455.245 1200.000 -1 -1 -1 -1000 -1000 -1000 -10 0.00120442
Car -1 -1 -10 467.471 917.038 708.968 1200.000 -1 -1 -1 -1000 -1000 -1000 -10 0.00118704
Car -1 -1 -10 468.291 1128.275 536.789 1200.000 -1 -1 -1 -1000 -1000 -1000 -10 0.00117646
Car -1 -1 -10 500.384 939.556 725.057 1200.000 -1 -1 -1 -1000 -1000 -1000 -10 0.00117068
Car -1 -1 -10 292.352 925.207 439.539 1200.000 -1 -1 -1 -1000 -1000 -1000 -10 0.00116709
Car -1 -1 -10 576.222 723.781 792.015 1199.143 -1 -1 -1 -1000 -1000 -1000 -10 0.00110797
Car -1 -1 -10 536.094 1017.044 630.464 1200.000 -1 -1 -1 -1000 -1000 -1000 -10 0.00106685
