Car -1 -1 -10 834.278 539.334 1050.576 738.598 -1 -1 -1 -1000 -1000 -1000 -10 0.99996608
Car -1 -1 -10 319.188 578.447 408.261 636.692 -1 -1 -1 -1000 -1000 -1000 -10 0.01254856
Car -1 -1 -10 469.593 583.044 521.656 627.306 -1 -1 -1 -1000 -1000 -1000 -10 0.00824218
Car -1 -1 -10 814.598 819.111 1449.241 1192.193 -1 -1 -1 -1000 -1000 -1000 -10 0.00495519
Car -1 -1 -10 771.239 567.108 824.462 621.117 -1 -1 -1 -1000 -1000 -1000 -10 0.00284690
Car -1 -1 -10 831.828 550.212 955.016 670.591 -1 -1 -1 -1000 -1000 -1000 -10 0.00335646
Car -1 -1 -10 933.998 803.754 1228.820 1193.406 -1 -1 -1 -1000 -1000 -1000 -10 0.00304793
Car -1 -1 -10 780.146 879.896 1291.565 1197.569 -1 -1 -1 -1000 -1000 -1000 -10 0.00182072
Car -1 -1 -10 989.582 1047.459 1399.244 1200.000 -1 -1 -1 -1000 -1000 -1000 -10 0.00277314
Car -1 -1 -10 1010.032 1082.860 1319.510 1200.000 -1 -1 -1 -1000 -1000 -1000 -10 0.00295600
Car -1 -1 -10 0.000 797.391 456.513 1199.798 -1 -1 -1 -1000 -1000 -1000 -10 0.00434749
Car -1 -1 -10 851.403 1044.429 1254.941 1200.000 -1 -1 -1 -1000 -1000 -1000 -10 0.00264581
Car -1 -1 -10 949.361 841.221 1187.859 1195.872 -1 -1 -1 -1000 -1000 -1000 -10 0.00139955
Car -1 -1 -10 993.736 658.075 1146.385 1200.000 -1 -1 -1 -1000 -1000 -1000 -10 0.00137648
Car -1 -1 -10 962.700 714.602 1180.777 1196.033 -1 -1 -1 -1000 -1000 -1000 -10 0.00132911
Car -1 -1 -10 17.410 558.080 150.660 1181.287 -1 -1 -1 -1000 -1000 -1000 -10 0.00132729
Car -1 -1 -10 1141.866 1086.054 1252.116 1199.977 -1 -1 -1 -1000 -1000 -1000 -10 0.00131488
Car -1 -1 -10 1286.958 1087.591 1345.181 1200.000 -1 -1 -1 -1000 -1000 -1000 -10 0.00130178
Car -1 -1 -10 919.684 1005.065 1206.577 1177.447 -1 -1 -1 -1000 -1000 -1000 -10 0.00129239
Car -1 -1 -10 726.882 932.662 1330.652 1200.000 -1 -1 -1 -1000 -1000 -1000 -10 0.00126824
Car -1 -1 -10 1082.989 1102.601 1253.850 1200.000 -1 -1 -1 -1000 -1000 -1000 -10 0.00125339
Car -1 -1 -10 995.356 873.993 1278.115 1200.000 -1 -1 -1 -1000 -1000 -1000 -10 0.00125161
Car -1 -1 -10 637.082 0.000 1070.440 301.745 -1 -1 -1 -1000 -1000 -1000 -10 0.00123225
Car -1 -1 -10 1156.730 1085.361 1471.910 1200.000 -1 -1 -1 -1000 -1000 -1000 -10 0.00234532
Car -1 -1 -10 1298.483 1158.179 1336.911 1200.000 -1 -1 -1 -1000 -1000 -1000 -10 0.00118495
Car -1 -1 -10 924.825 1082.708 1233.601 1200.000 -1 -1 -1 -1000 -1000 -1000 -10 0.00113338
Car -1 -1 -10 943.275 782.103 1597.377 1200.000 -1 -1 -1 -1000 -1000 -1000 -10 0.00113180
Car -1 -1 -10 1251.484 1105.521 1422.478 1200.000 -1 -1 -1 -1000 -1000 -1000 -10 0.00108621
Car -1 -1 -10 969.783 736.143 1379.276 1200.000 -1 -1 -1 -1000 -1000 -1000 -10 0.00106462
Car -1 -1 -10 1282.647 1119.830 1362.958 1200.000 -1 -1 -1 -1000 -1000 -1000 -10 0.00106053
Car -1 -1 -10 683.787 1.594 1039.196 222.220 -1 -1 -1 -1000 -1000 -1000 -10 0.00103907
Car -1 -1 -10 1149.469 1079.104 1285.656 1199.190 -1 -1 -1 -1000 -1000 -1000 -10 0.00100309
