Car -1 -1 -10 745.046 613.654 821.704 681.482 -1 -1 -1 -1000 -1000 -1000 -10 0.99890205
Car -1 -1 -10 1322.876 543.393 1485.337 632.257 -1 -1 -1 -1000 -1000 -1000 -10 0.00353272
Car -1 -1 -10 0.000 802.362 453.139 1199.167 -1 -1 -1 -1000 -1000 -1000 -10 0.00417518
Car -1 -1 -10 757.764 595.586 808.736 652.413 -1 -1 -1 -1000 -1000 -1000 -10 0.00108559
Car -1 -1 -10 69.636 620.914 231.905 711.192 -1 -1 -1 -1000 -1000 -1000 -10 0.00162636
Car -1 -1 -10 1895.344 1167.191 1920.000 1200.000 -1 -1 -1 -1000 -1000 -1000 -10 0.00096669
Car -1 -1 -10 1349.362 382.044 1651.947 546.404 -1 -1 -1 -1000 -1000 -1000 -10 0.00137817
Car -1 -1 -10 710.888 1157.297 747.740 1200.000 -1 -1 -1 -1000 -1000 -1000 -10 0.00147872
Car -1 -1 -10 656.800 1157.596 695.011 1200.000 -1 -1 -1 -1000 -1000 -1000 -10 0.00138131
Car -1 -1 -10 1293.138 309.708 1760.025 571.016 -1 -1 -1 -1000 -1000 -1000 -10 0.00082199
Car -1 -1 -10 734.850 1158.172 773.216 1200.000 -1 -1 -1 -1000 -1000 -1000 -10 0.00078564
Car -1 -1 -10 842.599 1158.045 880.710 1200.000 -1 -1 -1 -1000 -1000 -1000 -10 0.00117975
Car -1 -1 -10 1343.612 502.859 1625.534 1057.974 -1 -1 -1 -1000 -1000 -1000 -10 0.00188040
Car -1 -1 -10 856.095 604.242 911.896 661.753 -1 -1 -1 -1000 -1000 -1000 -10 0.00140752
Car -1 -1 -10 638.143 678.374 872.588 1199.528 -1 -1 -1 -1000 -1000 -1000 -10 0.00129334
Car -1 -1 -10 1336.427 366.119 1702.863 564.404 -1 -1 -1 -1000 -1000 -1000 -10 0.00069188
Car -1 -1 -10 1393.153 545.022 1552.841 632.183 -1 -1 -1 -1000 -1000 -1000 -10 0.00131020
Car -1 -1 -10 0.000 806.787 213.318 1193.386 -1 -1 -1 -1000 -1000 -1000 -10 0.00067091
Car -1 -1 -10 720.453 1128.265 787.170 1200.000 -1 -1 -1 -1000 -1000 -1000 -10 0.00066284
Car -1 -1 -10 701.834 1085.249 760.687 1200.000 -1 -1 -1 -1000 -1000 -1000 -10 0.00172648
Car -1 -1 -10 1301.110 187.258 1847.581 558.874 -1 -1 -1 -1000 -1000 -1000 -10 0.00108572
Car -1 -1 -10 728.129 1157.433 765.600 1200.000 -1 -1 -1 -1000 -1000 -1000 -10 0.00170356
Car -1 -1 -10 1217.341 488.313 1509.363 637.141 -1 -1 -1 -1000 -1000 -1000 -10 0.00115641
Car -1 -1 -10 1308.170 463.969 1622.488 615.621 -1 -1 -1 -1000 -1000 -1000 -10 0.00062579
Car -1 -1 -10 41.848 642.714 222.294 1193.760 -1 -1 -1 -1000 -1000 -1000 -10 0.00062081
Car -1 -1 -10 69.733 1159.414 106.370 1200.000 -1 -1 -1 -1000 -1000 -1000 -10 0.00061934
Car -1 -1 -10 1248.827 601.367 1652.674 1044.065 -1 -1 -1 -1000 -1000 -1000 -10 0.00061873
Car -1 -1 -10 608.599 572.704 762.107 1186.752 -1 -1 -1 -1000 -1000 -1000 -10 0.00061087
Car -1 -1 -10 742.773 597.487 928.054 1176.670 -1 -1 -1 -1000 -1000 -1000 -10 0.00154134
Car -1 -1 -10 1252.727 596.422 1736.268 953.338 -1 -1 -1 -1000 -1000 -1000 -10 0.00112575
Car -1 -1 -10 556.817 1067.428 945.405 1200.000 -1 -1 -1 -1000 -1000 -1000 -10 0.00060221
Car -1 -1 -10 764.804 1158.020 802.642 1200.000 -1 -1 -1 -1000 -1000 -1000 -10 0.00109601
Car -1 -1 -10 812.340 1157.440 850.524 1200.000 -1 -1 -1 -1000 -1000 -1000 -10 0.00104842
Car -1 -1 -10 711.171 1118.009 793.370 1200.000 -1 -1 -1 -1000 -1000 -1000 -10 0.00110870
Car -1 -1 -10 572.434 1086.220 888.793 1200.000 -1 -1 -1 -1000 -1000 -1000 -10 0.00058560
Car -1 -1 -10 28.270 1159.673 64.516 1200.000 -1 -1 -1 -1000 -1000 -1000 -10 0.00058231
Car -1 -1 -10 635.799 1157.497 673.256 1200.000 -1 -1 -1 -1000 -1000 -1000 -10 0.00099845
Car -1 -1 -10 724.186 1088.529 783.301 1200.000 -1 -1 -1 -1000 -1000 -1000 -10 0.00055144
Car -1 -1 -10 1267.638 365.498 1699.107 592.133 -1 -1 -1 -1000 -1000 -1000 -10 0.00054794
Car -1 -1 -10 523.611 600.967 729.819 1180.355 -1 -1 -1 -1000 -1000 -1000 -10 0.00097117
Car -1 -1 -10 835.326 1157.816 873.091 1200.000 -1 -1 -1 -1000 -1000 -1000 -10 0.00097279
Car -1 -1 -10 715.601 1124.697 754.486 1200.000 -1 -1 -1 -1000 -1000 -1000 -10 0.00053534
Car -1 -1 -10 610.532 1113.506 690.720 1200.000 -1 -1 -1 -1000 -1000 -1000 -10 0.00053284
Car -1 -1 -10 742.941 1120.871 823.798 1200.000 -1 -1 -1 -1000 -1000 -1000 -10 0.00053159
Car -1 -1 -10 804.662 1158.046 843.148 1200.000 -1 -1 -1 -1000 -1000 -1000 -10 0.00052840
Car -1 -1 -10 0.000 937.947 324.995 1200.000 -1 -1 -1 -1000 -1000 -1000 -10 0.00052776
Car -1 -1 -10 1456.474 314.718 1920.000 811.984 -1 -1 -1 -1000 -1000 -1000 -10 0.00052696
Car -1 -1 -10 647.399 587.240 840.936 1178.002 -1 -1 -1 -1000 -1000 -1000 -10 0.00103517
Car -1 -1 -10 793.073 1126.326 859.368 1200.000 -1 -1 -1 -1000 -1000 -1000 -10 0.00052550
Car -1 -1 -10 1247.269 520.800 1513.877 1034.106 -1 -1 -1 -1000 -1000 -1000 -10 0.00052292
Car -1 -1 -10 1369.241 522.791 1536.641 608.607 -1 -1 -1 -1000 -1000 -1000 -10 0.00052258
Car -1 -1 -10 571.441 601.414 787.864 1188.306 -1 -1 -1 -1000 -1000 -1000 -10 0.00051838
Car -1 -1 -10 1243.054 139.561 1803.763 514.934 -1 -1 -1 -1000 -1000 -1000 -10 0.00051750
Car -1 -1 -10 623.515 1111.875 702.993 1200.000 -1 -1 -1 -1000 -1000 -1000 -10 0.00051012
Car -1 -1 -10 1279.237 542.985 1442.215 632.819 -1 -1 -1 -1000 -1000 -1000 -10 0.00050026
Car -1 -1 -10 456.598 1158.057 494.919 1200.000 -1 -1 -1 -1000 -1000 -1000 -10 0.00049868
Car -1 -1 -10 1172.526 462.686 1807.312 845.011 -1 -1 -1 -1000 -1000 -1000 -10 0.00048973
Car -1 -1 -10 1217.431 517.214 1533.428 1147.292 -1 -1 -1 -1000 -1000 -1000 -10 0.00048203
Car -1 -1 -10 1206.522 643.469 1711.624 1002.051 -1 -1 -1 -1000 -1000 -1000 -10 0.00047282
Car -1 -1 -10 309.079 1108.082 559.642 1200.000 -1 -1 -1 -1000 -1000 -1000 -10 0.00046827
Car -1 -1 -10 12.638 985.146 350.924 1200.000 -1 -1 -1 -1000 -1000 -1000 -10 0.00045263
Car -1 -1 -10 617.498 1104.475 863.318 1200.000 -1 -1 -1 -1000 -1000 -1000 -10 0.00044490
Car -1 -1 -10 1379.758 308.332 1679.812 471.408 -1 -1 -1 -1000 -1000 -1000 -10 0.00043441
Car -1 -1 -10 1257.745 475.796 1758.820 791.300 -1 -1 -1 -1000 -1000 -1000 -10 0.00042774
Car -1 -1 -10 453.068 1105.505 702.610 1200.000 -1 -1 -1 -1000 -1000 -1000 -10 0.00042535
