Car -1 -1 -10 0.029 651.822 539.692 1197.434 -1 -1 -1 -1000 -1000 -1000 -10 0.02553638
Car -1 -1 -10 0.000 518.828 959.202 1188.111 -1 -1 -1 -1000 -1000 -1000 -10 0.02059528
Car -1 -1 -10 1372.441 453.662 1920.000 820.340 -1 -1 -1 -1000 -1000 -1000 -10 0.00987410
Car -1 -1 -10 16.581 246.922 299.298 1198.534 -1 -1 -1 -1000 -1000 -1000 -10 0.00379570
Car -1 -1 -10 1476.676 630.512 1915.103 1017.689 -1 -1 -1 -1000 -1000 -1000 -10 0.00363163
Car -1 -1 -10 0.346 804.003 370.184 1135.489 -1 -1 -1 -1000 -1000 -1000 -10 0.00208952
Car -1 -1 -10 124.887 758.708 471.326 1086.237 -1 -1 -1 -1000 -1000 -1000 -10 0.00205168
Car -1 -1 -10 67.939 199.280 360.329 1196.092 -1 -1 -1 -1000 -1000 -1000 -10 0.00335928
Car -1 -1 -10 26.317 708.701 275.435 1165.843 -1 -1 -1 -1000 -1000 -1000 -10 0.00196315
Car -1 -1 -10 73.213 801.947 507.516 1052.432 -1 -1 -1 -1000 -1000 -1000 -10 0.00180918
Car -1 -1 -10 169.073 407.756 457.319 1200.000 -1 -1 -1 -1000 -1000 -1000 -10 0.00329704
Car -1 -1 -10 30.157 639.024 227.312 1200.000 -1 -1 -1 -1000 -1000 -1000 -10 0.00171216
Car -1 -1 -10 1535.156 516.329 1920.000 740.068 -1 -1 -1 -1000 -1000 -1000 -10 0.00166622
Car -1 -1 -10 5.230 670.280 339.873 1092.602 -1 -1 -1 -1000 -1000 -1000 -10 0.00145497
Car -1 -1 -10 255.702 567.527 388.117 1195.947 -1 -1 -1 -1000 -1000 -1000 -10 0.00145215
Car -1 -1 -10 1417.065 527.281 1771.382 746.761 -1 -1 -1 -1000 -1000 -1000 -10 0.00283917
Car -1 -1 -10 0.000 768.147 338.692 1097.870 -1 -1 -1 -1000 -1000 -1000 -10 0.00142680
Car -1 -1 -10 10.685 792.392 857.067 1196.297 -1 -1 -1 -1000 -1000 -1000 -10 0.00140992
Car -1 -1 -10 127.214 497.744 279.341 1200.000 -1 -1 -1 -1000 -1000 -1000 -10 0.00131531
Car -1 -1 -10 188.163 248.240 488.789 1200.000 -1 -1 -1 -1000 -1000 -1000 -10 0.00130787
Car -1 -1 -10 310.188 638.902 482.230 1185.251 -1 -1 -1 -1000 -1000 -1000 -10 0.00129314
Car -1 -1 -10 105.191 663.585 672.667 1087.237 -1 -1 -1 -1000 -1000 -1000 -10 0.00122813
