Car -1 -1 -10 426.085 14.962 1920.000 1117.176 -1 -1 -1 -1000 -1000 -1000 -10 0.01571654
Car -1 -1 -10 1384.097 211.724 1910.484 865.755 -1 -1 -1 -1000 -1000 -1000 -10 0.00776723
Car -1 -1 -10 1467.971 563.446 1864.162 742.974 -1 -1 -1 -1000 -1000 -1000 -10 0.01418301
Car -1 -1 -10 1370.862 570.167 1706.899 715.348 -1 -1 -1 -1000 -1000 -1000 -10 0.00752555
Car -1 -1 -10 1362.365 554.209 1856.960 787.257 -1 -1 -1 -1000 -1000 -1000 -10 0.01269360
Car -1 -1 -10 1344.272 591.251 1673.826 732.876 -1 -1 -1 -1000 -1000 -1000 -10 0.01653506
Car -1 -1 -10 1207.300 27.229 1920.000 1126.852 -1 -1 -1 -1000 -1000 -1000 -10 0.01204702
Car -1 -1 -10 1246.117 268.524 1920.000 811.127 -1 -1 -1 -1000 -1000 -1000 -10 0.00606855
Car -1 -1 -10 1444.367 68.365 1920.000 1001.938 -1 -1 -1 -1000 -1000 -1000 -10 0.00598248
Car -1 -1 -10 1371.467 509.757 1920.000 782.074 -1 -1 -1 -1000 -1000 -1000 -10 0.00993876
Car -1 -1 -10 1479.470 133.889 1910.515 601.111 -1 -1 -1 -1000 -1000 -1000 -10 0.00810987
Car -1 -1 -10 1515.673 202.576 1920.000 633.928 -1 -1 -1 -1000 -1000 -1000 -10 0.00830488
Car -1 -1 -10 1317.901 602.469 1640.262 756.785 -1 -1 -1 -1000 -1000 -1000 -10 0.00423575
Car -1 -1 -10 1426.109 614.586 1601.894 710.080 -1 -1 -1 -1000 -1000 -1000 -10 0.01520919
Car -1 -1 -10 1269.397 606.143 1530.743 715.495 -1 -1 -1 -1000 -1000 -1000 -10 0.00390607
Car -1 -1 -10 1151.981 577.718 1485.206 704.340 -1 -1 -1 -1000 -1000 -1000 -10 0.00385868
Car -1 -1 -10 1487.736 545.517 1813.097 696.016 -1 -1 -1 -1000 -1000 -1000 -10 0.00762909
Car -1 -1 -10 1300.946 618.350 1483.741 705.953 -1 -1 -1 -1000 -1000 -1000 -10 0.00368882
Car -1 -1 -10 1282.005 476.692 1920.000 849.526 -1 -1 -1 -1000 -1000 -1000 -10 0.00362759
Car -1 -1 -10 1529.620 461.984 1920.000 696.968 -1 -1 -1 -1000 -1000 -1000 -10 0.00333133
Car -1 -1 -10 1528.699 301.524 1920.000 551.269 -1 -1 -1 -1000 -1000 -1000 -10 0.00319247
Car -1 -1 -10 1229.216 595.639 1411.641 683.579 -1 -1 -1 -1000 -1000 -1000 -10 0.00586009
Car -1 -1 -10 1402.404 362.599 1827.131 599.194 -1 -1 -1 -1000 -1000 -1000 -10 0.00299695
Car -1 -1 -10 1460.088 591.619 1636.380 686.787 -1 -1 -1 -1000 -1000 -1000 -10 0.00298328
Car -1 -1 -10 1317.866 371.883 1920.000 765.848 -1 -1 -1 -1000 -1000 -1000 -10 0.00298009
Car -1 -1 -10 1369.584 617.223 1542.915 710.690 -1 -1 -1 -1000 -1000 -1000 -10 0.00291550
