Car -1 -1 -10 114.023 507.527 385.260 690.823 -1 -1 -1 -1000 -1000 -1000 -10 0.98665869
Car -1 -1 -10 105.236 499.951 317.590 641.491 -1 -1 -1 -1000 -1000 -1000 -10 0.01160874
Car -1 -1 -10 253.185 523.461 402.794 657.276 -1 -1 -1 -1000 -1000 -1000 -10 0.00515384
Car -1 -1 -10 132.361 519.087 284.243 652.160 -1 -1 -1 -1000 -1000 -1000 -10 0.00282571
Car -1 -1 -10 120.588 506.763 266.404 623.953 -1 -1 -1 -1000 -1000 -1000 -10 0.00416901
Car -1 -1 -10 742.409 811.233 1398.830 1192.045 -1 -1 -1 -1000 -1000 -1000 -10 0.00404188
Car -1 -1 -10 266.156 499.413 1461.996 1191.117 -1 -1 -1 -1000 -1000 -1000 -10 0.00773667
Car -1 -1 -10 968.751 754.204 1285.424 1190.068 -1 -1 -1 -1000 -1000 -1000 -10 0.00310081
Car -1 -1 -10 939.921 1025.898 1393.863 1200.000 -1 -1 -1 -1000 -1000 -1000 -10 0.00306256
Car -1 -1 -10 982.786 1081.430 1296.857 1200.000 -1 -1 -1 -1000 -1000 -1000 -10 0.00168495
Car -1 -1 -10 510.646 794.689 1159.570 1193.000 -1 -1 -1 -1000 -1000 -1000 -10 0.00269246
Car -1 -1 -10 208.091 519.191 327.709 633.477 -1 -1 -1 -1000 -1000 -1000 -10 0.00406222
Car -1 -1 -10 995.879 878.153 1278.569 1200.000 -1 -1 -1 -1000 -1000 -1000 -10 0.00147559
Car -1 -1 -10 0.000 798.004 452.508 1199.111 -1 -1 -1 -1000 -1000 -1000 -10 0.00275418
Car -1 -1 -10 213.220 513.032 412.398 671.861 -1 -1 -1 -1000 -1000 -1000 -10 0.00142527
Car -1 -1 -10 1017.426 1100.261 1262.519 1200.000 -1 -1 -1 -1000 -1000 -1000 -10 0.00141221
Car -1 -1 -10 848.512 1057.179 1232.743 1200.000 -1 -1 -1 -1000 -1000 -1000 -10 0.00135969
Car -1 -1 -10 1064.149 650.570 1216.609 1200.000 -1 -1 -1 -1000 -1000 -1000 -10 0.00135133
Car -1 -1 -10 715.239 598.736 845.847 1196.145 -1 -1 -1 -1000 -1000 -1000 -10 0.00134660
Car -1 -1 -10 1214.982 1082.963 1273.965 1200.000 -1 -1 -1 -1000 -1000 -1000 -10 0.00134563
Car -1 -1 -10 172.544 520.864 319.199 654.775 -1 -1 -1 -1000 -1000 -1000 -10 0.00131447
Car -1 -1 -10 175.827 435.451 266.659 747.712 -1 -1 -1 -1000 -1000 -1000 -10 0.00131375
Car -1 -1 -10 225.623 448.889 314.918 789.193 -1 -1 -1 -1000 -1000 -1000 -10 0.00252500
Car -1 -1 -10 942.280 670.088 1208.623 1200.000 -1 -1 -1 -1000 -1000 -1000 -10 0.00124317
Car -1 -1 -10 1096.120 1102.393 1266.620 1200.000 -1 -1 -1 -1000 -1000 -1000 -10 0.00122658
Car -1 -1 -10 965.173 828.552 1123.733 1200.000 -1 -1 -1 -1000 -1000 -1000 -10 0.00118328
Car -1 -1 -10 777.567 590.409 926.012 1196.607 -1 -1 -1 -1000 -1000 -1000 -10 0.00116135
Car -1 -1 -10 600.293 696.435 842.475 1198.539 -1 -1 -1 -1000 -1000 -1000 -10 0.00226108
Car -1 -1 -10 646.712 834.191 958.560 1200.000 -1 -1 -1 -1000 -1000 -1000 -10 0.00111929
Car -1 -1 -10 551.687 1035.641 980.632 1200.000 -1 -1 -1 -1000 -1000 -1000 -10 0.00111234
Car -1 -1 -10 0.000 486.012 1057.525 1178.264 -1 -1 -1 -1000 -1000 -1000 -10 0.00110816
Car -1 -1 -10 582.549 1086.357 901.437 1200.000 -1 -1 -1 -1000 -1000 -1000 -10 0.00109026
Car -1 -1 -10 1174.870 1083.858 1488.782 1200.000 -1 -1 -1 -1000 -1000 -1000 -10 0.00099037
Car -1 -1 -10 724.510 822.547 884.981 1200.000 -1 -1 -1 -1000 -1000 -1000 -10 0.00096922
Car -1 -1 -10 673.755 907.519 1371.544 1200.000 -1 -1 -1 -1000 -1000 -1000 -10 0.00095709
Car -1 -1 -10 797.145 827.394 956.078 1200.000 -1 -1 -1 -1000 -1000 -1000 -10 0.00094599
