Car -1 -1 -10 147.338 582.248 327.370 691.147 -1 -1 -1 -1000 -1000 -1000 -10 0.99946763
Car -1 -1 -10 307.934 588.862 450.460 680.270 -1 -1 -1 -1000 -1000 -1000 -10 0.59090939
Car -1 -1 -10 1011.080 596.610 1058.608 640.323 -1 -1 -1 -1000 -1000 -1000 -10 0.14098019
Car -1 -1 -10 368.919 595.142 524.636 678.598 -1 -1 -1 -1000 -1000 -1000 -10 0.01052375
Car -1 -1 -10 0.000 0.000 340.008 214.372 -1 -1 -1 -1000 -1000 -1000 -10 0.00435905
Car -1 -1 -10 668.937 484.444 1910.903 1195.792 -1 -1 -1 -1000 -1000 -1000 -10 0.01140611
Car -1 -1 -10 29.360 14.977 286.867 471.284 -1 -1 -1 -1000 -1000 -1000 -10 0.00590094
Car -1 -1 -10 0.570 0.000 322.797 136.762 -1 -1 -1 -1000 -1000 -1000 -10 0.00498641
Car -1 -1 -10 514.221 818.157 1154.695 1191.610 -1 -1 -1 -1000 -1000 -1000 -10 0.00717754
Car -1 -1 -10 0.113 805.336 413.141 1198.236 -1 -1 -1 -1000 -1000 -1000 -10 0.01010069
Car -1 -1 -10 10.326 1.623 258.988 255.904 -1 -1 -1 -1000 -1000 -1000 -10 0.00266271
Car -1 -1 -10 178.163 649.792 326.738 1200.000 -1 -1 -1 -1000 -1000 -1000 -10 0.00263602
Car -1 -1 -10 38.268 0.000 256.366 121.027 -1 -1 -1 -1000 -1000 -1000 -10 0.00472961
Car -1 -1 -10 0.000 872.728 242.695 1200.000 -1 -1 -1 -1000 -1000 -1000 -10 0.00661007
Car -1 -1 -10 20.482 0.000 238.702 211.498 -1 -1 -1 -1000 -1000 -1000 -10 0.00252054
Car -1 -1 -10 646.622 673.799 858.519 1185.602 -1 -1 -1 -1000 -1000 -1000 -10 0.00234254
Car -1 -1 -10 1113.140 477.488 1684.998 872.647 -1 -1 -1 -1000 -1000 -1000 -10 0.00230389
Car -1 -1 -10 105.693 646.436 254.649 1200.000 -1 -1 -1 -1000 -1000 -1000 -10 0.00436177
Car -1 -1 -10 246.518 676.104 459.967 1185.264 -1 -1 -1 -1000 -1000 -1000 -10 0.00218654
Car -1 -1 -10 65.742 2.632 344.747 274.214 -1 -1 -1 -1000 -1000 -1000 -10 0.00217251
Car -1 -1 -10 76.297 0.000 221.621 146.159 -1 -1 -1 -1000 -1000 -1000 -10 0.00217199
Car -1 -1 -10 129.659 13.582 325.368 388.912 -1 -1 -1 -1000 -1000 -1000 -10 0.00209822
Car -1 -1 -10 0.000 0.000 491.194 213.981 -1 -1 -1 -1000 -1000 -1000 -10 0.00209492
Car -1 -1 -10 139.246 0.000 290.619 154.085 -1 -1 -1 -1000 -1000 -1000 -10 0.00397860
Car -1 -1 -10 1229.939 628.654 1866.929 1011.344 -1 -1 -1 -1000 -1000 -1000 -10 0.00199448
Car -1 -1 -10 731.969 717.916 918.551 1191.368 -1 -1 -1 -1000 -1000 -1000 -10 0.00194056
Car -1 -1 -10 8.365 1030.903 408.079 1200.000 -1 -1 -1 -1000 -1000 -1000 -10 0.00191382
Car -1 -1 -10 104.718 0.000 195.824 100.107 -1 -1 -1 -1000 -1000 -1000 -10 0.00190465
Car -1 -1 -10 0.000 981.936 293.256 1200.000 -1 -1 -1 -1000 -1000 -1000 -10 0.00190295
Car -1 -1 -10 321.042 639.307 469.993 1196.829 -1 -1 -1 -1000 -1000 -1000 -10 0.00188789
Car -1 -1 -10 1495.327 468.349 1909.594 1200.000 -1 -1 -1 -1000 -1000 -1000 -10 0.00188324
Car -1 -1 -10 21.447 761.920 147.035 1200.000 -1 -1 -1 -1000 -1000 -1000 -10 0.00186727
Car -1 -1 -10 86.944 0.000 349.194 100.053 -1 -1 -1 -1000 -1000 -1000 -10 0.00185531
Car -1 -1 -10 42.986 0.000 184.802 145.743 -1 -1 -1 -1000 -1000 -1000 -10 0.00181618
Car -1 -1 -10 53.930 624.552 206.337 1200.000 -1 -1 -1 -1000 -1000 -1000 -10 0.00169385
