Car -1 -1 -10 0.000 554.141 274.079 705.506 -1 -1 -1 -1000 -1000 -1000 -10 0.60248199
Car -1 -1 -10 160.569 544.764 395.027 667.682 -1 -1 -1 -1000 -1000 -1000 -10 0.27525483
Car -1 -1 -10 1066.682 537.071 1360.535 688.983 -1 -1 -1 -1000 -1000 -1000 -10 0.06003224
Car -1 -1 -10 400.477 472.688 1524.057 1184.738 -1 -1 -1 -1000 -1000 -1000 -10 0.03481906
Car -1 -1 -10 1170.104 561.670 1331.408 665.357 -1 -1 -1 -1000 -1000 -1000 -10 0.01064392
Car -1 -1 -10 1777.171 515.120 1917.918 740.197 -1 -1 -1 -1000 -1000 -1000 -10 0.01092993
Car -1 -1 -10 0.000 585.814 143.081 688.542 -1 -1 -1 -1000 -1000 -1000 -10 0.01095119
Car -1 -1 -10 7.062 535.961 364.079 881.497 -1 -1 -1 -1000 -1000 -1000 -10 0.00751275
Car -1 -1 -10 113.575 563.955 331.640 696.512 -1 -1 -1 -1000 -1000 -1000 -10 0.00814078
Car -1 -1 -10 303.300 541.909 614.361 1142.342 -1 -1 -1 -1000 -1000 -1000 -10 0.00664653
Car -1 -1 -10 121.453 564.307 293.426 667.072 -1 -1 -1 -1000 -1000 -1000 -10 0.00409107
Car -1 -1 -10 106.625 582.943 288.288 685.905 -1 -1 -1 -1000 -1000 -1000 -10 0.00394960
Car -1 -1 -10 714.611 800.241 1390.837 1196.574 -1 -1 -1 -1000 -1000 -1000 -10 0.00721747
Car -1 -1 -10 976.881 628.136 1317.363 1186.940 -1 -1 -1 -1000 -1000 -1000 -10 0.00600328
Car -1 -1 -10 199.857 754.357 776.355 1187.361 -1 -1 -1 -1000 -1000 -1000 -10 0.00354661
Car -1 -1 -10 49.921 552.398 184.356 681.094 -1 -1 -1 -1000 -1000 -1000 -10 0.00342775
Car -1 -1 -10 29.264 573.683 173.112 698.788 -1 -1 -1 -1000 -1000 -1000 -10 0.00658739
Car -1 -1 -10 77.576 563.664 246.507 670.253 -1 -1 -1 -1000 -1000 -1000 -10 0.00309263
Car -1 -1 -10 1002.469 505.367 1371.232 702.852 -1 -1 -1 -1000 -1000 -1000 -10 0.00572703
Car -1 -1 -10 0.000 802.880 466.011 1200.000 -1 -1 -1 -1000 -1000 -1000 -10 0.00563156
Car -1 -1 -10 764.229 434.645 1302.655 1187.457 -1 -1 -1 -1000 -1000 -1000 -10 0.00540564
Car -1 -1 -10 351.779 534.942 503.477 638.348 -1 -1 -1 -1000 -1000 -1000 -10 0.00457690
Car -1 -1 -10 894.680 460.413 1402.147 776.764 -1 -1 -1 -1000 -1000 -1000 -10 0.00244441
Car -1 -1 -10 258.080 516.681 868.136 1174.839 -1 -1 -1 -1000 -1000 -1000 -10 0.00243969
Car -1 -1 -10 59.111 582.965 248.488 684.906 -1 -1 -1 -1000 -1000 -1000 -10 0.00230842
Car -1 -1 -10 412.923 503.504 800.222 1200.000 -1 -1 -1 -1000 -1000 -1000 -10 0.00230334
Car -1 -1 -10 1.244 616.878 56.332 695.670 -1 -1 -1 -1000 -1000 -1000 -10 0.00210029
