Car -1 -1 -10 1175.212 557.024 1382.101 710.437 -1 -1 -1 -1000 -1000 -1000 -10 0.99983837
Car -1 -1 -10 1031.502 571.956 1091.317 620.165 -1 -1 -1 -1000 -1000 -1000 -10 0.35396530
Car -1 -1 -10 1169.759 567.770 1285.086 695.139 -1 -1 -1 -1000 -1000 -1000 -10 0.02516535
Car -1 -1 -10 0.000 684.467 640.177 1195.624 -1 -1 -1 -1000 -1000 -1000 -10 0.01855800
Car -1 -1 -10 1.857 498.926 1240.703 1188.618 -1 -1 -1 -1000 -1000 -1000 -10 0.02851308
Car -1 -1 -10 982.311 1067.465 1309.124 1197.253 -1 -1 -1 -1000 -1000 -1000 -10 0.01571314
Car -1 -1 -10 699.279 820.034 1329.767 1198.227 -1 -1 -1 -1000 -1000 -1000 -10 0.01053488
Car -1 -1 -10 895.459 1037.106 1350.277 1200.000 -1 -1 -1 -1000 -1000 -1000 -10 0.01266672
Car -1 -1 -10 1164.163 1081.293 1493.050 1200.000 -1 -1 -1 -1000 -1000 -1000 -10 0.01485078
Car -1 -1 -10 861.297 890.620 1164.554 1198.515 -1 -1 -1 -1000 -1000 -1000 -10 0.01018179
Car -1 -1 -10 1060.745 1089.893 1229.321 1189.699 -1 -1 -1 -1000 -1000 -1000 -10 0.00747093
Car -1 -1 -10 731.072 987.924 1294.312 1200.000 -1 -1 -1 -1000 -1000 -1000 -10 0.00356374
Car -1 -1 -10 1224.157 1101.582 1402.076 1200.000 -1 -1 -1 -1000 -1000 -1000 -10 0.00906765
Car -1 -1 -10 0.000 599.161 511.600 1200.000 -1 -1 -1 -1000 -1000 -1000 -10 0.00339690
Car -1 -1 -10 804.001 1041.981 1224.116 1200.000 -1 -1 -1 -1000 -1000 -1000 -10 0.00567350
Car -1 -1 -10 841.871 1077.098 1162.704 1200.000 -1 -1 -1 -1000 -1000 -1000 -10 0.00323426
Car -1 -1 -10 887.823 1097.956 1141.473 1200.000 -1 -1 -1 -1000 -1000 -1000 -10 0.00314026
Car -1 -1 -10 1067.672 1100.664 1246.949 1200.000 -1 -1 -1 -1000 -1000 -1000 -10 0.00313044
Car -1 -1 -10 992.440 913.278 1284.208 1200.000 -1 -1 -1 -1000 -1000 -1000 -10 0.00566062
Car -1 -1 -10 1020.477 814.479 1210.924 1200.000 -1 -1 -1 -1000 -1000 -1000 -10 0.00303306
Car -1 -1 -10 1202.497 1156.229 1240.105 1200.000 -1 -1 -1 -1000 -1000 -1000 -10 0.00301211
Car -1 -1 -10 815.461 512.119 1920.000 1200.000 -1 -1 -1 -1000 -1000 -1000 -10 0.00571295
Car -1 -1 -10 1174.477 1109.030 1267.619 1200.000 -1 -1 -1 -1000 -1000 -1000 -10 0.00294320
Car -1 -1 -10 910.149 993.914 1461.569 1200.000 -1 -1 -1 -1000 -1000 -1000 -10 0.00288580
Car -1 -1 -10 697.532 881.532 1537.812 1200.000 -1 -1 -1 -1000 -1000 -1000 -10 0.00278215
Car -1 -1 -10 1208.714 1155.977 1246.538 1200.000 -1 -1 -1 -1000 -1000 -1000 -10 0.00270507
Car -1 -1 -10 1258.043 1084.165 1316.920 1200.000 -1 -1 -1 -1000 -1000 -1000 -10 0.00487024
Car -1 -1 -10 1266.861 1121.499 1306.113 1200.000 -1 -1 -1 -1000 -1000 -1000 -10 0.00251056
Car -1 -1 -10 0.000 562.657 383.922 1200.000 -1 -1 -1 -1000 -1000 -1000 -10 0.00247121
Car -1 -1 -10 1231.983 1156.600 1269.286 1200.000 -1 -1 -1 -1000 -1000 -1000 -10 0.00246775
Car -1 -1 -10 1054.058 677.279 1226.749 1194.170 -1 -1 -1 -1000 -1000 -1000 -10 0.00244811
Car -1 -1 -10 954.420 778.607 1084.047 1200.000 -1 -1 -1 -1000 -1000 -1000 -10 0.00243703
Car -1 -1 -10 1207.373 1143.650 1258.833 1200.000 -1 -1 -1 -1000 -1000 -1000 -10 0.00243465
Car -1 -1 -10 1085.790 865.438 1201.834 1200.000 -1 -1 -1 -1000 -1000 -1000 -10 0.00235245
Car -1 -1 -10 1449.554 802.177 1920.000 1200.000 -1 -1 -1 -1000 -1000 -1000 -10 0.00229557
