Car -1 -1 -10 460.960 466.011 922.970 863.998 -1 -1 -1 -1000 -1000 -1000 -10 0.99986742
Car -1 -1 -10 989.710 575.160 1162.086 660.248 -1 -1 -1 -1000 -1000 -1000 -10 0.85932022
Car -1 -1 -10 976.221 583.058 1085.609 659.273 -1 -1 -1 -1000 -1000 -1000 -10 0.03954854
Car -1 -1 -10 703.378 472.391 935.620 867.929 -1 -1 -1 -1000 -1000 -1000 -10 0.01230890
Car -1 -1 -10 862.207 542.173 919.539 635.584 -1 -1 -1 -1000 -1000 -1000 -10 0.00424281
Car -1 -1 -10 132.335 718.465 720.082 1187.860 -1 -1 -1 -1000 -1000 -1000 -10 0.00413070
Car -1 -1 -10 854.489 544.195 925.821 620.864 -1 -1 -1 -1000 -1000 -1000 -10 0.00340180
Car -1 -1 -10 601.461 473.724 889.045 756.590 -1 -1 -1 -1000 -1000 -1000 -10 0.00298738
Car -1 -1 -10 553.713 472.429 880.096 718.919 -1 -1 -1 -1000 -1000 -1000 -10 0.00561146
Car -1 -1 -10 229.121 674.474 731.291 1196.713 -1 -1 -1 -1000 -1000 -1000 -10 0.00269943
