Car -1 -1 -10 10.172 604.634 286.494 837.557 -1 -1 -1 -1000 -1000 -1000 -10 0.99995774
Car -1 -1 -10 430.725 6.706 1920.000 1183.476 -1 -1 -1 -1000 -1000 -1000 -10 0.04422694
Car -1 -1 -10 1211.601 13.231 1920.000 1166.846 -1 -1 -1 -1000 -1000 -1000 -10 0.03633816
Car -1 -1 -10 915.296 466.779 1920.000 1200.000 -1 -1 -1 -1000 -1000 -1000 -10 0.02094059
Car -1 -1 -10 1352.021 318.195 1920.000 767.432 -1 -1 -1 -1000 -1000 -1000 -10 0.00681077
Car -1 -1 -10 0.000 658.212 415.126 1193.594 -1 -1 -1 -1000 -1000 -1000 -10 0.00526057
Car -1 -1 -10 1114.178 482.786 1762.097 848.055 -1 -1 -1 -1000 -1000 -1000 -10 0.00962277
Car -1 -1 -10 0.000 594.855 243.280 1021.969 -1 -1 -1 -1000 -1000 -1000 -10 0.00494360
Car -1 -1 -10 1179.747 442.006 1669.624 712.255 -1 -1 -1 -1000 -1000 -1000 -10 0.00422043
Car -1 -1 -10 1270.349 153.151 1920.000 899.831 -1 -1 -1 -1000 -1000 -1000 -10 0.00412482
Car -1 -1 -10 31.410 585.870 188.963 686.910 -1 -1 -1 -1000 -1000 -1000 -10 0.00396763
