Car -1 -1 -10 181.306 635.601 411.191 758.626 -1 -1 -1 -1000 -1000 -1000 -10 0.99978574
Car -1 -1 -10 595.005 473.240 1205.547 815.136 -1 -1 -1 -1000 -1000 -1000 -10 0.62856454
Car -1 -1 -10 463.353 490.654 1026.091 810.431 -1 -1 -1 -1000 -1000 -1000 -10 0.22060049
Car -1 -1 -10 607.958 457.181 1331.068 842.402 -1 -1 -1 -1000 -1000 -1000 -10 0.14065628
Car -1 -1 -10 522.972 498.981 943.267 783.447 -1 -1 -1 -1000 -1000 -1000 -10 0.02345109
Car -1 -1 -10 822.937 436.747 1382.993 840.103 -1 -1 -1 -1000 -1000 -1000 -10 0.01406674
Car -1 -1 -10 800.278 443.467 1266.671 902.202 -1 -1 -1 -1000 -1000 -1000 -10 0.00596083
Car -1 -1 -10 0.000 602.493 516.061 1200.000 -1 -1 -1 -1000 -1000 -1000 -10 0.00838281
Car -1 -1 -10 764.367 479.374 1122.800 694.231 -1 -1 -1 -1000 -1000 -1000 -10 0.00654479
Car -1 -1 -10 894.167 435.728 1120.500 853.974 -1 -1 -1 -1000 -1000 -1000 -10 0.00300184
Car -1 -1 -10 866.471 430.509 1174.142 934.204 -1 -1 -1 -1000 -1000 -1000 -10 0.00292989
Car -1 -1 -10 426.131 487.929 921.907 827.265 -1 -1 -1 -1000 -1000 -1000 -10 0.00285512
Car -1 -1 -10 896.099 488.386 1241.276 723.555 -1 -1 -1 -1000 -1000 -1000 -10 0.00256146
Car -1 -1 -10 460.353 490.444 839.768 842.348 -1 -1 -1 -1000 -1000 -1000 -10 0.00185218
