Car -1 -1 -10 708.892 586.277 854.418 707.014 -1 -1 -1 -1000 -1000 -1000 -10 0.99978621
Car -1 -1 -10 586.053 602.670 644.366 650.328 -1 -1 -1 -1000 -1000 -1000 -10 0.04241273
Car -1 -1 -10 0.000 796.744 461.047 1199.049 -1 -1 -1 -1000 -1000 -1000 -10 0.00711917
Car -1 -1 -10 0.000 815.680 213.083 1194.803 -1 -1 -1 -1000 -1000 -1000 -10 0.00310301
Car -1 -1 -10 1064.263 1158.951 1101.260 1200.000 -1 -1 -1 -1000 -1000 -1000 -10 0.00165880
Car -1 -1 -10 714.218 353.546 857.543 844.082 -1 -1 -1 -1000 -1000 -1000 -10 0.00100374
Car -1 -1 -10 3.952 979.522 319.749 1200.000 -1 -1 -1 -1000 -1000 -1000 -10 0.00193904
Car -1 -1 -10 1.918 923.544 235.085 1200.000 -1 -1 -1 -1000 -1000 -1000 -10 0.00098122
Car -1 -1 -10 701.821 489.573 867.792 742.297 -1 -1 -1 -1000 -1000 -1000 -10 0.00159794
Car -1 -1 -10 655.056 1157.080 693.750 1200.000 -1 -1 -1 -1000 -1000 -1000 -10 0.00145208
Car -1 -1 -10 663.114 1157.969 700.165 1200.000 -1 -1 -1 -1000 -1000 -1000 -10 0.00082760
Car -1 -1 -10 723.207 286.824 837.579 964.725 -1 -1 -1 -1000 -1000 -1000 -10 0.00082635
Car -1 -1 -10 0.000 1166.704 25.623 1200.000 -1 -1 -1 -1000 -1000 -1000 -10 0.00082011
Car -1 -1 -10 0.000 1007.861 260.524 1200.000 -1 -1 -1 -1000 -1000 -1000 -10 0.00079509
Car -1 -1 -10 0.000 925.763 109.472 1143.164 -1 -1 -1 -1000 -1000 -1000 -10 0.00076933
Car -1 -1 -10 66.455 574.879 195.113 1200.000 -1 -1 -1 -1000 -1000 -1000 -10 0.00073694
Car -1 -1 -10 0.000 1066.931 196.843 1200.000 -1 -1 -1 -1000 -1000 -1000 -10 0.00071076
Car -1 -1 -10 640.611 1128.841 707.922 1200.000 -1 -1 -1 -1000 -1000 -1000 -10 0.00070278
Car -1 -1 -10 691.318 587.440 778.173 675.713 -1 -1 -1 -1000 -1000 -1000 -10 0.00068483
Car -1 -1 -10 1117.452 1159.005 1154.996 1200.000 -1 -1 -1 -1000 -1000 -1000 -10 0.00066137
Car -1 -1 -10 0.000 915.834 97.087 1022.755 -1 -1 -1 -1000 -1000 -1000 -10 0.00064890
Car -1 -1 -10 759.013 501.398 812.407 788.960 -1 -1 -1 -1000 -1000 -1000 -10 0.00121058
Car -1 -1 -10 429.469 630.757 602.468 1192.400 -1 -1 -1 -1000 -1000 -1000 -10 0.00063936
Car -1 -1 -10 859.124 1158.947 896.108 1200.000 -1 -1 -1 -1000 -1000 -1000 -10 0.00063611
Car -1 -1 -10 523.000 1158.718 560.849 1200.000 -1 -1 -1 -1000 -1000 -1000 -10 0.00060182
Car -1 -1 -10 1189.947 1159.336 1226.287 1200.000 -1 -1 -1 -1000 -1000 -1000 -10 0.00057881
Car -1 -1 -10 738.588 360.599 828.885 903.400 -1 -1 -1 -1000 -1000 -1000 -10 0.00057521
Car -1 -1 -10 515.024 1128.166 581.831 1200.000 -1 -1 -1 -1000 -1000 -1000 -10 0.00056880
Car -1 -1 -10 1030.719 644.043 1201.978 1189.571 -1 -1 -1 -1000 -1000 -1000 -10 0.00056839
Car -1 -1 -10 500.664 637.719 674.523 1192.149 -1 -1 -1 -1000 -1000 -1000 -10 0.00054758
Car -1 -1 -10 719.945 647.142 890.156 1187.783 -1 -1 -1 -1000 -1000 -1000 -10 0.00054340
Car -1 -1 -10 645.216 1089.764 703.361 1200.000 -1 -1 -1 -1000 -1000 -1000 -10 0.00053631
Car -1 -1 -10 414.776 1107.527 667.973 1200.000 -1 -1 -1 -1000 -1000 -1000 -10 0.00050494
Car -1 -1 -10 1471.948 800.340 1920.000 1200.000 -1 -1 -1 -1000 -1000 -1000 -10 0.00049975
Car -1 -1 -10 513.094 1089.069 571.567 1200.000 -1 -1 -1 -1000 -1000 -1000 -10 0.00047815
Car -1 -1 -10 523.138 1143.285 574.257 1200.000 -1 -1 -1 -1000 -1000 -1000 -10 0.00046996
Car -1 -1 -10 724.570 816.289 882.843 1200.000 -1 -1 -1 -1000 -1000 -1000 -10 0.00046730
Car -1 -1 -10 683.478 1107.880 928.499 1200.000 -1 -1 -1 -1000 -1000 -1000 -10 0.00046080
Car -1 -1 -10 444.770 590.765 637.115 1174.262 -1 -1 -1 -1000 -1000 -1000 -10 0.00046030
