Car -1 -1 -10 708.607 592.585 872.044 725.330 -1 -1 -1 -1000 -1000 -1000 -10 0.99964853
Car -1 -1 -10 671.888 595.099 723.413 646.375 -1 -1 -1 -1000 -1000 -1000 -10 0.01035077
Car -1 -1 -10 982.329 595.211 1039.141 649.241 -1 -1 -1 -1000 -1000 -1000 -10 0.00577510
Car -1 -1 -10 993.544 590.835 1048.910 647.271 -1 -1 -1 -1000 -1000 -1000 -10 0.00485486
Car -1 -1 -10 0.000 799.649 461.751 1199.714 -1 -1 -1 -1000 -1000 -1000 -10 0.00902409
Car -1 -1 -10 694.150 588.116 802.237 698.055 -1 -1 -1 -1000 -1000 -1000 -10 0.00809089
Car -1 -1 -10 778.942 586.376 887.395 701.036 -1 -1 -1 -1000 -1000 -1000 -10 0.00345543
Car -1 -1 -10 663.639 589.641 756.413 670.758 -1 -1 -1 -1000 -1000 -1000 -10 0.00323527
Car -1 -1 -10 39.837 645.988 217.975 1196.567 -1 -1 -1 -1000 -1000 -1000 -10 0.00277408
Car -1 -1 -10 1.245 543.014 631.931 1196.083 -1 -1 -1 -1000 -1000 -1000 -10 0.00367018
Car -1 -1 -10 111.371 582.327 509.206 1177.019 -1 -1 -1 -1000 -1000 -1000 -10 0.00138836
Car -1 -1 -10 218.585 658.778 385.689 1184.398 -1 -1 -1 -1000 -1000 -1000 -10 0.00126607
Car -1 -1 -10 0.000 538.553 884.276 1200.000 -1 -1 -1 -1000 -1000 -1000 -10 0.00125283
Car -1 -1 -10 198.323 725.272 684.350 1188.638 -1 -1 -1 -1000 -1000 -1000 -10 0.00124183
Car -1 -1 -10 123.773 438.323 397.219 1200.000 -1 -1 -1 -1000 -1000 -1000 -10 0.00116248
Car -1 -1 -10 1073.376 571.032 1220.170 652.847 -1 -1 -1 -1000 -1000 -1000 -10 0.00109581
Car -1 -1 -10 135.711 650.623 323.930 1191.922 -1 -1 -1 -1000 -1000 -1000 -10 0.00109151
Car -1 -1 -10 295.574 578.144 448.987 1190.166 -1 -1 -1 -1000 -1000 -1000 -10 0.00097750
Car -1 -1 -10 21.390 623.195 147.676 1200.000 -1 -1 -1 -1000 -1000 -1000 -10 0.00097461
Car -1 -1 -10 178.366 595.273 327.948 1195.411 -1 -1 -1 -1000 -1000 -1000 -10 0.00094622
Car -1 -1 -10 705.090 593.566 752.851 649.109 -1 -1 -1 -1000 -1000 -1000 -10 0.00094402
Car -1 -1 -10 694.931 602.208 749.411 661.324 -1 -1 -1 -1000 -1000 -1000 -10 0.00089169
Car -1 -1 -10 197.877 611.492 541.533 1197.432 -1 -1 -1 -1000 -1000 -1000 -10 0.00084658
Car -1 -1 -10 105.510 591.415 256.094 1194.974 -1 -1 -1 -1000 -1000 -1000 -10 0.00083689
