Car -1 -1 -10 1027.732 583.754 1112.528 652.850 -1 -1 -1 -1000 -1000 -1000 -10 0.25907852
Car -1 -1 -10 449.249 840.152 800.707 1195.913 -1 -1 -1 -1000 -1000 -1000 -10 0.01024882
Car -1 -1 -10 205.371 1106.508 465.662 1200.000 -1 -1 -1 -1000 -1000 -1000 -10 0.00447425
Car -1 -1 -10 361.316 1026.728 807.808 1200.000 -1 -1 -1 -1000 -1000 -1000 -10 0.00239535
Car -1 -1 -10 566.769 955.013 920.067 1177.497 -1 -1 -1 -1000 -1000 -1000 -10 0.00425616
Car -1 -1 -10 319.520 979.590 881.457 1200.000 -1 -1 -1 -1000 -1000 -1000 -10 0.00533697
Car -1 -1 -10 235.076 1055.656 661.773 1200.000 -1 -1 -1 -1000 -1000 -1000 -10 0.00535428
Car -1 -1 -10 507.843 846.513 666.762 1200.000 -1 -1 -1 -1000 -1000 -1000 -10 0.00195616
Car -1 -1 -10 279.309 793.816 937.458 1200.000 -1 -1 -1 -1000 -1000 -1000 -10 0.00194679
Car -1 -1 -10 625.054 672.027 838.650 1189.604 -1 -1 -1 -1000 -1000 -1000 -10 0.00189535
Car -1 -1 -10 499.676 764.367 628.036 1200.000 -1 -1 -1 -1000 -1000 -1000 -10 0.00476392
Car -1 -1 -10 538.019 646.901 688.369 1200.000 -1 -1 -1 -1000 -1000 -1000 -10 0.00187791
Car -1 -1 -10 404.700 1085.550 734.975 1200.000 -1 -1 -1 -1000 -1000 -1000 -10 0.00330934
Car -1 -1 -10 556.034 1052.052 945.214 1200.000 -1 -1 -1 -1000 -1000 -1000 -10 0.00187064
Car -1 -1 -10 491.205 981.110 787.337 1162.661 -1 -1 -1 -1000 -1000 -1000 -10 0.00671756
Car -1 -1 -10 496.523 1093.067 651.552 1184.686 -1 -1 -1 -1000 -1000 -1000 -10 0.00343910
Car -1 -1 -10 663.358 1066.003 826.374 1164.830 -1 -1 -1 -1000 -1000 -1000 -10 0.00337449
Car -1 -1 -10 559.217 638.346 711.612 1200.000 -1 -1 -1 -1000 -1000 -1000 -10 0.00174318
Car -1 -1 -10 610.207 1101.591 860.768 1200.000 -1 -1 -1 -1000 -1000 -1000 -10 0.00173993
Car -1 -1 -10 323.662 1104.159 583.823 1200.000 -1 -1 -1 -1000 -1000 -1000 -10 0.00170131
Car -1 -1 -10 483.445 1106.277 657.745 1200.000 -1 -1 -1 -1000 -1000 -1000 -10 0.00328259
Car -1 -1 -10 635.766 787.299 824.896 1198.310 -1 -1 -1 -1000 -1000 -1000 -10 0.00165620
Car -1 -1 -10 971.227 585.296 1023.265 634.687 -1 -1 -1 -1000 -1000 -1000 -10 0.00162783
Car -1 -1 -10 445.233 1073.007 604.216 1162.149 -1 -1 -1 -1000 -1000 -1000 -10 0.00155865
Car -1 -1 -10 1410.862 1041.064 1846.191 1200.000 -1 -1 -1 -1000 -1000 -1000 -10 0.00154607
Car -1 -1 -10 1330.903 821.869 1664.285 1199.000 -1 -1 -1 -1000 -1000 -1000 -10 0.00296482
Car -1 -1 -10 358.038 1094.838 526.258 1186.842 -1 -1 -1 -1000 -1000 -1000 -10 0.00147367
Car -1 -1 -10 435.219 1092.265 592.940 1186.417 -1 -1 -1 -1000 -1000 -1000 -10 0.00146998
Car -1 -1 -10 1512.352 404.660 1900.165 1112.728 -1 -1 -1 -1000 -1000 -1000 -10 0.00146822
Car -1 -1 -10 336.213 668.646 859.244 1200.000 -1 -1 -1 -1000 -1000 -1000 -10 0.00145269
Car -1 -1 -10 582.543 748.197 917.962 1184.299 -1 -1 -1 -1000 -1000 -1000 -10 0.00143982
Car -1 -1 -10 579.772 839.869 740.078 1200.000 -1 -1 -1 -1000 -1000 -1000 -10 0.00140280
Car -1 -1 -10 631.005 637.114 782.406 1200.000 -1 -1 -1 -1000 -1000 -1000 -10 0.00139694
Car -1 -1 -10 476.569 764.757 603.511 1200.000 -1 -1 -1 -1000 -1000 -1000 -10 0.00138063
Car -1 -1 -10 193.969 869.004 1016.036 1200.000 -1 -1 -1 -1000 -1000 -1000 -10 0.00137789
Car -1 -1 -10 548.277 989.274 717.899 1091.267 -1 -1 -1 -1000 -1000 -1000 -10 0.00137104
Car -1 -1 -10 556.347 840.523 717.005 1200.000 -1 -1 -1 -1000 -1000 -1000 -10 0.00136487
Car -1 -1 -10 381.560 665.179 553.543 1186.503 -1 -1 -1 -1000 -1000 -1000 -10 0.00136486
Car -1 -1 -10 1266.370 913.263 1920.000 1200.000 -1 -1 -1 -1000 -1000 -1000 -10 0.00133090
Car -1 -1 -10 1406.792 419.404 1893.408 1090.732 -1 -1 -1 -1000 -1000 -1000 -10 0.00126040
Car -1 -1 -10 628.671 831.345 789.139 1200.000 -1 -1 -1 -1000 -1000 -1000 -10 0.00125309
Car -1 -1 -10 381.526 756.724 506.811 1200.000 -1 -1 -1 -1000 -1000 -1000 -10 0.00119260
Car -1 -1 -10 1450.605 197.504 1904.777 749.340 -1 -1 -1 -1000 -1000 -1000 -10 0.00117142
Car -1 -1 -10 440.069 924.406 689.002 1200.000 -1 -1 -1 -1000 -1000 -1000 -10 0.00116908
