Car -1 -1 -10 248.368 557.557 434.601 676.318 -1 -1 -1 -1000 -1000 -1000 -10 0.97679283
Car -1 -1 -10 524.127 553.527 608.735 618.242 -1 -1 -1 -1000 -1000 -1000 -10 0.95125622
Car -1 -1 -10 173.636 745.395 553.897 1191.114 -1 -1 -1 -1000 -1000 -1000 -10 0.01346897
Car -1 -1 -10 351.302 564.092 444.293 648.387 -1 -1 -1 -1000 -1000 -1000 -10 0.01057168
Car -1 -1 -10 624.093 1087.948 786.896 1189.582 -1 -1 -1 -1000 -1000 -1000 -10 0.01054665
Car -1 -1 -10 306.181 794.669 917.534 1192.186 -1 -1 -1 -1000 -1000 -1000 -10 0.01533680
Car -1 -1 -10 88.040 801.014 700.508 1197.351 -1 -1 -1 -1000 -1000 -1000 -10 0.00485259
Car -1 -1 -10 188.171 1079.667 511.218 1200.000 -1 -1 -1 -1000 -1000 -1000 -10 0.00942221
Car -1 -1 -10 510.248 1041.818 871.538 1190.570 -1 -1 -1 -1000 -1000 -1000 -10 0.00477857
Car -1 -1 -10 248.580 661.667 430.821 1191.664 -1 -1 -1 -1000 -1000 -1000 -10 0.01161408
Car -1 -1 -10 151.365 790.706 509.416 1193.975 -1 -1 -1 -1000 -1000 -1000 -10 0.00464706
Car -1 -1 -10 462.982 698.365 667.251 1190.265 -1 -1 -1 -1000 -1000 -1000 -10 0.01420759
Car -1 -1 -10 5.303 814.751 424.722 1198.024 -1 -1 -1 -1000 -1000 -1000 -10 0.01027272
Car -1 -1 -10 343.985 1062.052 742.162 1200.000 -1 -1 -1 -1000 -1000 -1000 -10 0.01052368
Car -1 -1 -10 550.774 1062.974 845.080 1190.675 -1 -1 -1 -1000 -1000 -1000 -10 0.00389821
Car -1 -1 -10 0.000 664.904 484.048 1200.000 -1 -1 -1 -1000 -1000 -1000 -10 0.00385704
Car -1 -1 -10 595.862 722.115 822.491 1192.080 -1 -1 -1 -1000 -1000 -1000 -10 0.00721948
Car -1 -1 -10 517.131 783.378 1115.756 1191.325 -1 -1 -1 -1000 -1000 -1000 -10 0.00376941
Car -1 -1 -10 222.750 927.670 470.449 1200.000 -1 -1 -1 -1000 -1000 -1000 -10 0.00684011
Car -1 -1 -10 114.094 1010.721 602.267 1200.000 -1 -1 -1 -1000 -1000 -1000 -10 0.00708283
Car -1 -1 -10 490.205 1092.735 653.905 1188.982 -1 -1 -1 -1000 -1000 -1000 -10 0.00668928
Car -1 -1 -10 217.284 723.570 436.858 1192.291 -1 -1 -1 -1000 -1000 -1000 -10 0.00336096
Car -1 -1 -10 210.357 347.190 503.530 1200.000 -1 -1 -1 -1000 -1000 -1000 -10 0.00308386
Car -1 -1 -10 594.894 1068.040 755.721 1163.824 -1 -1 -1 -1000 -1000 -1000 -10 0.00304384
Car -1 -1 -10 414.242 990.874 979.103 1200.000 -1 -1 -1 -1000 -1000 -1000 -10 0.00302393
Car -1 -1 -10 151.735 1020.925 458.392 1200.000 -1 -1 -1 -1000 -1000 -1000 -10 0.00282430
