Car -1 -1 -10 874.178 586.412 907.014 627.855 -1 -1 -1 -1000 -1000 -1000 -10 0.07170491
Car -1 -1 -10 883.484 586.064 915.601 626.389 -1 -1 -1 -1000 -1000 -1000 -10 0.02945860
Car -1 -1 -10 0.000 793.022 462.241 1197.900 -1 -1 -1 -1000 -1000 -1000 -10 0.01403249
Car -1 -1 -10 45.506 641.975 210.505 1198.176 -1 -1 -1 -1000 -1000 -1000 -10 0.00187490
Car -1 -1 -10 0.000 812.950 214.293 1194.439 -1 -1 -1 -1000 -1000 -1000 -10 0.00182177
Car -1 -1 -10 0.000 879.359 270.084 1200.000 -1 -1 -1 -1000 -1000 -1000 -10 0.00153714
Car -1 -1 -10 6.811 1006.807 360.930 1200.000 -1 -1 -1 -1000 -1000 -1000 -10 0.00262792
Car -1 -1 -10 1.246 961.724 212.081 1200.000 -1 -1 -1 -1000 -1000 -1000 -10 0.00258736
Car -1 -1 -10 65.830 597.270 195.317 1200.000 -1 -1 -1 -1000 -1000 -1000 -10 0.00126888
Car -1 -1 -10 1473.671 806.851 1920.000 1200.000 -1 -1 -1 -1000 -1000 -1000 -10 0.00181242
Car -1 -1 -10 0.000 674.214 293.375 1086.314 -1 -1 -1 -1000 -1000 -1000 -10 0.00091359
Car -1 -1 -10 0.000 1156.650 30.956 1200.000 -1 -1 -1 -1000 -1000 -1000 -10 0.00081829
Car -1 -1 -10 1393.536 474.911 1902.095 1200.000 -1 -1 -1 -1000 -1000 -1000 -10 0.00072440
Car -1 -1 -10 0.000 1068.754 286.105 1200.000 -1 -1 -1 -1000 -1000 -1000 -10 0.00064401
