Car -1 -1 -10 893.908 560.948 978.055 642.721 -1 -1 -1 -1000 -1000 -1000 -10 0.99628314
Car -1 -1 -10 11.759 577.266 179.877 679.109 -1 -1 -1 -1000 -1000 -1000 -10 0.99162261
Car -1 -1 -10 453.898 553.082 666.063 710.799 -1 -1 -1 -1000 -1000 -1000 -10 0.96279216
Car -1 -1 -10 157.142 556.578 308.497 669.051 -1 -1 -1 -1000 -1000 -1000 -10 0.09669089
Car -1 -1 -10 0.000 590.231 112.232 673.127 -1 -1 -1 -1000 -1000 -1000 -10 0.02222193
Car -1 -1 -10 160.903 526.989 305.235 656.816 -1 -1 -1 -1000 -1000 -1000 -10 0.00781603
Car -1 -1 -10 762.771 798.454 1368.947 1191.712 -1 -1 -1 -1000 -1000 -1000 -10 0.00316908
Car -1 -1 -10 0.000 559.419 416.528 1140.314 -1 -1 -1 -1000 -1000 -1000 -10 0.00341953
Car -1 -1 -10 0.000 554.136 507.705 1192.322 -1 -1 -1 -1000 -1000 -1000 -10 0.00176717
Car -1 -1 -10 5.040 562.258 295.235 916.604 -1 -1 -1 -1000 -1000 -1000 -10 0.00426249
Car -1 -1 -10 673.053 4.180 1085.667 327.774 -1 -1 -1 -1000 -1000 -1000 -10 0.00293583
Car -1 -1 -10 25.390 586.324 187.125 1195.795 -1 -1 -1 -1000 -1000 -1000 -10 0.00160970
Car -1 -1 -10 1069.439 1088.028 1180.302 1199.747 -1 -1 -1 -1000 -1000 -1000 -10 0.00157930
Car -1 -1 -10 0.000 791.031 450.672 1200.000 -1 -1 -1 -1000 -1000 -1000 -10 0.00145642
Car -1 -1 -10 1092.982 1091.626 1145.931 1193.991 -1 -1 -1 -1000 -1000 -1000 -10 0.00136196
Car -1 -1 -10 9.689 588.504 95.393 671.566 -1 -1 -1 -1000 -1000 -1000 -10 0.00134894
Car -1 -1 -10 536.973 0.607 1130.332 318.867 -1 -1 -1 -1000 -1000 -1000 -10 0.00131430
Car -1 -1 -10 967.331 1040.950 1382.155 1200.000 -1 -1 -1 -1000 -1000 -1000 -10 0.00364166
Car -1 -1 -10 1021.731 1083.589 1332.385 1200.000 -1 -1 -1 -1000 -1000 -1000 -10 0.00124950
Car -1 -1 -10 777.478 46.367 973.361 717.748 -1 -1 -1 -1000 -1000 -1000 -10 0.00122510
Car -1 -1 -10 1005.518 1102.260 1246.383 1200.000 -1 -1 -1 -1000 -1000 -1000 -10 0.00121954
Car -1 -1 -10 85.588 568.135 203.188 670.581 -1 -1 -1 -1000 -1000 -1000 -10 0.00237909
Car -1 -1 -10 798.813 935.654 1410.676 1200.000 -1 -1 -1 -1000 -1000 -1000 -10 0.00230987
Car -1 -1 -10 1012.622 828.994 1171.476 1200.000 -1 -1 -1 -1000 -1000 -1000 -10 0.00113883
Car -1 -1 -10 381.067 0.000 1248.543 322.208 -1 -1 -1 -1000 -1000 -1000 -10 0.00217836
Car -1 -1 -10 0.000 0.000 291.752 209.300 -1 -1 -1 -1000 -1000 -1000 -10 0.00108812
Car -1 -1 -10 952.231 638.917 1214.150 1200.000 -1 -1 -1 -1000 -1000 -1000 -10 0.00108461
Car -1 -1 -10 873.326 1083.688 1188.405 1200.000 -1 -1 -1 -1000 -1000 -1000 -10 0.00105384
Car -1 -1 -10 963.725 830.237 1123.594 1200.000 -1 -1 -1 -1000 -1000 -1000 -10 0.00104333
