Car -1 -1 -10 564.546 610.622 712.247 713.231 -1 -1 -1 -1000 -1000 -1000 -10 0.99999022
Car -1 -1 -10 779.814 596.635 899.030 704.520 -1 -1 -1 -1000 -1000 -1000 -10 0.99998492
Car -1 -1 -10 427.087 615.491 520.502 676.652 -1 -1 -1 -1000 -1000 -1000 -10 0.27762754
Car -1 -1 -10 0.000 795.170 627.316 1193.738 -1 -1 -1 -1000 -1000 -1000 -10 0.00199084
Car -1 -1 -10 0.000 799.378 456.642 1198.067 -1 -1 -1 -1000 -1000 -1000 -10 0.00511541
Car -1 -1 -10 415.359 1158.319 453.070 1200.000 -1 -1 -1 -1000 -1000 -1000 -10 0.00181359
Car -1 -1 -10 7.719 457.968 525.032 1200.000 -1 -1 -1 -1000 -1000 -1000 -10 0.00321316
Car -1 -1 -10 543.187 613.569 641.138 698.481 -1 -1 -1 -1000 -1000 -1000 -10 0.00510366
Car -1 -1 -10 207.828 1056.558 610.552 1200.000 -1 -1 -1 -1000 -1000 -1000 -10 0.00533452
Car -1 -1 -10 227.147 651.261 420.291 1192.512 -1 -1 -1 -1000 -1000 -1000 -10 0.00146257
Car -1 -1 -10 322.834 693.781 566.696 1200.000 -1 -1 -1 -1000 -1000 -1000 -10 0.00142213
Car -1 -1 -10 452.371 1124.806 526.811 1200.000 -1 -1 -1 -1000 -1000 -1000 -10 0.00248846
Car -1 -1 -10 276.459 683.055 517.126 1199.031 -1 -1 -1 -1000 -1000 -1000 -10 0.00137331
Car -1 -1 -10 405.947 1129.258 474.143 1200.000 -1 -1 -1 -1000 -1000 -1000 -10 0.00136533
Car -1 -1 -10 356.232 1158.363 392.497 1200.000 -1 -1 -1 -1000 -1000 -1000 -10 0.00130728
Car -1 -1 -10 727.310 1158.314 765.167 1200.000 -1 -1 -1 -1000 -1000 -1000 -10 0.00130565
Car -1 -1 -10 1651.179 419.921 1920.000 750.645 -1 -1 -1 -1000 -1000 -1000 -10 0.00239221
Car -1 -1 -10 421.997 1157.773 459.391 1200.000 -1 -1 -1 -1000 -1000 -1000 -10 0.00128237
Car -1 -1 -10 370.403 1104.651 618.622 1200.000 -1 -1 -1 -1000 -1000 -1000 -10 0.00124770
Car -1 -1 -10 339.446 821.664 499.980 1200.000 -1 -1 -1 -1000 -1000 -1000 -10 0.00228853
Car -1 -1 -10 533.072 478.272 741.034 808.330 -1 -1 -1 -1000 -1000 -1000 -10 0.00220845
Car -1 -1 -10 410.292 829.171 571.708 1200.000 -1 -1 -1 -1000 -1000 -1000 -10 0.00113767
Car -1 -1 -10 254.522 790.587 609.641 1199.730 -1 -1 -1 -1000 -1000 -1000 -10 0.00210184
Car -1 -1 -10 1756.334 511.356 1917.715 680.325 -1 -1 -1 -1000 -1000 -1000 -10 0.00110176
Car -1 -1 -10 248.547 586.712 401.307 1200.000 -1 -1 -1 -1000 -1000 -1000 -10 0.00109671
Car -1 -1 -10 470.360 1156.965 508.039 1200.000 -1 -1 -1 -1000 -1000 -1000 -10 0.00108631
Car -1 -1 -10 307.117 747.556 434.993 1200.000 -1 -1 -1 -1000 -1000 -1000 -10 0.00106411
Car -1 -1 -10 303.421 1105.110 554.428 1200.000 -1 -1 -1 -1000 -1000 -1000 -10 0.00102803
