Car -1 -1 -10 133.075 629.862 226.093 688.491 -1 -1 -1 -1000 -1000 -1000 -10 0.97278167
Car -1 -1 -10 0.000 780.908 452.919 1200.000 -1 -1 -1 -1000 -1000 -1000 -10 0.00542877
Car -1 -1 -10 381.957 1104.406 634.236 1200.000 -1 -1 -1 -1000 -1000 -1000 -10 0.00320062
Car -1 -1 -10 0.000 1108.393 124.624 1200.000 -1 -1 -1 -1000 -1000 -1000 -10 0.00264843
Car -1 -1 -10 0.448 1156.931 32.850 1200.000 -1 -1 -1 -1000 -1000 -1000 -10 0.00331313
Car -1 -1 -10 11.741 589.679 208.012 1187.933 -1 -1 -1 -1000 -1000 -1000 -10 0.00254481
Car -1 -1 -10 646.973 590.353 696.723 643.348 -1 -1 -1 -1000 -1000 -1000 -10 0.00207159
Car -1 -1 -10 0.000 1068.614 67.491 1200.000 -1 -1 -1 -1000 -1000 -1000 -10 0.00113631
Car -1 -1 -10 13.564 1158.010 51.308 1200.000 -1 -1 -1 -1000 -1000 -1000 -10 0.00208855
Car -1 -1 -10 0.000 970.482 211.364 1200.000 -1 -1 -1 -1000 -1000 -1000 -10 0.00106123
Car -1 -1 -10 0.000 925.309 337.501 1200.000 -1 -1 -1 -1000 -1000 -1000 -10 0.00200657
Car -1 -1 -10 0.000 1024.583 245.534 1200.000 -1 -1 -1 -1000 -1000 -1000 -10 0.00173302
Car -1 -1 -10 3.872 622.690 152.726 699.540 -1 -1 -1 -1000 -1000 -1000 -10 0.00097224
Car -1 -1 -10 424.274 1128.733 491.952 1200.000 -1 -1 -1 -1000 -1000 -1000 -10 0.00095626
Car -1 -1 -10 3.049 1087.226 61.578 1200.000 -1 -1 -1 -1000 -1000 -1000 -10 0.00095054
Car -1 -1 -10 7.467 1085.923 269.727 1200.000 -1 -1 -1 -1000 -1000 -1000 -10 0.00091776
Car -1 -1 -10 432.743 1159.389 471.536 1200.000 -1 -1 -1 -1000 -1000 -1000 -10 0.00090508
Car -1 -1 -10 9.773 1127.982 76.948 1200.000 -1 -1 -1 -1000 -1000 -1000 -10 0.00088308
Car -1 -1 -10 15.410 366.988 310.835 1200.000 -1 -1 -1 -1000 -1000 -1000 -10 0.00155088
Car -1 -1 -10 798.923 1158.456 837.585 1200.000 -1 -1 -1 -1000 -1000 -1000 -10 0.00087289
Car -1 -1 -10 0.000 1107.792 91.851 1200.000 -1 -1 -1 -1000 -1000 -1000 -10 0.00086087
Car -1 -1 -10 277.404 1051.952 691.566 1200.000 -1 -1 -1 -1000 -1000 -1000 -10 0.00152067
Car -1 -1 -10 1571.260 573.545 1920.000 1200.000 -1 -1 -1 -1000 -1000 -1000 -10 0.00081863
Car -1 -1 -10 428.792 1087.836 487.332 1200.000 -1 -1 -1 -1000 -1000 -1000 -10 0.00079637
Car -1 -1 -10 365.769 688.515 608.658 1198.764 -1 -1 -1 -1000 -1000 -1000 -10 0.00078223
Car -1 -1 -10 437.505 1020.159 533.117 1200.000 -1 -1 -1 -1000 -1000 -1000 -10 0.00078196
Car -1 -1 -10 443.501 1076.098 575.737 1199.893 -1 -1 -1 -1000 -1000 -1000 -10 0.00077478
Car -1 -1 -10 470.096 1084.148 530.919 1200.000 -1 -1 -1 -1000 -1000 -1000 -10 0.00143512
Car -1 -1 -10 1387.873 563.136 1920.000 956.575 -1 -1 -1 -1000 -1000 -1000 -10 0.00073230
Car -1 -1 -10 0.000 1105.129 49.352 1200.000 -1 -1 -1 -1000 -1000 -1000 -10 0.00071574
Car -1 -1 -10 40.997 851.009 164.141 1200.000 -1 -1 -1 -1000 -1000 -1000 -10 0.00071385
Car -1 -1 -10 18.358 1136.456 197.542 1200.000 -1 -1 -1 -1000 -1000 -1000 -10 0.00136440
Car -1 -1 -10 27.408 1085.697 85.963 1200.000 -1 -1 -1 -1000 -1000 -1000 -10 0.00135135
Car -1 -1 -10 0.000 1139.533 53.736 1200.000 -1 -1 -1 -1000 -1000 -1000 -10 0.00070340
Car -1 -1 -10 411.038 930.436 560.446 1200.000 -1 -1 -1 -1000 -1000 -1000 -10 0.00069926
Car -1 -1 -10 1525.155 0.000 1920.000 680.181 -1 -1 -1 -1000 -1000 -1000 -10 0.00130944
Car -1 -1 -10 1469.415 807.799 1920.000 1200.000 -1 -1 -1 -1000 -1000 -1000 -10 0.00199310
Car -1 -1 -10 349.929 1116.696 430.365 1200.000 -1 -1 -1 -1000 -1000 -1000 -10 0.00130224
Car -1 -1 -10 250.264 582.974 446.533 1180.151 -1 -1 -1 -1000 -1000 -1000 -10 0.00068277
Car -1 -1 -10 19.392 1124.864 58.316 1200.000 -1 -1 -1 -1000 -1000 -1000 -10 0.00067980
Car -1 -1 -10 37.796 1158.945 74.638 1200.000 -1 -1 -1 -1000 -1000 -1000 -10 0.00067970
Car -1 -1 -10 288.825 500.234 1446.180 1193.287 -1 -1 -1 -1000 -1000 -1000 -10 0.00127962
Car -1 -1 -10 439.836 1157.587 477.857 1200.000 -1 -1 -1 -1000 -1000 -1000 -10 0.00067772
Car -1 -1 -10 386.754 1158.940 425.160 1200.000 -1 -1 -1 -1000 -1000 -1000 -10 0.00067747
Car -1 -1 -10 450.774 1129.176 517.973 1200.000 -1 -1 -1 -1000 -1000 -1000 -10 0.00067305
Car -1 -1 -10 743.211 580.284 935.507 1174.741 -1 -1 -1 -1000 -1000 -1000 -10 0.00126852
Car -1 -1 -10 367.850 1157.142 405.122 1200.000 -1 -1 -1 -1000 -1000 -1000 -10 0.00066904
Car -1 -1 -10 0.000 1059.656 201.647 1200.000 -1 -1 -1 -1000 -1000 -1000 -10 0.00066040
Car -1 -1 -10 1475.971 0.000 1920.000 326.265 -1 -1 -1 -1000 -1000 -1000 -10 0.00065966
Car -1 -1 -10 393.829 590.402 589.271 1179.275 -1 -1 -1 -1000 -1000 -1000 -10 0.00065390
Car -1 -1 -10 554.550 4.931 926.742 375.825 -1 -1 -1 -1000 -1000 -1000 -10 0.00065099
Car -1 -1 -10 373.318 1123.034 412.939 1200.000 -1 -1 -1 -1000 -1000 -1000 -10 0.00064284
Car -1 -1 -10 345.908 868.715 631.689 1200.000 -1 -1 -1 -1000 -1000 -1000 -10 0.00064169
Car -1 -1 -10 1403.799 432.946 1906.400 893.337 -1 -1 -1 -1000 -1000 -1000 -10 0.00063682
Car -1 -1 -10 474.432 1021.135 568.652 1200.000 -1 -1 -1 -1000 -1000 -1000 -10 0.00063563
Car -1 -1 -10 399.951 1136.046 570.766 1200.000 -1 -1 -1 -1000 -1000 -1000 -10 0.00062672
Car -1 -1 -10 454.838 1089.231 512.855 1200.000 -1 -1 -1 -1000 -1000 -1000 -10 0.00061981
Car -1 -1 -10 63.857 1011.171 162.588 1200.000 -1 -1 -1 -1000 -1000 -1000 -10 0.00061421
Car -1 -1 -10 0.000 618.388 117.104 708.224 -1 -1 -1 -1000 -1000 -1000 -10 0.00060806
