Car -1 -1 -10 679.850 519.859 1314.624 800.599 -1 -1 -1 -1000 -1000 -1000 -10 0.78651357
Car -1 -1 -10 229.676 593.206 436.494 678.382 -1 -1 -1 -1000 -1000 -1000 -10 0.77503520
Car -1 -1 -10 544.955 538.795 1015.805 789.435 -1 -1 -1 -1000 -1000 -1000 -10 0.26674980
Car -1 -1 -10 505.724 558.212 975.190 778.194 -1 -1 -1 -1000 -1000 -1000 -10 0.01340481
Car -1 -1 -10 195.596 597.824 352.427 675.596 -1 -1 -1 -1000 -1000 -1000 -10 0.01758775
Car -1 -1 -10 587.883 574.183 1376.386 1088.854 -1 -1 -1 -1000 -1000 -1000 -10 0.01262821
Car -1 -1 -10 949.877 560.496 1386.836 783.437 -1 -1 -1 -1000 -1000 -1000 -10 0.01041975
Car -1 -1 -10 692.241 542.796 1074.944 756.226 -1 -1 -1 -1000 -1000 -1000 -10 0.00323913
Car -1 -1 -10 0.000 793.261 462.842 1198.731 -1 -1 -1 -1000 -1000 -1000 -10 0.00499946
Car -1 -1 -10 1038.699 539.345 1191.725 638.121 -1 -1 -1 -1000 -1000 -1000 -10 0.00465412
Car -1 -1 -10 615.363 588.136 784.622 689.245 -1 -1 -1 -1000 -1000 -1000 -10 0.00421279
Car -1 -1 -10 902.363 527.972 1267.026 757.262 -1 -1 -1 -1000 -1000 -1000 -10 0.00182830
