Car -1 -1 -10 214.356 619.750 375.009 739.649 -1 -1 -1 -1000 -1000 -1000 -10 0.99983563
Car -1 -1 -10 664.693 633.026 792.595 731.000 -1 -1 -1 -1000 -1000 -1000 -10 0.99449958
Car -1 -1 -10 650.021 643.431 719.621 715.524 -1 -1 -1 -1000 -1000 -1000 -10 0.05920823
Car -1 -1 -10 724.636 629.574 796.014 707.519 -1 -1 -1 -1000 -1000 -1000 -10 0.00621541
Car -1 -1 -10 0.000 798.583 466.867 1197.968 -1 -1 -1 -1000 -1000 -1000 -10 0.01040650
Car -1 -1 -10 28.093 674.461 254.813 1193.357 -1 -1 -1 -1000 -1000 -1000 -10 0.00663259
Car -1 -1 -10 642.333 651.635 698.062 708.953 -1 -1 -1 -1000 -1000 -1000 -10 0.00187423
Car -1 -1 -10 0.000 935.261 305.806 1200.000 -1 -1 -1 -1000 -1000 -1000 -10 0.00528596
Car -1 -1 -10 1328.386 552.940 1920.000 895.635 -1 -1 -1 -1000 -1000 -1000 -10 0.00177981
Car -1 -1 -10 1411.303 601.809 1920.000 952.739 -1 -1 -1 -1000 -1000 -1000 -10 0.00176819
Car -1 -1 -10 0.000 1106.770 90.505 1200.000 -1 -1 -1 -1000 -1000 -1000 -10 0.00170320
Car -1 -1 -10 135.405 982.026 683.775 1200.000 -1 -1 -1 -1000 -1000 -1000 -10 0.00166309
Car -1 -1 -10 610.848 643.438 667.354 697.409 -1 -1 -1 -1000 -1000 -1000 -10 0.00163204
Car -1 -1 -10 672.533 635.864 713.757 704.868 -1 -1 -1 -1000 -1000 -1000 -10 0.00162696
Car -1 -1 -10 0.000 1027.889 276.125 1194.617 -1 -1 -1 -1000 -1000 -1000 -10 0.00161763
Car -1 -1 -10 108.189 705.687 299.734 1195.310 -1 -1 -1 -1000 -1000 -1000 -10 0.00156013
Car -1 -1 -10 0.000 1104.369 49.347 1200.000 -1 -1 -1 -1000 -1000 -1000 -10 0.00152408
Car -1 -1 -10 632.890 647.453 707.524 710.058 -1 -1 -1 -1000 -1000 -1000 -10 0.00149994
Car -1 -1 -10 613.200 640.129 691.401 702.544 -1 -1 -1 -1000 -1000 -1000 -10 0.00146302
Car -1 -1 -10 115.798 757.556 776.520 1200.000 -1 -1 -1 -1000 -1000 -1000 -10 0.00146222
Car -1 -1 -10 314.036 844.474 476.163 1200.000 -1 -1 -1 -1000 -1000 -1000 -10 0.00131571
Car -1 -1 -10 194.938 835.437 354.823 1200.000 -1 -1 -1 -1000 -1000 -1000 -10 0.00124031
Car -1 -1 -10 145.300 639.052 679.316 1200.000 -1 -1 -1 -1000 -1000 -1000 -10 0.00120792
