Car -1 -1 -10 981.548 581.270 1920.000 1193.050 -1 -1 -1 -1000 -1000 -1000 -10 0.06055470
Car -1 -1 -10 0.000 521.758 951.487 1186.861 -1 -1 -1 -1000 -1000 -1000 -10 0.02584890
Car -1 -1 -10 4.558 684.493 619.971 1191.721 -1 -1 -1 -1000 -1000 -1000 -10 0.02052831
Car -1 -1 -10 1230.133 720.758 1920.000 1190.742 -1 -1 -1 -1000 -1000 -1000 -10 0.00395528
Car -1 -1 -10 1286.249 669.241 1920.000 1075.465 -1 -1 -1 -1000 -1000 -1000 -10 0.01108244
Car -1 -1 -10 0.000 606.882 290.042 763.411 -1 -1 -1 -1000 -1000 -1000 -10 0.00483597
Car -1 -1 -10 1010.288 541.047 1496.555 816.880 -1 -1 -1 -1000 -1000 -1000 -10 0.00264424
Car -1 -1 -10 605.795 175.667 1887.063 1200.000 -1 -1 -1 -1000 -1000 -1000 -10 0.00423722
Car -1 -1 -10 1178.356 828.786 1920.000 1200.000 -1 -1 -1 -1000 -1000 -1000 -10 0.00589468
Car -1 -1 -10 1056.179 516.208 1490.286 744.545 -1 -1 -1 -1000 -1000 -1000 -10 0.00218958
Car -1 -1 -10 67.650 181.711 363.613 1194.512 -1 -1 -1 -1000 -1000 -1000 -10 0.00400640
Car -1 -1 -10 1407.154 436.730 1920.000 800.205 -1 -1 -1 -1000 -1000 -1000 -10 0.00198536
Car -1 -1 -10 1070.507 627.545 1521.231 836.879 -1 -1 -1 -1000 -1000 -1000 -10 0.00353094
Car -1 -1 -10 1106.139 329.672 1454.703 919.540 -1 -1 -1 -1000 -1000 -1000 -10 0.00192241
Car -1 -1 -10 1038.912 481.541 1633.768 853.534 -1 -1 -1 -1000 -1000 -1000 -10 0.00187618
Car -1 -1 -10 0.000 695.451 288.892 1191.398 -1 -1 -1 -1000 -1000 -1000 -10 0.00351322
Car -1 -1 -10 0.000 546.827 638.782 959.524 -1 -1 -1 -1000 -1000 -1000 -10 0.00180802
Car -1 -1 -10 1309.801 610.307 1920.000 934.953 -1 -1 -1 -1000 -1000 -1000 -10 0.00178328
Car -1 -1 -10 53.481 543.067 205.970 1200.000 -1 -1 -1 -1000 -1000 -1000 -10 0.00157003
Car -1 -1 -10 1027.384 563.068 1462.713 793.502 -1 -1 -1 -1000 -1000 -1000 -10 0.00150864
Car -1 -1 -10 0.000 728.994 369.241 1128.105 -1 -1 -1 -1000 -1000 -1000 -10 0.00146781
Car -1 -1 -10 1092.103 533.591 1371.904 698.643 -1 -1 -1 -1000 -1000 -1000 -10 0.00145548
Car -1 -1 -10 1143.220 595.442 1839.490 932.589 -1 -1 -1 -1000 -1000 -1000 -10 0.00141561
Car -1 -1 -10 104.914 553.494 256.708 1200.000 -1 -1 -1 -1000 -1000 -1000 -10 0.00137995
Car -1 -1 -10 1349.014 443.819 1915.074 877.201 -1 -1 -1 -1000 -1000 -1000 -10 0.00136713
