Car -1 -1 -10 1346.469 581.896 1532.388 698.019 -1 -1 -1 -1000 -1000 -1000 -10 0.78723246
Car -1 -1 -10 663.839 617.235 733.368 671.982 -1 -1 -1 -1000 -1000 -1000 -10 0.84162526
Car -1 -1 -10 1237.526 568.336 1454.294 696.008 -1 -1 -1 -1000 -1000 -1000 -10 0.44199041
Car -1 -1 -10 1633.024 525.114 1920.000 880.100 -1 -1 -1 -1000 -1000 -1000 -10 0.01144677
Car -1 -1 -10 1723.688 550.649 1920.000 767.353 -1 -1 -1 -1000 -1000 -1000 -10 0.00937447
Car -1 -1 -10 1439.804 588.422 1602.418 685.892 -1 -1 -1 -1000 -1000 -1000 -10 0.01108626
Car -1 -1 -10 0.000 794.788 457.517 1197.961 -1 -1 -1 -1000 -1000 -1000 -10 0.00559383
Car -1 -1 -10 1409.929 553.273 1724.735 689.787 -1 -1 -1 -1000 -1000 -1000 -10 0.00383163
Car -1 -1 -10 1414.148 585.093 1570.773 690.670 -1 -1 -1 -1000 -1000 -1000 -10 0.00198852
Car -1 -1 -10 1710.639 561.783 1920.000 875.296 -1 -1 -1 -1000 -1000 -1000 -10 0.00198440
Car -1 -1 -10 1749.893 568.694 1888.123 704.641 -1 -1 -1 -1000 -1000 -1000 -10 0.00168898
Car -1 -1 -10 1495.251 491.886 1920.000 997.952 -1 -1 -1 -1000 -1000 -1000 -10 0.00162815
Car -1 -1 -10 1621.116 491.349 1916.688 772.778 -1 -1 -1 -1000 -1000 -1000 -10 0.00138569
Car -1 -1 -10 1439.892 396.946 1904.968 914.362 -1 -1 -1 -1000 -1000 -1000 -10 0.00126856
Car -1 -1 -10 29.937 673.699 275.944 1200.000 -1 -1 -1 -1000 -1000 -1000 -10 0.00114131
