Car -1 -1 -10 176.430 552.678 288.516 638.748 -1 -1 -1 -1000 -1000 -1000 -10 0.16334051
Car -1 -1 -10 760.534 802.626 1357.355 1190.724 -1 -1 -1 -1000 -1000 -1000 -10 0.00829593
Car -1 -1 -10 936.237 817.260 1551.468 1188.827 -1 -1 -1 -1000 -1000 -1000 -10 0.00370951
Car -1 -1 -10 893.300 870.680 1191.582 1199.686 -1 -1 -1 -1000 -1000 -1000 -10 0.00387064
Car -1 -1 -10 826.311 1041.281 1241.268 1200.000 -1 -1 -1 -1000 -1000 -1000 -10 0.00362086
Car -1 -1 -10 946.244 771.434 1233.540 1188.419 -1 -1 -1 -1000 -1000 -1000 -10 0.00169734
Car -1 -1 -10 934.061 1034.565 1355.795 1200.000 -1 -1 -1 -1000 -1000 -1000 -10 0.00161901
Car -1 -1 -10 925.039 1037.968 1202.995 1195.088 -1 -1 -1 -1000 -1000 -1000 -10 0.00151633
Car -1 -1 -10 911.082 1101.961 1158.784 1200.000 -1 -1 -1 -1000 -1000 -1000 -10 0.00151551
Car -1 -1 -10 975.150 875.290 1255.367 1200.000 -1 -1 -1 -1000 -1000 -1000 -10 0.00150049
Car -1 -1 -10 898.508 528.248 1257.006 1200.000 -1 -1 -1 -1000 -1000 -1000 -10 0.00149904
Car -1 -1 -10 210.007 566.919 275.378 623.593 -1 -1 -1 -1000 -1000 -1000 -10 0.00274223
Car -1 -1 -10 0.000 800.453 456.507 1199.966 -1 -1 -1 -1000 -1000 -1000 -10 0.00287865
Car -1 -1 -10 976.630 861.503 1421.278 1106.563 -1 -1 -1 -1000 -1000 -1000 -10 0.00148205
Car -1 -1 -10 1023.975 1097.507 1193.352 1196.675 -1 -1 -1 -1000 -1000 -1000 -10 0.00406444
Car -1 -1 -10 774.565 937.912 1383.829 1200.000 -1 -1 -1 -1000 -1000 -1000 -10 0.00141370
Car -1 -1 -10 577.730 0.000 1174.047 215.127 -1 -1 -1 -1000 -1000 -1000 -10 0.00140749
Car -1 -1 -10 1051.366 940.675 1274.535 1200.000 -1 -1 -1 -1000 -1000 -1000 -10 0.00140129
Car -1 -1 -10 935.876 369.330 1218.749 1200.000 -1 -1 -1 -1000 -1000 -1000 -10 0.00138922
Car -1 -1 -10 919.905 933.912 1529.086 1200.000 -1 -1 -1 -1000 -1000 -1000 -10 0.00137001
Car -1 -1 -10 1071.233 1058.739 1241.834 1193.052 -1 -1 -1 -1000 -1000 -1000 -10 0.00135532
Car -1 -1 -10 1077.706 757.291 1203.781 1200.000 -1 -1 -1 -1000 -1000 -1000 -10 0.00134162
Car -1 -1 -10 1043.750 1082.172 1354.277 1200.000 -1 -1 -1 -1000 -1000 -1000 -10 0.00132462
Car -1 -1 -10 968.347 719.001 1120.950 1200.000 -1 -1 -1 -1000 -1000 -1000 -10 0.00132324
Car -1 -1 -10 1248.749 1127.661 1314.164 1200.000 -1 -1 -1 -1000 -1000 -1000 -10 0.00130728
Car -1 -1 -10 998.830 1057.026 1383.387 1200.000 -1 -1 -1 -1000 -1000 -1000 -10 0.00129134
Car -1 -1 -10 744.642 22.760 998.078 470.085 -1 -1 -1 -1000 -1000 -1000 -10 0.00128845
Car -1 -1 -10 1150.479 1112.443 1231.838 1200.000 -1 -1 -1 -1000 -1000 -1000 -10 0.00125649
Car -1 -1 -10 1233.214 1082.992 1293.094 1200.000 -1 -1 -1 -1000 -1000 -1000 -10 0.00125070
Car -1 -1 -10 1078.958 1110.316 1158.936 1200.000 -1 -1 -1 -1000 -1000 -1000 -10 0.00122728
Car -1 -1 -10 1080.755 1087.902 1237.253 1191.740 -1 -1 -1 -1000 -1000 -1000 -10 0.00119888
Car -1 -1 -10 1234.697 878.563 1524.496 1200.000 -1 -1 -1 -1000 -1000 -1000 -10 0.00119874
Car -1 -1 -10 825.483 650.394 1330.666 1200.000 -1 -1 -1 -1000 -1000 -1000 -10 0.00118895
Car -1 -1 -10 1175.146 1058.316 1572.320 1200.000 -1 -1 -1 -1000 -1000 -1000 -10 0.00118705
Car -1 -1 -10 1014.547 641.192 1166.640 1199.439 -1 -1 -1 -1000 -1000 -1000 -10 0.00118700
Car -1 -1 -10 1146.812 1104.360 1394.995 1200.000 -1 -1 -1 -1000 -1000 -1000 -10 0.00117377
Car -1 -1 -10 972.198 1054.943 1105.064 1176.488 -1 -1 -1 -1000 -1000 -1000 -10 0.00116765
