Car -1 -1 -10 636.540 550.253 748.104 646.709 -1 -1 -1 -1000 -1000 -1000 -10 0.99980117
Car -1 -1 -10 0.000 798.244 457.023 1199.664 -1 -1 -1 -1000 -1000 -1000 -10 0.00670387
Car -1 -1 -10 1493.107 553.133 1917.008 897.869 -1 -1 -1 -1000 -1000 -1000 -10 0.00230710
Car -1 -1 -10 1419.377 593.448 1920.000 1200.000 -1 -1 -1 -1000 -1000 -1000 -10 0.00344182
Car -1 -1 -10 1469.044 263.040 1894.705 1050.577 -1 -1 -1 -1000 -1000 -1000 -10 0.00232811
Car -1 -1 -10 1389.942 324.300 1916.986 978.302 -1 -1 -1 -1000 -1000 -1000 -10 0.00233766
Car -1 -1 -10 1427.703 471.680 1920.000 861.228 -1 -1 -1 -1000 -1000 -1000 -10 0.00119514
Car -1 -1 -10 512.958 643.926 708.955 1184.790 -1 -1 -1 -1000 -1000 -1000 -10 0.00109748
Car -1 -1 -10 1435.819 273.294 1920.000 657.807 -1 -1 -1 -1000 -1000 -1000 -10 0.00187120
Car -1 -1 -10 325.450 753.015 896.964 1196.699 -1 -1 -1 -1000 -1000 -1000 -10 0.00104155
Car -1 -1 -10 0.000 935.474 321.899 1200.000 -1 -1 -1 -1000 -1000 -1000 -10 0.00171574
Car -1 -1 -10 1554.322 627.133 1913.213 920.243 -1 -1 -1 -1000 -1000 -1000 -10 0.00097163
Car -1 -1 -10 1320.207 629.559 1920.000 1060.729 -1 -1 -1 -1000 -1000 -1000 -10 0.00089266
Car -1 -1 -10 681.948 642.822 875.984 1182.949 -1 -1 -1 -1000 -1000 -1000 -10 0.00088139
Car -1 -1 -10 0.000 918.453 229.483 1200.000 -1 -1 -1 -1000 -1000 -1000 -10 0.00087819
Car -1 -1 -10 684.561 1158.951 723.507 1200.000 -1 -1 -1 -1000 -1000 -1000 -10 0.00086779
Car -1 -1 -10 769.386 146.614 1906.215 1200.000 -1 -1 -1 -1000 -1000 -1000 -10 0.00086711
Car -1 -1 -10 1583.804 560.148 1920.000 1200.000 -1 -1 -1 -1000 -1000 -1000 -10 0.00086533
Car -1 -1 -10 1607.684 552.287 1920.000 959.725 -1 -1 -1 -1000 -1000 -1000 -10 0.00085912
Car -1 -1 -10 28.955 819.213 188.996 1200.000 -1 -1 -1 -1000 -1000 -1000 -10 0.00081635
Car -1 -1 -10 0.000 506.181 827.965 1191.596 -1 -1 -1 -1000 -1000 -1000 -10 0.00079525
Car -1 -1 -10 0.000 426.587 474.856 1029.111 -1 -1 -1 -1000 -1000 -1000 -10 0.00077070
Car -1 -1 -10 1631.515 633.986 1920.000 795.424 -1 -1 -1 -1000 -1000 -1000 -10 0.00076143
Car -1 -1 -10 1693.032 340.607 1854.261 438.063 -1 -1 -1 -1000 -1000 -1000 -10 0.00075064
Car -1 -1 -10 1632.213 308.400 1920.000 466.879 -1 -1 -1 -1000 -1000 -1000 -10 0.00074995
Car -1 -1 -10 535.625 587.233 691.818 1194.500 -1 -1 -1 -1000 -1000 -1000 -10 0.00072301
