Car -1 -1 -10 2.606 610.603 121.338 727.658 -1 -1 -1 -1000 -1000 -1000 -10 0.98225304
Car -1 -1 -10 243.548 591.010 411.020 697.295 -1 -1 -1 -1000 -1000 -1000 -10 0.97001702
Car -1 -1 -10 518.300 609.816 569.623 657.439 -1 -1 -1 -1000 -1000 -1000 -10 0.04155024
Car -1 -1 -10 409.319 608.806 481.198 675.298 -1 -1 -1 -1000 -1000 -1000 -10 0.01525577
Car -1 -1 -10 423.672 608.920 499.440 675.943 -1 -1 -1 -1000 -1000 -1000 -10 0.00579054
Car -1 -1 -10 414.792 0.000 1010.093 221.584 -1 -1 -1 -1000 -1000 -1000 -10 0.00520657
Car -1 -1 -10 319.334 598.726 421.907 683.897 -1 -1 -1 -1000 -1000 -1000 -10 0.00515354
Car -1 -1 -10 325.502 614.765 427.366 695.112 -1 -1 -1 -1000 -1000 -1000 -10 0.00453806
Car -1 -1 -10 520.476 4.435 902.984 366.794 -1 -1 -1 -1000 -1000 -1000 -10 0.00440319
Car -1 -1 -10 0.000 629.312 430.815 1194.679 -1 -1 -1 -1000 -1000 -1000 -10 0.00688892
Car -1 -1 -10 523.185 0.000 906.042 208.670 -1 -1 -1 -1000 -1000 -1000 -10 0.00351924
Car -1 -1 -10 446.814 4.926 863.663 272.829 -1 -1 -1 -1000 -1000 -1000 -10 0.00589422
Car -1 -1 -10 580.018 2.640 828.442 245.205 -1 -1 -1 -1000 -1000 -1000 -10 0.00333814
Car -1 -1 -10 630.555 36.403 833.474 592.341 -1 -1 -1 -1000 -1000 -1000 -10 0.00312883
Car -1 -1 -10 368.066 1122.278 406.047 1200.000 -1 -1 -1 -1000 -1000 -1000 -10 0.00309723
Car -1 -1 -10 501.702 6.983 802.560 146.844 -1 -1 -1 -1000 -1000 -1000 -10 0.00541378
Car -1 -1 -10 642.739 18.545 776.231 416.671 -1 -1 -1 -1000 -1000 -1000 -10 0.00285547
Car -1 -1 -10 626.231 14.094 782.081 111.714 -1 -1 -1 -1000 -1000 -1000 -10 0.00274844
Car -1 -1 -10 364.380 1157.892 400.626 1200.000 -1 -1 -1 -1000 -1000 -1000 -10 0.00271995
Car -1 -1 -10 575.914 19.250 832.995 467.459 -1 -1 -1 -1000 -1000 -1000 -10 0.00266272
Car -1 -1 -10 561.042 36.785 718.288 135.298 -1 -1 -1 -1000 -1000 -1000 -10 0.00523701
Car -1 -1 -10 356.561 1157.244 394.188 1200.000 -1 -1 -1 -1000 -1000 -1000 -10 0.00258088
Car -1 -1 -10 360.816 0.000 1041.326 271.919 -1 -1 -1 -1000 -1000 -1000 -10 0.00255453
Car -1 -1 -10 330.481 1082.602 390.730 1200.000 -1 -1 -1 -1000 -1000 -1000 -10 0.00485030
Car -1 -1 -10 570.620 31.718 750.064 518.545 -1 -1 -1 -1000 -1000 -1000 -10 0.00245161
Car -1 -1 -10 225.841 600.866 350.886 704.332 -1 -1 -1 -1000 -1000 -1000 -10 0.00244083
Car -1 -1 -10 335.212 595.967 415.552 667.553 -1 -1 -1 -1000 -1000 -1000 -10 0.00243074
Car -1 -1 -10 410.197 603.076 504.648 681.745 -1 -1 -1 -1000 -1000 -1000 -10 0.00239274
Car -1 -1 -10 535.085 22.833 792.234 467.815 -1 -1 -1 -1000 -1000 -1000 -10 0.00379548
Car -1 -1 -10 613.004 4.896 740.737 122.981 -1 -1 -1 -1000 -1000 -1000 -10 0.00208868
Car -1 -1 -10 597.225 15.941 708.930 285.583 -1 -1 -1 -1000 -1000 -1000 -10 0.00180214
Car -1 -1 -10 373.483 1156.765 410.736 1200.000 -1 -1 -1 -1000 -1000 -1000 -10 0.00178021
Car -1 -1 -10 359.757 1126.479 423.973 1200.000 -1 -1 -1 -1000 -1000 -1000 -10 0.00172164
Car -1 -1 -10 595.171 14.145 755.737 112.939 -1 -1 -1 -1000 -1000 -1000 -10 0.00169679
