Car -1 -1 -10 592.095 621.884 692.287 698.976 -1 -1 -1 -1000 -1000 -1000 -10 0.99583493
Car -1 -1 -10 738.686 612.809 789.478 660.003 -1 -1 -1 -1000 -1000 -1000 -10 0.17805005
Car -1 -1 -10 0.000 805.660 315.747 1197.901 -1 -1 -1 -1000 -1000 -1000 -10 0.00519370
Car -1 -1 -10 18.952 506.703 191.845 1185.899 -1 -1 -1 -1000 -1000 -1000 -10 0.00254131
Car -1 -1 -10 0.000 803.051 463.635 1200.000 -1 -1 -1 -1000 -1000 -1000 -10 0.00478653
Car -1 -1 -10 566.635 1158.634 602.846 1200.000 -1 -1 -1 -1000 -1000 -1000 -10 0.00290717
Car -1 -1 -10 734.351 618.021 764.772 665.177 -1 -1 -1 -1000 -1000 -1000 -10 0.00171655
Car -1 -1 -10 0.000 915.732 212.857 1134.078 -1 -1 -1 -1000 -1000 -1000 -10 0.00301765
Car -1 -1 -10 2.554 1017.387 276.544 1200.000 -1 -1 -1 -1000 -1000 -1000 -10 0.00267041
Car -1 -1 -10 10.770 653.314 491.871 1200.000 -1 -1 -1 -1000 -1000 -1000 -10 0.00287059
Car -1 -1 -10 42.993 620.478 173.670 1200.000 -1 -1 -1 -1000 -1000 -1000 -10 0.00140793
Car -1 -1 -10 2.155 924.215 236.057 1200.000 -1 -1 -1 -1000 -1000 -1000 -10 0.00136233
Car -1 -1 -10 4.358 981.342 396.100 1200.000 -1 -1 -1 -1000 -1000 -1000 -10 0.00130197
Car -1 -1 -10 11.750 964.247 175.410 1066.833 -1 -1 -1 -1000 -1000 -1000 -10 0.00124752
Car -1 -1 -10 18.382 611.752 176.697 712.578 -1 -1 -1 -1000 -1000 -1000 -10 0.00223647
Car -1 -1 -10 526.843 1115.911 606.996 1200.000 -1 -1 -1 -1000 -1000 -1000 -10 0.00109420
Car -1 -1 -10 451.354 1158.117 489.173 1200.000 -1 -1 -1 -1000 -1000 -1000 -10 0.00106831
Car -1 -1 -10 424.097 1114.068 506.952 1200.000 -1 -1 -1 -1000 -1000 -1000 -10 0.00106714
Car -1 -1 -10 0.000 532.949 342.455 985.131 -1 -1 -1 -1000 -1000 -1000 -10 0.00105542
Car -1 -1 -10 1535.297 468.504 1855.831 610.111 -1 -1 -1 -1000 -1000 -1000 -10 0.00102753
Car -1 -1 -10 0.000 588.428 387.513 1124.083 -1 -1 -1 -1000 -1000 -1000 -10 0.00100908
Car -1 -1 -10 0.000 1065.599 198.043 1200.000 -1 -1 -1 -1000 -1000 -1000 -10 0.00097906
Car -1 -1 -10 828.480 651.184 1018.869 1191.714 -1 -1 -1 -1000 -1000 -1000 -10 0.00094980
Car -1 -1 -10 1500.350 435.818 1920.000 630.727 -1 -1 -1 -1000 -1000 -1000 -10 0.00094821
Car -1 -1 -10 0.000 563.372 258.194 715.049 -1 -1 -1 -1000 -1000 -1000 -10 0.00094784
Car -1 -1 -10 547.478 1157.642 585.262 1200.000 -1 -1 -1 -1000 -1000 -1000 -10 0.00088859
Car -1 -1 -10 0.000 637.026 531.462 1076.569 -1 -1 -1 -1000 -1000 -1000 -10 0.00088675
Car -1 -1 -10 541.193 1124.141 580.508 1200.000 -1 -1 -1 -1000 -1000 -1000 -10 0.00088058
Car -1 -1 -10 631.071 1157.847 668.870 1200.000 -1 -1 -1 -1000 -1000 -1000 -10 0.00087807
Car -1 -1 -10 623.014 1129.291 689.513 1200.000 -1 -1 -1 -1000 -1000 -1000 -10 0.00086210
Car -1 -1 -10 514.944 680.156 755.661 1200.000 -1 -1 -1 -1000 -1000 -1000 -10 0.00085355
Car -1 -1 -10 370.896 1105.441 614.766 1200.000 -1 -1 -1 -1000 -1000 -1000 -10 0.00084969
Car -1 -1 -10 541.169 1143.618 591.960 1200.000 -1 -1 -1 -1000 -1000 -1000 -10 0.00084666
Car -1 -1 -10 445.291 1123.018 484.971 1200.000 -1 -1 -1 -1000 -1000 -1000 -10 0.00084660
Car -1 -1 -10 1465.981 631.163 1902.771 1007.545 -1 -1 -1 -1000 -1000 -1000 -10 0.00084312
Car -1 -1 -10 0.000 584.408 259.726 962.245 -1 -1 -1 -1000 -1000 -1000 -10 0.00083943
Car -1 -1 -10 0.000 460.060 309.682 853.168 -1 -1 -1 -1000 -1000 -1000 -10 0.00076415
