Car -1 -1 -10 1058.262 531.048 1390.606 679.946 -1 -1 -1 -1000 -1000 -1000 -10 0.21913429
Car -1 -1 -10 0.000 486.505 246.385 732.693 -1 -1 -1 -1000 -1000 -1000 -10 0.21125517
Car -1 -1 -10 956.736 489.134 1421.762 685.622 -1 -1 -1 -1000 -1000 -1000 -10 0.03046139
Car -1 -1 -10 1216.423 558.516 1391.473 660.902 -1 -1 -1 -1000 -1000 -1000 -10 0.01740372
Car -1 -1 -10 947.314 626.081 1321.872 1186.167 -1 -1 -1 -1000 -1000 -1000 -10 0.01581520
Car -1 -1 -10 51.852 516.220 191.036 656.452 -1 -1 -1 -1000 -1000 -1000 -10 0.00911156
Car -1 -1 -10 11.229 590.734 676.977 1185.888 -1 -1 -1 -1000 -1000 -1000 -10 0.01609351
Car -1 -1 -10 1518.335 584.693 1915.315 942.806 -1 -1 -1 -1000 -1000 -1000 -10 0.00682943
Car -1 -1 -10 14.440 496.392 204.077 657.440 -1 -1 -1 -1000 -1000 -1000 -10 0.00659316
Car -1 -1 -10 1368.464 594.135 1920.000 940.242 -1 -1 -1 -1000 -1000 -1000 -10 0.00630271
Car -1 -1 -10 1434.949 505.820 1914.408 987.943 -1 -1 -1 -1000 -1000 -1000 -10 0.01137067
Car -1 -1 -10 479.860 492.436 1595.437 1184.243 -1 -1 -1 -1000 -1000 -1000 -10 0.01044118
Car -1 -1 -10 285.215 629.026 593.181 1193.656 -1 -1 -1 -1000 -1000 -1000 -10 0.00515848
Car -1 -1 -10 14.187 509.460 168.244 615.906 -1 -1 -1 -1000 -1000 -1000 -10 0.00921624
Car -1 -1 -10 325.770 480.202 1449.418 1191.958 -1 -1 -1 -1000 -1000 -1000 -10 0.00450795
Car -1 -1 -10 1105.899 556.664 1298.071 665.149 -1 -1 -1 -1000 -1000 -1000 -10 0.00800085
Car -1 -1 -10 0.000 734.591 804.921 1200.000 -1 -1 -1 -1000 -1000 -1000 -10 0.00397965
Car -1 -1 -10 0.000 458.856 370.054 812.623 -1 -1 -1 -1000 -1000 -1000 -10 0.00769288
Car -1 -1 -10 709.896 785.720 1399.913 1200.000 -1 -1 -1 -1000 -1000 -1000 -10 0.00383406
Car -1 -1 -10 1518.935 609.514 1920.000 855.476 -1 -1 -1 -1000 -1000 -1000 -10 0.00305579
