Car -1 -1 -10 522.665 442.941 1258.497 1183.502 -1 -1 -1 -1000 -1000 -1000 -10 0.49616449
Car -1 -1 -10 381.477 419.131 1436.375 1176.842 -1 -1 -1 -1000 -1000 -1000 -10 0.09665843
Car -1 -1 -10 30.797 435.312 1070.290 1194.071 -1 -1 -1 -1000 -1000 -1000 -10 0.09520100
Car -1 -1 -10 358.268 570.107 438.266 641.167 -1 -1 -1 -1000 -1000 -1000 -10 0.06361619
Car -1 -1 -10 241.135 415.396 950.059 1198.345 -1 -1 -1 -1000 -1000 -1000 -10 0.08450587
Car -1 -1 -10 159.695 555.423 326.061 658.312 -1 -1 -1 -1000 -1000 -1000 -10 0.02335152
Car -1 -1 -10 265.223 447.234 966.365 920.568 -1 -1 -1 -1000 -1000 -1000 -10 0.01279193
Car -1 -1 -10 287.351 245.259 583.952 1184.842 -1 -1 -1 -1000 -1000 -1000 -10 0.01909421
Car -1 -1 -10 750.722 451.453 1229.707 1182.878 -1 -1 -1 -1000 -1000 -1000 -10 0.00704173
Car -1 -1 -10 498.355 458.179 1203.944 911.232 -1 -1 -1 -1000 -1000 -1000 -10 0.00628817
Car -1 -1 -10 691.358 455.214 1165.362 976.778 -1 -1 -1 -1000 -1000 -1000 -10 0.00565542
Car -1 -1 -10 249.917 503.304 634.887 1195.282 -1 -1 -1 -1000 -1000 -1000 -10 0.00525427
Car -1 -1 -10 280.348 443.838 771.603 946.617 -1 -1 -1 -1000 -1000 -1000 -10 0.00949704
Car -1 -1 -10 1205.735 575.137 1275.137 643.265 -1 -1 -1 -1000 -1000 -1000 -10 0.00943938
Car -1 -1 -10 856.102 241.937 1169.437 1188.471 -1 -1 -1 -1000 -1000 -1000 -10 0.01285171
Car -1 -1 -10 244.916 608.114 786.511 1199.548 -1 -1 -1 -1000 -1000 -1000 -10 0.00355797
Car -1 -1 -10 8.807 555.885 496.007 1194.763 -1 -1 -1 -1000 -1000 -1000 -10 0.00690260
