Car -1 -1 -10 964.060 620.068 1058.490 691.691 -1 -1 -1 -1000 -1000 -1000 -10 0.99956822
Car -1 -1 -10 478.261 625.743 574.516 695.518 -1 -1 -1 -1000 -1000 -1000 -10 0.92444588
Car -1 -1 -10 775.036 607.657 898.667 707.996 -1 -1 -1 -1000 -1000 -1000 -10 0.35838681
Car -1 -1 -10 3.426 5.943 320.253 374.945 -1 -1 -1 -1000 -1000 -1000 -10 0.00662172
Car -1 -1 -10 8.897 11.038 321.742 196.812 -1 -1 -1 -1000 -1000 -1000 -10 0.01285371
Car -1 -1 -10 58.558 4.790 238.319 162.016 -1 -1 -1 -1000 -1000 -1000 -10 0.00576842
Car -1 -1 -10 0.000 799.241 462.371 1198.779 -1 -1 -1 -1000 -1000 -1000 -10 0.01074334
Car -1 -1 -10 2.418 6.272 251.167 496.697 -1 -1 -1 -1000 -1000 -1000 -10 0.00425965
Car -1 -1 -10 610.180 631.559 656.071 676.807 -1 -1 -1 -1000 -1000 -1000 -10 0.00480518
Car -1 -1 -10 40.539 27.543 222.647 521.924 -1 -1 -1 -1000 -1000 -1000 -10 0.00272367
Car -1 -1 -10 96.519 49.180 228.120 174.151 -1 -1 -1 -1000 -1000 -1000 -10 0.00260838
Car -1 -1 -10 97.637 59.525 252.521 162.597 -1 -1 -1 -1000 -1000 -1000 -10 0.00249662
Car -1 -1 -10 117.919 19.456 230.094 309.936 -1 -1 -1 -1000 -1000 -1000 -10 0.00390610
Car -1 -1 -10 95.259 37.385 249.150 141.273 -1 -1 -1 -1000 -1000 -1000 -10 0.00429462
Car -1 -1 -10 6.022 912.112 252.093 1200.000 -1 -1 -1 -1000 -1000 -1000 -10 0.00157794
Car -1 -1 -10 23.080 746.405 238.678 1200.000 -1 -1 -1 -1000 -1000 -1000 -10 0.00156304
Car -1 -1 -10 84.062 579.022 231.499 1199.317 -1 -1 -1 -1000 -1000 -1000 -10 0.00154613
Car -1 -1 -10 0.000 0.000 413.697 322.853 -1 -1 -1 -1000 -1000 -1000 -10 0.00142044
Car -1 -1 -10 71.412 48.090 203.797 173.677 -1 -1 -1 -1000 -1000 -1000 -10 0.00140878
Car -1 -1 -10 128.805 28.193 218.127 195.371 -1 -1 -1 -1000 -1000 -1000 -10 0.00140298
Car -1 -1 -10 78.723 1144.381 130.746 1200.000 -1 -1 -1 -1000 -1000 -1000 -10 0.00137983
Car -1 -1 -10 605.660 625.325 658.846 673.127 -1 -1 -1 -1000 -1000 -1000 -10 0.00137976
Car -1 -1 -10 11.956 1106.787 239.702 1200.000 -1 -1 -1 -1000 -1000 -1000 -10 0.00133167
Car -1 -1 -10 5.733 960.252 338.253 1200.000 -1 -1 -1 -1000 -1000 -1000 -10 0.00123060
