Car -1 -1 -10 543.369 552.170 723.343 719.746 -1 -1 -1 -1000 -1000 -1000 -10 0.54571016
Car -1 -1 -10 528.396 560.455 619.230 653.618 -1 -1 -1 -1000 -1000 -1000 -10 0.01703483
Car -1 -1 -10 81.732 780.449 729.449 1193.704 -1 -1 -1 -1000 -1000 -1000 -10 0.01288785
Car -1 -1 -10 0.000 524.670 970.176 1196.745 -1 -1 -1 -1000 -1000 -1000 -10 0.01223125
Car -1 -1 -10 0.000 799.166 471.507 1200.000 -1 -1 -1 -1000 -1000 -1000 -10 0.00270022
Car -1 -1 -10 546.930 560.287 663.340 674.807 -1 -1 -1 -1000 -1000 -1000 -10 0.00264072
Car -1 -1 -10 500.926 804.823 1100.530 1197.118 -1 -1 -1 -1000 -1000 -1000 -10 0.00647088
Car -1 -1 -10 3.623 590.945 562.112 1121.195 -1 -1 -1 -1000 -1000 -1000 -10 0.00411756
Car -1 -1 -10 77.674 829.619 438.721 1037.914 -1 -1 -1 -1000 -1000 -1000 -10 0.00208241
Car -1 -1 -10 288.652 737.126 552.095 1192.103 -1 -1 -1 -1000 -1000 -1000 -10 0.00532684
Car -1 -1 -10 600.754 565.080 723.161 671.467 -1 -1 -1 -1000 -1000 -1000 -10 0.00375999
Car -1 -1 -10 178.306 887.099 340.205 988.313 -1 -1 -1 -1000 -1000 -1000 -10 0.00203300
Car -1 -1 -10 0.000 561.638 364.575 1200.000 -1 -1 -1 -1000 -1000 -1000 -10 0.00199965
Car -1 -1 -10 106.434 392.411 420.512 1200.000 -1 -1 -1 -1000 -1000 -1000 -10 0.00195469
Car -1 -1 -10 181.445 844.352 636.507 1109.045 -1 -1 -1 -1000 -1000 -1000 -10 0.00725888
Car -1 -1 -10 0.000 824.126 429.596 1127.000 -1 -1 -1 -1000 -1000 -1000 -10 0.00194537
Car -1 -1 -10 270.249 850.525 556.930 1017.525 -1 -1 -1 -1000 -1000 -1000 -10 0.00182900
Car -1 -1 -10 112.502 193.050 408.304 1182.185 -1 -1 -1 -1000 -1000 -1000 -10 0.00182693
Car -1 -1 -10 343.357 887.305 503.592 988.474 -1 -1 -1 -1000 -1000 -1000 -10 0.00164857
Car -1 -1 -10 378.475 866.454 538.628 964.345 -1 -1 -1 -1000 -1000 -1000 -10 0.00164433
Car -1 -1 -10 648.066 764.348 916.913 1184.449 -1 -1 -1 -1000 -1000 -1000 -10 0.00160558
Car -1 -1 -10 68.093 1158.430 104.103 1200.000 -1 -1 -1 -1000 -1000 -1000 -10 0.00159099
Car -1 -1 -10 237.542 656.730 410.457 1190.636 -1 -1 -1 -1000 -1000 -1000 -10 0.00158026
Car -1 -1 -10 11.232 568.165 160.543 1189.609 -1 -1 -1 -1000 -1000 -1000 -10 0.00155167
Car -1 -1 -10 118.555 1064.384 517.794 1200.000 -1 -1 -1 -1000 -1000 -1000 -10 0.00153616
Car -1 -1 -10 235.269 887.391 397.241 989.266 -1 -1 -1 -1000 -1000 -1000 -10 0.00153067
Car -1 -1 -10 188.090 254.782 488.761 1200.000 -1 -1 -1 -1000 -1000 -1000 -10 0.00152447
Car -1 -1 -10 42.035 365.667 386.619 1200.000 -1 -1 -1 -1000 -1000 -1000 -10 0.00138061
Car -1 -1 -10 79.755 545.923 233.371 1200.000 -1 -1 -1 -1000 -1000 -1000 -10 0.00137210
Car -1 -1 -10 320.908 553.912 472.462 1200.000 -1 -1 -1 -1000 -1000 -1000 -10 0.00137172
