Car -1 -1 -10 547.436 531.410 711.905 642.692 -1 -1 -1 -1000 -1000 -1000 -10 0.99927305
Car -1 -1 -10 713.955 560.116 849.161 644.211 -1 -1 -1 -1000 -1000 -1000 -10 0.91138723
Car -1 -1 -10 744.148 522.352 1895.386 1198.006 -1 -1 -1 -1000 -1000 -1000 -10 0.03158375
Car -1 -1 -10 525.106 531.212 1756.735 1190.503 -1 -1 -1 -1000 -1000 -1000 -10 0.01051764
Car -1 -1 -10 1150.223 762.745 1920.000 1196.296 -1 -1 -1 -1000 -1000 -1000 -10 0.02191354
Car -1 -1 -10 0.000 533.240 1037.818 1195.727 -1 -1 -1 -1000 -1000 -1000 -10 0.02283923
Car -1 -1 -10 917.419 853.228 1826.642 1200.000 -1 -1 -1 -1000 -1000 -1000 -10 0.00653144
Car -1 -1 -10 0.000 748.493 706.964 1196.541 -1 -1 -1 -1000 -1000 -1000 -10 0.01509642
Car -1 -1 -10 924.380 719.492 1662.482 1200.000 -1 -1 -1 -1000 -1000 -1000 -10 0.00475444
Car -1 -1 -10 770.645 765.891 1672.134 1190.422 -1 -1 -1 -1000 -1000 -1000 -10 0.00440352
Car -1 -1 -10 194.955 794.401 902.916 1200.000 -1 -1 -1 -1000 -1000 -1000 -10 0.01124532
Car -1 -1 -10 0.000 816.843 577.660 1199.684 -1 -1 -1 -1000 -1000 -1000 -10 0.00398036
Car -1 -1 -10 1411.173 608.948 1920.000 1200.000 -1 -1 -1 -1000 -1000 -1000 -10 0.00339686
Car -1 -1 -10 207.815 848.902 1082.415 1200.000 -1 -1 -1 -1000 -1000 -1000 -10 0.00317299
Car -1 -1 -10 1088.016 923.485 1735.914 1200.000 -1 -1 -1 -1000 -1000 -1000 -10 0.00299535
Car -1 -1 -10 2.344 529.886 351.026 1200.000 -1 -1 -1 -1000 -1000 -1000 -10 0.00845661
