Car -1 -1 -10 308.926 504.871 1534.224 1189.656 -1 -1 -1 -1000 -1000 -1000 -10 0.00730270
Car -1 -1 -10 1617.556 345.911 1920.000 484.733 -1 -1 -1 -1000 -1000 -1000 -10 0.00609504
Car -1 -1 -10 1539.211 350.846 1920.000 605.853 -1 -1 -1 -1000 -1000 -1000 -10 0.00505746
Car -1 -1 -10 62.241 501.123 1324.495 1194.857 -1 -1 -1 -1000 -1000 -1000 -10 0.00555324
Car -1 -1 -10 0.000 803.063 531.219 1200.000 -1 -1 -1 -1000 -1000 -1000 -10 0.00873018
Car -1 -1 -10 1673.951 393.536 1858.508 481.733 -1 -1 -1 -1000 -1000 -1000 -10 0.00463097
Car -1 -1 -10 1385.006 318.131 1915.289 786.551 -1 -1 -1 -1000 -1000 -1000 -10 0.00374006
Car -1 -1 -10 11.827 695.195 253.745 1200.000 -1 -1 -1 -1000 -1000 -1000 -10 0.00341396
Car -1 -1 -10 1466.638 426.068 1919.698 807.185 -1 -1 -1 -1000 -1000 -1000 -10 0.00174453
Car -1 -1 -10 1648.516 248.744 1914.547 737.256 -1 -1 -1 -1000 -1000 -1000 -10 0.00301721
Car -1 -1 -10 20.201 748.155 146.799 1200.000 -1 -1 -1 -1000 -1000 -1000 -10 0.00319080
Car -1 -1 -10 1416.736 279.754 1920.000 665.755 -1 -1 -1 -1000 -1000 -1000 -10 0.00166449
Car -1 -1 -10 574.351 642.969 746.349 1190.828 -1 -1 -1 -1000 -1000 -1000 -10 0.00159565
Car -1 -1 -10 0.000 1020.104 245.819 1200.000 -1 -1 -1 -1000 -1000 -1000 -10 0.00156636
Car -1 -1 -10 13.547 1031.473 393.009 1200.000 -1 -1 -1 -1000 -1000 -1000 -10 0.00155276
Car -1 -1 -10 1449.874 195.359 1920.000 550.737 -1 -1 -1 -1000 -1000 -1000 -10 0.00154695
Car -1 -1 -10 1645.396 399.256 1920.000 575.879 -1 -1 -1 -1000 -1000 -1000 -10 0.00148910
Car -1 -1 -10 1329.134 437.249 1916.455 854.183 -1 -1 -1 -1000 -1000 -1000 -10 0.00148460
Car -1 -1 -10 450.919 1066.887 855.664 1200.000 -1 -1 -1 -1000 -1000 -1000 -10 0.00147865
Car -1 -1 -10 115.943 1158.676 152.829 1200.000 -1 -1 -1 -1000 -1000 -1000 -10 0.00145610
Car -1 -1 -10 20.718 984.258 450.764 1200.000 -1 -1 -1 -1000 -1000 -1000 -10 0.00143871
Car -1 -1 -10 1.093 925.460 233.817 1200.000 -1 -1 -1 -1000 -1000 -1000 -10 0.00141503
Car -1 -1 -10 490.450 1105.691 748.300 1200.000 -1 -1 -1 -1000 -1000 -1000 -10 0.00263179
Car -1 -1 -10 1564.190 365.545 1920.000 782.469 -1 -1 -1 -1000 -1000 -1000 -10 0.00138098
Car -1 -1 -10 42.950 657.587 217.422 1190.534 -1 -1 -1 -1000 -1000 -1000 -10 0.00251402
Car -1 -1 -10 646.951 637.478 818.245 1190.236 -1 -1 -1 -1000 -1000 -1000 -10 0.00131332
Car -1 -1 -10 1325.798 304.637 1920.000 988.800 -1 -1 -1 -1000 -1000 -1000 -10 0.00131321
Car -1 -1 -10 0.000 1066.071 282.294 1200.000 -1 -1 -1 -1000 -1000 -1000 -10 0.00129205
Car -1 -1 -10 7.291 1108.542 178.719 1200.000 -1 -1 -1 -1000 -1000 -1000 -10 0.00127969
Car -1 -1 -10 1459.939 813.895 1920.000 1200.000 -1 -1 -1 -1000 -1000 -1000 -10 0.00125502
Car -1 -1 -10 1369.923 130.642 1913.085 578.665 -1 -1 -1 -1000 -1000 -1000 -10 0.00125088
Car -1 -1 -10 715.937 9.891 1898.246 1141.158 -1 -1 -1 -1000 -1000 -1000 -10 0.00122181
Car -1 -1 -10 502.214 637.364 675.101 1193.943 -1 -1 -1 -1000 -1000 -1000 -10 0.00119937
Car -1 -1 -10 551.322 649.622 721.977 1193.924 -1 -1 -1 -1000 -1000 -1000 -10 0.00108223
