Car -1 -1 -10 1484.526 451.811 1920.000 690.882 -1 -1 -1 -1000 -1000 -1000 -10 0.80373135
Car -1 -1 -10 1375.011 474.225 1737.507 693.276 -1 -1 -1 -1000 -1000 -1000 -10 0.02787092
Car -1 -1 -10 1395.591 460.753 1756.346 665.007 -1 -1 -1 -1000 -1000 -1000 -10 0.01072397
Car -1 -1 -10 1488.715 486.447 1645.392 584.071 -1 -1 -1 -1000 -1000 -1000 -10 0.00726702
Car -1 -1 -10 1571.971 452.051 1796.513 580.398 -1 -1 -1 -1000 -1000 -1000 -10 0.00758376
Car -1 -1 -10 1427.721 267.126 1920.000 763.958 -1 -1 -1 -1000 -1000 -1000 -10 0.00777790
Car -1 -1 -10 1372.063 419.962 1891.277 822.017 -1 -1 -1 -1000 -1000 -1000 -10 0.00613852
Car -1 -1 -10 1613.064 453.247 1737.120 579.419 -1 -1 -1 -1000 -1000 -1000 -10 0.00340679
Car -1 -1 -10 1526.420 440.429 1820.482 603.653 -1 -1 -1 -1000 -1000 -1000 -10 0.00626582
Car -1 -1 -10 1549.701 484.926 1704.644 590.867 -1 -1 -1 -1000 -1000 -1000 -10 0.00577534
Car -1 -1 -10 1362.478 540.830 1625.555 711.465 -1 -1 -1 -1000 -1000 -1000 -10 0.00504214
Car -1 -1 -10 1387.040 497.084 1891.397 1029.344 -1 -1 -1 -1000 -1000 -1000 -10 0.00514779
Car -1 -1 -10 1623.912 431.862 1745.985 547.997 -1 -1 -1 -1000 -1000 -1000 -10 0.00258716
Car -1 -1 -10 1605.756 483.899 1769.539 587.245 -1 -1 -1 -1000 -1000 -1000 -10 0.00233973
Car -1 -1 -10 1620.211 441.303 1772.696 536.772 -1 -1 -1 -1000 -1000 -1000 -10 0.00218028
Car -1 -1 -10 0.000 789.503 457.893 1200.000 -1 -1 -1 -1000 -1000 -1000 -10 0.00210675
