Car -1 -1 -10 0.000 770.546 458.284 1199.318 -1 -1 -1 -1000 -1000 -1000 -10 0.00441168
Car -1 -1 -10 1491.350 375.178 1877.091 1108.777 -1 -1 -1 -1000 -1000 -1000 -10 0.00308909
Car -1 -1 -10 1467.170 674.926 1920.000 974.595 -1 -1 -1 -1000 -1000 -1000 -10 0.00393736
Car -1 -1 -10 1475.438 467.917 1639.500 558.936 -1 -1 -1 -1000 -1000 -1000 -10 0.00274935
Car -1 -1 -10 199.423 512.897 1340.129 1186.692 -1 -1 -1 -1000 -1000 -1000 -10 0.00529793
Car -1 -1 -10 1403.472 561.064 1920.000 1200.000 -1 -1 -1 -1000 -1000 -1000 -10 0.00137559
Car -1 -1 -10 1438.013 443.891 1920.000 1036.063 -1 -1 -1 -1000 -1000 -1000 -10 0.00133381
Car -1 -1 -10 1464.971 809.681 1920.000 1200.000 -1 -1 -1 -1000 -1000 -1000 -10 0.00357680
Car -1 -1 -10 1206.446 535.405 1908.194 1200.000 -1 -1 -1 -1000 -1000 -1000 -10 0.00340473
Car -1 -1 -10 1354.448 537.688 1920.000 958.179 -1 -1 -1 -1000 -1000 -1000 -10 0.00119305
Car -1 -1 -10 1330.172 436.248 1920.000 860.611 -1 -1 -1 -1000 -1000 -1000 -10 0.00107191
Car -1 -1 -10 1295.968 450.904 1763.681 711.350 -1 -1 -1 -1000 -1000 -1000 -10 0.00100936
Car -1 -1 -10 612.794 619.504 948.847 1200.000 -1 -1 -1 -1000 -1000 -1000 -10 0.00100588
Car -1 -1 -10 1676.656 664.337 1920.000 989.813 -1 -1 -1 -1000 -1000 -1000 -10 0.00091743
Car -1 -1 -10 1657.576 455.788 1910.557 901.395 -1 -1 -1 -1000 -1000 -1000 -10 0.00089104
Car -1 -1 -10 1473.094 469.123 1887.494 692.574 -1 -1 -1 -1000 -1000 -1000 -10 0.00088189
Car -1 -1 -10 1612.722 518.230 1865.013 1017.927 -1 -1 -1 -1000 -1000 -1000 -10 0.00083492
