Car -1 -1 -10 0.000 739.798 466.476 1199.310 -1 -1 -1 -1000 -1000 -1000 -10 0.00740780
Car -1 -1 -10 112.825 506.805 1283.457 1192.159 -1 -1 -1 -1000 -1000 -1000 -10 0.00322191
Car -1 -1 -10 712.472 568.743 846.150 1196.492 -1 -1 -1 -1000 -1000 -1000 -10 0.00119102
Car -1 -1 -10 430.676 785.483 1063.483 1190.490 -1 -1 -1 -1000 -1000 -1000 -10 0.00101701
Car -1 -1 -10 539.573 697.196 780.247 1200.000 -1 -1 -1 -1000 -1000 -1000 -10 0.00094915
Car -1 -1 -10 407.567 1053.181 814.125 1200.000 -1 -1 -1 -1000 -1000 -1000 -10 0.00321343
Car -1 -1 -10 1433.605 633.834 1920.000 1009.166 -1 -1 -1 -1000 -1000 -1000 -10 0.00092554
Car -1 -1 -10 529.270 1157.013 567.874 1200.000 -1 -1 -1 -1000 -1000 -1000 -10 0.00091304
Car -1 -1 -10 435.452 933.390 1054.361 1200.000 -1 -1 -1 -1000 -1000 -1000 -10 0.00156542
Car -1 -1 -10 568.036 1051.017 986.182 1200.000 -1 -1 -1 -1000 -1000 -1000 -10 0.00225340
Car -1 -1 -10 606.279 631.018 909.855 1200.000 -1 -1 -1 -1000 -1000 -1000 -10 0.00175546
Car -1 -1 -10 520.617 1126.598 586.891 1200.000 -1 -1 -1 -1000 -1000 -1000 -10 0.00089355
Car -1 -1 -10 675.402 823.416 835.662 1200.000 -1 -1 -1 -1000 -1000 -1000 -10 0.00086503
Car -1 -1 -10 578.787 820.834 739.877 1200.000 -1 -1 -1 -1000 -1000 -1000 -10 0.00083341
Car -1 -1 -10 547.537 849.525 987.374 1103.410 -1 -1 -1 -1000 -1000 -1000 -10 0.00159109
Car -1 -1 -10 562.252 1086.508 878.238 1200.000 -1 -1 -1 -1000 -1000 -1000 -10 0.00082276
Car -1 -1 -10 671.412 533.677 894.231 1188.473 -1 -1 -1 -1000 -1000 -1000 -10 0.00080178
Car -1 -1 -10 685.650 1107.014 933.859 1200.000 -1 -1 -1 -1000 -1000 -1000 -10 0.00150829
Car -1 -1 -10 499.150 1107.466 744.434 1200.000 -1 -1 -1 -1000 -1000 -1000 -10 0.00076469
Car -1 -1 -10 1470.349 810.213 1920.000 1200.000 -1 -1 -1 -1000 -1000 -1000 -10 0.00211482
Car -1 -1 -10 633.802 766.475 825.406 1200.000 -1 -1 -1 -1000 -1000 -1000 -10 0.00075416
Car -1 -1 -10 723.976 818.147 884.634 1200.000 -1 -1 -1 -1000 -1000 -1000 -10 0.00144709
Car -1 -1 -10 753.597 1084.782 813.532 1200.000 -1 -1 -1 -1000 -1000 -1000 -10 0.00131652
Car -1 -1 -10 1573.662 572.888 1920.000 1200.000 -1 -1 -1 -1000 -1000 -1000 -10 0.00072999
Car -1 -1 -10 556.504 823.556 716.341 1200.000 -1 -1 -1 -1000 -1000 -1000 -10 0.00072967
Car -1 -1 -10 507.386 821.524 669.132 1199.538 -1 -1 -1 -1000 -1000 -1000 -10 0.00142371
Car -1 -1 -10 535.074 1080.401 597.752 1200.000 -1 -1 -1 -1000 -1000 -1000 -10 0.00071671
Car -1 -1 -10 529.243 821.006 693.900 1200.000 -1 -1 -1 -1000 -1000 -1000 -10 0.00071436
Car -1 -1 -10 740.070 744.598 865.943 1200.000 -1 -1 -1 -1000 -1000 -1000 -10 0.00071029
Car -1 -1 -10 813.509 637.340 987.366 1190.971 -1 -1 -1 -1000 -1000 -1000 -10 0.00070886
Car -1 -1 -10 429.675 792.310 778.281 1198.735 -1 -1 -1 -1000 -1000 -1000 -10 0.00197634
Car -1 -1 -10 416.880 530.854 1111.420 1200.000 -1 -1 -1 -1000 -1000 -1000 -10 0.00070356
Car -1 -1 -10 8.109 244.584 589.602 595.553 -1 -1 -1 -1000 -1000 -1000 -10 0.00070233
Car -1 -1 -10 465.870 506.988 825.993 1200.000 -1 -1 -1 -1000 -1000 -1000 -10 0.00069727
Car -1 -1 -10 627.260 786.598 977.774 1199.422 -1 -1 -1 -1000 -1000 -1000 -10 0.00127894
Car -1 -1 -10 593.769 1107.389 841.691 1200.000 -1 -1 -1 -1000 -1000 -1000 -10 0.00068519
Car -1 -1 -10 1185.110 445.367 1766.993 800.893 -1 -1 -1 -1000 -1000 -1000 -10 0.00067521
Car -1 -1 -10 796.115 1085.988 855.110 1200.000 -1 -1 -1 -1000 -1000 -1000 -10 0.00133113
Car -1 -1 -10 542.609 1158.120 580.600 1200.000 -1 -1 -1 -1000 -1000 -1000 -10 0.00067402
Car -1 -1 -10 0.000 879.543 263.533 1200.000 -1 -1 -1 -1000 -1000 -1000 -10 0.00067056
Car -1 -1 -10 789.522 735.429 915.994 1200.000 -1 -1 -1 -1000 -1000 -1000 -10 0.00123300
Car -1 -1 -10 693.938 737.469 820.182 1200.000 -1 -1 -1 -1000 -1000 -1000 -10 0.00131837
Car -1 -1 -10 1613.744 658.911 1911.465 992.604 -1 -1 -1 -1000 -1000 -1000 -10 0.00066730
Car -1 -1 -10 629.270 819.781 788.160 1200.000 -1 -1 -1 -1000 -1000 -1000 -10 0.00066494
Car -1 -1 -10 568.982 252.667 871.738 1195.926 -1 -1 -1 -1000 -1000 -1000 -10 0.00066382
Car -1 -1 -10 0.000 907.756 353.848 1200.000 -1 -1 -1 -1000 -1000 -1000 -10 0.00066044
Car -1 -1 -10 525.721 745.294 651.863 1200.000 -1 -1 -1 -1000 -1000 -1000 -10 0.00065027
Car -1 -1 -10 873.294 1081.561 933.507 1200.000 -1 -1 -1 -1000 -1000 -1000 -10 0.00064273
Car -1 -1 -10 1424.829 444.006 1912.007 870.929 -1 -1 -1 -1000 -1000 -1000 -10 0.00126589
Car -1 -1 -10 797.335 1109.992 1049.029 1200.000 -1 -1 -1 -1000 -1000 -1000 -10 0.00063880
Car -1 -1 -10 621.263 643.273 795.260 1191.068 -1 -1 -1 -1000 -1000 -1000 -10 0.00063276
Car -1 -1 -10 1358.672 529.110 1906.919 989.260 -1 -1 -1 -1000 -1000 -1000 -10 0.00063127
Car -1 -1 -10 428.627 686.462 1149.775 1180.454 -1 -1 -1 -1000 -1000 -1000 -10 0.00063121
Car -1 -1 -10 666.911 251.846 965.081 1194.953 -1 -1 -1 -1000 -1000 -1000 -10 0.00062740
Car -1 -1 -10 477.207 638.271 650.958 1192.141 -1 -1 -1 -1000 -1000 -1000 -10 0.00062660
Car -1 -1 -10 596.887 992.798 951.937 1200.000 -1 -1 -1 -1000 -1000 -1000 -10 0.00062428
Car -1 -1 -10 596.877 739.816 725.573 1199.606 -1 -1 -1 -1000 -1000 -1000 -10 0.00060091
Car -1 -1 -10 502.319 347.310 796.312 1200.000 -1 -1 -1 -1000 -1000 -1000 -10 0.00059850
Car -1 -1 -10 518.849 1106.753 694.587 1200.000 -1 -1 -1 -1000 -1000 -1000 -10 0.00058782
Car -1 -1 -10 842.983 1082.002 903.655 1200.000 -1 -1 -1 -1000 -1000 -1000 -10 0.00058327
Car -1 -1 -10 821.436 814.288 980.764 1200.000 -1 -1 -1 -1000 -1000 -1000 -10 0.00056439
Car -1 -1 -10 520.658 1118.710 601.422 1200.000 -1 -1 -1 -1000 -1000 -1000 -10 0.00054938
