Car -1 -1 -10 765.891 982.802 1367.912 1198.101 -1 -1 -1 -1000 -1000 -1000 -10 0.06985050
Car -1 -1 -10 530.804 815.471 1471.884 1195.624 -1 -1 -1 -1000 -1000 -1000 -10 0.01028399
Car -1 -1 -10 586.419 844.452 1284.135 1200.000 -1 -1 -1 -1000 -1000 -1000 -10 0.00902516
Car -1 -1 -10 104.397 978.757 680.258 1199.794 -1 -1 -1 -1000 -1000 -1000 -10 0.01665542
Car -1 -1 -10 884.941 1022.560 1207.050 1197.392 -1 -1 -1 -1000 -1000 -1000 -10 0.01390781
Car -1 -1 -10 1045.252 536.198 1920.000 1196.511 -1 -1 -1 -1000 -1000 -1000 -10 0.02630054
Car -1 -1 -10 884.109 931.502 1184.239 1200.000 -1 -1 -1 -1000 -1000 -1000 -10 0.01266846
Car -1 -1 -10 772.719 884.889 1689.667 1200.000 -1 -1 -1 -1000 -1000 -1000 -10 0.01207002
Car -1 -1 -10 1304.556 692.887 1913.440 1198.011 -1 -1 -1 -1000 -1000 -1000 -10 0.01431355
Car -1 -1 -10 808.819 885.652 1151.694 1200.000 -1 -1 -1 -1000 -1000 -1000 -10 0.00573314
Car -1 -1 -10 300.218 979.138 856.986 1200.000 -1 -1 -1 -1000 -1000 -1000 -10 0.01033470
Car -1 -1 -10 938.065 1014.312 1250.414 1177.591 -1 -1 -1 -1000 -1000 -1000 -10 0.00877605
Car -1 -1 -10 967.804 929.248 1264.711 1199.811 -1 -1 -1 -1000 -1000 -1000 -10 0.00937045
Car -1 -1 -10 984.936 1044.663 1405.570 1200.000 -1 -1 -1 -1000 -1000 -1000 -10 0.00515039
Car -1 -1 -10 958.508 893.041 1307.446 1192.999 -1 -1 -1 -1000 -1000 -1000 -10 0.00485266
Car -1 -1 -10 1031.828 1029.253 1341.116 1195.329 -1 -1 -1 -1000 -1000 -1000 -10 0.00474298
Car -1 -1 -10 229.503 927.874 520.038 1200.000 -1 -1 -1 -1000 -1000 -1000 -10 0.00935265
Car -1 -1 -10 247.401 1155.854 284.916 1200.000 -1 -1 -1 -1000 -1000 -1000 -10 0.00446790
Car -1 -1 -10 1017.154 892.664 1361.545 1196.340 -1 -1 -1 -1000 -1000 -1000 -10 0.00445546
Car -1 -1 -10 403.914 1008.664 753.621 1193.208 -1 -1 -1 -1000 -1000 -1000 -10 0.00866527
Car -1 -1 -10 1074.033 986.408 1296.325 1200.000 -1 -1 -1 -1000 -1000 -1000 -10 0.00412064
Car -1 -1 -10 1059.579 871.303 1220.313 1200.000 -1 -1 -1 -1000 -1000 -1000 -10 0.00360411
