Car -1 -1 -10 0.000 793.214 465.462 1198.871 -1 -1 -1 -1000 -1000 -1000 -10 0.00921297
Car -1 -1 -10 158.828 506.487 1371.610 1191.126 -1 -1 -1 -1000 -1000 -1000 -10 0.00429739
Car -1 -1 -10 13.242 603.777 208.609 1189.686 -1 -1 -1 -1000 -1000 -1000 -10 0.00169788
Car -1 -1 -10 0.000 805.028 213.012 1193.563 -1 -1 -1 -1000 -1000 -1000 -10 0.00308667
Car -1 -1 -10 0.000 1023.195 266.619 1200.000 -1 -1 -1 -1000 -1000 -1000 -10 0.00136656
Car -1 -1 -10 693.044 718.284 1020.647 1193.292 -1 -1 -1 -1000 -1000 -1000 -10 0.00136059
Car -1 -1 -10 15.755 371.151 311.986 1200.000 -1 -1 -1 -1000 -1000 -1000 -10 0.00135279
Car -1 -1 -10 32.861 697.611 184.195 1200.000 -1 -1 -1 -1000 -1000 -1000 -10 0.00128922
Car -1 -1 -10 1457.502 651.603 1916.446 1024.762 -1 -1 -1 -1000 -1000 -1000 -10 0.00124857
Car -1 -1 -10 391.030 510.799 1553.092 1191.137 -1 -1 -1 -1000 -1000 -1000 -10 0.00242532
Car -1 -1 -10 0.000 519.310 882.862 1197.241 -1 -1 -1 -1000 -1000 -1000 -10 0.00215128
Car -1 -1 -10 81.197 756.651 753.850 1200.000 -1 -1 -1 -1000 -1000 -1000 -10 0.00122659
Car -1 -1 -10 489.458 708.583 1191.979 1157.486 -1 -1 -1 -1000 -1000 -1000 -10 0.00119961
Car -1 -1 -10 0.000 1066.150 302.431 1200.000 -1 -1 -1 -1000 -1000 -1000 -10 0.00118261
Car -1 -1 -10 0.000 978.273 289.858 1200.000 -1 -1 -1 -1000 -1000 -1000 -10 0.00217879
Car -1 -1 -10 688.306 1126.178 756.008 1200.000 -1 -1 -1 -1000 -1000 -1000 -10 0.00114634
Car -1 -1 -10 0.000 886.728 241.904 1200.000 -1 -1 -1 -1000 -1000 -1000 -10 0.00113574
Car -1 -1 -10 51.339 588.193 255.287 1187.703 -1 -1 -1 -1000 -1000 -1000 -10 0.00211875
Car -1 -1 -10 776.103 593.296 929.650 1193.415 -1 -1 -1 -1000 -1000 -1000 -10 0.00220286
Car -1 -1 -10 611.366 1107.217 857.573 1200.000 -1 -1 -1 -1000 -1000 -1000 -10 0.00111513
Car -1 -1 -10 620.671 634.562 1154.821 1200.000 -1 -1 -1 -1000 -1000 -1000 -10 0.00110121
Car -1 -1 -10 306.475 784.010 668.697 1198.408 -1 -1 -1 -1000 -1000 -1000 -10 0.00192082
Car -1 -1 -10 404.851 649.066 580.778 1196.032 -1 -1 -1 -1000 -1000 -1000 -10 0.00102943
Car -1 -1 -10 536.655 796.721 877.132 1199.278 -1 -1 -1 -1000 -1000 -1000 -10 0.00186552
Car -1 -1 -10 1571.384 572.818 1920.000 1200.000 -1 -1 -1 -1000 -1000 -1000 -10 0.00195187
Car -1 -1 -10 35.717 1105.255 218.118 1200.000 -1 -1 -1 -1000 -1000 -1000 -10 0.00099340
Car -1 -1 -10 857.952 598.978 988.466 1197.901 -1 -1 -1 -1000 -1000 -1000 -10 0.00096255
Car -1 -1 -10 481.629 1039.976 913.925 1200.000 -1 -1 -1 -1000 -1000 -1000 -10 0.00095734
Car -1 -1 -10 705.795 589.308 855.822 1189.475 -1 -1 -1 -1000 -1000 -1000 -10 0.00094851
Car -1 -1 -10 596.903 640.386 771.564 1193.603 -1 -1 -1 -1000 -1000 -1000 -10 0.00094611
Car -1 -1 -10 0.000 1107.758 90.893 1200.000 -1 -1 -1 -1000 -1000 -1000 -10 0.00093506
Car -1 -1 -10 1467.012 801.468 1920.000 1200.000 -1 -1 -1 -1000 -1000 -1000 -10 0.00179882
Car -1 -1 -10 486.514 1088.578 805.620 1200.000 -1 -1 -1 -1000 -1000 -1000 -10 0.00093326
Car -1 -1 -10 555.337 758.516 1212.679 1200.000 -1 -1 -1 -1000 -1000 -1000 -10 0.00092993
Car -1 -1 -10 628.201 819.927 786.734 1200.000 -1 -1 -1 -1000 -1000 -1000 -10 0.00092687
Car -1 -1 -10 273.138 1039.074 726.392 1200.000 -1 -1 -1 -1000 -1000 -1000 -10 0.00091076
Car -1 -1 -10 25.810 537.235 688.469 1200.000 -1 -1 -1 -1000 -1000 -1000 -10 0.00090988
Car -1 -1 -10 0.000 1104.946 49.096 1200.000 -1 -1 -1 -1000 -1000 -1000 -10 0.00089437
Car -1 -1 -10 67.117 356.139 364.501 1200.000 -1 -1 -1 -1000 -1000 -1000 -10 0.00169603
Car -1 -1 -10 740.634 740.171 866.143 1200.000 -1 -1 -1 -1000 -1000 -1000 -10 0.00089003
Car -1 -1 -10 671.005 1117.932 751.394 1200.000 -1 -1 -1 -1000 -1000 -1000 -10 0.00087656
Car -1 -1 -10 423.259 819.692 584.222 1200.000 -1 -1 -1 -1000 -1000 -1000 -10 0.00168716
Car -1 -1 -10 692.478 741.538 818.270 1200.000 -1 -1 -1 -1000 -1000 -1000 -10 0.00084893
Car -1 -1 -10 11.658 1105.232 264.024 1200.000 -1 -1 -1 -1000 -1000 -1000 -10 0.00081937
Car -1 -1 -10 123.914 811.291 285.276 1200.000 -1 -1 -1 -1000 -1000 -1000 -10 0.00077751
