Car -1 -1 -10 934.313 540.293 1135.808 673.680 -1 -1 -1 -1000 -1000 -1000 -10 0.49991898
Car -1 -1 -10 881.867 538.361 1124.764 679.057 -1 -1 -1 -1000 -1000 -1000 -10 0.49925843
Car -1 -1 -10 566.103 533.689 723.386 638.303 -1 -1 -1 -1000 -1000 -1000 -10 0.99814190
Car -1 -1 -10 718.116 561.782 851.406 646.802 -1 -1 -1 -1000 -1000 -1000 -10 0.98263136
Car -1 -1 -10 726.325 521.476 1890.551 1194.663 -1 -1 -1 -1000 -1000 -1000 -10 0.03054557
Car -1 -1 -10 0.000 749.627 754.135 1196.922 -1 -1 -1 -1000 -1000 -1000 -10 0.02152009
Car -1 -1 -10 878.301 825.217 1774.960 1196.088 -1 -1 -1 -1000 -1000 -1000 -10 0.01423760
Car -1 -1 -10 0.000 533.090 1037.299 1195.591 -1 -1 -1 -1000 -1000 -1000 -10 0.01356908
Car -1 -1 -10 976.879 783.640 1685.299 1200.000 -1 -1 -1 -1000 -1000 -1000 -10 0.00391346
Car -1 -1 -10 0.000 619.361 460.682 1192.313 -1 -1 -1 -1000 -1000 -1000 -10 0.00383999
Car -1 -1 -10 256.277 796.005 955.020 1200.000 -1 -1 -1 -1000 -1000 -1000 -10 0.00889045
Car -1 -1 -10 870.476 554.951 1052.505 664.194 -1 -1 -1 -1000 -1000 -1000 -10 0.00609792
Car -1 -1 -10 0.000 855.286 437.497 1185.663 -1 -1 -1 -1000 -1000 -1000 -10 0.00614915
Car -1 -1 -10 771.249 799.495 1398.650 1187.995 -1 -1 -1 -1000 -1000 -1000 -10 0.00298333
Car -1 -1 -10 24.150 404.820 400.924 1200.000 -1 -1 -1 -1000 -1000 -1000 -10 0.00257021
