Car -1 -1 -10 1171.491 544.905 1461.782 743.440 -1 -1 -1 -1000 -1000 -1000 -10 0.99997100
Car -1 -1 -10 793.197 562.142 836.345 603.414 -1 -1 -1 -1000 -1000 -1000 -10 0.29522836
Car -1 -1 -10 0.000 557.879 974.904 1194.356 -1 -1 -1 -1000 -1000 -1000 -10 0.12227683
Car -1 -1 -10 1006.603 555.190 1058.792 602.459 -1 -1 -1 -1000 -1000 -1000 -10 0.04195714
Car -1 -1 -10 964.076 1079.320 1279.495 1199.247 -1 -1 -1 -1000 -1000 -1000 -10 0.02106551
Car -1 -1 -10 676.257 1020.373 1138.771 1200.000 -1 -1 -1 -1000 -1000 -1000 -10 0.01080054
Car -1 -1 -10 580.264 989.472 1147.596 1200.000 -1 -1 -1 -1000 -1000 -1000 -10 0.00596861
Car -1 -1 -10 591.202 1032.306 1034.986 1200.000 -1 -1 -1 -1000 -1000 -1000 -10 0.00575088
Car -1 -1 -10 794.069 1055.195 1165.097 1198.772 -1 -1 -1 -1000 -1000 -1000 -10 0.01484855
Car -1 -1 -10 577.835 1078.225 904.871 1200.000 -1 -1 -1 -1000 -1000 -1000 -10 0.00532156
Car -1 -1 -10 804.729 1076.797 1129.157 1200.000 -1 -1 -1 -1000 -1000 -1000 -10 0.00523801
Car -1 -1 -10 1.703 638.802 627.390 1200.000 -1 -1 -1 -1000 -1000 -1000 -10 0.01023954
Car -1 -1 -10 1029.398 1089.454 1190.213 1190.915 -1 -1 -1 -1000 -1000 -1000 -10 0.00835988
Car -1 -1 -10 0.000 648.312 457.603 1200.000 -1 -1 -1 -1000 -1000 -1000 -10 0.00500006
Car -1 -1 -10 613.347 1096.153 871.472 1200.000 -1 -1 -1 -1000 -1000 -1000 -10 0.00464948
Car -1 -1 -10 628.626 840.133 976.828 1190.233 -1 -1 -1 -1000 -1000 -1000 -10 0.00415234
Car -1 -1 -10 719.892 906.037 1023.968 1196.216 -1 -1 -1 -1000 -1000 -1000 -10 0.00769492
Car -1 -1 -10 632.508 900.784 928.917 1200.000 -1 -1 -1 -1000 -1000 -1000 -10 0.00408428
Car -1 -1 -10 836.218 1010.769 1368.120 1200.000 -1 -1 -1 -1000 -1000 -1000 -10 0.00750639
Car -1 -1 -10 451.732 879.753 1310.323 1200.000 -1 -1 -1 -1000 -1000 -1000 -10 0.00737930
Car -1 -1 -10 170.462 759.726 1065.463 1184.642 -1 -1 -1 -1000 -1000 -1000 -10 0.00384946
Car -1 -1 -10 642.005 1058.921 943.298 1194.366 -1 -1 -1 -1000 -1000 -1000 -10 0.00739829
Car -1 -1 -10 796.922 1085.902 960.138 1192.078 -1 -1 -1 -1000 -1000 -1000 -10 0.00331108
