Car -1 -1 -10 891.710 566.527 998.835 646.272 -1 -1 -1 -1000 -1000 -1000 -10 0.07054041
Car -1 -1 -10 0.000 538.297 1193.367 1198.916 -1 -1 -1 -1000 -1000 -1000 -10 0.03529756
Car -1 -1 -10 872.081 780.407 1828.564 1194.596 -1 -1 -1 -1000 -1000 -1000 -10 0.01705490
Car -1 -1 -10 719.737 519.276 1920.000 1199.023 -1 -1 -1 -1000 -1000 -1000 -10 0.02784506
Car -1 -1 -10 1190.196 772.559 1920.000 1197.409 -1 -1 -1 -1000 -1000 -1000 -10 0.02132933
Car -1 -1 -10 97.332 775.612 991.162 1193.152 -1 -1 -1 -1000 -1000 -1000 -10 0.01289167
Car -1 -1 -10 161.711 713.414 895.371 1198.269 -1 -1 -1 -1000 -1000 -1000 -10 0.01159100
Car -1 -1 -10 1045.887 524.101 1920.000 1193.767 -1 -1 -1 -1000 -1000 -1000 -10 0.00600313
Car -1 -1 -10 423.912 769.357 1321.428 1193.715 -1 -1 -1 -1000 -1000 -1000 -10 0.01800071
Car -1 -1 -10 0.000 816.700 551.799 1198.122 -1 -1 -1 -1000 -1000 -1000 -10 0.00968009
Car -1 -1 -10 0.000 680.700 536.243 1199.388 -1 -1 -1 -1000 -1000 -1000 -10 0.00882104
Car -1 -1 -10 1451.485 795.259 1920.000 1200.000 -1 -1 -1 -1000 -1000 -1000 -10 0.00387856
Car -1 -1 -10 887.461 714.825 1614.481 1200.000 -1 -1 -1 -1000 -1000 -1000 -10 0.00687756
