Car -1 -1 -10 0.000 551.722 150.940 723.415 -1 -1 -1 -1000 -1000 -1000 -10 0.01937452
Car -1 -1 -10 0.000 603.471 148.101 716.878 -1 -1 -1 -1000 -1000 -1000 -10 0.01754656
Car -1 -1 -10 0.000 583.554 790.510 1187.083 -1 -1 -1 -1000 -1000 -1000 -10 0.04075170
Car -1 -1 -10 0.000 578.178 132.235 711.735 -1 -1 -1 -1000 -1000 -1000 -10 0.02205539
Car -1 -1 -10 966.177 622.957 1329.497 1191.655 -1 -1 -1 -1000 -1000 -1000 -10 0.01386301
Car -1 -1 -10 1229.626 547.159 1386.375 625.401 -1 -1 -1 -1000 -1000 -1000 -10 0.01729696
Car -1 -1 -10 1496.474 524.572 1896.915 915.708 -1 -1 -1 -1000 -1000 -1000 -10 0.00766305
Car -1 -1 -10 0.000 468.164 148.924 745.364 -1 -1 -1 -1000 -1000 -1000 -10 0.01773991
Car -1 -1 -10 307.805 609.257 597.142 1170.386 -1 -1 -1 -1000 -1000 -1000 -10 0.01139972
Car -1 -1 -10 80.978 481.138 1127.915 1185.676 -1 -1 -1 -1000 -1000 -1000 -10 0.01140510
Car -1 -1 -10 1066.690 617.556 1628.713 1024.239 -1 -1 -1 -1000 -1000 -1000 -10 0.00610441
Car -1 -1 -10 1420.577 500.540 1898.700 980.440 -1 -1 -1 -1000 -1000 -1000 -10 0.00556138
Car -1 -1 -10 477.053 508.696 1571.441 1189.078 -1 -1 -1 -1000 -1000 -1000 -10 0.01018699
Car -1 -1 -10 1789.971 462.207 1920.000 719.227 -1 -1 -1 -1000 -1000 -1000 -10 0.01013053
Car -1 -1 -10 1764.098 485.840 1920.000 700.026 -1 -1 -1 -1000 -1000 -1000 -10 0.00968281
Car -1 -1 -10 710.667 785.250 1398.180 1200.000 -1 -1 -1 -1000 -1000 -1000 -10 0.00816894
Car -1 -1 -10 1527.745 608.062 1920.000 852.324 -1 -1 -1 -1000 -1000 -1000 -10 0.00448350
Car -1 -1 -10 31.992 789.360 629.828 1195.046 -1 -1 -1 -1000 -1000 -1000 -10 0.00393240
Car -1 -1 -10 1115.902 575.551 1529.059 797.723 -1 -1 -1 -1000 -1000 -1000 -10 0.00391977
Car -1 -1 -10 1630.773 537.494 1920.000 926.495 -1 -1 -1 -1000 -1000 -1000 -10 0.00344884
