Car -1 -1 -10 0.937 630.986 513.896 1195.799 -1 -1 -1 -1000 -1000 -1000 -10 0.00917213
Car -1 -1 -10 0.000 796.038 473.494 1200.000 -1 -1 -1 -1000 -1000 -1000 -10 0.00254552
Car -1 -1 -10 0.760 599.436 212.212 727.512 -1 -1 -1 -1000 -1000 -1000 -10 0.00304054
Car -1 -1 -10 0.000 519.488 872.434 1193.552 -1 -1 -1 -1000 -1000 -1000 -10 0.00258113
Car -1 -1 -10 141.705 641.010 303.244 732.428 -1 -1 -1 -1000 -1000 -1000 -10 0.00146358
Car -1 -1 -10 64.811 349.809 365.140 1200.000 -1 -1 -1 -1000 -1000 -1000 -10 0.00376917
Car -1 -1 -10 0.000 950.701 310.244 1200.000 -1 -1 -1 -1000 -1000 -1000 -10 0.00372233
Car -1 -1 -10 0.807 962.027 209.835 1200.000 -1 -1 -1 -1000 -1000 -1000 -10 0.00136256
Car -1 -1 -10 28.426 682.932 277.011 1199.814 -1 -1 -1 -1000 -1000 -1000 -10 0.00254861
Car -1 -1 -10 2.378 767.402 409.228 1154.222 -1 -1 -1 -1000 -1000 -1000 -10 0.00133382
Car -1 -1 -10 34.757 437.459 296.272 1200.000 -1 -1 -1 -1000 -1000 -1000 -10 0.00132797
Car -1 -1 -10 75.984 535.003 233.117 1200.000 -1 -1 -1 -1000 -1000 -1000 -10 0.00125121
Car -1 -1 -10 293.691 663.108 507.707 1186.773 -1 -1 -1 -1000 -1000 -1000 -10 0.00122894
Car -1 -1 -10 1393.043 496.288 1920.000 848.238 -1 -1 -1 -1000 -1000 -1000 -10 0.00121264
Car -1 -1 -10 102.874 790.057 724.558 1190.594 -1 -1 -1 -1000 -1000 -1000 -10 0.00118092
Car -1 -1 -10 0.000 1066.179 291.259 1200.000 -1 -1 -1 -1000 -1000 -1000 -10 0.00219162
Car -1 -1 -10 0.000 548.150 678.398 1197.804 -1 -1 -1 -1000 -1000 -1000 -10 0.00114305
Car -1 -1 -10 1493.672 669.477 1656.331 758.473 -1 -1 -1 -1000 -1000 -1000 -10 0.00110736
Car -1 -1 -10 10.888 692.475 314.284 1059.533 -1 -1 -1 -1000 -1000 -1000 -10 0.00110056
Car -1 -1 -10 210.765 640.015 389.599 1189.421 -1 -1 -1 -1000 -1000 -1000 -10 0.00101968
Car -1 -1 -10 6.696 1107.561 178.400 1200.000 -1 -1 -1 -1000 -1000 -1000 -10 0.00098872
