Car -1 -1 -10 0.000 537.421 1206.713 1200.000 -1 -1 -1 -1000 -1000 -1000 -10 0.02221872
Car -1 -1 -10 0.000 527.468 887.497 1200.000 -1 -1 -1 -1000 -1000 -1000 -10 0.01542023
Car -1 -1 -10 0.000 757.764 727.860 1197.916 -1 -1 -1 -1000 -1000 -1000 -10 0.01203308
Car -1 -1 -10 0.000 551.879 468.165 1200.000 -1 -1 -1 -1000 -1000 -1000 -10 0.01032919
Car -1 -1 -10 0.000 792.461 478.763 1200.000 -1 -1 -1 -1000 -1000 -1000 -10 0.00500307
Car -1 -1 -10 149.829 776.097 1029.535 1187.960 -1 -1 -1 -1000 -1000 -1000 -10 0.01088457
Car -1 -1 -10 29.421 208.395 298.003 1200.000 -1 -1 -1 -1000 -1000 -1000 -10 0.00364390
Car -1 -1 -10 1.797 767.568 336.557 1168.700 -1 -1 -1 -1000 -1000 -1000 -10 0.00609384
Car -1 -1 -10 112.618 135.129 407.745 1200.000 -1 -1 -1 -1000 -1000 -1000 -10 0.00331205
Car -1 -1 -10 214.911 860.967 1095.137 1200.000 -1 -1 -1 -1000 -1000 -1000 -10 0.00302838
Car -1 -1 -10 153.502 327.563 376.211 1200.000 -1 -1 -1 -1000 -1000 -1000 -10 0.00289464
Car -1 -1 -10 126.612 659.713 808.565 1063.848 -1 -1 -1 -1000 -1000 -1000 -10 0.00287861
Car -1 -1 -10 276.917 253.798 578.634 1200.000 -1 -1 -1 -1000 -1000 -1000 -10 0.00274406
Car -1 -1 -10 13.936 583.312 156.269 1200.000 -1 -1 -1 -1000 -1000 -1000 -10 0.00533715
Car -1 -1 -10 0.000 632.779 531.946 1075.750 -1 -1 -1 -1000 -1000 -1000 -10 0.00264186
Car -1 -1 -10 875.183 528.437 1920.000 1199.908 -1 -1 -1 -1000 -1000 -1000 -10 0.00458301
Car -1 -1 -10 86.995 569.257 223.366 1198.395 -1 -1 -1 -1000 -1000 -1000 -10 0.00233355
Car -1 -1 -10 0.000 793.666 241.603 1145.604 -1 -1 -1 -1000 -1000 -1000 -10 0.00463254
Car -1 -1 -10 1241.619 624.016 1920.000 1091.910 -1 -1 -1 -1000 -1000 -1000 -10 0.00226444
Car -1 -1 -10 104.899 493.981 255.229 1200.000 -1 -1 -1 -1000 -1000 -1000 -10 0.00205952
