Car -1 -1 -10 1355.278 570.901 1920.000 941.461 -1 -1 -1 -1000 -1000 -1000 -10 0.02371516
Car -1 -1 -10 480.683 501.978 1558.801 1185.687 -1 -1 -1 -1000 -1000 -1000 -10 0.01068945
Car -1 -1 -10 0.000 614.029 557.072 1198.496 -1 -1 -1 -1000 -1000 -1000 -10 0.00876058
Car -1 -1 -10 716.174 803.271 1395.976 1196.913 -1 -1 -1 -1000 -1000 -1000 -10 0.00776907
Car -1 -1 -10 180.437 472.476 1243.385 1192.159 -1 -1 -1 -1000 -1000 -1000 -10 0.00765138
Car -1 -1 -10 280.646 580.064 326.017 655.783 -1 -1 -1 -1000 -1000 -1000 -10 0.00411650
Car -1 -1 -10 1072.594 588.739 1626.850 968.375 -1 -1 -1 -1000 -1000 -1000 -10 0.00370062
Car -1 -1 -10 1121.450 596.758 1515.529 847.114 -1 -1 -1 -1000 -1000 -1000 -10 0.00554313
Car -1 -1 -10 960.570 646.182 1340.278 1144.955 -1 -1 -1 -1000 -1000 -1000 -10 0.00595381
Car -1 -1 -10 1511.992 614.538 1920.000 850.817 -1 -1 -1 -1000 -1000 -1000 -10 0.00342175
Car -1 -1 -10 1596.830 618.114 1907.374 1003.661 -1 -1 -1 -1000 -1000 -1000 -10 0.00314859
Car -1 -1 -10 0.000 800.230 464.793 1200.000 -1 -1 -1 -1000 -1000 -1000 -10 0.00562890
Car -1 -1 -10 249.295 677.253 732.639 1193.176 -1 -1 -1 -1000 -1000 -1000 -10 0.00285514
Car -1 -1 -10 243.987 593.430 616.796 1200.000 -1 -1 -1 -1000 -1000 -1000 -10 0.00263533
Car -1 -1 -10 1041.776 549.935 1454.379 980.341 -1 -1 -1 -1000 -1000 -1000 -10 0.00255532
Car -1 -1 -10 1107.751 579.592 1507.057 796.258 -1 -1 -1 -1000 -1000 -1000 -10 0.00244218
Car -1 -1 -10 412.308 500.725 801.026 1200.000 -1 -1 -1 -1000 -1000 -1000 -10 0.00220624
Car -1 -1 -10 20.629 509.241 1105.394 1184.763 -1 -1 -1 -1000 -1000 -1000 -10 0.00417589
Car -1 -1 -10 144.290 754.714 717.690 1179.476 -1 -1 -1 -1000 -1000 -1000 -10 0.00203422
Car -1 -1 -10 3.344 774.097 403.891 1162.558 -1 -1 -1 -1000 -1000 -1000 -10 0.00180224
