Car -1 -1 -10 508.404 10.014 1898.551 1177.106 -1 -1 -1 -1000 -1000 -1000 -10 0.04594230
Car -1 -1 -10 964.883 495.514 1920.000 1200.000 -1 -1 -1 -1000 -1000 -1000 -10 0.02547408
Car -1 -1 -10 14.578 151.988 1268.829 1200.000 -1 -1 -1 -1000 -1000 -1000 -10 0.02144506
Car -1 -1 -10 217.354 476.776 1576.681 1200.000 -1 -1 -1 -1000 -1000 -1000 -10 0.00899618
Car -1 -1 -10 1340.535 553.533 1920.000 957.188 -1 -1 -1 -1000 -1000 -1000 -10 0.00550225
Car -1 -1 -10 1577.009 769.893 1807.040 896.627 -1 -1 -1 -1000 -1000 -1000 -10 0.00483607
Car -1 -1 -10 1438.246 687.034 1920.000 978.435 -1 -1 -1 -1000 -1000 -1000 -10 0.01252692
Car -1 -1 -10 1227.851 596.410 1920.000 1128.566 -1 -1 -1 -1000 -1000 -1000 -10 0.00469862
Car -1 -1 -10 1488.328 478.076 1835.713 1090.963 -1 -1 -1 -1000 -1000 -1000 -10 0.00443935
Car -1 -1 -10 1154.341 71.509 1920.000 925.796 -1 -1 -1 -1000 -1000 -1000 -10 0.01239603
Car -1 -1 -10 1264.640 649.168 1764.538 915.916 -1 -1 -1 -1000 -1000 -1000 -10 0.00439881
Car -1 -1 -10 1519.135 599.012 1920.000 859.920 -1 -1 -1 -1000 -1000 -1000 -10 0.00742646
Car -1 -1 -10 855.610 293.055 1802.299 1112.910 -1 -1 -1 -1000 -1000 -1000 -10 0.00708878
Car -1 -1 -10 380.842 88.172 1386.106 911.838 -1 -1 -1 -1000 -1000 -1000 -10 0.00793702
Car -1 -1 -10 1350.757 343.522 1691.790 1000.182 -1 -1 -1 -1000 -1000 -1000 -10 0.00405532
Car -1 -1 -10 1306.016 438.533 1919.426 864.016 -1 -1 -1 -1000 -1000 -1000 -10 0.00708889
Car -1 -1 -10 1450.603 499.993 1920.000 845.528 -1 -1 -1 -1000 -1000 -1000 -10 0.00390658
Car -1 -1 -10 1331.755 16.087 1871.652 1060.154 -1 -1 -1 -1000 -1000 -1000 -10 0.00386314
Car -1 -1 -10 1459.268 710.733 1892.439 943.851 -1 -1 -1 -1000 -1000 -1000 -10 0.00373463
Car -1 -1 -10 1208.103 565.168 1866.836 950.475 -1 -1 -1 -1000 -1000 -1000 -10 0.00370761
Car -1 -1 -10 1166.491 429.952 1872.505 875.332 -1 -1 -1 -1000 -1000 -1000 -10 0.00369296
Car -1 -1 -10 579.956 264.474 1251.181 644.713 -1 -1 -1 -1000 -1000 -1000 -10 0.00363982
Car -1 -1 -10 1564.927 753.285 1798.830 876.939 -1 -1 -1 -1000 -1000 -1000 -10 0.00359171
Car -1 -1 -10 677.845 291.726 1163.717 564.394 -1 -1 -1 -1000 -1000 -1000 -10 0.00353129
Car -1 -1 -10 1548.497 435.319 1885.218 1007.263 -1 -1 -1 -1000 -1000 -1000 -10 0.00332133
Car -1 -1 -10 1379.696 562.901 1920.000 1200.000 -1 -1 -1 -1000 -1000 -1000 -10 0.00331062
Car -1 -1 -10 856.569 469.907 1540.500 840.954 -1 -1 -1 -1000 -1000 -1000 -10 0.00328768
Car -1 -1 -10 1356.265 317.656 1920.000 772.089 -1 -1 -1 -1000 -1000 -1000 -10 0.00309078
Car -1 -1 -10 1561.496 462.910 1918.528 1086.621 -1 -1 -1 -1000 -1000 -1000 -10 0.00309051
Car -1 -1 -10 700.377 451.295 1439.575 869.856 -1 -1 -1 -1000 -1000 -1000 -10 0.00307225
Car -1 -1 -10 714.770 371.204 1397.836 742.167 -1 -1 -1 -1000 -1000 -1000 -10 0.00292197
Car -1 -1 -10 1219.592 324.696 1866.514 768.053 -1 -1 -1 -1000 -1000 -1000 -10 0.00290790
