Car -1 -1 -10 375.203 601.310 621.600 760.720 -1 -1 -1 -1000 -1000 -1000 -10 0.99992171
Car -1 -1 -10 892.493 597.012 974.522 664.943 -1 -1 -1 -1000 -1000 -1000 -10 0.99082910
Car -1 -1 -10 574.402 617.825 674.861 696.221 -1 -1 -1 -1000 -1000 -1000 -10 0.00616404
Car -1 -1 -10 1542.497 349.045 1918.443 622.091 -1 -1 -1 -1000 -1000 -1000 -10 0.00405780
Car -1 -1 -10 1361.905 244.802 1920.000 599.970 -1 -1 -1 -1000 -1000 -1000 -10 0.00238248
Car -1 -1 -10 1409.470 253.766 1915.037 692.030 -1 -1 -1 -1000 -1000 -1000 -10 0.00222163
Car -1 -1 -10 1349.036 430.677 1917.400 870.501 -1 -1 -1 -1000 -1000 -1000 -10 0.00390685
Car -1 -1 -10 1593.616 127.926 1919.042 744.764 -1 -1 -1 -1000 -1000 -1000 -10 0.00383384
Car -1 -1 -10 1433.647 385.470 1920.000 941.155 -1 -1 -1 -1000 -1000 -1000 -10 0.00195014
Car -1 -1 -10 1478.358 417.172 1920.000 632.807 -1 -1 -1 -1000 -1000 -1000 -10 0.00185829
Car -1 -1 -10 1496.865 355.997 1802.776 514.733 -1 -1 -1 -1000 -1000 -1000 -10 0.00169725
Car -1 -1 -10 1703.017 452.084 1918.893 642.453 -1 -1 -1 -1000 -1000 -1000 -10 0.00293869
Car -1 -1 -10 1654.935 296.541 1920.000 564.066 -1 -1 -1 -1000 -1000 -1000 -10 0.00168239
Car -1 -1 -10 1311.883 372.167 1920.000 742.697 -1 -1 -1 -1000 -1000 -1000 -10 0.00166887
Car -1 -1 -10 1436.724 195.775 1920.000 552.097 -1 -1 -1 -1000 -1000 -1000 -10 0.00159098
Car -1 -1 -10 0.000 803.696 459.937 1200.000 -1 -1 -1 -1000 -1000 -1000 -10 0.00298114
Car -1 -1 -10 1632.914 413.744 1920.000 645.257 -1 -1 -1 -1000 -1000 -1000 -10 0.00156232
Car -1 -1 -10 1362.440 404.947 1865.564 659.143 -1 -1 -1 -1000 -1000 -1000 -10 0.00152688
Car -1 -1 -10 1255.303 389.968 1801.804 761.782 -1 -1 -1 -1000 -1000 -1000 -10 0.00151210
Car -1 -1 -10 1558.086 389.014 1873.214 541.312 -1 -1 -1 -1000 -1000 -1000 -10 0.00147311
Car -1 -1 -10 1461.066 294.762 1920.000 1200.000 -1 -1 -1 -1000 -1000 -1000 -10 0.00146759
Car -1 -1 -10 1629.276 356.380 1920.000 517.639 -1 -1 -1 -1000 -1000 -1000 -10 0.00138823
Car -1 -1 -10 1514.493 333.039 1814.379 490.832 -1 -1 -1 -1000 -1000 -1000 -10 0.00136487
Car -1 -1 -10 1441.934 484.411 1760.312 642.505 -1 -1 -1 -1000 -1000 -1000 -10 0.00133640
Car -1 -1 -10 1698.010 438.760 1862.685 536.626 -1 -1 -1 -1000 -1000 -1000 -10 0.00126033
Car -1 -1 -10 1749.209 462.405 1903.545 566.613 -1 -1 -1 -1000 -1000 -1000 -10 0.00120498
Car -1 -1 -10 1656.419 174.009 1920.000 680.137 -1 -1 -1 -1000 -1000 -1000 -10 0.00119329
Car -1 -1 -10 1429.140 412.670 1747.794 564.656 -1 -1 -1 -1000 -1000 -1000 -10 0.00116172
