Car -1 -1 -10 1010.428 549.760 1256.150 726.252 -1 -1 -1 -1000 -1000 -1000 -10 0.99997714
Car -1 -1 -10 1025.744 553.747 1166.184 677.650 -1 -1 -1 -1000 -1000 -1000 -10 0.00581762
Car -1 -1 -10 0.000 796.177 462.344 1200.000 -1 -1 -1 -1000 -1000 -1000 -10 0.00590912
Car -1 -1 -10 0.000 802.485 313.894 1196.973 -1 -1 -1 -1000 -1000 -1000 -10 0.00204982
Car -1 -1 -10 1124.743 563.005 1269.661 708.613 -1 -1 -1 -1000 -1000 -1000 -10 0.00443880
Car -1 -1 -10 1098.251 557.330 1214.506 678.340 -1 -1 -1 -1000 -1000 -1000 -10 0.00375950
Car -1 -1 -10 5.777 1031.259 371.111 1200.000 -1 -1 -1 -1000 -1000 -1000 -10 0.00123791
Car -1 -1 -10 14.760 737.832 239.237 1195.164 -1 -1 -1 -1000 -1000 -1000 -10 0.00119268
Car -1 -1 -10 0.000 934.311 324.349 1200.000 -1 -1 -1 -1000 -1000 -1000 -10 0.00199773
Car -1 -1 -10 42.983 735.391 174.569 1200.000 -1 -1 -1 -1000 -1000 -1000 -10 0.00106557
Car -1 -1 -10 11.678 1066.464 175.837 1166.526 -1 -1 -1 -1000 -1000 -1000 -10 0.00083381
Car -1 -1 -10 1099.327 499.665 1191.486 819.322 -1 -1 -1 -1000 -1000 -1000 -10 0.00076536
Car -1 -1 -10 31.853 1158.352 68.343 1200.000 -1 -1 -1 -1000 -1000 -1000 -10 0.00074943
Car -1 -1 -10 4.896 882.875 278.076 1195.118 -1 -1 -1 -1000 -1000 -1000 -10 0.00070338
Car -1 -1 -10 1125.138 489.672 1191.666 874.430 -1 -1 -1 -1000 -1000 -1000 -10 0.00066070
Car -1 -1 -10 1009.785 550.243 1141.466 677.947 -1 -1 -1 -1000 -1000 -1000 -10 0.00063422
Car -1 -1 -10 0.000 1070.473 286.292 1200.000 -1 -1 -1 -1000 -1000 -1000 -10 0.00062269
