Car -1 -1 -10 2.293 609.846 162.817 718.646 -1 -1 -1 -1000 -1000 -1000 -10 0.99985071
Car -1 -1 -10 952.004 532.774 1216.760 738.678 -1 -1 -1 -1000 -1000 -1000 -10 0.99687101
Car -1 -1 -10 878.354 599.953 956.800 667.552 -1 -1 -1 -1000 -1000 -1000 -10 0.49354209
Car -1 -1 -10 1777.150 572.164 1920.000 653.880 -1 -1 -1 -1000 -1000 -1000 -10 0.01456269
Car -1 -1 -10 973.007 535.048 1129.624 643.544 -1 -1 -1 -1000 -1000 -1000 -10 0.00613379
Car -1 -1 -10 0.000 609.536 70.205 720.812 -1 -1 -1 -1000 -1000 -1000 -10 0.00602458
Car -1 -1 -10 16.600 440.188 135.919 857.380 -1 -1 -1 -1000 -1000 -1000 -10 0.00198504
Car -1 -1 -10 728.240 580.022 779.915 637.483 -1 -1 -1 -1000 -1000 -1000 -10 0.00188501
Car -1 -1 -10 616.154 564.815 870.411 1186.763 -1 -1 -1 -1000 -1000 -1000 -10 0.00305445
Car -1 -1 -10 0.000 597.169 395.854 1143.966 -1 -1 -1 -1000 -1000 -1000 -10 0.00176851
Car -1 -1 -10 1064.185 547.469 1199.925 678.345 -1 -1 -1 -1000 -1000 -1000 -10 0.00171771
Car -1 -1 -10 19.793 471.269 112.287 809.054 -1 -1 -1 -1000 -1000 -1000 -10 0.00160861
Car -1 -1 -10 0.000 472.595 186.113 814.634 -1 -1 -1 -1000 -1000 -1000 -10 0.00295873
Car -1 -1 -10 0.000 790.722 469.196 1198.843 -1 -1 -1 -1000 -1000 -1000 -10 0.00151122
Car -1 -1 -10 968.320 563.573 1109.608 706.304 -1 -1 -1 -1000 -1000 -1000 -10 0.00141219
Car -1 -1 -10 40.445 514.960 91.758 818.793 -1 -1 -1 -1000 -1000 -1000 -10 0.00137735
Car -1 -1 -10 34.311 380.950 123.325 910.504 -1 -1 -1 -1000 -1000 -1000 -10 0.00264886
Car -1 -1 -10 0.000 1166.736 26.096 1200.000 -1 -1 -1 -1000 -1000 -1000 -10 0.00131462
Car -1 -1 -10 27.314 318.504 140.933 987.585 -1 -1 -1 -1000 -1000 -1000 -10 0.00124904
