Car -1 -1 -10 1069.189 564.846 1131.223 621.770 -1 -1 -1 -1000 -1000 -1000 -10 0.47694830
Car -1 -1 -10 1213.800 1078.802 1551.082 1200.000 -1 -1 -1 -1000 -1000 -1000 -10 0.01193488
Car -1 -1 -10 802.985 1043.967 1227.509 1200.000 -1 -1 -1 -1000 -1000 -1000 -10 0.00847791
Car -1 -1 -10 734.229 795.261 1331.659 1195.473 -1 -1 -1 -1000 -1000 -1000 -10 0.00723557
Car -1 -1 -10 1118.227 1001.868 1651.530 1200.000 -1 -1 -1 -1000 -1000 -1000 -10 0.00795758
Car -1 -1 -10 1228.552 888.699 1538.276 1198.550 -1 -1 -1 -1000 -1000 -1000 -10 0.00660374
Car -1 -1 -10 1259.614 1157.703 1296.897 1200.000 -1 -1 -1 -1000 -1000 -1000 -10 0.00636001
Car -1 -1 -10 1286.162 1101.263 1467.076 1200.000 -1 -1 -1 -1000 -1000 -1000 -10 0.00728153
Car -1 -1 -10 1214.816 1157.274 1251.971 1200.000 -1 -1 -1 -1000 -1000 -1000 -10 0.00631510
Car -1 -1 -10 1308.615 1156.357 1346.234 1200.000 -1 -1 -1 -1000 -1000 -1000 -10 0.01043987
Car -1 -1 -10 925.443 724.421 1172.365 1195.581 -1 -1 -1 -1000 -1000 -1000 -10 0.00353630
Car -1 -1 -10 759.520 1083.684 818.413 1200.000 -1 -1 -1 -1000 -1000 -1000 -10 0.00606875
Car -1 -1 -10 1039.346 1156.487 1076.625 1200.000 -1 -1 -1 -1000 -1000 -1000 -10 0.00671982
Car -1 -1 -10 646.142 1082.649 965.528 1200.000 -1 -1 -1 -1000 -1000 -1000 -10 0.00670817
Car -1 -1 -10 1143.772 1094.377 1301.206 1187.496 -1 -1 -1 -1000 -1000 -1000 -10 0.00633454
Car -1 -1 -10 954.911 945.166 1260.986 1189.090 -1 -1 -1 -1000 -1000 -1000 -10 0.00318992
Car -1 -1 -10 930.172 1087.644 1091.996 1189.172 -1 -1 -1 -1000 -1000 -1000 -10 0.00310853
Car -1 -1 -10 919.419 1066.736 1079.777 1166.094 -1 -1 -1 -1000 -1000 -1000 -10 0.00310396
Car -1 -1 -10 883.410 810.524 1250.624 1194.993 -1 -1 -1 -1000 -1000 -1000 -10 0.00302859
Car -1 -1 -10 1180.959 1139.942 1295.250 1200.000 -1 -1 -1 -1000 -1000 -1000 -10 0.00294310
Car -1 -1 -10 1029.294 1082.916 1088.167 1200.000 -1 -1 -1 -1000 -1000 -1000 -10 0.00292951
Car -1 -1 -10 1022.326 1055.617 1413.595 1200.000 -1 -1 -1 -1000 -1000 -1000 -10 0.00280449
Car -1 -1 -10 1238.525 1138.739 1347.982 1200.000 -1 -1 -1 -1000 -1000 -1000 -10 0.00274332
Car -1 -1 -10 975.584 658.969 1198.711 1188.218 -1 -1 -1 -1000 -1000 -1000 -10 0.00273104
Car -1 -1 -10 1060.280 817.464 1411.657 1195.355 -1 -1 -1 -1000 -1000 -1000 -10 0.00483857
Car -1 -1 -10 1315.898 1020.622 1407.731 1200.000 -1 -1 -1 -1000 -1000 -1000 -10 0.00269944
Car -1 -1 -10 764.224 1122.121 802.992 1200.000 -1 -1 -1 -1000 -1000 -1000 -10 0.00501346
Car -1 -1 -10 1267.999 1157.152 1305.687 1200.000 -1 -1 -1 -1000 -1000 -1000 -10 0.00267579
Car -1 -1 -10 1296.758 933.618 1439.917 1200.000 -1 -1 -1 -1000 -1000 -1000 -10 0.00529597
Car -1 -1 -10 816.213 864.902 1135.326 1200.000 -1 -1 -1 -1000 -1000 -1000 -10 0.00266440
Car -1 -1 -10 893.116 1066.949 1055.862 1164.640 -1 -1 -1 -1000 -1000 -1000 -10 0.00266192
Car -1 -1 -10 1281.105 1157.045 1317.974 1200.000 -1 -1 -1 -1000 -1000 -1000 -10 0.00479430
Car -1 -1 -10 1300.011 1084.118 1358.222 1200.000 -1 -1 -1 -1000 -1000 -1000 -10 0.00493474
Car -1 -1 -10 722.896 1081.633 782.492 1200.000 -1 -1 -1 -1000 -1000 -1000 -10 0.00248897
Car -1 -1 -10 713.764 1037.435 1153.078 1200.000 -1 -1 -1 -1000 -1000 -1000 -10 0.00247922
Car -1 -1 -10 1210.076 809.823 1554.715 1195.903 -1 -1 -1 -1000 -1000 -1000 -10 0.00247360
Car -1 -1 -10 936.553 347.458 1221.816 1200.000 -1 -1 -1 -1000 -1000 -1000 -10 0.00246826
Car -1 -1 -10 668.629 938.330 1293.272 1200.000 -1 -1 -1 -1000 -1000 -1000 -10 0.00246172
Car -1 -1 -10 671.463 1060.240 1071.865 1200.000 -1 -1 -1 -1000 -1000 -1000 -10 0.00244460
Car -1 -1 -10 890.643 347.650 1176.630 1200.000 -1 -1 -1 -1000 -1000 -1000 -10 0.00240554
Car -1 -1 -10 962.575 833.853 1124.672 1200.000 -1 -1 -1 -1000 -1000 -1000 -10 0.00237506
Car -1 -1 -10 692.746 657.464 865.488 1192.818 -1 -1 -1 -1000 -1000 -1000 -10 0.00231947
Car -1 -1 -10 727.540 1070.888 868.442 1199.627 -1 -1 -1 -1000 -1000 -1000 -10 0.00442227
Car -1 -1 -10 1268.245 1123.536 1307.039 1200.000 -1 -1 -1 -1000 -1000 -1000 -10 0.00228404
Car -1 -1 -10 1048.949 1089.974 1212.539 1191.713 -1 -1 -1 -1000 -1000 -1000 -10 0.00227709
Car -1 -1 -10 1017.412 746.511 1354.502 1187.119 -1 -1 -1 -1000 -1000 -1000 -10 0.00227426
Car -1 -1 -10 1332.234 1121.838 1372.486 1200.000 -1 -1 -1 -1000 -1000 -1000 -10 0.00226005
Car -1 -1 -10 1291.059 1127.762 1355.041 1200.000 -1 -1 -1 -1000 -1000 -1000 -10 0.00223514
Car -1 -1 -10 855.119 788.407 1039.154 1199.512 -1 -1 -1 -1000 -1000 -1000 -10 0.00216942
Car -1 -1 -10 1350.662 1017.506 1444.153 1200.000 -1 -1 -1 -1000 -1000 -1000 -10 0.00216536
Car -1 -1 -10 1034.493 837.933 1197.464 1200.000 -1 -1 -1 -1000 -1000 -1000 -10 0.00213263
Car -1 -1 -10 825.233 1102.783 1079.504 1200.000 -1 -1 -1 -1000 -1000 -1000 -10 0.00211615
Car -1 -1 -10 1029.941 1106.447 1076.879 1200.000 -1 -1 -1 -1000 -1000 -1000 -10 0.00208647
Car -1 -1 -10 797.389 1081.444 1118.268 1200.000 -1 -1 -1 -1000 -1000 -1000 -10 0.00206758
Car -1 -1 -10 781.556 1123.132 820.372 1200.000 -1 -1 -1 -1000 -1000 -1000 -10 0.00206417
Car -1 -1 -10 674.176 655.387 1200.521 1200.000 -1 -1 -1 -1000 -1000 -1000 -10 0.00203573
