Car -1 -1 -10 696.830 639.424 1020.367 1193.725 -1 -1 -1 -1000 -1000 -1000 -10 0.00484552
Car -1 -1 -10 0.000 795.583 457.495 1198.851 -1 -1 -1 -1000 -1000 -1000 -10 0.00859105
Car -1 -1 -10 0.000 509.868 851.121 1190.611 -1 -1 -1 -1000 -1000 -1000 -10 0.00491207
Car -1 -1 -10 847.866 586.584 1201.008 1200.000 -1 -1 -1 -1000 -1000 -1000 -10 0.00391491
Car -1 -1 -10 478.064 565.679 881.583 794.051 -1 -1 -1 -1000 -1000 -1000 -10 0.00185822
Car -1 -1 -10 4.578 633.730 548.815 1096.001 -1 -1 -1 -1000 -1000 -1000 -10 0.00363501
Car -1 -1 -10 1579.734 556.154 1920.000 1200.000 -1 -1 -1 -1000 -1000 -1000 -10 0.00331637
Car -1 -1 -10 516.951 650.555 809.217 1185.307 -1 -1 -1 -1000 -1000 -1000 -10 0.00179986
Car -1 -1 -10 568.408 627.288 900.257 1188.806 -1 -1 -1 -1000 -1000 -1000 -10 0.00445726
Car -1 -1 -10 360.208 754.707 860.708 1114.980 -1 -1 -1 -1000 -1000 -1000 -10 0.00340374
Car -1 -1 -10 20.462 482.382 525.922 1200.000 -1 -1 -1 -1000 -1000 -1000 -10 0.00165461
Car -1 -1 -10 313.152 577.474 638.936 1184.841 -1 -1 -1 -1000 -1000 -1000 -10 0.00589293
Car -1 -1 -10 116.548 775.008 721.931 1186.854 -1 -1 -1 -1000 -1000 -1000 -10 0.00152692
Car -1 -1 -10 834.160 629.942 991.337 742.457 -1 -1 -1 -1000 -1000 -1000 -10 0.00283177
Car -1 -1 -10 505.438 574.855 783.375 747.871 -1 -1 -1 -1000 -1000 -1000 -10 0.00149228
Car -1 -1 -10 424.370 637.918 699.018 1156.883 -1 -1 -1 -1000 -1000 -1000 -10 0.00274454
Car -1 -1 -10 457.187 599.586 780.355 1188.254 -1 -1 -1 -1000 -1000 -1000 -10 0.00147134
Car -1 -1 -10 231.772 597.678 969.111 1148.232 -1 -1 -1 -1000 -1000 -1000 -10 0.00146230
Car -1 -1 -10 586.271 513.226 1710.464 1200.000 -1 -1 -1 -1000 -1000 -1000 -10 0.00287078
Car -1 -1 -10 939.034 497.527 1426.217 757.618 -1 -1 -1 -1000 -1000 -1000 -10 0.00144212
Car -1 -1 -10 1017.042 537.289 1334.323 687.276 -1 -1 -1 -1000 -1000 -1000 -10 0.00141997
Car -1 -1 -10 0.000 580.439 648.435 1193.016 -1 -1 -1 -1000 -1000 -1000 -10 0.00141252
Car -1 -1 -10 868.499 660.840 1067.475 1186.973 -1 -1 -1 -1000 -1000 -1000 -10 0.00140068
Car -1 -1 -10 11.267 676.161 254.492 1200.000 -1 -1 -1 -1000 -1000 -1000 -10 0.00136178
Car -1 -1 -10 34.618 327.134 400.502 1200.000 -1 -1 -1 -1000 -1000 -1000 -10 0.00135155
Car -1 -1 -10 1499.091 286.534 1920.000 815.258 -1 -1 -1 -1000 -1000 -1000 -10 0.00250936
Car -1 -1 -10 1611.432 307.718 1908.867 646.338 -1 -1 -1 -1000 -1000 -1000 -10 0.00127069
Car -1 -1 -10 632.030 752.030 1132.863 1119.128 -1 -1 -1 -1000 -1000 -1000 -10 0.00125276
Car -1 -1 -10 853.240 614.959 1007.772 718.164 -1 -1 -1 -1000 -1000 -1000 -10 0.00124860
Car -1 -1 -10 128.662 500.559 282.223 1200.000 -1 -1 -1 -1000 -1000 -1000 -10 0.00121232
Car -1 -1 -10 728.361 611.872 1011.094 770.415 -1 -1 -1 -1000 -1000 -1000 -10 0.00118998
Car -1 -1 -10 367.385 514.296 850.810 835.458 -1 -1 -1 -1000 -1000 -1000 -10 0.00117809
Car -1 -1 -10 500.723 764.471 827.600 1093.075 -1 -1 -1 -1000 -1000 -1000 -10 0.00117617
Car -1 -1 -10 103.795 395.357 428.246 1200.000 -1 -1 -1 -1000 -1000 -1000 -10 0.00117354
Car -1 -1 -10 705.954 589.253 871.654 686.103 -1 -1 -1 -1000 -1000 -1000 -10 0.00116712
Car -1 -1 -10 662.651 640.731 952.309 1194.946 -1 -1 -1 -1000 -1000 -1000 -10 0.00114880
Car -1 -1 -10 592.377 561.671 1065.617 821.724 -1 -1 -1 -1000 -1000 -1000 -10 0.00114327
Car -1 -1 -10 460.470 676.348 742.025 841.581 -1 -1 -1 -1000 -1000 -1000 -10 0.00110831
Car -1 -1 -10 233.181 616.732 510.104 1151.128 -1 -1 -1 -1000 -1000 -1000 -10 0.00109625
Car -1 -1 -10 727.341 590.964 1020.143 743.098 -1 -1 -1 -1000 -1000 -1000 -10 0.00108892
Car -1 -1 -10 242.355 699.637 751.406 1061.856 -1 -1 -1 -1000 -1000 -1000 -10 0.00108245
Car -1 -1 -10 729.154 671.718 1017.060 847.793 -1 -1 -1 -1000 -1000 -1000 -10 0.00103091
Car -1 -1 -10 191.209 603.678 357.615 1200.000 -1 -1 -1 -1000 -1000 -1000 -10 0.00100587
