Car -1 -1 -10 472.864 608.365 625.832 713.283 -1 -1 -1 -1000 -1000 -1000 -10 0.99992335
Car -1 -1 -10 1020.514 494.935 1374.039 862.204 -1 -1 -1 -1000 -1000 -1000 -10 0.99545665
Car -1 -1 -10 942.225 591.700 1073.615 716.215 -1 -1 -1 -1000 -1000 -1000 -10 0.99811992
Car -1 -1 -10 649.113 596.096 827.722 681.407 -1 -1 -1 -1000 -1000 -1000 -10 0.98922783
Car -1 -1 -10 36.731 615.226 267.903 745.797 -1 -1 -1 -1000 -1000 -1000 -10 0.44527149
Car -1 -1 -10 19.949 603.559 317.422 748.949 -1 -1 -1 -1000 -1000 -1000 -10 0.38508575
Car -1 -1 -10 1128.220 359.355 1916.914 1180.524 -1 -1 -1 -1000 -1000 -1000 -10 0.31307265
Car -1 -1 -10 865.686 598.724 945.057 661.851 -1 -1 -1 -1000 -1000 -1000 -10 0.02657442
Car -1 -1 -10 0.000 617.592 201.256 763.721 -1 -1 -1 -1000 -1000 -1000 -10 0.01371284
Car -1 -1 -10 120.602 599.248 337.963 734.554 -1 -1 -1 -1000 -1000 -1000 -10 0.02063950
Car -1 -1 -10 640.580 606.714 746.966 679.256 -1 -1 -1 -1000 -1000 -1000 -10 0.01738135
Car -1 -1 -10 1276.569 393.999 1866.385 766.742 -1 -1 -1 -1000 -1000 -1000 -10 0.00890945
Car -1 -1 -10 1409.847 284.250 1910.527 837.498 -1 -1 -1 -1000 -1000 -1000 -10 0.00758080
