Car -1 -1 -10 6.811 544.420 298.177 738.073 -1 -1 -1 -1000 -1000 -1000 -10 0.99927394
Car -1 -1 -10 513.882 572.900 604.909 634.881 -1 -1 -1 -1000 -1000 -1000 -10 0.77284573
Car -1 -1 -10 916.623 563.221 979.314 622.468 -1 -1 -1 -1000 -1000 -1000 -10 0.45787199
Car -1 -1 -10 1.032 578.982 459.064 1165.073 -1 -1 -1 -1000 -1000 -1000 -10 0.06863521
Car -1 -1 -10 1.590 556.200 173.480 712.311 -1 -1 -1 -1000 -1000 -1000 -10 0.03307682
Car -1 -1 -10 1063.367 477.734 1920.000 1194.464 -1 -1 -1 -1000 -1000 -1000 -10 0.02954251
Car -1 -1 -10 424.424 505.183 1621.284 1189.615 -1 -1 -1 -1000 -1000 -1000 -10 0.02156323
Car -1 -1 -10 0.000 557.476 324.882 896.322 -1 -1 -1 -1000 -1000 -1000 -10 0.00474660
Car -1 -1 -10 21.575 564.965 155.138 705.854 -1 -1 -1 -1000 -1000 -1000 -10 0.00471288
Car -1 -1 -10 1376.214 429.797 1900.661 1025.034 -1 -1 -1 -1000 -1000 -1000 -10 0.00375747
Car -1 -1 -10 705.055 816.200 1343.091 1197.311 -1 -1 -1 -1000 -1000 -1000 -10 0.01019681
Car -1 -1 -10 1392.086 339.203 1920.000 1177.100 -1 -1 -1 -1000 -1000 -1000 -10 0.00334123
