Car -1 -1 -10 1177.959 583.972 1404.249 731.996 -1 -1 -1 -1000 -1000 -1000 -10 0.99994156
Car -1 -1 -10 1362.108 519.826 1757.103 783.340 -1 -1 -1 -1000 -1000 -1000 -10 0.99898544
Car -1 -1 -10 861.062 606.088 938.995 663.554 -1 -1 -1 -1000 -1000 -1000 -10 0.84399016
Car -1 -1 -10 481.239 605.972 543.622 657.458 -1 -1 -1 -1000 -1000 -1000 -10 0.70436862
Car -1 -1 -10 731.233 609.315 786.996 657.646 -1 -1 -1 -1000 -1000 -1000 -10 0.73899567
Car -1 -1 -10 1497.075 502.559 1900.180 764.386 -1 -1 -1 -1000 -1000 -1000 -10 0.15464160
Car -1 -1 -10 830.213 610.612 877.878 656.448 -1 -1 -1 -1000 -1000 -1000 -10 0.08251448
Car -1 -1 -10 796.048 602.904 843.262 648.735 -1 -1 -1 -1000 -1000 -1000 -10 0.05657412
Car -1 -1 -10 1314.874 559.466 1466.461 666.955 -1 -1 -1 -1000 -1000 -1000 -10 0.03882025
Car -1 -1 -10 1653.728 515.398 1916.165 678.957 -1 -1 -1 -1000 -1000 -1000 -10 0.02202555
Car -1 -1 -10 1169.973 581.612 1324.735 696.093 -1 -1 -1 -1000 -1000 -1000 -10 0.01248976
