Car -1 -1 -10 237.082 0.000 831.844 222.588 -1 -1 -1 -1000 -1000 -1000 -10 0.00356061
Car -1 -1 -10 380.641 3.378 699.720 314.220 -1 -1 -1 -1000 -1000 -1000 -10 0.00309333
Car -1 -1 -10 342.890 2.736 689.878 155.183 -1 -1 -1 -1000 -1000 -1000 -10 0.00466637
Car -1 -1 -10 0.000 798.200 457.901 1198.214 -1 -1 -1 -1000 -1000 -1000 -10 0.00795500
Car -1 -1 -10 465.077 1.321 903.216 298.514 -1 -1 -1 -1000 -1000 -1000 -10 0.00250045
Car -1 -1 -10 384.604 2.711 830.771 284.086 -1 -1 -1 -1000 -1000 -1000 -10 0.00244573
Car -1 -1 -10 298.145 0.000 769.935 258.733 -1 -1 -1 -1000 -1000 -1000 -10 0.00241465
Car -1 -1 -10 450.189 32.209 630.284 517.640 -1 -1 -1 -1000 -1000 -1000 -10 0.00221241
Car -1 -1 -10 554.256 2.279 1001.102 289.859 -1 -1 -1 -1000 -1000 -1000 -10 0.00220619
Car -1 -1 -10 452.271 8.964 825.736 193.227 -1 -1 -1 -1000 -1000 -1000 -10 0.00217202
Car -1 -1 -10 399.394 6.151 768.077 173.484 -1 -1 -1 -1000 -1000 -1000 -10 0.00208481
Car -1 -1 -10 524.983 2.786 651.523 124.015 -1 -1 -1 -1000 -1000 -1000 -10 0.00408705
Car -1 -1 -10 599.807 7.128 975.130 193.387 -1 -1 -1 -1000 -1000 -1000 -10 0.00192261
Car -1 -1 -10 553.336 25.211 682.246 147.691 -1 -1 -1 -1000 -1000 -1000 -10 0.00190349
Car -1 -1 -10 474.825 9.008 779.670 170.868 -1 -1 -1 -1000 -1000 -1000 -10 0.00188742
Car -1 -1 -10 425.938 22.442 683.411 469.146 -1 -1 -1 -1000 -1000 -1000 -10 0.00487938
Car -1 -1 -10 470.932 1.469 598.057 126.757 -1 -1 -1 -1000 -1000 -1000 -10 0.00331294
Car -1 -1 -10 630.115 8.518 944.219 172.209 -1 -1 -1 -1000 -1000 -1000 -10 0.00168496
Car -1 -1 -10 625.542 47.556 754.028 173.372 -1 -1 -1 -1000 -1000 -1000 -10 0.00167566
Car -1 -1 -10 423.031 39.641 682.004 794.717 -1 -1 -1 -1000 -1000 -1000 -10 0.00164020
Car -1 -1 -10 514.450 19.757 625.000 288.435 -1 -1 -1 -1000 -1000 -1000 -10 0.00163142
Car -1 -1 -10 141.866 0.000 1014.131 314.878 -1 -1 -1 -1000 -1000 -1000 -10 0.00162007
Car -1 -1 -10 327.552 8.785 913.360 268.231 -1 -1 -1 -1000 -1000 -1000 -10 0.00159743
Car -1 -1 -10 423.692 18.113 557.372 415.460 -1 -1 -1 -1000 -1000 -1000 -10 0.00156358
Car -1 -1 -10 519.594 36.144 681.176 138.121 -1 -1 -1 -1000 -1000 -1000 -10 0.00298261
Car -1 -1 -10 613.921 26.456 744.192 153.774 -1 -1 -1 -1000 -1000 -1000 -10 0.00150877
Car -1 -1 -10 520.063 15.604 653.989 416.230 -1 -1 -1 -1000 -1000 -1000 -10 0.00150477
Car -1 -1 -10 447.886 505.174 1607.585 1198.463 -1 -1 -1 -1000 -1000 -1000 -10 0.00546879
Car -1 -1 -10 452.933 42.779 747.808 847.349 -1 -1 -1 -1000 -1000 -1000 -10 0.00406776
Car -1 -1 -10 474.432 10.664 603.379 415.506 -1 -1 -1 -1000 -1000 -1000 -10 0.00146221
Car -1 -1 -10 590.755 3.331 716.924 125.903 -1 -1 -1 -1000 -1000 -1000 -10 0.00146029
Car -1 -1 -10 265.501 0.000 1159.643 317.699 -1 -1 -1 -1000 -1000 -1000 -10 0.00143521
Car -1 -1 -10 45.579 631.621 210.316 1196.200 -1 -1 -1 -1000 -1000 -1000 -10 0.00266853
Car -1 -1 -10 745.798 3.438 873.707 124.316 -1 -1 -1 -1000 -1000 -1000 -10 0.00141368
Car -1 -1 -10 718.199 37.002 882.911 137.893 -1 -1 -1 -1000 -1000 -1000 -10 0.00140956
Car -1 -1 -10 431.647 6.906 735.746 149.036 -1 -1 -1 -1000 -1000 -1000 -10 0.00138279
Car -1 -1 -10 491.662 12.046 651.145 113.146 -1 -1 -1 -1000 -1000 -1000 -10 0.00137811
Car -1 -1 -10 553.042 35.945 710.516 136.560 -1 -1 -1 -1000 -1000 -1000 -10 0.00136394
Car -1 -1 -10 498.567 16.825 632.202 415.429 -1 -1 -1 -1000 -1000 -1000 -10 0.00135951
Car -1 -1 -10 638.059 26.327 766.609 149.082 -1 -1 -1 -1000 -1000 -1000 -10 0.00134498
Car -1 -1 -10 539.182 17.845 651.154 289.145 -1 -1 -1 -1000 -1000 -1000 -10 0.00125832
Car -1 -1 -10 695.688 36.720 855.068 140.301 -1 -1 -1 -1000 -1000 -1000 -10 0.00121213
