Car -1 -1 -10 846.716 618.877 908.889 672.754 -1 -1 -1 -1000 -1000 -1000 -10 0.99783570
Car -1 -1 -10 411.174 631.855 498.845 687.624 -1 -1 -1 -1000 -1000 -1000 -10 0.18051599
Car -1 -1 -10 0.000 789.048 464.163 1197.252 -1 -1 -1 -1000 -1000 -1000 -10 0.00842698
Car -1 -1 -10 0.000 668.944 478.018 1200.000 -1 -1 -1 -1000 -1000 -1000 -10 0.00218615
Car -1 -1 -10 615.743 634.675 656.718 679.089 -1 -1 -1 -1000 -1000 -1000 -10 0.00410408
Car -1 -1 -10 586.394 1114.574 667.745 1200.000 -1 -1 -1 -1000 -1000 -1000 -10 0.00343474
Car -1 -1 -10 275.137 1033.696 705.593 1200.000 -1 -1 -1 -1000 -1000 -1000 -10 0.00331034
Car -1 -1 -10 235.200 987.775 764.211 1200.000 -1 -1 -1 -1000 -1000 -1000 -10 0.00178615
Car -1 -1 -10 603.962 1100.368 778.363 1200.000 -1 -1 -1 -1000 -1000 -1000 -10 0.00327210
Car -1 -1 -10 20.889 684.248 262.195 1199.699 -1 -1 -1 -1000 -1000 -1000 -10 0.00301300
Car -1 -1 -10 16.979 374.144 308.182 1200.000 -1 -1 -1 -1000 -1000 -1000 -10 0.00158748
Car -1 -1 -10 215.134 648.817 386.258 1186.950 -1 -1 -1 -1000 -1000 -1000 -10 0.00156785
Car -1 -1 -10 369.920 887.621 656.737 1200.000 -1 -1 -1 -1000 -1000 -1000 -10 0.00150270
Car -1 -1 -10 0.000 587.122 742.895 1191.361 -1 -1 -1 -1000 -1000 -1000 -10 0.00297473
Car -1 -1 -10 148.191 623.843 308.724 1194.700 -1 -1 -1 -1000 -1000 -1000 -10 0.00265321
Car -1 -1 -10 0.000 815.406 213.445 1195.549 -1 -1 -1 -1000 -1000 -1000 -10 0.00148772
Car -1 -1 -10 69.582 642.188 240.419 1189.001 -1 -1 -1 -1000 -1000 -1000 -10 0.00140849
Car -1 -1 -10 293.314 644.103 475.263 1193.409 -1 -1 -1 -1000 -1000 -1000 -10 0.00257162
Car -1 -1 -10 61.700 191.204 367.158 1187.094 -1 -1 -1 -1000 -1000 -1000 -10 0.00138069
Car -1 -1 -10 120.697 1066.845 521.304 1200.000 -1 -1 -1 -1000 -1000 -1000 -10 0.00134612
Car -1 -1 -10 330.772 1079.177 646.307 1200.000 -1 -1 -1 -1000 -1000 -1000 -10 0.00134498
Car -1 -1 -10 77.853 534.651 230.529 1200.000 -1 -1 -1 -1000 -1000 -1000 -10 0.00134450
Car -1 -1 -10 344.668 835.384 685.922 1191.607 -1 -1 -1 -1000 -1000 -1000 -10 0.00133419
Car -1 -1 -10 0.000 875.517 182.269 1200.000 -1 -1 -1 -1000 -1000 -1000 -10 0.00133354
Car -1 -1 -10 3.116 1072.324 337.399 1200.000 -1 -1 -1 -1000 -1000 -1000 -10 0.00372450
Car -1 -1 -10 14.686 992.441 426.030 1200.000 -1 -1 -1 -1000 -1000 -1000 -10 0.00131861
Car -1 -1 -10 10.602 1104.685 249.987 1200.000 -1 -1 -1 -1000 -1000 -1000 -10 0.00131139
Car -1 -1 -10 58.835 407.036 379.914 1200.000 -1 -1 -1 -1000 -1000 -1000 -10 0.00130264
Car -1 -1 -10 0.556 1028.391 290.775 1200.000 -1 -1 -1 -1000 -1000 -1000 -10 0.00126909
Car -1 -1 -10 118.617 648.994 289.818 1192.868 -1 -1 -1 -1000 -1000 -1000 -10 0.00125884
Car -1 -1 -10 21.541 595.401 148.795 1200.000 -1 -1 -1 -1000 -1000 -1000 -10 0.00119898
Car -1 -1 -10 7.840 829.157 313.964 1200.000 -1 -1 -1 -1000 -1000 -1000 -10 0.00119648
Car -1 -1 -10 472.182 808.312 1124.492 1178.622 -1 -1 -1 -1000 -1000 -1000 -10 0.00119574
Car -1 -1 -10 487.620 1062.622 873.356 1200.000 -1 -1 -1 -1000 -1000 -1000 -10 0.00227949
Car -1 -1 -10 199.926 1106.870 451.518 1200.000 -1 -1 -1 -1000 -1000 -1000 -10 0.00116198
Car -1 -1 -10 427.318 766.752 554.533 1198.343 -1 -1 -1 -1000 -1000 -1000 -10 0.00115845
Car -1 -1 -10 565.073 692.455 801.591 1199.874 -1 -1 -1 -1000 -1000 -1000 -10 0.00115316
Car -1 -1 -10 450.258 1100.910 619.444 1200.000 -1 -1 -1 -1000 -1000 -1000 -10 0.00114970
Car -1 -1 -10 603.756 823.862 763.398 1200.000 -1 -1 -1 -1000 -1000 -1000 -10 0.00114644
Car -1 -1 -10 466.678 1116.167 547.058 1200.000 -1 -1 -1 -1000 -1000 -1000 -10 0.00111245
Car -1 -1 -10 626.794 1086.508 685.678 1200.000 -1 -1 -1 -1000 -1000 -1000 -10 0.00108904
