Car -1 -1 -10 0.000 806.846 462.524 1198.002 -1 -1 -1 -1000 -1000 -1000 -10 0.01459576
Car -1 -1 -10 280.414 6.289 927.690 353.922 -1 -1 -1 -1000 -1000 -1000 -10 0.00716084
Car -1 -1 -10 0.000 3.665 580.970 357.680 -1 -1 -1 -1000 -1000 -1000 -10 0.01053087
Car -1 -1 -10 443.335 12.158 735.533 389.154 -1 -1 -1 -1000 -1000 -1000 -10 0.00543385
Car -1 -1 -10 19.832 854.165 318.249 1018.671 -1 -1 -1 -1000 -1000 -1000 -10 0.00295987
Car -1 -1 -10 145.724 0.000 749.124 325.096 -1 -1 -1 -1000 -1000 -1000 -10 0.00290060
Car -1 -1 -10 314.633 796.766 1158.531 1190.305 -1 -1 -1 -1000 -1000 -1000 -10 0.00284018
Car -1 -1 -10 42.592 17.767 415.087 822.197 -1 -1 -1 -1000 -1000 -1000 -10 0.00787605
Car -1 -1 -10 0.000 824.913 391.852 1047.146 -1 -1 -1 -1000 -1000 -1000 -10 0.00275221
Car -1 -1 -10 303.172 7.141 583.883 377.913 -1 -1 -1 -1000 -1000 -1000 -10 0.00269013
Car -1 -1 -10 71.552 45.364 360.644 1004.120 -1 -1 -1 -1000 -1000 -1000 -10 0.00267080
Car -1 -1 -10 269.882 20.801 614.533 435.519 -1 -1 -1 -1000 -1000 -1000 -10 0.00266357
Car -1 -1 -10 115.789 585.472 242.286 1200.000 -1 -1 -1 -1000 -1000 -1000 -10 0.00261600
Car -1 -1 -10 164.921 0.000 838.169 279.465 -1 -1 -1 -1000 -1000 -1000 -10 0.00245078
Car -1 -1 -10 490.551 51.587 685.524 764.338 -1 -1 -1 -1000 -1000 -1000 -10 0.00241619
Car -1 -1 -10 134.215 39.828 322.719 506.350 -1 -1 -1 -1000 -1000 -1000 -10 0.00235264
Car -1 -1 -10 90.268 29.358 404.924 189.780 -1 -1 -1 -1000 -1000 -1000 -10 0.00234237
Car -1 -1 -10 0.000 8.755 1350.381 1175.706 -1 -1 -1 -1000 -1000 -1000 -10 0.00227316
Car -1 -1 -10 116.190 10.617 512.523 501.587 -1 -1 -1 -1000 -1000 -1000 -10 0.00226168
Car -1 -1 -10 2.093 2.357 444.598 298.273 -1 -1 -1 -1000 -1000 -1000 -10 0.00222015
Car -1 -1 -10 0.000 697.522 536.382 1056.384 -1 -1 -1 -1000 -1000 -1000 -10 0.00221380
Car -1 -1 -10 0.501 12.595 317.687 475.025 -1 -1 -1 -1000 -1000 -1000 -10 0.00219275
Car -1 -1 -10 368.921 48.780 522.459 590.393 -1 -1 -1 -1000 -1000 -1000 -10 0.00423521
Car -1 -1 -10 321.169 542.348 1563.084 1200.000 -1 -1 -1 -1000 -1000 -1000 -10 0.00215799
Car -1 -1 -10 1157.896 0.000 1920.000 322.808 -1 -1 -1 -1000 -1000 -1000 -10 0.00215230
Car -1 -1 -10 319.936 57.565 586.366 967.135 -1 -1 -1 -1000 -1000 -1000 -10 0.00420081
Car -1 -1 -10 75.803 577.470 285.009 1183.351 -1 -1 -1 -1000 -1000 -1000 -10 0.00210017
Car -1 -1 -10 451.951 30.072 754.061 195.076 -1 -1 -1 -1000 -1000 -1000 -10 0.00208579
Car -1 -1 -10 53.336 4.885 482.990 249.395 -1 -1 -1 -1000 -1000 -1000 -10 0.00206155
Car -1 -1 -10 29.405 717.263 287.227 1176.567 -1 -1 -1 -1000 -1000 -1000 -10 0.00205531
