Car -1 -1 -10 1300.951 606.710 1920.000 1200.000 -1 -1 -1 -1000 -1000 -1000 -10 0.01372818
Car -1 -1 -10 0.000 795.631 465.144 1198.525 -1 -1 -1 -1000 -1000 -1000 -10 0.01102898
Car -1 -1 -10 109.366 496.748 1328.649 1195.061 -1 -1 -1 -1000 -1000 -1000 -10 0.00743894
Car -1 -1 -10 1475.490 546.422 1919.870 920.996 -1 -1 -1 -1000 -1000 -1000 -10 0.00202000
Car -1 -1 -10 0.000 948.670 220.600 1200.000 -1 -1 -1 -1000 -1000 -1000 -10 0.00300919
Car -1 -1 -10 17.084 991.574 432.839 1200.000 -1 -1 -1 -1000 -1000 -1000 -10 0.00343272
Car -1 -1 -10 1565.969 592.751 1917.395 966.063 -1 -1 -1 -1000 -1000 -1000 -10 0.00412772
Car -1 -1 -10 19.464 710.074 248.625 1199.014 -1 -1 -1 -1000 -1000 -1000 -10 0.00308645
Car -1 -1 -10 3.469 1020.922 294.721 1200.000 -1 -1 -1 -1000 -1000 -1000 -10 0.00158532
Car -1 -1 -10 0.000 0.000 35.470 39.280 -1 -1 -1 -1000 -1000 -1000 -10 0.00155300
Car -1 -1 -10 1469.105 789.050 1920.000 1194.055 -1 -1 -1 -1000 -1000 -1000 -10 0.00148278
Car -1 -1 -10 0.000 1105.767 90.367 1200.000 -1 -1 -1 -1000 -1000 -1000 -10 0.00147625
Car -1 -1 -10 72.755 831.671 236.009 1200.000 -1 -1 -1 -1000 -1000 -1000 -10 0.00141708
Car -1 -1 -10 0.000 1059.676 351.974 1200.000 -1 -1 -1 -1000 -1000 -1000 -10 0.00135666
Car -1 -1 -10 0.000 1103.474 49.249 1200.000 -1 -1 -1 -1000 -1000 -1000 -10 0.00134715
Car -1 -1 -10 54.952 543.448 274.961 1196.991 -1 -1 -1 -1000 -1000 -1000 -10 0.00129639
Car -1 -1 -10 43.590 697.422 211.490 1196.528 -1 -1 -1 -1000 -1000 -1000 -10 0.00126787
Car -1 -1 -10 9.380 1083.976 279.424 1200.000 -1 -1 -1 -1000 -1000 -1000 -10 0.00126767
Car -1 -1 -10 1668.221 570.674 1902.738 1022.508 -1 -1 -1 -1000 -1000 -1000 -10 0.00123738
Car -1 -1 -10 70.243 366.656 361.354 1200.000 -1 -1 -1 -1000 -1000 -1000 -10 0.00121786
Car -1 -1 -10 127.958 634.933 282.107 1200.000 -1 -1 -1 -1000 -1000 -1000 -10 0.00228792
Car -1 -1 -10 52.418 908.871 303.429 1200.000 -1 -1 -1 -1000 -1000 -1000 -10 0.00103840
Car -1 -1 -10 0.000 0.000 414.034 322.440 -1 -1 -1 -1000 -1000 -1000 -10 0.00103136
