Car -1 -1 -10 802.250 568.860 860.344 620.289 -1 -1 -1 -1000 -1000 -1000 -10 0.70204838
Car -1 -1 -10 470.918 558.029 568.976 625.234 -1 -1 -1 -1000 -1000 -1000 -10 0.17121096
Car -1 -1 -10 208.612 563.513 314.562 641.622 -1 -1 -1 -1000 -1000 -1000 -10 0.07811632
Car -1 -1 -10 205.271 564.989 290.646 632.392 -1 -1 -1 -1000 -1000 -1000 -10 0.03922264
Car -1 -1 -10 347.129 562.327 433.219 624.484 -1 -1 -1 -1000 -1000 -1000 -10 0.02172458
Car -1 -1 -10 245.215 564.220 330.106 625.970 -1 -1 -1 -1000 -1000 -1000 -10 0.01271473
Car -1 -1 -10 374.801 561.828 453.336 626.625 -1 -1 -1 -1000 -1000 -1000 -10 0.00685302
Car -1 -1 -10 587.825 792.431 1461.563 1197.443 -1 -1 -1 -1000 -1000 -1000 -10 0.01021377
Car -1 -1 -10 321.201 566.281 463.390 643.013 -1 -1 -1 -1000 -1000 -1000 -10 0.00421700
Car -1 -1 -10 753.137 830.275 1389.873 1191.965 -1 -1 -1 -1000 -1000 -1000 -10 0.00698364
Car -1 -1 -10 386.739 565.118 448.706 624.658 -1 -1 -1 -1000 -1000 -1000 -10 0.00361791
Car -1 -1 -10 5.206 780.199 604.354 1200.000 -1 -1 -1 -1000 -1000 -1000 -10 0.00585081
Car -1 -1 -10 1022.189 1087.292 1136.059 1197.510 -1 -1 -1 -1000 -1000 -1000 -10 0.00292190
Car -1 -1 -10 961.742 1079.863 1270.962 1200.000 -1 -1 -1 -1000 -1000 -1000 -10 0.00760503
Car -1 -1 -10 972.993 753.008 1306.738 1187.955 -1 -1 -1 -1000 -1000 -1000 -10 0.00281112
Car -1 -1 -10 964.057 881.586 1246.323 1200.000 -1 -1 -1 -1000 -1000 -1000 -10 0.00493392
Car -1 -1 -10 808.979 872.711 1103.181 1198.929 -1 -1 -1 -1000 -1000 -1000 -10 0.00716023
Car -1 -1 -10 1025.497 1100.210 1193.943 1200.000 -1 -1 -1 -1000 -1000 -1000 -10 0.00502819
Car -1 -1 -10 0.000 788.646 465.360 1200.000 -1 -1 -1 -1000 -1000 -1000 -10 0.00252522
Car -1 -1 -10 824.052 822.422 1167.309 1192.438 -1 -1 -1 -1000 -1000 -1000 -10 0.00250229
Car -1 -1 -10 1092.379 1073.074 1223.031 1200.000 -1 -1 -1 -1000 -1000 -1000 -10 0.00248635
Car -1 -1 -10 166.333 1029.467 602.989 1200.000 -1 -1 -1 -1000 -1000 -1000 -10 0.00246462
Car -1 -1 -10 0.000 668.457 488.258 1200.000 -1 -1 -1 -1000 -1000 -1000 -10 0.00244343
Car -1 -1 -10 687.773 982.000 1231.734 1200.000 -1 -1 -1 -1000 -1000 -1000 -10 0.00458797
Car -1 -1 -10 1041.598 1088.895 1199.718 1191.597 -1 -1 -1 -1000 -1000 -1000 -10 0.00234956
Car -1 -1 -10 942.871 789.612 1240.482 1190.920 -1 -1 -1 -1000 -1000 -1000 -10 0.00234945
Car -1 -1 -10 226.992 835.661 570.276 1194.496 -1 -1 -1 -1000 -1000 -1000 -10 0.00451422
Car -1 -1 -10 1212.339 1083.015 1271.401 1200.000 -1 -1 -1 -1000 -1000 -1000 -10 0.00436943
Car -1 -1 -10 732.654 1027.800 1163.841 1200.000 -1 -1 -1 -1000 -1000 -1000 -10 0.00444561
Car -1 -1 -10 0.000 558.189 370.995 1200.000 -1 -1 -1 -1000 -1000 -1000 -10 0.00223448
Car -1 -1 -10 1123.575 1074.994 1232.024 1186.682 -1 -1 -1 -1000 -1000 -1000 -10 0.00220467
Car -1 -1 -10 894.742 660.848 1160.722 1200.000 -1 -1 -1 -1000 -1000 -1000 -10 0.00215799
Car -1 -1 -10 894.084 961.731 1285.941 1200.000 -1 -1 -1 -1000 -1000 -1000 -10 0.00215768
Car -1 -1 -10 1383.588 1082.794 1442.975 1200.000 -1 -1 -1 -1000 -1000 -1000 -10 0.00215015
Car -1 -1 -10 1352.747 1081.643 1413.033 1200.000 -1 -1 -1 -1000 -1000 -1000 -10 0.00212488
Car -1 -1 -10 1138.139 1081.170 1447.580 1200.000 -1 -1 -1 -1000 -1000 -1000 -10 0.00409195
Car -1 -1 -10 111.047 987.016 665.256 1200.000 -1 -1 -1 -1000 -1000 -1000 -10 0.00210428
Car -1 -1 -10 1211.714 1073.885 1342.720 1199.451 -1 -1 -1 -1000 -1000 -1000 -10 0.00197781
Car -1 -1 -10 1141.708 880.318 1429.074 1200.000 -1 -1 -1 -1000 -1000 -1000 -10 0.00195805
Car -1 -1 -10 100.908 661.842 626.454 1200.000 -1 -1 -1 -1000 -1000 -1000 -10 0.00194631
Car -1 -1 -10 790.549 1083.273 1101.314 1200.000 -1 -1 -1 -1000 -1000 -1000 -10 0.00193406
Car -1 -1 -10 884.632 766.284 1014.162 1200.000 -1 -1 -1 -1000 -1000 -1000 -10 0.00192550
Car -1 -1 -10 929.740 1055.094 1312.899 1200.000 -1 -1 -1 -1000 -1000 -1000 -10 0.00191958
