Car -1 -1 -10 368.954 560.143 509.451 696.854 -1 -1 -1 -1000 -1000 -1000 -10 0.99978685
Car -1 -1 -10 1582.584 540.945 1916.996 727.956 -1 -1 -1 -1000 -1000 -1000 -10 0.50135550
Car -1 -1 -10 352.879 581.418 406.373 634.222 -1 -1 -1 -1000 -1000 -1000 -10 0.19583332
Car -1 -1 -10 288.369 586.325 336.099 629.770 -1 -1 -1 -1000 -1000 -1000 -10 0.06382532
Car -1 -1 -10 1179.209 552.018 1305.374 680.050 -1 -1 -1 -1000 -1000 -1000 -10 0.01201147
Car -1 -1 -10 1099.932 540.862 1284.903 692.907 -1 -1 -1 -1000 -1000 -1000 -10 0.00763308
Car -1 -1 -10 1512.720 638.294 1678.950 732.873 -1 -1 -1 -1000 -1000 -1000 -10 0.00825587
Car -1 -1 -10 348.747 563.866 454.971 668.871 -1 -1 -1 -1000 -1000 -1000 -10 0.00529601
Car -1 -1 -10 1704.251 543.759 1919.943 683.302 -1 -1 -1 -1000 -1000 -1000 -10 0.00568663
Car -1 -1 -10 1665.730 516.519 1826.543 607.450 -1 -1 -1 -1000 -1000 -1000 -10 0.00613690
Car -1 -1 -10 1500.944 559.083 1780.532 726.535 -1 -1 -1 -1000 -1000 -1000 -10 0.00977030
Car -1 -1 -10 1556.658 353.036 1920.000 773.091 -1 -1 -1 -1000 -1000 -1000 -10 0.00453228
Car -1 -1 -10 1744.225 569.911 1878.830 701.962 -1 -1 -1 -1000 -1000 -1000 -10 0.00684067
Car -1 -1 -10 341.992 566.357 432.491 646.239 -1 -1 -1 -1000 -1000 -1000 -10 0.00390056
Car -1 -1 -10 1341.618 377.267 1687.817 596.354 -1 -1 -1 -1000 -1000 -1000 -10 0.00349676
Car -1 -1 -10 1607.727 459.722 1895.469 615.657 -1 -1 -1 -1000 -1000 -1000 -10 0.00364603
Car -1 -1 -10 1693.538 453.133 1822.858 582.974 -1 -1 -1 -1000 -1000 -1000 -10 0.00355080
Car -1 -1 -10 1492.793 486.593 1920.000 1023.240 -1 -1 -1 -1000 -1000 -1000 -10 0.00310492
Car -1 -1 -10 1278.434 360.318 1861.992 692.692 -1 -1 -1 -1000 -1000 -1000 -10 0.00161740
Car -1 -1 -10 1638.034 542.691 1795.845 632.768 -1 -1 -1 -1000 -1000 -1000 -10 0.00317470
Car -1 -1 -10 1646.547 556.646 1772.070 671.768 -1 -1 -1 -1000 -1000 -1000 -10 0.00149448
Car -1 -1 -10 1779.526 527.915 1905.497 652.514 -1 -1 -1 -1000 -1000 -1000 -10 0.00136250
Car -1 -1 -10 0.000 795.439 449.806 1199.224 -1 -1 -1 -1000 -1000 -1000 -10 0.00254148
Car -1 -1 -10 14.463 696.886 252.259 1200.000 -1 -1 -1 -1000 -1000 -1000 -10 0.00134925
Car -1 -1 -10 0.000 811.781 209.794 1196.279 -1 -1 -1 -1000 -1000 -1000 -10 0.00133244
Car -1 -1 -10 1776.126 550.973 1908.782 679.495 -1 -1 -1 -1000 -1000 -1000 -10 0.00131370
Car -1 -1 -10 1550.476 616.355 1722.412 713.108 -1 -1 -1 -1000 -1000 -1000 -10 0.00241219
Car -1 -1 -10 7.642 1108.264 255.998 1200.000 -1 -1 -1 -1000 -1000 -1000 -10 0.00253289
Car -1 -1 -10 0.000 1107.619 91.449 1200.000 -1 -1 -1 -1000 -1000 -1000 -10 0.00123867
Car -1 -1 -10 1638.358 564.569 1788.424 662.921 -1 -1 -1 -1000 -1000 -1000 -10 0.00121959
Car -1 -1 -10 70.527 1087.421 129.131 1200.000 -1 -1 -1 -1000 -1000 -1000 -10 0.00111164
