Car -1 -1 -10 1013.035 494.824 1920.000 1200.000 -1 -1 -1 -1000 -1000 -1000 -10 0.02076432
Car -1 -1 -10 1350.057 572.275 1893.466 957.218 -1 -1 -1 -1000 -1000 -1000 -10 0.02583596
Car -1 -1 -10 1557.169 513.962 1893.234 1141.714 -1 -1 -1 -1000 -1000 -1000 -10 0.01723775
Car -1 -1 -10 552.011 133.693 1885.027 1200.000 -1 -1 -1 -1000 -1000 -1000 -10 0.01215978
Car -1 -1 -10 1524.892 697.694 1917.002 952.955 -1 -1 -1 -1000 -1000 -1000 -10 0.01425699
Car -1 -1 -10 1458.484 481.985 1781.509 1081.168 -1 -1 -1 -1000 -1000 -1000 -10 0.00911203
Car -1 -1 -10 1270.737 381.118 1902.203 1114.650 -1 -1 -1 -1000 -1000 -1000 -10 0.00865222
Car -1 -1 -10 1500.748 675.392 1787.411 845.081 -1 -1 -1 -1000 -1000 -1000 -10 0.00405484
Car -1 -1 -10 1579.112 711.223 1739.344 812.140 -1 -1 -1 -1000 -1000 -1000 -10 0.00374985
Car -1 -1 -10 1627.631 521.463 1901.885 1030.868 -1 -1 -1 -1000 -1000 -1000 -10 0.00344457
