Car -1 -1 -10 0.000 782.181 441.114 1198.032 -1 -1 -1 -1000 -1000 -1000 -10 0.00492450
Car -1 -1 -10 24.632 378.618 312.925 1200.000 -1 -1 -1 -1000 -1000 -1000 -10 0.00323077
Car -1 -1 -10 795.370 789.363 1431.976 1194.559 -1 -1 -1 -1000 -1000 -1000 -10 0.00205195
Car -1 -1 -10 579.356 635.197 625.534 679.725 -1 -1 -1 -1000 -1000 -1000 -10 0.00121383
Car -1 -1 -10 1025.521 1044.185 1433.164 1200.000 -1 -1 -1 -1000 -1000 -1000 -10 0.00194570
Car -1 -1 -10 671.001 678.884 909.034 1193.970 -1 -1 -1 -1000 -1000 -1000 -10 0.00209796
Car -1 -1 -10 1220.273 1158.101 1257.603 1200.000 -1 -1 -1 -1000 -1000 -1000 -10 0.00254945
Car -1 -1 -10 763.040 33.798 939.745 512.412 -1 -1 -1 -1000 -1000 -1000 -10 0.00194295
Car -1 -1 -10 508.341 0.000 1099.082 206.537 -1 -1 -1 -1000 -1000 -1000 -10 0.00380910
Car -1 -1 -10 347.975 777.904 990.694 1196.614 -1 -1 -1 -1000 -1000 -1000 -10 0.00174385
Car -1 -1 -10 14.741 1029.314 427.354 1200.000 -1 -1 -1 -1000 -1000 -1000 -10 0.00097339
Car -1 -1 -10 715.952 36.482 892.538 511.523 -1 -1 -1 -1000 -1000 -1000 -10 0.00178353
Car -1 -1 -10 114.709 830.616 645.683 1200.000 -1 -1 -1 -1000 -1000 -1000 -10 0.00092322
Car -1 -1 -10 769.097 688.749 1007.066 1194.362 -1 -1 -1 -1000 -1000 -1000 -10 0.00179017
Car -1 -1 -10 649.023 3.055 1017.182 379.303 -1 -1 -1 -1000 -1000 -1000 -10 0.00090264
Car -1 -1 -10 565.175 4.142 933.498 376.569 -1 -1 -1 -1000 -1000 -1000 -10 0.00088437
Car -1 -1 -10 172.828 625.062 327.670 1200.000 -1 -1 -1 -1000 -1000 -1000 -10 0.00088110
Car -1 -1 -10 132.951 509.180 491.274 1200.000 -1 -1 -1 -1000 -1000 -1000 -10 0.00086003
Car -1 -1 -10 577.553 1039.491 1009.256 1200.000 -1 -1 -1 -1000 -1000 -1000 -10 0.00085612
Car -1 -1 -10 31.047 517.411 1148.636 1194.962 -1 -1 -1 -1000 -1000 -1000 -10 0.00159190
Car -1 -1 -10 643.025 37.719 821.252 511.132 -1 -1 -1 -1000 -1000 -1000 -10 0.00233548
Car -1 -1 -10 0.000 937.857 319.759 1200.000 -1 -1 -1 -1000 -1000 -1000 -10 0.00083225
Car -1 -1 -10 265.108 650.861 483.413 1193.486 -1 -1 -1 -1000 -1000 -1000 -10 0.00081774
Car -1 -1 -10 165.974 356.093 460.334 1200.000 -1 -1 -1 -1000 -1000 -1000 -10 0.00081281
Car -1 -1 -10 205.042 699.951 396.048 1190.719 -1 -1 -1 -1000 -1000 -1000 -10 0.00081225
Car -1 -1 -10 135.750 823.753 296.522 1199.817 -1 -1 -1 -1000 -1000 -1000 -10 0.00140256
Car -1 -1 -10 669.393 587.546 865.629 1177.410 -1 -1 -1 -1000 -1000 -1000 -10 0.00148698
Car -1 -1 -10 1099.090 1034.036 1532.131 1200.000 -1 -1 -1 -1000 -1000 -1000 -10 0.00078252
Car -1 -1 -10 693.188 1039.889 1124.753 1200.000 -1 -1 -1 -1000 -1000 -1000 -10 0.00078166
Car -1 -1 -10 497.651 780.607 1101.455 1200.000 -1 -1 -1 -1000 -1000 -1000 -10 0.00078064
Car -1 -1 -10 572.179 39.017 866.267 961.097 -1 -1 -1 -1000 -1000 -1000 -10 0.00149524
Car -1 -1 -10 1198.617 1128.940 1265.698 1200.000 -1 -1 -1 -1000 -1000 -1000 -10 0.00077906
Car -1 -1 -10 1093.047 1002.166 1370.523 1174.466 -1 -1 -1 -1000 -1000 -1000 -10 0.00077411
Car -1 -1 -10 111.495 657.587 336.885 1186.283 -1 -1 -1 -1000 -1000 -1000 -10 0.00076476
Car -1 -1 -10 379.657 511.861 1541.314 1194.140 -1 -1 -1 -1000 -1000 -1000 -10 0.00141553
Car -1 -1 -10 49.365 982.254 574.166 1200.000 -1 -1 -1 -1000 -1000 -1000 -10 0.00074519
Car -1 -1 -10 626.341 1.858 891.358 258.806 -1 -1 -1 -1000 -1000 -1000 -10 0.00137317
Car -1 -1 -10 220.834 821.674 379.605 1198.220 -1 -1 -1 -1000 -1000 -1000 -10 0.00073931
Car -1 -1 -10 687.778 0.000 1020.054 116.644 -1 -1 -1 -1000 -1000 -1000 -10 0.00072804
Car -1 -1 -10 1298.654 1158.521 1334.244 1200.000 -1 -1 -1 -1000 -1000 -1000 -10 0.00071700
Car -1 -1 -10 608.106 701.356 988.755 1197.587 -1 -1 -1 -1000 -1000 -1000 -10 0.00066675
Car -1 -1 -10 686.082 48.564 985.843 843.456 -1 -1 -1 -1000 -1000 -1000 -10 0.00065661
Car -1 -1 -10 240.462 1033.288 502.951 1198.975 -1 -1 -1 -1000 -1000 -1000 -10 0.00065409
Car -1 -1 -10 62.974 351.136 362.551 1200.000 -1 -1 -1 -1000 -1000 -1000 -10 0.00064931
Car -1 -1 -10 201.817 661.564 445.438 1200.000 -1 -1 -1 -1000 -1000 -1000 -10 0.00064680
Car -1 -1 -10 743.187 757.298 852.182 1200.000 -1 -1 -1 -1000 -1000 -1000 -10 0.00064446
Car -1 -1 -10 717.987 0.000 807.018 101.858 -1 -1 -1 -1000 -1000 -1000 -10 0.00064396
Car -1 -1 -10 1059.272 823.085 1220.462 1200.000 -1 -1 -1 -1000 -1000 -1000 -10 0.00063926
Car -1 -1 -10 778.071 0.000 866.809 100.339 -1 -1 -1 -1000 -1000 -1000 -10 0.00063262
Car -1 -1 -10 963.934 935.945 1568.385 1200.000 -1 -1 -1 -1000 -1000 -1000 -10 0.00062593
Car -1 -1 -10 813.350 653.297 987.100 1192.051 -1 -1 -1 -1000 -1000 -1000 -10 0.00061856
Car -1 -1 -10 1208.913 1089.617 1267.378 1200.000 -1 -1 -1 -1000 -1000 -1000 -10 0.00061746
Car -1 -1 -10 589.146 0.000 918.212 119.420 -1 -1 -1 -1000 -1000 -1000 -10 0.00060921
Car -1 -1 -10 788.995 38.924 962.218 508.360 -1 -1 -1 -1000 -1000 -1000 -10 0.00060255
