Car -1 -1 -10 698.685 564.168 839.681 698.425 -1 -1 -1 -1000 -1000 -1000 -10 0.99996227
Car -1 -1 -10 551.901 599.850 641.770 658.276 -1 -1 -1 -1000 -1000 -1000 -10 0.04041283
Car -1 -1 -10 517.687 604.080 602.404 658.281 -1 -1 -1 -1000 -1000 -1000 -10 0.03393422
Car -1 -1 -10 509.125 600.023 645.756 665.832 -1 -1 -1 -1000 -1000 -1000 -10 0.00851954
Car -1 -1 -10 505.530 591.304 622.337 656.108 -1 -1 -1 -1000 -1000 -1000 -10 0.00612281
Car -1 -1 -10 0.000 799.910 454.173 1199.261 -1 -1 -1 -1000 -1000 -1000 -10 0.00694952
Car -1 -1 -10 1453.174 424.726 1906.722 808.845 -1 -1 -1 -1000 -1000 -1000 -10 0.00152209
Car -1 -1 -10 21.295 681.838 261.717 1200.000 -1 -1 -1 -1000 -1000 -1000 -10 0.00235348
Car -1 -1 -10 558.637 605.893 631.948 657.257 -1 -1 -1 -1000 -1000 -1000 -10 0.00132965
Car -1 -1 -10 1544.574 441.177 1913.365 865.541 -1 -1 -1 -1000 -1000 -1000 -10 0.00226654
Car -1 -1 -10 43.899 645.408 216.615 1188.641 -1 -1 -1 -1000 -1000 -1000 -10 0.00129069
Car -1 -1 -10 31.922 1157.280 69.133 1200.000 -1 -1 -1 -1000 -1000 -1000 -10 0.00221073
Car -1 -1 -10 0.369 1023.935 291.587 1200.000 -1 -1 -1 -1000 -1000 -1000 -10 0.00115910
Car -1 -1 -10 26.433 1139.527 138.238 1200.000 -1 -1 -1 -1000 -1000 -1000 -10 0.00112746
Car -1 -1 -10 0.000 940.955 315.548 1200.000 -1 -1 -1 -1000 -1000 -1000 -10 0.00112552
Car -1 -1 -10 1406.394 315.042 1909.032 801.504 -1 -1 -1 -1000 -1000 -1000 -10 0.00197086
Car -1 -1 -10 1639.736 493.906 1850.463 629.242 -1 -1 -1 -1000 -1000 -1000 -10 0.00108867
Car -1 -1 -10 0.000 1110.813 124.106 1200.000 -1 -1 -1 -1000 -1000 -1000 -10 0.00108381
Car -1 -1 -10 0.079 1156.085 31.587 1200.000 -1 -1 -1 -1000 -1000 -1000 -10 0.00107150
Car -1 -1 -10 19.452 1107.385 234.518 1200.000 -1 -1 -1 -1000 -1000 -1000 -10 0.00205466
Car -1 -1 -10 344.524 1158.977 380.015 1200.000 -1 -1 -1 -1000 -1000 -1000 -10 0.00103080
Car -1 -1 -10 0.000 798.047 209.713 1196.136 -1 -1 -1 -1000 -1000 -1000 -10 0.00102756
Car -1 -1 -10 1466.584 301.184 1920.000 655.575 -1 -1 -1 -1000 -1000 -1000 -10 0.00100534
Car -1 -1 -10 28.620 481.501 515.585 1200.000 -1 -1 -1 -1000 -1000 -1000 -10 0.00100157
Car -1 -1 -10 165.842 653.151 338.839 1190.303 -1 -1 -1 -1000 -1000 -1000 -10 0.00100129
Car -1 -1 -10 1565.340 563.827 1920.000 1152.636 -1 -1 -1 -1000 -1000 -1000 -10 0.00099822
Car -1 -1 -10 270.683 659.160 484.125 1193.348 -1 -1 -1 -1000 -1000 -1000 -10 0.00098914
Car -1 -1 -10 1593.424 536.857 1917.256 821.955 -1 -1 -1 -1000 -1000 -1000 -10 0.00097745
Car -1 -1 -10 1658.858 512.304 1811.384 617.520 -1 -1 -1 -1000 -1000 -1000 -10 0.00097472
Car -1 -1 -10 17.593 1127.802 83.687 1200.000 -1 -1 -1 -1000 -1000 -1000 -10 0.00097284
Car -1 -1 -10 1646.293 479.224 1920.000 639.273 -1 -1 -1 -1000 -1000 -1000 -10 0.00096218
Car -1 -1 -10 3.369 232.441 482.298 608.273 -1 -1 -1 -1000 -1000 -1000 -10 0.00094443
Car -1 -1 -10 1507.474 482.130 1920.000 1036.660 -1 -1 -1 -1000 -1000 -1000 -10 0.00093172
Car -1 -1 -10 3.111 1062.956 306.264 1200.000 -1 -1 -1 -1000 -1000 -1000 -10 0.00092148
Car -1 -1 -10 1461.380 813.786 1920.000 1200.000 -1 -1 -1 -1000 -1000 -1000 -10 0.00087869
Car -1 -1 -10 69.327 1158.142 106.133 1200.000 -1 -1 -1 -1000 -1000 -1000 -10 0.00087727
Car -1 -1 -10 50.021 914.237 203.592 1200.000 -1 -1 -1 -1000 -1000 -1000 -10 0.00085514
Car -1 -1 -10 8.885 1158.490 47.014 1200.000 -1 -1 -1 -1000 -1000 -1000 -10 0.00085264
Car -1 -1 -10 105.355 570.699 510.874 1181.063 -1 -1 -1 -1000 -1000 -1000 -10 0.00079490
Car -1 -1 -10 1525.365 539.083 1677.919 637.281 -1 -1 -1 -1000 -1000 -1000 -10 0.00079046
Car -1 -1 -10 76.680 533.674 229.821 1200.000 -1 -1 -1 -1000 -1000 -1000 -10 0.00078308
Car -1 -1 -10 1760.770 625.260 1920.000 844.409 -1 -1 -1 -1000 -1000 -1000 -10 0.00077780
