Car -1 -1 -10 135.686 294.321 1012.834 1179.152 -1 -1 -1 -1000 -1000 -1000 -10 0.32971973
Car -1 -1 -10 567.154 368.586 956.700 1099.553 -1 -1 -1 -1000 -1000 -1000 -10 0.01544460
Car -1 -1 -10 175.410 380.867 559.665 1129.875 -1 -1 -1 -1000 -1000 -1000 -10 0.01397138
Car -1 -1 -10 179.578 104.285 477.807 1139.719 -1 -1 -1 -1000 -1000 -1000 -10 0.00452522
Car -1 -1 -10 361.981 700.788 1003.306 1144.799 -1 -1 -1 -1000 -1000 -1000 -10 0.00749982
Car -1 -1 -10 1189.264 600.054 1345.975 679.694 -1 -1 -1 -1000 -1000 -1000 -10 0.00686853
Car -1 -1 -10 86.609 714.328 709.281 1139.219 -1 -1 -1 -1000 -1000 -1000 -10 0.00372115
Car -1 -1 -10 137.636 477.084 551.925 939.016 -1 -1 -1 -1000 -1000 -1000 -10 0.00348340
Car -1 -1 -10 668.684 495.677 1871.038 1191.480 -1 -1 -1 -1000 -1000 -1000 -10 0.00823798
Car -1 -1 -10 208.821 532.308 538.209 891.758 -1 -1 -1 -1000 -1000 -1000 -10 0.00330116
Car -1 -1 -10 96.052 660.512 836.230 1173.066 -1 -1 -1 -1000 -1000 -1000 -10 0.00323111
Car -1 -1 -10 184.694 695.733 582.093 959.458 -1 -1 -1 -1000 -1000 -1000 -10 0.00562253
Car -1 -1 -10 451.675 636.829 964.222 1185.826 -1 -1 -1 -1000 -1000 -1000 -10 0.00554147
Car -1 -1 -10 139.301 612.641 794.342 1086.165 -1 -1 -1 -1000 -1000 -1000 -10 0.00528337
Car -1 -1 -10 575.400 64.642 896.421 1192.678 -1 -1 -1 -1000 -1000 -1000 -10 0.00263167
Car -1 -1 -10 242.298 596.059 461.001 816.554 -1 -1 -1 -1000 -1000 -1000 -10 0.00259456
Car -1 -1 -10 370.776 145.558 679.483 1187.910 -1 -1 -1 -1000 -1000 -1000 -10 0.00510493
Car -1 -1 -10 470.037 139.572 778.433 1180.364 -1 -1 -1 -1000 -1000 -1000 -10 0.00502305
Car -1 -1 -10 183.168 573.519 574.305 861.990 -1 -1 -1 -1000 -1000 -1000 -10 0.00236379
Car -1 -1 -10 168.925 789.901 606.253 1054.011 -1 -1 -1 -1000 -1000 -1000 -10 0.00231659
Car -1 -1 -10 186.818 745.367 565.491 1185.939 -1 -1 -1 -1000 -1000 -1000 -10 0.00227329
Car -1 -1 -10 490.510 804.051 822.096 1194.120 -1 -1 -1 -1000 -1000 -1000 -10 0.00217135
Car -1 -1 -10 115.561 323.535 824.609 822.309 -1 -1 -1 -1000 -1000 -1000 -10 0.00213225
Car -1 -1 -10 702.472 641.974 939.653 1162.732 -1 -1 -1 -1000 -1000 -1000 -10 0.00210969
Car -1 -1 -10 181.173 1063.599 577.223 1200.000 -1 -1 -1 -1000 -1000 -1000 -10 0.00200304
Car -1 -1 -10 0.000 747.424 439.849 1195.467 -1 -1 -1 -1000 -1000 -1000 -10 0.00199391
