Car -1 -1 -10 310.946 609.161 408.477 684.533 -1 -1 -1 -1000 -1000 -1000 -10 0.68924707
Car -1 -1 -10 753.344 477.002 1920.000 1199.545 -1 -1 -1 -1000 -1000 -1000 -10 0.01239535
Car -1 -1 -10 1291.807 435.587 1887.954 810.241 -1 -1 -1 -1000 -1000 -1000 -10 0.00710031
Car -1 -1 -10 334.823 607.594 394.476 664.988 -1 -1 -1 -1000 -1000 -1000 -10 0.00171241
Car -1 -1 -10 335.175 1104.341 585.755 1200.000 -1 -1 -1 -1000 -1000 -1000 -10 0.00301371
Car -1 -1 -10 1172.915 515.163 1680.682 763.243 -1 -1 -1 -1000 -1000 -1000 -10 0.00153077
Car -1 -1 -10 348.229 588.813 542.697 1179.898 -1 -1 -1 -1000 -1000 -1000 -10 0.00258315
Car -1 -1 -10 308.540 681.386 554.571 1198.963 -1 -1 -1 -1000 -1000 -1000 -10 0.00243738
Car -1 -1 -10 999.735 430.229 1598.762 808.627 -1 -1 -1 -1000 -1000 -1000 -10 0.00139395
Car -1 -1 -10 1570.401 551.917 1920.000 1200.000 -1 -1 -1 -1000 -1000 -1000 -10 0.00392096
Car -1 -1 -10 1424.735 592.674 1920.000 1200.000 -1 -1 -1 -1000 -1000 -1000 -10 0.00135322
Car -1 -1 -10 1198.296 319.747 1764.964 713.902 -1 -1 -1 -1000 -1000 -1000 -10 0.00133266
Car -1 -1 -10 296.084 1157.249 335.010 1200.000 -1 -1 -1 -1000 -1000 -1000 -10 0.00232757
Car -1 -1 -10 277.670 1085.893 604.422 1200.000 -1 -1 -1 -1000 -1000 -1000 -10 0.00129513
Car -1 -1 -10 1375.743 533.913 1920.000 961.873 -1 -1 -1 -1000 -1000 -1000 -10 0.00128307
Car -1 -1 -10 232.197 1065.306 629.674 1200.000 -1 -1 -1 -1000 -1000 -1000 -10 0.00211294
Car -1 -1 -10 307.171 1157.899 345.654 1200.000 -1 -1 -1 -1000 -1000 -1000 -10 0.00219094
Car -1 -1 -10 1367.711 351.081 1684.571 964.913 -1 -1 -1 -1000 -1000 -1000 -10 0.00236258
Car -1 -1 -10 1416.569 281.244 1775.451 878.040 -1 -1 -1 -1000 -1000 -1000 -10 0.00119956
Car -1 -1 -10 286.886 1124.188 360.814 1200.000 -1 -1 -1 -1000 -1000 -1000 -10 0.00420077
Car -1 -1 -10 1467.695 305.980 1849.881 1012.196 -1 -1 -1 -1000 -1000 -1000 -10 0.00117469
Car -1 -1 -10 0.000 795.477 456.586 1198.437 -1 -1 -1 -1000 -1000 -1000 -10 0.00220440
Car -1 -1 -10 350.316 1157.758 389.273 1200.000 -1 -1 -1 -1000 -1000 -1000 -10 0.00111556
Car -1 -1 -10 1449.784 492.602 1618.159 584.101 -1 -1 -1 -1000 -1000 -1000 -10 0.00201209
Car -1 -1 -10 1152.692 390.193 1845.348 1104.768 -1 -1 -1 -1000 -1000 -1000 -10 0.00199821
Car -1 -1 -10 1046.100 549.961 1730.149 955.807 -1 -1 -1 -1000 -1000 -1000 -10 0.00104030
Car -1 -1 -10 612.192 582.201 804.922 1179.298 -1 -1 -1 -1000 -1000 -1000 -10 0.00271754
Car -1 -1 -10 1081.777 666.923 1341.997 1166.321 -1 -1 -1 -1000 -1000 -1000 -10 0.00098747
Car -1 -1 -10 1057.525 472.158 1718.331 840.497 -1 -1 -1 -1000 -1000 -1000 -10 0.00098104
Car -1 -1 -10 1043.796 756.553 1386.993 1091.145 -1 -1 -1 -1000 -1000 -1000 -10 0.00095918
Car -1 -1 -10 647.470 1095.377 815.023 1191.367 -1 -1 -1 -1000 -1000 -1000 -10 0.00092934
Car -1 -1 -10 560.154 1104.933 809.926 1200.000 -1 -1 -1 -1000 -1000 -1000 -10 0.00092776
Car -1 -1 -10 955.427 598.780 1669.715 1103.842 -1 -1 -1 -1000 -1000 -1000 -10 0.00091922
Car -1 -1 -10 1499.122 413.910 1808.482 562.275 -1 -1 -1 -1000 -1000 -1000 -10 0.00090160
Car -1 -1 -10 711.059 1095.549 875.108 1188.902 -1 -1 -1 -1000 -1000 -1000 -10 0.00088839
Car -1 -1 -10 752.613 1157.188 790.115 1200.000 -1 -1 -1 -1000 -1000 -1000 -10 0.00086024
Car -1 -1 -10 1384.368 405.843 1676.890 567.408 -1 -1 -1 -1000 -1000 -1000 -10 0.00085598
Car -1 -1 -10 381.267 740.196 507.618 1200.000 -1 -1 -1 -1000 -1000 -1000 -10 0.00085156
Car -1 -1 -10 1428.715 435.646 1726.625 589.269 -1 -1 -1 -1000 -1000 -1000 -10 0.00083243
