Car -1 -1 -10 576.131 622.877 676.701 692.271 -1 -1 -1 -1000 -1000 -1000 -10 0.98038194
Car -1 -1 -10 799.958 609.947 859.811 662.262 -1 -1 -1 -1000 -1000 -1000 -10 0.63569989
Car -1 -1 -10 510.410 633.971 563.918 682.867 -1 -1 -1 -1000 -1000 -1000 -10 0.01743044
Car -1 -1 -10 0.000 0.000 418.660 318.576 -1 -1 -1 -1000 -1000 -1000 -10 0.00363689
Car -1 -1 -10 0.000 798.911 454.835 1198.643 -1 -1 -1 -1000 -1000 -1000 -10 0.00427015
Car -1 -1 -10 0.000 0.000 403.780 684.773 -1 -1 -1 -1000 -1000 -1000 -10 0.00136859
Car -1 -1 -10 276.048 1047.028 694.401 1200.000 -1 -1 -1 -1000 -1000 -1000 -10 0.00237618
Car -1 -1 -10 11.593 673.713 253.566 1200.000 -1 -1 -1 -1000 -1000 -1000 -10 0.00218370
Car -1 -1 -10 402.358 0.000 1080.399 274.995 -1 -1 -1 -1000 -1000 -1000 -10 0.00116848
Car -1 -1 -10 478.492 1127.749 545.647 1200.000 -1 -1 -1 -1000 -1000 -1000 -10 0.00108510
Car -1 -1 -10 609.969 0.000 1040.995 294.502 -1 -1 -1 -1000 -1000 -1000 -10 0.00107562
Car -1 -1 -10 846.583 0.000 923.852 75.697 -1 -1 -1 -1000 -1000 -1000 -10 0.00106561
Car -1 -1 -10 403.448 645.078 580.626 1192.545 -1 -1 -1 -1000 -1000 -1000 -10 0.00105489
Car -1 -1 -10 515.254 687.633 753.259 1199.918 -1 -1 -1 -1000 -1000 -1000 -10 0.00104878
Car -1 -1 -10 535.615 6.225 1119.246 269.658 -1 -1 -1 -1000 -1000 -1000 -10 0.00101785
Car -1 -1 -10 411.291 826.826 571.343 1200.000 -1 -1 -1 -1000 -1000 -1000 -10 0.00100976
Car -1 -1 -10 355.950 1102.538 605.641 1200.000 -1 -1 -1 -1000 -1000 -1000 -10 0.00100851
Car -1 -1 -10 0.000 0.000 308.589 370.267 -1 -1 -1 -1000 -1000 -1000 -10 0.00100790
Car -1 -1 -10 0.000 5.049 224.379 219.112 -1 -1 -1 -1000 -1000 -1000 -10 0.00098663
Car -1 -1 -10 529.437 1103.550 772.834 1200.000 -1 -1 -1 -1000 -1000 -1000 -10 0.00098089
Car -1 -1 -10 855.902 0.000 915.034 107.579 -1 -1 -1 -1000 -1000 -1000 -10 0.00097929
Car -1 -1 -10 851.739 659.673 1041.655 1187.121 -1 -1 -1 -1000 -1000 -1000 -10 0.00095516
Car -1 -1 -10 329.571 0.000 1203.858 319.332 -1 -1 -1 -1000 -1000 -1000 -10 0.00181220
Car -1 -1 -10 411.787 1092.112 579.468 1190.458 -1 -1 -1 -1000 -1000 -1000 -10 0.00094716
Car -1 -1 -10 319.526 804.154 667.495 1197.199 -1 -1 -1 -1000 -1000 -1000 -10 0.00172597
Car -1 -1 -10 562.521 1103.796 744.247 1200.000 -1 -1 -1 -1000 -1000 -1000 -10 0.00091721
Car -1 -1 -10 698.657 23.003 951.774 470.284 -1 -1 -1 -1000 -1000 -1000 -10 0.00174135
Car -1 -1 -10 564.239 775.187 1120.714 1188.660 -1 -1 -1 -1000 -1000 -1000 -10 0.00091519
Car -1 -1 -10 376.250 939.137 605.995 1200.000 -1 -1 -1 -1000 -1000 -1000 -10 0.00090407
Car -1 -1 -10 613.978 5.753 983.930 374.329 -1 -1 -1 -1000 -1000 -1000 -10 0.00090376
Car -1 -1 -10 0.000 0.000 295.602 213.668 -1 -1 -1 -1000 -1000 -1000 -10 0.00089826
Car -1 -1 -10 487.156 1158.289 525.380 1200.000 -1 -1 -1 -1000 -1000 -1000 -10 0.00172022
Car -1 -1 -10 449.880 1050.124 858.498 1200.000 -1 -1 -1 -1000 -1000 -1000 -10 0.00159645
Car -1 -1 -10 476.653 1087.978 535.466 1200.000 -1 -1 -1 -1000 -1000 -1000 -10 0.00087586
Car -1 -1 -10 0.000 642.529 105.984 729.332 -1 -1 -1 -1000 -1000 -1000 -10 0.00087506
Car -1 -1 -10 586.225 1157.888 624.725 1200.000 -1 -1 -1 -1000 -1000 -1000 -10 0.00156640
Car -1 -1 -10 697.157 24.435 978.680 193.722 -1 -1 -1 -1000 -1000 -1000 -10 0.00085763
Car -1 -1 -10 0.000 54.273 124.442 170.315 -1 -1 -1 -1000 -1000 -1000 -10 0.00168212
Car -1 -1 -10 0.000 23.147 193.658 197.298 -1 -1 -1 -1000 -1000 -1000 -10 0.00084807
Car -1 -1 -10 852.388 0.000 918.034 41.999 -1 -1 -1 -1000 -1000 -1000 -10 0.00084804
Car -1 -1 -10 3.844 585.748 536.497 1135.420 -1 -1 -1 -1000 -1000 -1000 -10 0.00083430
Car -1 -1 -10 642.174 0.000 1084.140 174.483 -1 -1 -1 -1000 -1000 -1000 -10 0.00082386
Car -1 -1 -10 643.356 615.877 860.667 1191.626 -1 -1 -1 -1000 -1000 -1000 -10 0.00082244
Car -1 -1 -10 0.000 537.102 916.779 1200.000 -1 -1 -1 -1000 -1000 -1000 -10 0.00163744
Car -1 -1 -10 485.661 0.000 1079.856 206.690 -1 -1 -1 -1000 -1000 -1000 -10 0.00081329
Car -1 -1 -10 461.482 585.308 664.520 1184.700 -1 -1 -1 -1000 -1000 -1000 -10 0.00081083
Car -1 -1 -10 538.224 587.106 733.429 1181.374 -1 -1 -1 -1000 -1000 -1000 -10 0.00080024
Car -1 -1 -10 758.457 644.513 948.143 1190.520 -1 -1 -1 -1000 -1000 -1000 -10 0.00078635
Car -1 -1 -10 835.271 1157.472 873.038 1200.000 -1 -1 -1 -1000 -1000 -1000 -10 0.00078450
Car -1 -1 -10 0.000 624.177 110.494 716.037 -1 -1 -1 -1000 -1000 -1000 -10 0.00078365
Car -1 -1 -10 560.745 38.192 923.693 714.706 -1 -1 -1 -1000 -1000 -1000 -10 0.00078155
Car -1 -1 -10 573.812 1128.725 642.012 1200.000 -1 -1 -1 -1000 -1000 -1000 -10 0.00077990
Car -1 -1 -10 713.707 37.169 894.037 513.073 -1 -1 -1 -1000 -1000 -1000 -10 0.00077919
Car -1 -1 -10 658.814 23.050 909.657 474.342 -1 -1 -1 -1000 -1000 -1000 -10 0.00076836
Car -1 -1 -10 838.730 1.280 926.502 176.506 -1 -1 -1 -1000 -1000 -1000 -10 0.00076733
Car -1 -1 -10 0.000 939.160 320.164 1200.000 -1 -1 -1 -1000 -1000 -1000 -10 0.00075098
Car -1 -1 -10 693.297 45.898 991.968 844.258 -1 -1 -1 -1000 -1000 -1000 -10 0.00073354
Car -1 -1 -10 794.692 524.839 848.501 720.647 -1 -1 -1 -1000 -1000 -1000 -10 0.00072698
Car -1 -1 -10 346.020 588.292 542.343 1182.630 -1 -1 -1 -1000 -1000 -1000 -10 0.00071821
Car -1 -1 -10 0.000 1.740 117.347 125.119 -1 -1 -1 -1000 -1000 -1000 -10 0.00071638
Car -1 -1 -10 551.090 7.096 860.086 366.811 -1 -1 -1 -1000 -1000 -1000 -10 0.00071471
Car -1 -1 -10 482.558 1.355 997.555 549.827 -1 -1 -1 -1000 -1000 -1000 -10 0.00070819
Car -1 -1 -10 767.948 2.105 935.054 332.661 -1 -1 -1 -1000 -1000 -1000 -10 0.00070785
Car -1 -1 -10 699.633 0.000 1030.948 117.025 -1 -1 -1 -1000 -1000 -1000 -10 0.00070591
Car -1 -1 -10 786.459 37.825 964.489 507.975 -1 -1 -1 -1000 -1000 -1000 -10 0.00069218
