Car -1 -1 -10 0.000 550.511 1121.374 1197.264 -1 -1 -1 -1000 -1000 -1000 -10 0.03492224
Car -1 -1 -10 945.617 526.014 1920.000 1195.486 -1 -1 -1 -1000 -1000 -1000 -10 0.01458528
Car -1 -1 -10 307.381 777.447 1209.614 1191.955 -1 -1 -1 -1000 -1000 -1000 -10 0.02962434
Car -1 -1 -10 963.003 776.857 1886.866 1192.818 -1 -1 -1 -1000 -1000 -1000 -10 0.01426007
Car -1 -1 -10 541.921 519.421 1789.731 1198.221 -1 -1 -1 -1000 -1000 -1000 -10 0.01922825
Car -1 -1 -10 1159.751 783.687 1920.000 1197.471 -1 -1 -1 -1000 -1000 -1000 -10 0.01272845
Car -1 -1 -10 497.735 747.415 1444.834 1199.288 -1 -1 -1 -1000 -1000 -1000 -10 0.00681161
Car -1 -1 -10 0.000 811.761 741.184 1197.266 -1 -1 -1 -1000 -1000 -1000 -10 0.01011284
Car -1 -1 -10 0.000 819.760 526.554 1200.000 -1 -1 -1 -1000 -1000 -1000 -10 0.00489404
Car -1 -1 -10 145.400 793.360 857.166 1200.000 -1 -1 -1 -1000 -1000 -1000 -10 0.00478148
Car -1 -1 -10 0.000 637.732 480.489 1197.852 -1 -1 -1 -1000 -1000 -1000 -10 0.00864448
Car -1 -1 -10 667.814 777.935 1569.439 1193.748 -1 -1 -1 -1000 -1000 -1000 -10 0.00397031
Car -1 -1 -10 24.872 845.274 895.863 1200.000 -1 -1 -1 -1000 -1000 -1000 -10 0.00374781
Car -1 -1 -10 1442.355 695.962 1920.000 1198.817 -1 -1 -1 -1000 -1000 -1000 -10 0.00356389
Car -1 -1 -10 741.034 725.300 1458.609 1200.000 -1 -1 -1 -1000 -1000 -1000 -10 0.00337877
Car -1 -1 -10 833.394 851.275 1713.954 1200.000 -1 -1 -1 -1000 -1000 -1000 -10 0.00332318
