Car -1 -1 -10 1.109 10.675 1593.324 1172.996 -1 -1 -1 -1000 -1000 -1000 -10 0.05979533
Car -1 -1 -10 496.184 20.140 1919.414 1171.375 -1 -1 -1 -1000 -1000 -1000 -10 0.05940706
Car -1 -1 -10 0.000 452.615 1381.910 1199.447 -1 -1 -1 -1000 -1000 -1000 -10 0.04476802
Car -1 -1 -10 0.000 135.773 743.314 1200.000 -1 -1 -1 -1000 -1000 -1000 -10 0.03246669
Car -1 -1 -10 1173.770 22.864 1920.000 1163.067 -1 -1 -1 -1000 -1000 -1000 -10 0.02861136
Car -1 -1 -10 814.546 465.219 1920.000 1200.000 -1 -1 -1 -1000 -1000 -1000 -10 0.01975031
Car -1 -1 -10 0.000 202.688 522.086 1200.000 -1 -1 -1 -1000 -1000 -1000 -10 0.02084540
Car -1 -1 -10 0.000 68.892 912.150 933.452 -1 -1 -1 -1000 -1000 -1000 -10 0.02301895
Car -1 -1 -10 1405.935 183.036 1920.000 1200.000 -1 -1 -1 -1000 -1000 -1000 -10 0.00814153
Car -1 -1 -10 548.433 633.306 838.687 786.027 -1 -1 -1 -1000 -1000 -1000 -10 0.01923616
Car -1 -1 -10 1148.166 605.330 1381.383 725.073 -1 -1 -1 -1000 -1000 -1000 -10 0.00785643
Car -1 -1 -10 658.621 660.840 816.077 767.104 -1 -1 -1 -1000 -1000 -1000 -10 0.01352641
Car -1 -1 -10 725.922 610.345 1023.054 761.625 -1 -1 -1 -1000 -1000 -1000 -10 0.01488947
Car -1 -1 -10 1396.273 31.455 1920.000 1062.255 -1 -1 -1 -1000 -1000 -1000 -10 0.00751829
Car -1 -1 -10 0.000 411.391 625.020 877.416 -1 -1 -1 -1000 -1000 -1000 -10 0.01371433
Car -1 -1 -10 47.524 382.130 1024.214 888.420 -1 -1 -1 -1000 -1000 -1000 -10 0.00713606
Car -1 -1 -10 1033.615 297.309 1916.793 1147.710 -1 -1 -1 -1000 -1000 -1000 -10 0.01176416
Car -1 -1 -10 508.477 555.613 965.314 805.937 -1 -1 -1 -1000 -1000 -1000 -10 0.01105905
Car -1 -1 -10 0.000 550.060 542.689 1200.000 -1 -1 -1 -1000 -1000 -1000 -10 0.01170055
Car -1 -1 -10 272.738 72.111 1293.628 931.074 -1 -1 -1 -1000 -1000 -1000 -10 0.00630691
Car -1 -1 -10 461.297 542.017 1191.786 975.338 -1 -1 -1 -1000 -1000 -1000 -10 0.00615400
Car -1 -1 -10 326.346 503.806 1268.859 1027.508 -1 -1 -1 -1000 -1000 -1000 -10 0.00613807
Car -1 -1 -10 1187.545 619.932 1356.535 711.990 -1 -1 -1 -1000 -1000 -1000 -10 0.01704210
Car -1 -1 -10 664.671 474.804 1595.154 1200.000 -1 -1 -1 -1000 -1000 -1000 -10 0.00601301
Car -1 -1 -10 180.031 441.226 875.897 845.047 -1 -1 -1 -1000 -1000 -1000 -10 0.01705681
Car -1 -1 -10 1316.096 530.324 1918.945 962.090 -1 -1 -1 -1000 -1000 -1000 -10 0.01138497
Car -1 -1 -10 1247.089 638.027 1348.541 727.880 -1 -1 -1 -1000 -1000 -1000 -10 0.00578332
Car -1 -1 -10 414.226 549.672 1049.212 922.888 -1 -1 -1 -1000 -1000 -1000 -10 0.01113108
Car -1 -1 -10 320.647 496.628 1216.601 1200.000 -1 -1 -1 -1000 -1000 -1000 -10 0.00575381
Car -1 -1 -10 18.165 36.906 302.224 1194.248 -1 -1 -1 -1000 -1000 -1000 -10 0.01549371
Car -1 -1 -10 374.675 303.008 800.800 734.891 -1 -1 -1 -1000 -1000 -1000 -10 0.00564130
Car -1 -1 -10 542.911 227.754 676.008 969.494 -1 -1 -1 -1000 -1000 -1000 -10 0.00552446
Car -1 -1 -10 1334.040 337.313 1920.000 760.287 -1 -1 -1 -1000 -1000 -1000 -10 0.01076884
Car -1 -1 -10 356.502 178.851 488.636 916.355 -1 -1 -1 -1000 -1000 -1000 -10 0.00543431
Car -1 -1 -10 1237.789 618.607 1404.372 712.659 -1 -1 -1 -1000 -1000 -1000 -10 0.00527741
Car -1 -1 -10 11.202 27.403 428.870 847.515 -1 -1 -1 -1000 -1000 -1000 -10 0.00519163
Car -1 -1 -10 776.024 306.727 982.234 1070.628 -1 -1 -1 -1000 -1000 -1000 -10 0.00516459
Car -1 -1 -10 1014.703 497.867 1920.000 1018.051 -1 -1 -1 -1000 -1000 -1000 -10 0.00511669
Car -1 -1 -10 1124.663 597.928 1431.772 733.275 -1 -1 -1 -1000 -1000 -1000 -10 0.01422176
Car -1 -1 -10 181.820 326.159 609.358 731.780 -1 -1 -1 -1000 -1000 -1000 -10 0.00507852
Car -1 -1 -10 44.738 0.000 584.762 963.024 -1 -1 -1 -1000 -1000 -1000 -10 0.00507000
Car -1 -1 -10 0.000 581.972 310.443 1200.000 -1 -1 -1 -1000 -1000 -1000 -10 0.00505250
Car -1 -1 -10 642.489 572.080 1110.974 837.996 -1 -1 -1 -1000 -1000 -1000 -10 0.00993407
Car -1 -1 -10 379.849 15.547 898.533 1029.039 -1 -1 -1 -1000 -1000 -1000 -10 0.00502777
Car -1 -1 -10 1177.460 553.200 1879.018 942.185 -1 -1 -1 -1000 -1000 -1000 -10 0.00502268
Car -1 -1 -10 77.415 213.175 286.612 978.173 -1 -1 -1 -1000 -1000 -1000 -10 0.00501411
Car -1 -1 -10 468.344 76.732 746.776 1189.473 -1 -1 -1 -1000 -1000 -1000 -10 0.00943221
Car -1 -1 -10 707.861 116.380 964.013 1187.610 -1 -1 -1 -1000 -1000 -1000 -10 0.00492303
Car -1 -1 -10 250.632 341.553 637.166 707.514 -1 -1 -1 -1000 -1000 -1000 -10 0.00489375
Car -1 -1 -10 376.600 233.882 508.564 975.084 -1 -1 -1 -1000 -1000 -1000 -10 0.00482942
Car -1 -1 -10 828.550 640.595 996.926 736.913 -1 -1 -1 -1000 -1000 -1000 -10 0.00482200
Car -1 -1 -10 787.878 638.377 949.838 739.405 -1 -1 -1 -1000 -1000 -1000 -10 0.00936159
Car -1 -1 -10 328.531 186.477 460.045 926.552 -1 -1 -1 -1000 -1000 -1000 -10 0.00481211
Car -1 -1 -10 634.661 313.261 822.796 999.341 -1 -1 -1 -1000 -1000 -1000 -10 0.00470090
Car -1 -1 -10 427.885 176.347 560.363 918.618 -1 -1 -1 -1000 -1000 -1000 -10 0.00461280
Car -1 -1 -10 630.271 615.115 937.159 762.165 -1 -1 -1 -1000 -1000 -1000 -10 0.00459289
Car -1 -1 -10 530.227 458.233 1198.326 842.462 -1 -1 -1 -1000 -1000 -1000 -10 0.00445983
Car -1 -1 -10 382.184 344.255 1046.710 758.787 -1 -1 -1 -1000 -1000 -1000 -10 0.00443850
Car -1 -1 -10 616.077 15.996 877.034 1068.293 -1 -1 -1 -1000 -1000 -1000 -10 0.00440331
Car -1 -1 -10 10.265 334.123 657.901 769.909 -1 -1 -1 -1000 -1000 -1000 -10 0.00431541
Car -1 -1 -10 1195.639 638.650 1296.811 724.932 -1 -1 -1 -1000 -1000 -1000 -10 0.00422640
Car -1 -1 -10 329.124 11.193 590.360 1083.030 -1 -1 -1 -1000 -1000 -1000 -10 0.00417379
