Car -1 -1 -10 1167.868 541.194 1353.257 684.869 -1 -1 -1 -1000 -1000 -1000 -10 0.99998826
Car -1 -1 -10 408.939 500.664 1631.597 1183.503 -1 -1 -1 -1000 -1000 -1000 -10 0.01542640
Car -1 -1 -10 1198.126 1156.995 1235.384 1200.000 -1 -1 -1 -1000 -1000 -1000 -10 0.00884597
Car -1 -1 -10 1622.786 1156.438 1658.413 1200.000 -1 -1 -1 -1000 -1000 -1000 -10 0.00447834
Car -1 -1 -10 857.749 1043.086 1281.544 1200.000 -1 -1 -1 -1000 -1000 -1000 -10 0.00827478
Car -1 -1 -10 851.945 831.036 1200.093 1193.495 -1 -1 -1 -1000 -1000 -1000 -10 0.00376567
Car -1 -1 -10 1472.516 1157.196 1508.359 1200.000 -1 -1 -1 -1000 -1000 -1000 -10 0.00360025
Car -1 -1 -10 245.526 504.427 1456.102 1197.101 -1 -1 -1 -1000 -1000 -1000 -10 0.00330228
Car -1 -1 -10 1071.837 1083.337 1130.893 1200.000 -1 -1 -1 -1000 -1000 -1000 -10 0.00759716
Car -1 -1 -10 1207.704 1157.031 1245.609 1200.000 -1 -1 -1 -1000 -1000 -1000 -10 0.00314835
Car -1 -1 -10 1057.487 1121.795 1095.997 1200.000 -1 -1 -1 -1000 -1000 -1000 -10 0.00559001
Car -1 -1 -10 919.809 889.787 1216.485 1200.000 -1 -1 -1 -1000 -1000 -1000 -10 0.00308964
Car -1 -1 -10 897.884 1136.984 1005.381 1200.000 -1 -1 -1 -1000 -1000 -1000 -10 0.00305034
Car -1 -1 -10 993.461 1088.888 1157.953 1189.090 -1 -1 -1 -1000 -1000 -1000 -10 0.00752233
Car -1 -1 -10 985.622 1071.745 1219.040 1194.296 -1 -1 -1 -1000 -1000 -1000 -10 0.00294793
Car -1 -1 -10 1027.926 1068.352 1188.999 1166.235 -1 -1 -1 -1000 -1000 -1000 -10 0.00495182
Car -1 -1 -10 1059.050 1090.447 1225.410 1190.964 -1 -1 -1 -1000 -1000 -1000 -10 0.00577828
Car -1 -1 -10 1587.454 1156.944 1623.998 1200.000 -1 -1 -1 -1000 -1000 -1000 -10 0.00480925
Car -1 -1 -10 1266.012 786.162 1920.000 1200.000 -1 -1 -1 -1000 -1000 -1000 -10 0.00492668
Car -1 -1 -10 1045.275 1084.321 1104.109 1200.000 -1 -1 -1 -1000 -1000 -1000 -10 0.00745735
Car -1 -1 -10 782.791 1045.213 1205.551 1200.000 -1 -1 -1 -1000 -1000 -1000 -10 0.00511150
Car -1 -1 -10 565.432 1156.119 603.175 1200.000 -1 -1 -1 -1000 -1000 -1000 -10 0.00274524
Car -1 -1 -10 1256.818 1157.397 1294.509 1200.000 -1 -1 -1 -1000 -1000 -1000 -10 0.00462522
Car -1 -1 -10 904.291 1099.549 1079.532 1200.000 -1 -1 -1 -1000 -1000 -1000 -10 0.00513548
Car -1 -1 -10 1133.937 1093.031 1295.640 1190.018 -1 -1 -1 -1000 -1000 -1000 -10 0.00485304
Car -1 -1 -10 881.088 944.220 1112.257 1200.000 -1 -1 -1 -1000 -1000 -1000 -10 0.00259355
Car -1 -1 -10 559.280 1121.375 598.788 1200.000 -1 -1 -1 -1000 -1000 -1000 -10 0.00257179
Car -1 -1 -10 571.496 1083.504 887.711 1200.000 -1 -1 -1 -1000 -1000 -1000 -10 0.00979735
Car -1 -1 -10 1164.038 1138.354 1273.222 1200.000 -1 -1 -1 -1000 -1000 -1000 -10 0.00439858
Car -1 -1 -10 949.318 1059.590 1340.672 1200.000 -1 -1 -1 -1000 -1000 -1000 -10 0.00247399
Car -1 -1 -10 991.131 1082.338 1311.739 1200.000 -1 -1 -1 -1000 -1000 -1000 -10 0.00246495
Car -1 -1 -10 942.479 1141.228 994.872 1200.000 -1 -1 -1 -1000 -1000 -1000 -10 0.00245546
Car -1 -1 -10 787.997 1155.853 826.865 1200.000 -1 -1 -1 -1000 -1000 -1000 -10 0.00423447
Car -1 -1 -10 705.171 1083.545 764.395 1200.000 -1 -1 -1 -1000 -1000 -1000 -10 0.00239715
Car -1 -1 -10 1478.085 1157.371 1514.879 1200.000 -1 -1 -1 -1000 -1000 -1000 -10 0.00238479
Car -1 -1 -10 1154.662 1085.437 1214.222 1200.000 -1 -1 -1 -1000 -1000 -1000 -10 0.00238454
Car -1 -1 -10 942.691 1155.340 982.187 1200.000 -1 -1 -1 -1000 -1000 -1000 -10 0.00235514
Car -1 -1 -10 1266.669 1157.832 1305.256 1200.000 -1 -1 -1 -1000 -1000 -1000 -10 0.00231788
Car -1 -1 -10 1243.677 1155.996 1281.111 1200.000 -1 -1 -1 -1000 -1000 -1000 -10 0.00227684
Car -1 -1 -10 901.953 785.415 1088.177 1195.500 -1 -1 -1 -1000 -1000 -1000 -10 0.00227573
Car -1 -1 -10 1628.102 1156.857 1664.877 1200.000 -1 -1 -1 -1000 -1000 -1000 -10 0.00226423
Car -1 -1 -10 925.419 1122.796 963.711 1200.000 -1 -1 -1 -1000 -1000 -1000 -10 0.00226149
Car -1 -1 -10 579.636 1082.855 638.894 1200.000 -1 -1 -1 -1000 -1000 -1000 -10 0.00225518
Car -1 -1 -10 457.759 1157.121 497.030 1200.000 -1 -1 -1 -1000 -1000 -1000 -10 0.00414246
Car -1 -1 -10 799.996 839.654 1143.245 1193.102 -1 -1 -1 -1000 -1000 -1000 -10 0.00221545
Car -1 -1 -10 997.326 950.991 1234.270 1200.000 -1 -1 -1 -1000 -1000 -1000 -10 0.00219159
Car -1 -1 -10 1021.338 1098.430 1276.894 1200.000 -1 -1 -1 -1000 -1000 -1000 -10 0.00218469
Car -1 -1 -10 993.721 722.043 1146.178 1200.000 -1 -1 -1 -1000 -1000 -1000 -10 0.00218377
Car -1 -1 -10 645.897 1088.135 809.856 1191.021 -1 -1 -1 -1000 -1000 -1000 -10 0.00403833
Car -1 -1 -10 911.006 1119.587 990.966 1200.000 -1 -1 -1 -1000 -1000 -1000 -10 0.00217263
Car -1 -1 -10 852.967 893.538 1142.306 1200.000 -1 -1 -1 -1000 -1000 -1000 -10 0.00213924
Car -1 -1 -10 1145.008 1119.779 1224.625 1200.000 -1 -1 -1 -1000 -1000 -1000 -10 0.00213742
Car -1 -1 -10 1191.425 1084.758 1250.574 1200.000 -1 -1 -1 -1000 -1000 -1000 -10 0.00211629
Car -1 -1 -10 870.787 1102.053 1122.616 1200.000 -1 -1 -1 -1000 -1000 -1000 -10 0.00392509
Car -1 -1 -10 640.280 794.393 1316.729 1200.000 -1 -1 -1 -1000 -1000 -1000 -10 0.00209979
Car -1 -1 -10 777.731 1085.885 836.614 1200.000 -1 -1 -1 -1000 -1000 -1000 -10 0.00401896
Car -1 -1 -10 558.332 1125.999 623.716 1200.000 -1 -1 -1 -1000 -1000 -1000 -10 0.00201412
Car -1 -1 -10 913.375 1066.847 1074.912 1165.589 -1 -1 -1 -1000 -1000 -1000 -10 0.00383376
Car -1 -1 -10 1175.296 1118.954 1255.088 1200.000 -1 -1 -1 -1000 -1000 -1000 -10 0.00197341
Car -1 -1 -10 579.559 791.105 932.998 1197.032 -1 -1 -1 -1000 -1000 -1000 -10 0.00197325
Car -1 -1 -10 753.023 1082.865 813.105 1200.000 -1 -1 -1 -1000 -1000 -1000 -10 0.00196907
Car -1 -1 -10 1124.966 1083.137 1185.255 1200.000 -1 -1 -1 -1000 -1000 -1000 -10 0.00195244
Car -1 -1 -10 1165.742 1124.227 1204.705 1200.000 -1 -1 -1 -1000 -1000 -1000 -10 0.00194308
Car -1 -1 -10 674.265 1081.045 735.241 1200.000 -1 -1 -1 -1000 -1000 -1000 -10 0.00193315
Car -1 -1 -10 695.194 1118.525 774.292 1200.000 -1 -1 -1 -1000 -1000 -1000 -10 0.00191790
Car -1 -1 -10 578.725 1156.694 616.254 1200.000 -1 -1 -1 -1000 -1000 -1000 -10 0.00186875
Car -1 -1 -10 903.894 1098.873 1011.040 1200.000 -1 -1 -1 -1000 -1000 -1000 -10 0.00185385
Car -1 -1 -10 1215.279 1082.916 1273.865 1200.000 -1 -1 -1 -1000 -1000 -1000 -10 0.00184906
Car -1 -1 -10 668.668 939.965 1301.368 1200.000 -1 -1 -1 -1000 -1000 -1000 -10 0.00184091
Car -1 -1 -10 932.324 769.581 1060.191 1200.000 -1 -1 -1 -1000 -1000 -1000 -10 0.00180765
Car -1 -1 -10 1453.409 808.688 1920.000 1200.000 -1 -1 -1 -1000 -1000 -1000 -10 0.00176080
Car -1 -1 -10 550.801 1117.565 630.035 1200.000 -1 -1 -1 -1000 -1000 -1000 -10 0.00175059
Car -1 -1 -10 598.406 1087.007 656.810 1200.000 -1 -1 -1 -1000 -1000 -1000 -10 0.00172779
Car -1 -1 -10 709.762 1123.721 748.528 1200.000 -1 -1 -1 -1000 -1000 -1000 -10 0.00166704
Car -1 -1 -10 1214.650 1155.865 1252.190 1200.000 -1 -1 -1 -1000 -1000 -1000 -10 0.00165894
Car -1 -1 -10 579.999 1102.458 750.308 1200.000 -1 -1 -1 -1000 -1000 -1000 -10 0.00164856
