Car -1 -1 -10 675.580 608.897 728.917 659.226 -1 -1 -1 -1000 -1000 -1000 -10 0.07340331
Car -1 -1 -10 26.879 183.127 1458.371 1200.000 -1 -1 -1 -1000 -1000 -1000 -10 0.00405524
Car -1 -1 -10 0.000 490.836 937.751 1198.634 -1 -1 -1 -1000 -1000 -1000 -10 0.00984275
Car -1 -1 -10 595.510 14.771 1896.819 1153.483 -1 -1 -1 -1000 -1000 -1000 -10 0.00612232
Car -1 -1 -10 705.073 1158.835 742.223 1200.000 -1 -1 -1 -1000 -1000 -1000 -10 0.00324970
Car -1 -1 -10 655.362 1158.365 692.950 1200.000 -1 -1 -1 -1000 -1000 -1000 -10 0.00470032
Car -1 -1 -10 59.951 362.664 735.366 746.397 -1 -1 -1 -1000 -1000 -1000 -10 0.00528113
Car -1 -1 -10 1472.777 346.691 1920.000 699.935 -1 -1 -1 -1000 -1000 -1000 -10 0.00635627
Car -1 -1 -10 1595.379 499.548 1920.000 840.787 -1 -1 -1 -1000 -1000 -1000 -10 0.00408830
Car -1 -1 -10 757.226 479.190 1920.000 1200.000 -1 -1 -1 -1000 -1000 -1000 -10 0.00605027
Car -1 -1 -10 698.604 1158.590 735.775 1200.000 -1 -1 -1 -1000 -1000 -1000 -10 0.00233797
Car -1 -1 -10 1831.956 575.835 1920.000 746.316 -1 -1 -1 -1000 -1000 -1000 -10 0.00424141
Car -1 -1 -10 1702.953 529.725 1920.000 693.807 -1 -1 -1 -1000 -1000 -1000 -10 0.00212712
Car -1 -1 -10 1751.037 549.377 1920.000 716.127 -1 -1 -1 -1000 -1000 -1000 -10 0.00212156
Car -1 -1 -10 1582.650 450.842 1915.177 797.781 -1 -1 -1 -1000 -1000 -1000 -10 0.00209152
Car -1 -1 -10 1441.602 413.782 1920.000 1020.882 -1 -1 -1 -1000 -1000 -1000 -10 0.00652036
Car -1 -1 -10 304.127 204.504 486.655 899.917 -1 -1 -1 -1000 -1000 -1000 -10 0.00200273
Car -1 -1 -10 375.601 209.304 557.350 898.467 -1 -1 -1 -1000 -1000 -1000 -10 0.00198478
Car -1 -1 -10 659.922 1141.672 771.105 1200.000 -1 -1 -1 -1000 -1000 -1000 -10 0.00197234
Car -1 -1 -10 281.451 66.212 538.889 1091.122 -1 -1 -1 -1000 -1000 -1000 -10 0.00196267
Car -1 -1 -10 165.340 413.356 591.399 649.240 -1 -1 -1 -1000 -1000 -1000 -10 0.00193718
Car -1 -1 -10 25.834 342.126 613.716 707.995 -1 -1 -1 -1000 -1000 -1000 -10 0.00190125
Car -1 -1 -10 1678.486 555.064 1920.000 888.209 -1 -1 -1 -1000 -1000 -1000 -10 0.00189908
Car -1 -1 -10 230.934 257.907 414.698 945.987 -1 -1 -1 -1000 -1000 -1000 -10 0.00189140
Car -1 -1 -10 1657.316 460.655 1920.000 702.236 -1 -1 -1 -1000 -1000 -1000 -10 0.00186446
Car -1 -1 -10 1004.460 517.152 1531.748 838.880 -1 -1 -1 -1000 -1000 -1000 -10 0.00185961
Car -1 -1 -10 687.338 1158.192 725.504 1200.000 -1 -1 -1 -1000 -1000 -1000 -10 0.00185370
Car -1 -1 -10 0.000 526.370 699.763 983.553 -1 -1 -1 -1000 -1000 -1000 -10 0.00360712
Car -1 -1 -10 251.058 54.884 467.745 1162.820 -1 -1 -1 -1000 -1000 -1000 -10 0.00177437
Car -1 -1 -10 1776.523 550.401 1906.241 673.859 -1 -1 -1 -1000 -1000 -1000 -10 0.00174468
Car -1 -1 -10 1679.544 512.745 1920.000 836.881 -1 -1 -1 -1000 -1000 -1000 -10 0.00171278
Car -1 -1 -10 170.959 117.899 457.995 1200.000 -1 -1 -1 -1000 -1000 -1000 -10 0.00166817
Car -1 -1 -10 1726.421 481.015 1917.399 697.036 -1 -1 -1 -1000 -1000 -1000 -10 0.00304911
Car -1 -1 -10 0.000 806.943 462.026 1200.000 -1 -1 -1 -1000 -1000 -1000 -10 0.00290571
Car -1 -1 -10 1761.952 571.354 1920.000 791.476 -1 -1 -1 -1000 -1000 -1000 -10 0.00150779
Car -1 -1 -10 191.508 284.840 785.639 657.363 -1 -1 -1 -1000 -1000 -1000 -10 0.00145064
Car -1 -1 -10 752.945 1157.874 789.735 1200.000 -1 -1 -1 -1000 -1000 -1000 -10 0.00139857
Car -1 -1 -10 154.798 452.922 600.083 690.398 -1 -1 -1 -1000 -1000 -1000 -10 0.00137905
Car -1 -1 -10 1109.956 569.832 1258.551 654.901 -1 -1 -1 -1000 -1000 -1000 -10 0.00134857
Car -1 -1 -10 1044.137 541.288 1493.815 816.335 -1 -1 -1 -1000 -1000 -1000 -10 0.00133423
Car -1 -1 -10 273.730 180.912 420.911 1036.870 -1 -1 -1 -1000 -1000 -1000 -10 0.00133019
Car -1 -1 -10 1764.094 512.385 1917.317 621.132 -1 -1 -1 -1000 -1000 -1000 -10 0.00127792
Car -1 -1 -10 1454.907 332.708 1909.074 781.695 -1 -1 -1 -1000 -1000 -1000 -10 0.00122359
Car -1 -1 -10 1765.090 611.931 1916.308 714.692 -1 -1 -1 -1000 -1000 -1000 -10 0.00119904
