Car -1 -1 -10 998.478 678.867 1081.331 746.093 -1 -1 -1 -1000 -1000 -1000 -10 0.68308781
Car -1 -1 -10 1068.514 680.638 1146.921 745.064 -1 -1 -1 -1000 -1000 -1000 -10 0.00318168
Car -1 -1 -10 0.000 802.227 459.337 1198.905 -1 -1 -1 -1000 -1000 -1000 -10 0.00563316
Car -1 -1 -10 0.000 804.135 213.396 1194.270 -1 -1 -1 -1000 -1000 -1000 -10 0.00124004
Car -1 -1 -10 12.582 996.834 415.320 1200.000 -1 -1 -1 -1000 -1000 -1000 -10 0.00233866
Car -1 -1 -10 1013.282 612.100 1068.338 802.757 -1 -1 -1 -1000 -1000 -1000 -10 0.00191418
Car -1 -1 -10 0.000 1105.669 48.808 1200.000 -1 -1 -1 -1000 -1000 -1000 -10 0.00089096
Car -1 -1 -10 2.772 1064.867 247.901 1200.000 -1 -1 -1 -1000 -1000 -1000 -10 0.00264731
Car -1 -1 -10 1422.557 614.320 1920.000 1200.000 -1 -1 -1 -1000 -1000 -1000 -10 0.00165215
Car -1 -1 -10 0.000 1108.357 89.479 1200.000 -1 -1 -1 -1000 -1000 -1000 -10 0.00080863
Car -1 -1 -10 1011.345 671.148 1069.205 727.065 -1 -1 -1 -1000 -1000 -1000 -10 0.00073793
Car -1 -1 -10 413.551 710.613 1151.432 1179.668 -1 -1 -1 -1000 -1000 -1000 -10 0.00073665
Car -1 -1 -10 0.000 980.832 201.855 1200.000 -1 -1 -1 -1000 -1000 -1000 -10 0.00129892
Car -1 -1 -10 98.447 829.878 262.189 1200.000 -1 -1 -1 -1000 -1000 -1000 -10 0.00068634
Car -1 -1 -10 1476.176 807.892 1920.000 1200.000 -1 -1 -1 -1000 -1000 -1000 -10 0.00126144
Car -1 -1 -10 10.935 1068.444 177.003 1166.297 -1 -1 -1 -1000 -1000 -1000 -10 0.00064474
Car -1 -1 -10 1461.740 442.339 1919.038 802.176 -1 -1 -1 -1000 -1000 -1000 -10 0.00063765
Car -1 -1 -10 2.952 883.293 273.927 1198.763 -1 -1 -1 -1000 -1000 -1000 -10 0.00063510
Car -1 -1 -10 0.000 528.930 1068.324 1190.161 -1 -1 -1 -1000 -1000 -1000 -10 0.00116532
Car -1 -1 -10 1013.931 636.253 1059.672 788.946 -1 -1 -1 -1000 -1000 -1000 -10 0.00061595
Car -1 -1 -10 327.085 768.260 985.566 1200.000 -1 -1 -1 -1000 -1000 -1000 -10 0.00106380
Car -1 -1 -10 1027.167 673.268 1055.344 763.241 -1 -1 -1 -1000 -1000 -1000 -10 0.00058449
Car -1 -1 -10 27.667 584.633 567.654 1167.965 -1 -1 -1 -1000 -1000 -1000 -10 0.00057061
Car -1 -1 -10 1223.631 554.437 1889.086 1200.000 -1 -1 -1 -1000 -1000 -1000 -10 0.00102501
Car -1 -1 -10 0.000 1166.679 25.024 1200.000 -1 -1 -1 -1000 -1000 -1000 -10 0.00054014
Car -1 -1 -10 573.311 694.272 1274.969 1175.014 -1 -1 -1 -1000 -1000 -1000 -10 0.00053817
Car -1 -1 -10 67.656 726.143 193.383 1200.000 -1 -1 -1 -1000 -1000 -1000 -10 0.00049030
Car -1 -1 -10 1154.765 638.271 1700.931 1016.019 -1 -1 -1 -1000 -1000 -1000 -10 0.00049008
Car -1 -1 -10 51.138 584.720 255.327 1188.295 -1 -1 -1 -1000 -1000 -1000 -10 0.00048833
Car -1 -1 -10 1439.953 583.056 1920.000 965.430 -1 -1 -1 -1000 -1000 -1000 -10 0.00048008
Car -1 -1 -10 613.903 653.038 801.732 1200.000 -1 -1 -1 -1000 -1000 -1000 -10 0.00046925
Car -1 -1 -10 471.588 662.793 656.112 1200.000 -1 -1 -1 -1000 -1000 -1000 -10 0.00046706
Car -1 -1 -10 935.334 26.048 1065.537 147.981 -1 -1 -1 -1000 -1000 -1000 -10 0.00044758
Car -1 -1 -10 1028.953 670.835 1168.239 749.535 -1 -1 -1 -1000 -1000 -1000 -10 0.00044578
