Car -1 -1 -10 576.284 467.621 1813.313 1182.387 -1 -1 -1 -1000 -1000 -1000 -10 0.01091381
Car -1 -1 -10 393.324 464.263 1619.930 1191.655 -1 -1 -1 -1000 -1000 -1000 -10 0.00812272
Car -1 -1 -10 919.457 458.372 1260.676 1108.519 -1 -1 -1 -1000 -1000 -1000 -10 0.00205498
Car -1 -1 -10 746.460 590.835 1451.799 1100.645 -1 -1 -1 -1000 -1000 -1000 -10 0.00531676
Car -1 -1 -10 854.296 528.336 1379.211 906.971 -1 -1 -1 -1000 -1000 -1000 -10 0.00332473
Car -1 -1 -10 1026.499 491.285 1158.637 1195.795 -1 -1 -1 -1000 -1000 -1000 -10 0.00327832
Car -1 -1 -10 947.797 414.035 1215.723 1200.000 -1 -1 -1 -1000 -1000 -1000 -10 0.00170592
Car -1 -1 -10 990.765 594.027 1483.675 944.469 -1 -1 -1 -1000 -1000 -1000 -10 0.00253340
Car -1 -1 -10 0.000 796.911 460.266 1198.272 -1 -1 -1 -1000 -1000 -1000 -10 0.00520025
Car -1 -1 -10 859.885 604.014 988.808 1194.099 -1 -1 -1 -1000 -1000 -1000 -10 0.00146280
Car -1 -1 -10 1063.036 323.473 1217.637 1187.673 -1 -1 -1 -1000 -1000 -1000 -10 0.00145612
Car -1 -1 -10 1040.527 497.429 1284.084 957.491 -1 -1 -1 -1000 -1000 -1000 -10 0.00144021
Car -1 -1 -10 886.968 799.241 1307.146 1053.516 -1 -1 -1 -1000 -1000 -1000 -10 0.00262539
Car -1 -1 -10 818.021 529.044 1415.894 1143.409 -1 -1 -1 -1000 -1000 -1000 -10 0.00131223
Car -1 -1 -10 970.603 442.045 1306.262 1106.503 -1 -1 -1 -1000 -1000 -1000 -10 0.00120964
Car -1 -1 -10 900.806 509.838 1306.577 927.185 -1 -1 -1 -1000 -1000 -1000 -10 0.00205994
Car -1 -1 -10 1457.942 321.708 1913.778 707.057 -1 -1 -1 -1000 -1000 -1000 -10 0.00105321
Car -1 -1 -10 1013.644 327.425 1168.876 1183.946 -1 -1 -1 -1000 -1000 -1000 -10 0.00103247
Car -1 -1 -10 1433.988 480.797 1920.000 856.475 -1 -1 -1 -1000 -1000 -1000 -10 0.00099308
Car -1 -1 -10 855.425 100.627 1164.064 1155.791 -1 -1 -1 -1000 -1000 -1000 -10 0.00097172
Car -1 -1 -10 1064.996 535.197 1217.064 1200.000 -1 -1 -1 -1000 -1000 -1000 -10 0.00091557
Car -1 -1 -10 948.658 496.794 1194.161 955.791 -1 -1 -1 -1000 -1000 -1000 -10 0.00090593
Car -1 -1 -10 1031.068 368.655 1537.789 1197.738 -1 -1 -1 -1000 -1000 -1000 -10 0.00167479
Car -1 -1 -10 708.577 137.376 1895.840 1200.000 -1 -1 -1 -1000 -1000 -1000 -10 0.00087490
Car -1 -1 -10 953.056 651.220 1137.136 1193.341 -1 -1 -1 -1000 -1000 -1000 -10 0.00081559
Car -1 -1 -10 1158.106 587.495 1748.139 950.574 -1 -1 -1 -1000 -1000 -1000 -10 0.00081420
Car -1 -1 -10 975.766 611.303 1301.801 1200.000 -1 -1 -1 -1000 -1000 -1000 -10 0.00080541
Car -1 -1 -10 994.702 543.255 1144.165 1200.000 -1 -1 -1 -1000 -1000 -1000 -10 0.00076174
