Car -1 -1 -10 0.000 791.595 465.190 1198.860 -1 -1 -1 -1000 -1000 -1000 -10 0.01284189
Car -1 -1 -10 0.000 492.157 1052.034 1191.926 -1 -1 -1 -1000 -1000 -1000 -10 0.00974033
Car -1 -1 -10 0.000 871.969 257.035 1200.000 -1 -1 -1 -1000 -1000 -1000 -10 0.00377886
Car -1 -1 -10 52.117 616.263 208.285 1200.000 -1 -1 -1 -1000 -1000 -1000 -10 0.00376495
Car -1 -1 -10 10.670 993.998 413.441 1200.000 -1 -1 -1 -1000 -1000 -1000 -10 0.00357766
Car -1 -1 -10 284.722 642.892 462.887 1190.971 -1 -1 -1 -1000 -1000 -1000 -10 0.00437157
Car -1 -1 -10 62.192 180.534 366.233 1199.269 -1 -1 -1 -1000 -1000 -1000 -10 0.00319623
Car -1 -1 -10 15.059 380.098 310.998 1200.000 -1 -1 -1 -1000 -1000 -1000 -10 0.00137149
Car -1 -1 -10 0.000 932.217 323.270 1200.000 -1 -1 -1 -1000 -1000 -1000 -10 0.00131872
Car -1 -1 -10 210.137 666.010 393.861 1196.193 -1 -1 -1 -1000 -1000 -1000 -10 0.00130218
Car -1 -1 -10 346.502 588.753 542.375 1177.238 -1 -1 -1 -1000 -1000 -1000 -10 0.00128369
Car -1 -1 -10 133.247 764.075 794.185 1200.000 -1 -1 -1 -1000 -1000 -1000 -10 0.00126716
Car -1 -1 -10 8.598 614.673 542.207 1102.004 -1 -1 -1 -1000 -1000 -1000 -10 0.00239538
Car -1 -1 -10 78.689 583.288 232.964 1200.000 -1 -1 -1 -1000 -1000 -1000 -10 0.00111271
Car -1 -1 -10 0.000 799.728 248.797 1145.827 -1 -1 -1 -1000 -1000 -1000 -10 0.00104241
Car -1 -1 -10 177.247 589.561 327.835 1200.000 -1 -1 -1 -1000 -1000 -1000 -10 0.00103354
