Car -1 -1 -10 547.248 530.679 712.454 642.642 -1 -1 -1 -1000 -1000 -1000 -10 0.99949446
Car -1 -1 -10 716.127 560.703 851.599 645.674 -1 -1 -1 -1000 -1000 -1000 -10 0.96728574
Car -1 -1 -10 0.000 565.029 297.911 709.270 -1 -1 -1 -1000 -1000 -1000 -10 0.35764983
Car -1 -1 -10 672.094 516.979 1889.958 1196.213 -1 -1 -1 -1000 -1000 -1000 -10 0.03974917
Car -1 -1 -10 1113.458 772.917 1920.000 1193.325 -1 -1 -1 -1000 -1000 -1000 -10 0.02607936
Car -1 -1 -10 460.485 754.189 1400.622 1198.838 -1 -1 -1 -1000 -1000 -1000 -10 0.01549133
Car -1 -1 -10 694.649 778.764 1610.513 1194.908 -1 -1 -1 -1000 -1000 -1000 -10 0.01119461
Car -1 -1 -10 154.077 795.690 858.244 1200.000 -1 -1 -1 -1000 -1000 -1000 -10 0.01661132
Car -1 -1 -10 829.097 850.443 1716.585 1200.000 -1 -1 -1 -1000 -1000 -1000 -10 0.00396898
Car -1 -1 -10 922.023 708.910 1660.908 1200.000 -1 -1 -1 -1000 -1000 -1000 -10 0.00371847
Car -1 -1 -10 6.507 511.099 1091.370 1189.902 -1 -1 -1 -1000 -1000 -1000 -10 0.01364517
Car -1 -1 -10 1409.333 609.491 1920.000 1200.000 -1 -1 -1 -1000 -1000 -1000 -10 0.00360850
Car -1 -1 -10 1066.146 911.117 1756.093 1200.000 -1 -1 -1 -1000 -1000 -1000 -10 0.00642211
