Car -1 -1 -10 403.907 580.959 584.493 710.691 -1 -1 -1 -1000 -1000 -1000 -10 0.99975450
Car -1 -1 -10 682.820 599.371 842.984 721.266 -1 -1 -1 -1000 -1000 -1000 -10 0.99910414
Car -1 -1 -10 0.000 729.642 737.604 1198.618 -1 -1 -1 -1000 -1000 -1000 -10 0.02728724
Car -1 -1 -10 10.133 653.686 615.082 1200.000 -1 -1 -1 -1000 -1000 -1000 -10 0.00536477
Car -1 -1 -10 775.384 511.020 1920.000 1191.293 -1 -1 -1 -1000 -1000 -1000 -10 0.01390801
Car -1 -1 -10 0.000 561.448 375.392 1200.000 -1 -1 -1 -1000 -1000 -1000 -10 0.00884571
Car -1 -1 -10 668.358 599.681 760.458 685.229 -1 -1 -1 -1000 -1000 -1000 -10 0.00608795
Car -1 -1 -10 733.515 588.606 842.649 674.988 -1 -1 -1 -1000 -1000 -1000 -10 0.00567810
Car -1 -1 -10 665.897 587.946 776.425 698.560 -1 -1 -1 -1000 -1000 -1000 -10 0.00527927
Car -1 -1 -10 585.914 771.753 1463.540 1180.811 -1 -1 -1 -1000 -1000 -1000 -10 0.00536530
Car -1 -1 -10 200.901 850.644 1082.074 1200.000 -1 -1 -1 -1000 -1000 -1000 -10 0.00248404
Car -1 -1 -10 75.542 840.875 943.292 1200.000 -1 -1 -1 -1000 -1000 -1000 -10 0.00234178
Car -1 -1 -10 182.055 260.120 487.314 1197.493 -1 -1 -1 -1000 -1000 -1000 -10 0.00221862
Car -1 -1 -10 117.188 797.986 484.393 1197.217 -1 -1 -1 -1000 -1000 -1000 -10 0.00406483
Car -1 -1 -10 300.023 526.846 1428.435 1200.000 -1 -1 -1 -1000 -1000 -1000 -10 0.00218689
Car -1 -1 -10 982.414 773.317 1847.672 1185.446 -1 -1 -1 -1000 -1000 -1000 -10 0.00376732
Car -1 -1 -10 259.023 797.218 629.526 1196.624 -1 -1 -1 -1000 -1000 -1000 -10 0.00403972
Car -1 -1 -10 0.000 908.128 584.548 1200.000 -1 -1 -1 -1000 -1000 -1000 -10 0.00198234
Car -1 -1 -10 15.235 719.259 228.232 1193.373 -1 -1 -1 -1000 -1000 -1000 -10 0.00370685
Car -1 -1 -10 0.000 911.037 357.174 1200.000 -1 -1 -1 -1000 -1000 -1000 -10 0.00195421
Car -1 -1 -10 627.431 794.361 1329.525 1200.000 -1 -1 -1 -1000 -1000 -1000 -10 0.00194098
Car -1 -1 -10 0.000 882.344 265.948 1200.000 -1 -1 -1 -1000 -1000 -1000 -10 0.00189875
Car -1 -1 -10 52.990 619.744 207.286 1200.000 -1 -1 -1 -1000 -1000 -1000 -10 0.00185155
Car -1 -1 -10 15.002 391.898 308.666 1200.000 -1 -1 -1 -1000 -1000 -1000 -10 0.00170662
Car -1 -1 -10 409.891 798.310 772.006 1198.005 -1 -1 -1 -1000 -1000 -1000 -10 0.00169230
Car -1 -1 -10 0.000 904.179 404.957 1141.425 -1 -1 -1 -1000 -1000 -1000 -10 0.00165148
Car -1 -1 -10 354.912 792.198 1048.822 1200.000 -1 -1 -1 -1000 -1000 -1000 -10 0.00161430
Car -1 -1 -10 688.308 589.707 791.168 673.086 -1 -1 -1 -1000 -1000 -1000 -10 0.00160818
Car -1 -1 -10 145.842 897.029 867.841 1200.000 -1 -1 -1 -1000 -1000 -1000 -10 0.00157201
