Car -1 -1 -10 1142.162 538.945 1400.824 698.015 -1 -1 -1 -1000 -1000 -1000 -10 0.99985617
Car -1 -1 -10 1433.706 521.493 1622.135 619.679 -1 -1 -1 -1000 -1000 -1000 -10 0.21491348
Car -1 -1 -10 1441.716 533.964 1615.441 631.029 -1 -1 -1 -1000 -1000 -1000 -10 0.01660928
Car -1 -1 -10 816.458 484.199 973.465 598.417 -1 -1 -1 -1000 -1000 -1000 -10 0.01627465
Car -1 -1 -10 1623.059 523.784 1793.298 609.419 -1 -1 -1 -1000 -1000 -1000 -10 0.01535323
Car -1 -1 -10 0.000 779.785 444.313 1197.819 -1 -1 -1 -1000 -1000 -1000 -10 0.01148594
Car -1 -1 -10 1671.604 538.943 1830.456 627.148 -1 -1 -1 -1000 -1000 -1000 -10 0.00477283
Car -1 -1 -10 1440.923 498.692 1919.867 869.510 -1 -1 -1 -1000 -1000 -1000 -10 0.00282296
Car -1 -1 -10 1550.946 518.168 1723.365 611.907 -1 -1 -1 -1000 -1000 -1000 -10 0.00468649
Car -1 -1 -10 1505.363 484.817 1920.000 781.691 -1 -1 -1 -1000 -1000 -1000 -10 0.00350609
Car -1 -1 -10 1513.268 498.346 1813.407 628.702 -1 -1 -1 -1000 -1000 -1000 -10 0.00342345
Car -1 -1 -10 1547.863 508.710 1920.000 740.254 -1 -1 -1 -1000 -1000 -1000 -10 0.00184933
Car -1 -1 -10 10.918 604.227 143.343 1195.318 -1 -1 -1 -1000 -1000 -1000 -10 0.00295265
Car -1 -1 -10 1668.743 499.723 1908.138 952.380 -1 -1 -1 -1000 -1000 -1000 -10 0.00308641
Car -1 -1 -10 46.918 655.024 211.325 1199.387 -1 -1 -1 -1000 -1000 -1000 -10 0.00310244
Car -1 -1 -10 1495.232 654.305 1920.000 1200.000 -1 -1 -1 -1000 -1000 -1000 -10 0.00153285
Car -1 -1 -10 1565.491 594.320 1920.000 849.149 -1 -1 -1 -1000 -1000 -1000 -10 0.00151714
Car -1 -1 -10 1486.980 792.333 1920.000 1195.715 -1 -1 -1 -1000 -1000 -1000 -10 0.00144994
Car -1 -1 -10 6.177 1087.165 268.550 1200.000 -1 -1 -1 -1000 -1000 -1000 -10 0.00123247
