Car -1 -1 -10 135.696 500.326 1350.263 1191.154 -1 -1 -1 -1000 -1000 -1000 -10 0.00671357
Car -1 -1 -10 0.000 495.067 1031.048 1189.163 -1 -1 -1 -1000 -1000 -1000 -10 0.00514274
Car -1 -1 -10 0.000 797.837 462.697 1198.358 -1 -1 -1 -1000 -1000 -1000 -10 0.00723808
Car -1 -1 -10 11.946 708.627 240.244 1197.081 -1 -1 -1 -1000 -1000 -1000 -10 0.00530300
Car -1 -1 -10 6.322 1072.544 317.919 1200.000 -1 -1 -1 -1000 -1000 -1000 -10 0.00258906
Car -1 -1 -10 16.364 991.211 425.900 1200.000 -1 -1 -1 -1000 -1000 -1000 -10 0.00127889
Car -1 -1 -10 36.661 934.285 272.846 1200.000 -1 -1 -1 -1000 -1000 -1000 -10 0.00108293
Car -1 -1 -10 0.000 1104.788 48.903 1200.000 -1 -1 -1 -1000 -1000 -1000 -10 0.00103461
Car -1 -1 -10 124.728 775.143 853.674 1197.024 -1 -1 -1 -1000 -1000 -1000 -10 0.00289535
Car -1 -1 -10 424.150 656.380 609.400 1197.344 -1 -1 -1 -1000 -1000 -1000 -10 0.00102638
Car -1 -1 -10 1589.178 643.922 1912.649 1002.831 -1 -1 -1 -1000 -1000 -1000 -10 0.00100960
Car -1 -1 -10 515.520 1085.259 831.435 1200.000 -1 -1 -1 -1000 -1000 -1000 -10 0.00097777
Car -1 -1 -10 0.000 1107.267 90.240 1200.000 -1 -1 -1 -1000 -1000 -1000 -10 0.00096800
Car -1 -1 -10 0.000 1024.249 244.916 1200.000 -1 -1 -1 -1000 -1000 -1000 -10 0.00095406
Car -1 -1 -10 369.541 1105.703 619.829 1200.000 -1 -1 -1 -1000 -1000 -1000 -10 0.00247416
Car -1 -1 -10 930.083 659.984 1113.181 1191.288 -1 -1 -1 -1000 -1000 -1000 -10 0.00093732
Car -1 -1 -10 755.883 1085.466 815.417 1200.000 -1 -1 -1 -1000 -1000 -1000 -10 0.00173085
Car -1 -1 -10 188.342 1157.932 225.654 1200.000 -1 -1 -1 -1000 -1000 -1000 -10 0.00091649
Car -1 -1 -10 669.015 1107.121 918.299 1200.000 -1 -1 -1 -1000 -1000 -1000 -10 0.00091023
Car -1 -1 -10 12.569 1106.424 235.614 1200.000 -1 -1 -1 -1000 -1000 -1000 -10 0.00173351
Car -1 -1 -10 104.676 647.555 278.912 1194.985 -1 -1 -1 -1000 -1000 -1000 -10 0.00160799
Car -1 -1 -10 215.790 1106.813 468.559 1200.000 -1 -1 -1 -1000 -1000 -1000 -10 0.00159408
Car -1 -1 -10 282.430 1040.014 724.291 1200.000 -1 -1 -1 -1000 -1000 -1000 -10 0.00086441
Car -1 -1 -10 187.482 781.408 1020.864 1193.529 -1 -1 -1 -1000 -1000 -1000 -10 0.00085912
Car -1 -1 -10 406.874 642.607 1083.416 1074.376 -1 -1 -1 -1000 -1000 -1000 -10 0.00085451
Car -1 -1 -10 153.465 1081.600 212.981 1200.000 -1 -1 -1 -1000 -1000 -1000 -10 0.00084279
Car -1 -1 -10 173.018 1089.028 230.490 1200.000 -1 -1 -1 -1000 -1000 -1000 -10 0.00083907
Car -1 -1 -10 442.259 585.741 591.342 1200.000 -1 -1 -1 -1000 -1000 -1000 -10 0.00083445
Car -1 -1 -10 314.866 805.262 663.759 1198.966 -1 -1 -1 -1000 -1000 -1000 -10 0.00154818
Car -1 -1 -10 542.714 775.067 1159.875 1191.912 -1 -1 -1 -1000 -1000 -1000 -10 0.00081705
Car -1 -1 -10 741.897 632.358 914.761 1191.881 -1 -1 -1 -1000 -1000 -1000 -10 0.00081093
Car -1 -1 -10 196.428 817.172 356.781 1200.000 -1 -1 -1 -1000 -1000 -1000 -10 0.00080460
Car -1 -1 -10 603.873 823.361 763.283 1200.000 -1 -1 -1 -1000 -1000 -1000 -10 0.00079912
Car -1 -1 -10 7.405 961.701 309.514 1200.000 -1 -1 -1 -1000 -1000 -1000 -10 0.00079759
Car -1 -1 -10 280.530 246.994 581.874 1199.659 -1 -1 -1 -1000 -1000 -1000 -10 0.00149266
Car -1 -1 -10 123.116 815.650 283.134 1200.000 -1 -1 -1 -1000 -1000 -1000 -10 0.00151219
Car -1 -1 -10 626.838 1067.796 1017.231 1200.000 -1 -1 -1 -1000 -1000 -1000 -10 0.00076254
Car -1 -1 -10 268.297 820.895 429.272 1200.000 -1 -1 -1 -1000 -1000 -1000 -10 0.00076088
Car -1 -1 -10 854.542 656.138 1042.104 1199.041 -1 -1 -1 -1000 -1000 -1000 -10 0.00075869
Car -1 -1 -10 1610.111 502.225 1917.594 872.815 -1 -1 -1 -1000 -1000 -1000 -10 0.00075865
Car -1 -1 -10 55.363 930.941 670.028 1200.000 -1 -1 -1 -1000 -1000 -1000 -10 0.00075634
Car -1 -1 -10 0.000 632.794 548.700 1081.207 -1 -1 -1 -1000 -1000 -1000 -10 0.00074695
Car -1 -1 -10 411.405 775.325 1076.898 1200.000 -1 -1 -1 -1000 -1000 -1000 -10 0.00074676
Car -1 -1 -10 526.897 830.436 836.397 1200.000 -1 -1 -1 -1000 -1000 -1000 -10 0.00074632
Car -1 -1 -10 53.554 845.393 176.346 1200.000 -1 -1 -1 -1000 -1000 -1000 -10 0.00074301
Car -1 -1 -10 259.808 637.133 436.385 1190.790 -1 -1 -1 -1000 -1000 -1000 -10 0.00072963
Car -1 -1 -10 354.157 644.611 531.115 1192.002 -1 -1 -1 -1000 -1000 -1000 -10 0.00071955
Car -1 -1 -10 570.318 253.322 871.100 1197.688 -1 -1 -1 -1000 -1000 -1000 -10 0.00071842
Car -1 -1 -10 387.670 822.921 547.025 1200.000 -1 -1 -1 -1000 -1000 -1000 -10 0.00069683
Car -1 -1 -10 199.097 988.763 751.985 1200.000 -1 -1 -1 -1000 -1000 -1000 -10 0.00069344
Car -1 -1 -10 724.400 815.426 883.100 1200.000 -1 -1 -1 -1000 -1000 -1000 -10 0.00067879
