Car -1 -1 -10 219.678 589.799 367.588 682.334 -1 -1 -1 -1000 -1000 -1000 -10 0.99953112
Car -1 -1 -10 0.274 616.665 50.232 669.408 -1 -1 -1 -1000 -1000 -1000 -10 0.00551177
Car -1 -1 -10 0.000 642.032 438.120 1200.000 -1 -1 -1 -1000 -1000 -1000 -10 0.00499102
Car -1 -1 -10 0.000 795.529 466.772 1200.000 -1 -1 -1 -1000 -1000 -1000 -10 0.00493535
Car -1 -1 -10 0.900 962.158 210.499 1200.000 -1 -1 -1 -1000 -1000 -1000 -10 0.00153042
Car -1 -1 -10 0.000 922.298 340.220 1200.000 -1 -1 -1 -1000 -1000 -1000 -10 0.00434182
Car -1 -1 -10 1461.391 806.255 1920.000 1200.000 -1 -1 -1 -1000 -1000 -1000 -10 0.00269580
Car -1 -1 -10 78.703 556.082 231.132 1200.000 -1 -1 -1 -1000 -1000 -1000 -10 0.00263232
Car -1 -1 -10 14.591 371.142 309.012 1200.000 -1 -1 -1 -1000 -1000 -1000 -10 0.00140014
Car -1 -1 -10 106.550 591.829 254.511 1192.887 -1 -1 -1 -1000 -1000 -1000 -10 0.00124622
Car -1 -1 -10 187.548 447.861 404.876 799.220 -1 -1 -1 -1000 -1000 -1000 -10 0.00238105
Car -1 -1 -10 67.924 586.065 217.979 689.331 -1 -1 -1 -1000 -1000 -1000 -10 0.00229331
Car -1 -1 -10 0.000 1040.119 222.278 1200.000 -1 -1 -1 -1000 -1000 -1000 -10 0.00115939
Car -1 -1 -10 252.625 355.011 340.156 874.280 -1 -1 -1 -1000 -1000 -1000 -10 0.00114156
Car -1 -1 -10 315.699 595.183 462.455 676.329 -1 -1 -1 -1000 -1000 -1000 -10 0.00107989
Car -1 -1 -10 258.331 431.153 329.118 820.869 -1 -1 -1 -1000 -1000 -1000 -10 0.00107643
