Car -1 -1 -10 504.712 527.330 614.740 621.268 -1 -1 -1 -1000 -1000 -1000 -10 0.99991867
Car -1 -1 -10 119.432 533.074 287.080 639.927 -1 -1 -1 -1000 -1000 -1000 -10 0.99994969
Car -1 -1 -10 263.475 540.275 398.421 627.458 -1 -1 -1 -1000 -1000 -1000 -10 0.99958907
Car -1 -1 -10 235.854 542.725 340.673 625.365 -1 -1 -1 -1000 -1000 -1000 -10 0.37527771
Car -1 -1 -10 75.735 530.866 202.604 627.725 -1 -1 -1 -1000 -1000 -1000 -10 0.20249965
Car -1 -1 -10 69.627 525.030 238.886 620.720 -1 -1 -1 -1000 -1000 -1000 -10 0.22670325
Car -1 -1 -10 386.555 535.149 483.928 614.542 -1 -1 -1 -1000 -1000 -1000 -10 0.01078506
Car -1 -1 -10 739.088 511.887 1920.000 1198.726 -1 -1 -1 -1000 -1000 -1000 -10 0.01991308
Car -1 -1 -10 403.274 543.526 501.247 616.575 -1 -1 -1 -1000 -1000 -1000 -10 0.01036548
Car -1 -1 -10 212.722 537.267 323.382 629.640 -1 -1 -1 -1000 -1000 -1000 -10 0.01301936
Car -1 -1 -10 805.935 0.875 1451.456 210.095 -1 -1 -1 -1000 -1000 -1000 -10 0.02097112
Car -1 -1 -10 1034.008 0.000 1300.214 99.184 -1 -1 -1 -1000 -1000 -1000 -10 0.00719291
Car -1 -1 -10 981.467 0.000 1243.856 98.907 -1 -1 -1 -1000 -1000 -1000 -10 0.00371448
Car -1 -1 -10 1065.264 22.757 1215.029 470.188 -1 -1 -1 -1000 -1000 -1000 -10 0.00963569
Car -1 -1 -10 1117.682 0.000 1221.111 111.689 -1 -1 -1 -1000 -1000 -1000 -10 0.00322591
Car -1 -1 -10 800.514 0.000 1242.331 148.518 -1 -1 -1 -1000 -1000 -1000 -10 0.00604488
Car -1 -1 -10 991.923 0.000 1336.472 115.633 -1 -1 -1 -1000 -1000 -1000 -10 0.00317644
Car -1 -1 -10 891.762 0.000 1154.667 98.906 -1 -1 -1 -1000 -1000 -1000 -10 0.00535161
Car -1 -1 -10 1137.356 749.880 1920.000 1191.924 -1 -1 -1 -1000 -1000 -1000 -10 0.00288840
Car -1 -1 -10 1057.702 0.000 1162.339 112.075 -1 -1 -1 -1000 -1000 -1000 -10 0.00559733
Car -1 -1 -10 1002.319 19.647 1129.172 408.705 -1 -1 -1 -1000 -1000 -1000 -10 0.00283598
Car -1 -1 -10 1030.697 19.743 1158.200 409.330 -1 -1 -1 -1000 -1000 -1000 -10 0.00283006
Car -1 -1 -10 891.531 0.000 1246.179 174.575 -1 -1 -1 -1000 -1000 -1000 -10 0.00278507
Car -1 -1 -10 982.311 19.600 1109.887 410.319 -1 -1 -1 -1000 -1000 -1000 -10 0.00273945
Car -1 -1 -10 374.442 532.007 469.279 610.801 -1 -1 -1 -1000 -1000 -1000 -10 0.00273549
Car -1 -1 -10 992.550 14.939 1143.497 471.581 -1 -1 -1 -1000 -1000 -1000 -10 0.00529763
Car -1 -1 -10 1078.758 495.170 1920.000 1196.475 -1 -1 -1 -1000 -1000 -1000 -10 0.00261767
Car -1 -1 -10 920.119 16.816 1071.821 471.865 -1 -1 -1 -1000 -1000 -1000 -10 0.00257706
Car -1 -1 -10 1042.785 21.313 1293.522 468.797 -1 -1 -1 -1000 -1000 -1000 -10 0.00246573
