Car -1 -1 -10 344.570 555.110 445.928 639.026 -1 -1 -1 -1000 -1000 -1000 -10 0.99827263
Car -1 -1 -10 0.031 574.414 81.494 662.744 -1 -1 -1 -1000 -1000 -1000 -10 0.72933775
Car -1 -1 -10 240.785 586.490 298.697 634.385 -1 -1 -1 -1000 -1000 -1000 -10 0.01913233
Car -1 -1 -10 296.909 581.213 360.439 635.345 -1 -1 -1 -1000 -1000 -1000 -10 0.01023986
Car -1 -1 -10 0.000 566.554 45.117 648.932 -1 -1 -1 -1000 -1000 -1000 -10 0.00482353
Car -1 -1 -10 205.318 584.236 269.131 636.458 -1 -1 -1 -1000 -1000 -1000 -10 0.00642764
Car -1 -1 -10 766.972 800.507 1307.353 1189.915 -1 -1 -1 -1000 -1000 -1000 -10 0.00309423
Car -1 -1 -10 420.453 565.640 498.670 628.411 -1 -1 -1 -1000 -1000 -1000 -10 0.00356828
Car -1 -1 -10 192.829 581.029 275.268 638.484 -1 -1 -1 -1000 -1000 -1000 -10 0.00192800
Car -1 -1 -10 21.700 573.843 66.233 645.199 -1 -1 -1 -1000 -1000 -1000 -10 0.00333377
Car -1 -1 -10 18.661 536.313 65.857 695.266 -1 -1 -1 -1000 -1000 -1000 -10 0.00416992
Car -1 -1 -10 24.916 570.883 53.544 665.714 -1 -1 -1 -1000 -1000 -1000 -10 0.00140991
Car -1 -1 -10 0.000 0.000 292.975 212.081 -1 -1 -1 -1000 -1000 -1000 -10 0.00320108
Car -1 -1 -10 18.447 569.005 47.380 669.635 -1 -1 -1 -1000 -1000 -1000 -10 0.00113768
Car -1 -1 -10 427.033 1158.234 464.405 1200.000 -1 -1 -1 -1000 -1000 -1000 -10 0.00112271
Car -1 -1 -10 523.705 786.924 1109.289 1184.581 -1 -1 -1 -1000 -1000 -1000 -10 0.00191246
Car -1 -1 -10 36.595 574.813 189.485 652.143 -1 -1 -1 -1000 -1000 -1000 -10 0.00104939
Car -1 -1 -10 149.813 588.188 200.594 633.876 -1 -1 -1 -1000 -1000 -1000 -10 0.00176306
Car -1 -1 -10 935.297 651.574 1129.442 1192.001 -1 -1 -1 -1000 -1000 -1000 -10 0.00182062
Car -1 -1 -10 0.000 0.000 442.035 323.276 -1 -1 -1 -1000 -1000 -1000 -10 0.00190898
Car -1 -1 -10 852.293 653.280 1043.773 1191.312 -1 -1 -1 -1000 -1000 -1000 -10 0.00088082
Car -1 -1 -10 838.496 783.460 1425.333 1187.052 -1 -1 -1 -1000 -1000 -1000 -10 0.00085769
Car -1 -1 -10 807.320 658.693 992.094 1189.791 -1 -1 -1 -1000 -1000 -1000 -10 0.00082247
Car -1 -1 -10 0.000 548.925 273.111 909.852 -1 -1 -1 -1000 -1000 -1000 -10 0.00080913
Car -1 -1 -10 0.000 589.174 31.106 647.666 -1 -1 -1 -1000 -1000 -1000 -10 0.00080405
Car -1 -1 -10 379.131 551.902 406.779 647.560 -1 -1 -1 -1000 -1000 -1000 -10 0.00078444
Car -1 -1 -10 0.000 0.000 33.932 40.746 -1 -1 -1 -1000 -1000 -1000 -10 0.00075072
Car -1 -1 -10 805.339 512.441 1162.975 1200.000 -1 -1 -1 -1000 -1000 -1000 -10 0.00073760
Car -1 -1 -10 708.391 649.883 899.412 1191.595 -1 -1 -1 -1000 -1000 -1000 -10 0.00073464
Car -1 -1 -10 0.000 554.110 49.847 640.748 -1 -1 -1 -1000 -1000 -1000 -10 0.00072658
Car -1 -1 -10 897.092 583.150 1051.576 1199.746 -1 -1 -1 -1000 -1000 -1000 -10 0.00072430
