Car -1 -1 -10 1492.069 584.292 1735.070 684.704 -1 -1 -1 -1000 -1000 -1000 -10 0.51953287
Car -1 -1 -10 1425.000 597.285 1581.586 679.505 -1 -1 -1 -1000 -1000 -1000 -10 0.00587095
Car -1 -1 -10 12.135 672.514 254.435 1200.000 -1 -1 -1 -1000 -1000 -1000 -10 0.00356420
Car -1 -1 -10 190.222 640.301 364.403 1188.002 -1 -1 -1 -1000 -1000 -1000 -10 0.00162762
Car -1 -1 -10 83.503 1065.800 480.349 1200.000 -1 -1 -1 -1000 -1000 -1000 -10 0.00361700
Car -1 -1 -10 0.000 801.383 454.159 1199.602 -1 -1 -1 -1000 -1000 -1000 -10 0.00505416
Car -1 -1 -10 15.895 1105.394 229.087 1200.000 -1 -1 -1 -1000 -1000 -1000 -10 0.00535282
Car -1 -1 -10 13.273 595.464 206.495 1185.985 -1 -1 -1 -1000 -1000 -1000 -10 0.00275058
Car -1 -1 -10 0.000 1109.284 124.823 1200.000 -1 -1 -1 -1000 -1000 -1000 -10 0.00147468
Car -1 -1 -10 1445.522 594.090 1623.586 674.517 -1 -1 -1 -1000 -1000 -1000 -10 0.00248368
Car -1 -1 -10 0.000 1016.003 252.888 1200.000 -1 -1 -1 -1000 -1000 -1000 -10 0.00264221
Car -1 -1 -10 0.000 1106.868 90.963 1200.000 -1 -1 -1 -1000 -1000 -1000 -10 0.00137084
Car -1 -1 -10 0.000 969.022 209.720 1200.000 -1 -1 -1 -1000 -1000 -1000 -10 0.00137048
Car -1 -1 -10 0.000 1156.666 33.555 1200.000 -1 -1 -1 -1000 -1000 -1000 -10 0.00231006
Car -1 -1 -10 0.000 1138.395 95.485 1200.000 -1 -1 -1 -1000 -1000 -1000 -10 0.00129686
Car -1 -1 -10 162.019 1128.923 229.469 1200.000 -1 -1 -1 -1000 -1000 -1000 -10 0.00125645
Car -1 -1 -10 208.838 1094.197 371.015 1189.643 -1 -1 -1 -1000 -1000 -1000 -10 0.00243226
Car -1 -1 -10 1456.582 608.408 1537.937 676.614 -1 -1 -1 -1000 -1000 -1000 -10 0.00222952
Car -1 -1 -10 18.112 1157.653 55.745 1200.000 -1 -1 -1 -1000 -1000 -1000 -10 0.00310623
Car -1 -1 -10 0.000 1104.340 49.153 1200.000 -1 -1 -1 -1000 -1000 -1000 -10 0.00114845
Car -1 -1 -10 0.000 940.518 319.705 1200.000 -1 -1 -1 -1000 -1000 -1000 -10 0.00112326
Car -1 -1 -10 236.428 638.815 411.211 1191.806 -1 -1 -1 -1000 -1000 -1000 -10 0.00110159
Car -1 -1 -10 9.368 1087.730 67.663 1200.000 -1 -1 -1 -1000 -1000 -1000 -10 0.00108748
Car -1 -1 -10 204.142 593.104 396.939 1176.607 -1 -1 -1 -1000 -1000 -1000 -10 0.00186301
Car -1 -1 -10 0.000 1067.273 67.231 1200.000 -1 -1 -1 -1000 -1000 -1000 -10 0.00106787
Car -1 -1 -10 13.585 1124.053 52.576 1200.000 -1 -1 -1 -1000 -1000 -1000 -10 0.00184546
Car -1 -1 -10 41.282 849.382 163.249 1200.000 -1 -1 -1 -1000 -1000 -1000 -10 0.00102873
Car -1 -1 -10 260.583 630.636 435.542 1188.232 -1 -1 -1 -1000 -1000 -1000 -10 0.00097251
Car -1 -1 -10 69.453 738.586 195.865 1200.000 -1 -1 -1 -1000 -1000 -1000 -10 0.00096395
Car -1 -1 -10 110.044 608.332 296.669 1184.122 -1 -1 -1 -1000 -1000 -1000 -10 0.00188279
Car -1 -1 -10 64.237 1010.256 162.563 1200.000 -1 -1 -1 -1000 -1000 -1000 -10 0.00091556
Car -1 -1 -10 166.658 1088.673 224.523 1200.000 -1 -1 -1 -1000 -1000 -1000 -10 0.00090805
Car -1 -1 -10 1498.782 592.030 1618.588 690.308 -1 -1 -1 -1000 -1000 -1000 -10 0.00090572
Car -1 -1 -10 355.742 640.319 531.435 1190.816 -1 -1 -1 -1000 -1000 -1000 -10 0.00090490
Car -1 -1 -10 16.965 356.410 315.469 1200.000 -1 -1 -1 -1000 -1000 -1000 -10 0.00090467
Car -1 -1 -10 114.994 1086.253 173.980 1200.000 -1 -1 -1 -1000 -1000 -1000 -10 0.00169948
Car -1 -1 -10 176.324 1157.688 213.830 1200.000 -1 -1 -1 -1000 -1000 -1000 -10 0.00088689
Car -1 -1 -10 364.072 613.347 582.229 1185.146 -1 -1 -1 -1000 -1000 -1000 -10 0.00088048
Car -1 -1 -10 237.474 1039.632 682.106 1200.000 -1 -1 -1 -1000 -1000 -1000 -10 0.00084811
Car -1 -1 -10 77.478 1016.619 175.209 1200.000 -1 -1 -1 -1000 -1000 -1000 -10 0.00080738
Car -1 -1 -10 0.000 1121.994 107.885 1200.000 -1 -1 -1 -1000 -1000 -1000 -10 0.00080359
