Car -1 -1 -10 1049.497 561.944 1310.096 730.588 -1 -1 -1 -1000 -1000 -1000 -10 0.99978493
Car -1 -1 -10 1022.533 593.934 1128.148 704.670 -1 -1 -1 -1000 -1000 -1000 -10 0.89616747
Car -1 -1 -10 748.051 592.158 846.997 680.348 -1 -1 -1 -1000 -1000 -1000 -10 0.96248731
Car -1 -1 -10 1010.749 567.421 1178.853 717.357 -1 -1 -1 -1000 -1000 -1000 -10 0.01044703
Car -1 -1 -10 1044.354 563.965 1157.053 677.276 -1 -1 -1 -1000 -1000 -1000 -10 0.00410908
Car -1 -1 -10 1052.015 598.573 1094.539 668.344 -1 -1 -1 -1000 -1000 -1000 -10 0.00447184
Car -1 -1 -10 1103.762 579.090 1218.260 702.225 -1 -1 -1 -1000 -1000 -1000 -10 0.00150848
Car -1 -1 -10 0.000 775.370 312.589 1198.129 -1 -1 -1 -1000 -1000 -1000 -10 0.00150057
Car -1 -1 -10 679.042 1160.380 716.693 1200.000 -1 -1 -1 -1000 -1000 -1000 -10 0.00129126
Car -1 -1 -10 913.444 608.137 959.309 655.462 -1 -1 -1 -1000 -1000 -1000 -10 0.00226881
Car -1 -1 -10 1203.062 585.918 1352.643 687.630 -1 -1 -1 -1000 -1000 -1000 -10 0.00117577
Car -1 -1 -10 0.000 795.027 453.923 1200.000 -1 -1 -1 -1000 -1000 -1000 -10 0.00113762
