Car -1 -1 -10 336.017 613.687 512.619 728.339 -1 -1 -1 -1000 -1000 -1000 -10 0.99934304
Car -1 -1 -10 254.902 623.040 330.477 686.016 -1 -1 -1 -1000 -1000 -1000 -10 0.96215039
Car -1 -1 -10 321.091 629.249 372.617 683.318 -1 -1 -1 -1000 -1000 -1000 -10 0.00534136
Car -1 -1 -10 319.827 616.137 428.767 717.207 -1 -1 -1 -1000 -1000 -1000 -10 0.01178735
Car -1 -1 -10 330.863 615.504 381.204 673.341 -1 -1 -1 -1000 -1000 -1000 -10 0.00377294
Car -1 -1 -10 320.462 618.668 357.608 674.815 -1 -1 -1 -1000 -1000 -1000 -10 0.00261148
Car -1 -1 -10 342.842 618.073 381.027 672.735 -1 -1 -1 -1000 -1000 -1000 -10 0.00225113
Car -1 -1 -10 0.000 802.895 455.457 1199.319 -1 -1 -1 -1000 -1000 -1000 -10 0.00580361
Car -1 -1 -10 324.305 604.833 378.433 662.637 -1 -1 -1 -1000 -1000 -1000 -10 0.00159926
Car -1 -1 -10 1496.189 607.449 1920.000 847.831 -1 -1 -1 -1000 -1000 -1000 -10 0.00236182
Car -1 -1 -10 278.849 1157.594 316.433 1200.000 -1 -1 -1 -1000 -1000 -1000 -10 0.00293719
Car -1 -1 -10 326.398 641.538 372.650 693.283 -1 -1 -1 -1000 -1000 -1000 -10 0.00146399
Car -1 -1 -10 229.027 678.246 471.522 1200.000 -1 -1 -1 -1000 -1000 -1000 -10 0.00247290
Car -1 -1 -10 1550.207 592.174 1700.670 683.808 -1 -1 -1 -1000 -1000 -1000 -10 0.00275668
Car -1 -1 -10 174.685 1087.484 493.796 1200.000 -1 -1 -1 -1000 -1000 -1000 -10 0.00269823
Car -1 -1 -10 1409.818 381.935 1915.258 778.059 -1 -1 -1 -1000 -1000 -1000 -10 0.00301410
Car -1 -1 -10 241.390 1138.526 351.204 1200.000 -1 -1 -1 -1000 -1000 -1000 -10 0.00136267
Car -1 -1 -10 257.222 1120.505 337.616 1200.000 -1 -1 -1 -1000 -1000 -1000 -10 0.00135362
Car -1 -1 -10 273.498 1084.871 333.238 1200.000 -1 -1 -1 -1000 -1000 -1000 -10 0.00133717
Car -1 -1 -10 422.263 1157.246 460.565 1200.000 -1 -1 -1 -1000 -1000 -1000 -10 0.00259355
Car -1 -1 -10 324.671 688.005 559.573 1200.000 -1 -1 -1 -1000 -1000 -1000 -10 0.00125131
Car -1 -1 -10 248.250 1066.052 649.044 1200.000 -1 -1 -1 -1000 -1000 -1000 -10 0.00212926
Car -1 -1 -10 1350.412 457.011 1914.732 877.108 -1 -1 -1 -1000 -1000 -1000 -10 0.00119255
Car -1 -1 -10 344.155 1157.065 382.402 1200.000 -1 -1 -1 -1000 -1000 -1000 -10 0.00226836
Car -1 -1 -10 406.780 1122.501 486.780 1200.000 -1 -1 -1 -1000 -1000 -1000 -10 0.00116469
Car -1 -1 -10 283.756 1122.190 322.377 1200.000 -1 -1 -1 -1000 -1000 -1000 -10 0.00115651
Car -1 -1 -10 1423.670 601.519 1920.000 1200.000 -1 -1 -1 -1000 -1000 -1000 -10 0.00105345
Car -1 -1 -10 303.474 1115.300 386.392 1200.000 -1 -1 -1 -1000 -1000 -1000 -10 0.00104639
Car -1 -1 -10 395.991 1139.046 507.872 1200.000 -1 -1 -1 -1000 -1000 -1000 -10 0.00103966
Car -1 -1 -10 1569.294 563.277 1920.000 1200.000 -1 -1 -1 -1000 -1000 -1000 -10 0.00103361
Car -1 -1 -10 1277.541 618.301 1900.613 1072.808 -1 -1 -1 -1000 -1000 -1000 -10 0.00101284
Car -1 -1 -10 315.555 617.888 352.430 673.152 -1 -1 -1 -1000 -1000 -1000 -10 0.00100865
Car -1 -1 -10 207.810 608.652 393.269 1185.421 -1 -1 -1 -1000 -1000 -1000 -10 0.00174492
Car -1 -1 -10 80.253 1053.599 502.477 1200.000 -1 -1 -1 -1000 -1000 -1000 -10 0.00174722
Car -1 -1 -10 433.677 1124.863 472.863 1200.000 -1 -1 -1 -1000 -1000 -1000 -10 0.00190342
Car -1 -1 -10 0.000 1156.758 30.947 1200.000 -1 -1 -1 -1000 -1000 -1000 -10 0.00097365
Car -1 -1 -10 322.434 1121.062 403.296 1200.000 -1 -1 -1 -1000 -1000 -1000 -10 0.00097103
Car -1 -1 -10 283.351 1142.684 334.720 1200.000 -1 -1 -1 -1000 -1000 -1000 -10 0.00095146
Car -1 -1 -10 307.352 625.995 374.898 683.752 -1 -1 -1 -1000 -1000 -1000 -10 0.00093894
Car -1 -1 -10 457.927 1156.842 497.380 1200.000 -1 -1 -1 -1000 -1000 -1000 -10 0.00088641
Car -1 -1 -10 325.656 1107.203 580.418 1200.000 -1 -1 -1 -1000 -1000 -1000 -10 0.00088240
Car -1 -1 -10 0.000 935.317 321.801 1200.000 -1 -1 -1 -1000 -1000 -1000 -10 0.00088123
Car -1 -1 -10 346.861 596.532 538.565 1179.319 -1 -1 -1 -1000 -1000 -1000 -10 0.00086131
Car -1 -1 -10 286.891 1119.873 368.930 1200.000 -1 -1 -1 -1000 -1000 -1000 -10 0.00082907
Car -1 -1 -10 1570.487 618.155 1724.436 706.861 -1 -1 -1 -1000 -1000 -1000 -10 0.00082064
Car -1 -1 -10 1510.091 552.930 1735.171 674.138 -1 -1 -1 -1000 -1000 -1000 -10 0.00079771
Car -1 -1 -10 1468.889 800.856 1920.000 1200.000 -1 -1 -1 -1000 -1000 -1000 -10 0.00079184
Car -1 -1 -10 313.858 1125.013 352.608 1200.000 -1 -1 -1 -1000 -1000 -1000 -10 0.00078772
Car -1 -1 -10 176.920 1107.735 426.090 1200.000 -1 -1 -1 -1000 -1000 -1000 -10 0.00077950
Car -1 -1 -10 271.445 1125.554 310.888 1200.000 -1 -1 -1 -1000 -1000 -1000 -10 0.00076990
Car -1 -1 -10 440.376 1157.384 478.085 1200.000 -1 -1 -1 -1000 -1000 -1000 -10 0.00076822
Car -1 -1 -10 312.781 628.834 363.365 682.929 -1 -1 -1 -1000 -1000 -1000 -10 0.00074092
Car -1 -1 -10 1419.354 574.881 1758.362 1196.271 -1 -1 -1 -1000 -1000 -1000 -10 0.00071423
Car -1 -1 -10 1206.730 537.767 1886.759 1200.000 -1 -1 -1 -1000 -1000 -1000 -10 0.00071095
