Car -1 -1 -10 160.542 499.497 585.760 777.811 -1 -1 -1 -1000 -1000 -1000 -10 0.99996278
Car -1 -1 -10 1076.703 577.372 1195.107 674.526 -1 -1 -1 -1000 -1000 -1000 -10 0.98680969
Car -1 -1 -10 1050.306 1088.068 1211.365 1194.774 -1 -1 -1 -1000 -1000 -1000 -10 0.01009159
Car -1 -1 -10 885.811 814.192 1224.296 1195.355 -1 -1 -1 -1000 -1000 -1000 -10 0.00667969
Car -1 -1 -10 932.212 1035.730 1220.009 1191.068 -1 -1 -1 -1000 -1000 -1000 -10 0.00629062
Car -1 -1 -10 341.027 505.597 592.745 721.170 -1 -1 -1 -1000 -1000 -1000 -10 0.00618409
Car -1 -1 -10 1047.281 1082.684 1106.794 1200.000 -1 -1 -1 -1000 -1000 -1000 -10 0.00307945
Car -1 -1 -10 958.447 683.763 1205.267 1199.236 -1 -1 -1 -1000 -1000 -1000 -10 0.00523748
Car -1 -1 -10 978.630 1089.729 1141.561 1188.851 -1 -1 -1 -1000 -1000 -1000 -10 0.00276319
Car -1 -1 -10 939.721 793.722 1541.707 1195.468 -1 -1 -1 -1000 -1000 -1000 -10 0.00265467
Car -1 -1 -10 891.840 344.809 1185.475 1200.000 -1 -1 -1 -1000 -1000 -1000 -10 0.00245685
Car -1 -1 -10 16.051 801.251 657.100 1186.015 -1 -1 -1 -1000 -1000 -1000 -10 0.00226282
Car -1 -1 -10 1003.464 1101.107 1189.899 1200.000 -1 -1 -1 -1000 -1000 -1000 -10 0.00215065
Car -1 -1 -10 0.000 791.568 449.817 1199.455 -1 -1 -1 -1000 -1000 -1000 -10 0.00192409
Car -1 -1 -10 905.961 1082.840 1221.974 1200.000 -1 -1 -1 -1000 -1000 -1000 -10 0.00191441
