Car -1 -1 -10 0.000 560.246 1145.225 1189.021 -1 -1 -1 -1000 -1000 -1000 -10 0.15182552
Car -1 -1 -10 939.619 564.935 995.341 625.908 -1 -1 -1 -1000 -1000 -1000 -10 0.10170324
Car -1 -1 -10 1022.568 579.287 1103.275 638.546 -1 -1 -1 -1000 -1000 -1000 -10 0.09839446
Car -1 -1 -10 936.774 576.849 992.882 631.130 -1 -1 -1 -1000 -1000 -1000 -10 0.01769159
Car -1 -1 -10 7.943 748.713 782.476 1184.260 -1 -1 -1 -1000 -1000 -1000 -10 0.02475403
Car -1 -1 -10 586.349 525.737 1723.845 1193.807 -1 -1 -1 -1000 -1000 -1000 -10 0.01401771
Car -1 -1 -10 692.270 817.615 1330.664 1196.374 -1 -1 -1 -1000 -1000 -1000 -10 0.01001087
Car -1 -1 -10 330.858 789.935 1028.163 1199.180 -1 -1 -1 -1000 -1000 -1000 -10 0.01310404
Car -1 -1 -10 739.536 515.122 1920.000 1197.182 -1 -1 -1 -1000 -1000 -1000 -10 0.00743894
Car -1 -1 -10 775.966 1050.566 1181.564 1200.000 -1 -1 -1 -1000 -1000 -1000 -10 0.01226642
Car -1 -1 -10 789.095 788.752 1472.389 1200.000 -1 -1 -1 -1000 -1000 -1000 -10 0.00320233
Car -1 -1 -10 837.444 1083.335 897.279 1200.000 -1 -1 -1 -1000 -1000 -1000 -10 0.00307608
Car -1 -1 -10 836.086 866.180 1142.327 1199.246 -1 -1 -1 -1000 -1000 -1000 -10 0.00779542
Car -1 -1 -10 1036.336 1090.339 1201.105 1189.461 -1 -1 -1 -1000 -1000 -1000 -10 0.00280275
Car -1 -1 -10 0.000 577.792 409.739 1200.000 -1 -1 -1 -1000 -1000 -1000 -10 0.00778460
Car -1 -1 -10 563.553 1057.270 960.121 1200.000 -1 -1 -1 -1000 -1000 -1000 -10 0.00528205
Car -1 -1 -10 923.214 1039.568 1367.067 1200.000 -1 -1 -1 -1000 -1000 -1000 -10 0.00277048
Car -1 -1 -10 198.122 710.506 411.687 1195.073 -1 -1 -1 -1000 -1000 -1000 -10 0.00268444
Car -1 -1 -10 667.699 932.090 1303.294 1200.000 -1 -1 -1 -1000 -1000 -1000 -10 0.00259352
Car -1 -1 -10 847.988 1100.850 1101.099 1200.000 -1 -1 -1 -1000 -1000 -1000 -10 0.00256224
Car -1 -1 -10 991.495 771.081 1194.207 1196.813 -1 -1 -1 -1000 -1000 -1000 -10 0.00490979
Car -1 -1 -10 892.862 511.230 1257.025 1200.000 -1 -1 -1 -1000 -1000 -1000 -10 0.00249097
Car -1 -1 -10 954.542 688.885 1172.091 1189.137 -1 -1 -1 -1000 -1000 -1000 -10 0.00248429
Car -1 -1 -10 584.384 829.496 926.110 1193.443 -1 -1 -1 -1000 -1000 -1000 -10 0.00466148
Car -1 -1 -10 952.545 1082.495 1277.630 1200.000 -1 -1 -1 -1000 -1000 -1000 -10 0.00473233
Car -1 -1 -10 888.859 966.663 1293.022 1200.000 -1 -1 -1 -1000 -1000 -1000 -10 0.00243046
Car -1 -1 -10 179.663 247.811 485.789 1199.969 -1 -1 -1 -1000 -1000 -1000 -10 0.00217967
