Car -1 -1 -10 1056.722 567.659 1364.455 786.480 -1 -1 -1 -1000 -1000 -1000 -10 0.99621138
Car -1 -1 -10 1000.579 590.656 1157.007 730.454 -1 -1 -1 -1000 -1000 -1000 -10 0.98513423
Car -1 -1 -10 559.743 619.490 623.624 668.244 -1 -1 -1 -1000 -1000 -1000 -10 0.43094724
Car -1 -1 -10 915.945 603.438 1008.898 675.306 -1 -1 -1 -1000 -1000 -1000 -10 0.48273979
Car -1 -1 -10 659.887 608.395 706.554 653.413 -1 -1 -1 -1000 -1000 -1000 -10 0.00943979
Car -1 -1 -10 0.000 596.434 524.036 1199.240 -1 -1 -1 -1000 -1000 -1000 -10 0.01477716
Car -1 -1 -10 0.000 532.447 814.313 1200.000 -1 -1 -1 -1000 -1000 -1000 -10 0.00763831
Car -1 -1 -10 947.117 598.963 1034.665 682.637 -1 -1 -1 -1000 -1000 -1000 -10 0.00854321
Car -1 -1 -10 1033.146 579.273 1208.540 749.479 -1 -1 -1 -1000 -1000 -1000 -10 0.00367230
Car -1 -1 -10 938.287 609.689 1040.662 693.963 -1 -1 -1 -1000 -1000 -1000 -10 0.00355174
Car -1 -1 -10 1014.402 584.088 1225.393 779.168 -1 -1 -1 -1000 -1000 -1000 -10 0.00347871
Car -1 -1 -10 0.000 727.971 403.782 1200.000 -1 -1 -1 -1000 -1000 -1000 -10 0.00333489
Car -1 -1 -10 1042.330 581.856 1155.111 691.273 -1 -1 -1 -1000 -1000 -1000 -10 0.00283425
Car -1 -1 -10 64.042 173.868 367.170 1187.939 -1 -1 -1 -1000 -1000 -1000 -10 0.00280722
Car -1 -1 -10 1055.915 579.119 1170.490 688.259 -1 -1 -1 -1000 -1000 -1000 -10 0.00275914
Car -1 -1 -10 928.313 569.507 1064.163 666.795 -1 -1 -1 -1000 -1000 -1000 -10 0.00264756
