Car -1 -1 -10 0.000 611.036 84.327 720.378 -1 -1 -1 -1000 -1000 -1000 -10 0.10444894
Car -1 -1 -10 0.000 157.610 1702.826 1200.000 -1 -1 -1 -1000 -1000 -1000 -10 0.05617902
Car -1 -1 -10 0.000 477.986 997.187 1199.933 -1 -1 -1 -1000 -1000 -1000 -10 0.05167752
Car -1 -1 -10 0.000 153.499 594.341 1200.000 -1 -1 -1 -1000 -1000 -1000 -10 0.01600078
Car -1 -1 -10 253.981 418.122 775.224 741.047 -1 -1 -1 -1000 -1000 -1000 -10 0.00722561
Car -1 -1 -10 626.821 13.295 1913.260 1170.364 -1 -1 -1 -1000 -1000 -1000 -10 0.01045798
Car -1 -1 -10 3.612 545.703 512.525 1198.504 -1 -1 -1 -1000 -1000 -1000 -10 0.01518860
Car -1 -1 -10 149.743 17.539 1397.248 1175.484 -1 -1 -1 -1000 -1000 -1000 -10 0.00957263
Car -1 -1 -10 98.694 362.326 764.701 743.903 -1 -1 -1 -1000 -1000 -1000 -10 0.00524252
Car -1 -1 -10 169.501 441.976 636.064 715.520 -1 -1 -1 -1000 -1000 -1000 -10 0.00817145
Car -1 -1 -10 68.704 25.742 361.427 1200.000 -1 -1 -1 -1000 -1000 -1000 -10 0.00504408
Car -1 -1 -10 10.482 72.315 307.418 1191.591 -1 -1 -1 -1000 -1000 -1000 -10 0.00980613
Car -1 -1 -10 0.000 454.278 603.887 852.365 -1 -1 -1 -1000 -1000 -1000 -10 0.01409905
Car -1 -1 -10 336.789 402.821 794.719 663.390 -1 -1 -1 -1000 -1000 -1000 -10 0.00470960
Car -1 -1 -10 412.156 239.428 615.002 975.526 -1 -1 -1 -1000 -1000 -1000 -10 0.00468456
Car -1 -1 -10 453.339 457.367 624.758 619.288 -1 -1 -1 -1000 -1000 -1000 -10 0.00466796
Car -1 -1 -10 0.000 358.162 569.377 747.760 -1 -1 -1 -1000 -1000 -1000 -10 0.00465934
Car -1 -1 -10 117.177 15.393 407.555 1188.835 -1 -1 -1 -1000 -1000 -1000 -10 0.00439882
Car -1 -1 -10 313.563 452.745 723.067 700.833 -1 -1 -1 -1000 -1000 -1000 -10 0.00406230
Car -1 -1 -10 51.913 312.514 923.190 816.175 -1 -1 -1 -1000 -1000 -1000 -10 0.00401053
Car -1 -1 -10 57.891 107.459 1043.351 921.050 -1 -1 -1 -1000 -1000 -1000 -10 0.00399203
Car -1 -1 -10 4.785 488.356 599.324 1020.959 -1 -1 -1 -1000 -1000 -1000 -10 0.00393939
Car -1 -1 -10 301.325 42.172 513.907 1156.422 -1 -1 -1 -1000 -1000 -1000 -10 0.00696499
Car -1 -1 -10 203.540 38.482 420.197 1165.929 -1 -1 -1 -1000 -1000 -1000 -10 0.00772451
Car -1 -1 -10 200.045 177.673 405.276 917.120 -1 -1 -1 -1000 -1000 -1000 -10 0.00387038
Car -1 -1 -10 0.000 596.118 124.883 752.488 -1 -1 -1 -1000 -1000 -1000 -10 0.00378638
Car -1 -1 -10 139.048 398.710 611.442 667.265 -1 -1 -1 -1000 -1000 -1000 -10 0.00377602
Car -1 -1 -10 278.110 228.202 488.306 967.518 -1 -1 -1 -1000 -1000 -1000 -10 0.00734939
Car -1 -1 -10 414.330 514.441 635.493 655.360 -1 -1 -1 -1000 -1000 -1000 -10 0.00375278
Car -1 -1 -10 198.401 495.494 368.218 578.698 -1 -1 -1 -1000 -1000 -1000 -10 0.00669991
Car -1 -1 -10 71.854 194.975 449.717 903.052 -1 -1 -1 -1000 -1000 -1000 -10 0.00334570
Car -1 -1 -10 0.000 172.059 819.782 856.573 -1 -1 -1 -1000 -1000 -1000 -10 0.00333559
Car -1 -1 -10 464.230 160.623 669.498 916.596 -1 -1 -1 -1000 -1000 -1000 -10 0.00331631
Car -1 -1 -10 452.666 464.288 608.046 567.744 -1 -1 -1 -1000 -1000 -1000 -10 0.00327958
Car -1 -1 -10 148.107 431.649 852.554 878.447 -1 -1 -1 -1000 -1000 -1000 -10 0.00316967
Car -1 -1 -10 447.283 443.997 610.545 540.574 -1 -1 -1 -1000 -1000 -1000 -10 0.00310392
Car -1 -1 -10 334.793 421.426 732.105 645.982 -1 -1 -1 -1000 -1000 -1000 -10 0.00300830
Car -1 -1 -10 129.120 415.808 444.718 562.490 -1 -1 -1 -1000 -1000 -1000 -10 0.00288530
Car -1 -1 -10 0.000 458.577 327.583 861.703 -1 -1 -1 -1000 -1000 -1000 -10 0.00284683
