Car -1 -1 -10 696.121 595.110 948.639 795.577 -1 -1 -1 -1000 -1000 -1000 -10 0.99981442
Car -1 -1 -10 525.487 612.138 631.549 696.580 -1 -1 -1 -1000 -1000 -1000 -10 0.99408682
Car -1 -1 -10 801.560 574.286 963.041 738.915 -1 -1 -1 -1000 -1000 -1000 -10 0.98334777
Car -1 -1 -10 593.363 616.590 666.244 684.142 -1 -1 -1 -1000 -1000 -1000 -10 0.76537597
Car -1 -1 -10 935.228 611.334 990.960 674.317 -1 -1 -1 -1000 -1000 -1000 -10 0.36628538
Car -1 -1 -10 448.493 609.241 529.261 673.321 -1 -1 -1 -1000 -1000 -1000 -10 0.30711313
Car -1 -1 -10 118.761 624.715 281.506 691.110 -1 -1 -1 -1000 -1000 -1000 -10 0.18610283
Car -1 -1 -10 921.993 605.064 993.103 675.773 -1 -1 -1 -1000 -1000 -1000 -10 0.02763918
Car -1 -1 -10 350.240 620.205 413.991 666.749 -1 -1 -1 -1000 -1000 -1000 -10 0.00643186
Car -1 -1 -10 1691.286 549.171 1826.851 677.684 -1 -1 -1 -1000 -1000 -1000 -10 0.00630200
