Car -1 -1 -10 387.564 611.295 468.224 678.439 -1 -1 -1 -1000 -1000 -1000 -10 0.45638329
Car -1 -1 -10 494.585 615.530 577.959 673.133 -1 -1 -1 -1000 -1000 -1000 -10 0.65785720
Car -1 -1 -10 401.737 614.674 478.980 676.478 -1 -1 -1 -1000 -1000 -1000 -10 0.08119551
Car -1 -1 -10 92.136 637.813 241.617 725.634 -1 -1 -1 -1000 -1000 -1000 -10 0.07880372
Car -1 -1 -10 446.176 619.521 496.146 670.745 -1 -1 -1 -1000 -1000 -1000 -10 0.00935396
Car -1 -1 -10 495.284 24.682 792.512 184.241 -1 -1 -1 -1000 -1000 -1000 -10 0.00788603
Car -1 -1 -10 447.684 2.550 881.451 292.981 -1 -1 -1 -1000 -1000 -1000 -10 0.00818919
Car -1 -1 -10 567.322 61.059 718.803 159.100 -1 -1 -1 -1000 -1000 -1000 -10 0.00332811
Car -1 -1 -10 290.217 0.000 1184.302 324.391 -1 -1 -1 -1000 -1000 -1000 -10 0.00742746
Car -1 -1 -10 555.371 39.418 705.848 139.503 -1 -1 -1 -1000 -1000 -1000 -10 0.00408755
Car -1 -1 -10 532.351 39.661 684.675 140.270 -1 -1 -1 -1000 -1000 -1000 -10 0.00235228
Car -1 -1 -10 602.263 38.125 753.207 139.975 -1 -1 -1 -1000 -1000 -1000 -10 0.00232867
Car -1 -1 -10 587.169 18.384 697.848 307.968 -1 -1 -1 -1000 -1000 -1000 -10 0.00226737
Car -1 -1 -10 0.000 793.542 465.031 1198.156 -1 -1 -1 -1000 -1000 -1000 -10 0.00842726
Car -1 -1 -10 0.000 991.527 279.098 1200.000 -1 -1 -1 -1000 -1000 -1000 -10 0.00589653
Car -1 -1 -10 579.621 4.830 704.014 127.669 -1 -1 -1 -1000 -1000 -1000 -10 0.00203442
Car -1 -1 -10 0.085 1105.366 125.356 1200.000 -1 -1 -1 -1000 -1000 -1000 -10 0.00394617
Car -1 -1 -10 558.047 38.944 712.818 584.002 -1 -1 -1 -1000 -1000 -1000 -10 0.00197770
Car -1 -1 -10 0.000 933.256 234.535 1200.000 -1 -1 -1 -1000 -1000 -1000 -10 0.00196916
Car -1 -1 -10 8.530 1104.422 178.433 1200.000 -1 -1 -1 -1000 -1000 -1000 -10 0.00370233
Car -1 -1 -10 0.000 1105.851 91.395 1200.000 -1 -1 -1 -1000 -1000 -1000 -10 0.00176852
Car -1 -1 -10 518.349 2.863 971.797 464.968 -1 -1 -1 -1000 -1000 -1000 -10 0.00172520
Car -1 -1 -10 20.877 700.729 256.534 1197.787 -1 -1 -1 -1000 -1000 -1000 -10 0.00431849
Car -1 -1 -10 570.762 23.431 869.792 951.120 -1 -1 -1 -1000 -1000 -1000 -10 0.00167511
Car -1 -1 -10 0.000 1062.864 196.386 1200.000 -1 -1 -1 -1000 -1000 -1000 -10 0.00161926
Car -1 -1 -10 385.783 4.778 974.599 276.623 -1 -1 -1 -1000 -1000 -1000 -10 0.00160847
Car -1 -1 -10 0.000 1066.661 66.906 1200.000 -1 -1 -1 -1000 -1000 -1000 -10 0.00156815
Car -1 -1 -10 520.494 4.118 644.212 125.005 -1 -1 -1 -1000 -1000 -1000 -10 0.00153056
Car -1 -1 -10 566.454 36.212 753.041 502.061 -1 -1 -1 -1000 -1000 -1000 -10 0.00148944
Car -1 -1 -10 558.001 581.124 891.960 788.045 -1 -1 -1 -1000 -1000 -1000 -10 0.00143196
Car -1 -1 -10 646.817 637.061 802.391 738.905 -1 -1 -1 -1000 -1000 -1000 -10 0.00143018
Car -1 -1 -10 70.608 514.012 1270.126 1197.848 -1 -1 -1 -1000 -1000 -1000 -10 0.00277278
Car -1 -1 -10 61.800 1158.663 98.334 1200.000 -1 -1 -1 -1000 -1000 -1000 -10 0.00134083
Car -1 -1 -10 24.149 1086.386 82.813 1200.000 -1 -1 -1 -1000 -1000 -1000 -10 0.00267143
Car -1 -1 -10 37.796 1158.097 75.045 1200.000 -1 -1 -1 -1000 -1000 -1000 -10 0.00129898
Car -1 -1 -10 44.240 748.361 170.963 1200.000 -1 -1 -1 -1000 -1000 -1000 -10 0.00128981
Car -1 -1 -10 19.012 1143.534 71.031 1200.000 -1 -1 -1 -1000 -1000 -1000 -10 0.00124540
Car -1 -1 -10 711.969 322.677 814.634 1011.476 -1 -1 -1 -1000 -1000 -1000 -10 0.00124425
Car -1 -1 -10 511.120 1.398 807.607 342.453 -1 -1 -1 -1000 -1000 -1000 -10 0.00122728
