Car -1 -1 -10 114.032 604.671 314.020 726.331 -1 -1 -1 -1000 -1000 -1000 -10 0.99781200
Car -1 -1 -10 362.857 619.340 468.795 692.286 -1 -1 -1 -1000 -1000 -1000 -10 0.99105711
Car -1 -1 -10 530.659 621.353 583.059 672.421 -1 -1 -1 -1000 -1000 -1000 -10 0.02344242
Car -1 -1 -10 12.133 605.989 525.698 1187.009 -1 -1 -1 -1000 -1000 -1000 -10 0.00589469
Car -1 -1 -10 113.886 623.219 211.690 710.673 -1 -1 -1 -1000 -1000 -1000 -10 0.00280882
Car -1 -1 -10 533.182 0.000 937.477 225.275 -1 -1 -1 -1000 -1000 -1000 -10 0.00472790
Car -1 -1 -10 10.360 588.295 153.914 691.533 -1 -1 -1 -1000 -1000 -1000 -10 0.00418505
Car -1 -1 -10 121.847 613.294 225.240 703.388 -1 -1 -1 -1000 -1000 -1000 -10 0.00242638
Car -1 -1 -10 330.172 631.687 378.246 681.799 -1 -1 -1 -1000 -1000 -1000 -10 0.00409456
Car -1 -1 -10 598.245 21.758 857.731 470.157 -1 -1 -1 -1000 -1000 -1000 -10 0.00368360
Car -1 -1 -10 674.246 2.820 802.304 121.151 -1 -1 -1 -1000 -1000 -1000 -10 0.00168096
Car -1 -1 -10 666.294 16.563 800.500 416.177 -1 -1 -1 -1000 -1000 -1000 -10 0.00167620
Car -1 -1 -10 0.000 796.081 463.658 1200.000 -1 -1 -1 -1000 -1000 -1000 -10 0.00325495
Car -1 -1 -10 387.763 0.000 976.542 221.589 -1 -1 -1 -1000 -1000 -1000 -10 0.00158582
Car -1 -1 -10 489.964 6.603 868.757 367.137 -1 -1 -1 -1000 -1000 -1000 -10 0.00154242
Car -1 -1 -10 661.344 12.989 819.835 110.656 -1 -1 -1 -1000 -1000 -1000 -10 0.00152733
Car -1 -1 -10 577.474 5.407 877.021 128.746 -1 -1 -1 -1000 -1000 -1000 -10 0.00149893
Car -1 -1 -10 11.699 688.959 256.066 1197.231 -1 -1 -1 -1000 -1000 -1000 -10 0.00145944
Car -1 -1 -10 86.122 1158.160 122.587 1200.000 -1 -1 -1 -1000 -1000 -1000 -10 0.00145107
Car -1 -1 -10 64.478 327.471 365.811 1200.000 -1 -1 -1 -1000 -1000 -1000 -10 0.00139530
Car -1 -1 -10 298.781 587.055 493.416 1179.887 -1 -1 -1 -1000 -1000 -1000 -10 0.00344154
Car -1 -1 -10 0.000 815.305 212.616 1194.845 -1 -1 -1 -1000 -1000 -1000 -10 0.00134558
Car -1 -1 -10 620.115 0.661 858.531 151.040 -1 -1 -1 -1000 -1000 -1000 -10 0.00126758
Car -1 -1 -10 638.397 3.106 765.900 120.684 -1 -1 -1 -1000 -1000 -1000 -10 0.00123588
Car -1 -1 -10 6.020 1105.155 168.250 1200.000 -1 -1 -1 -1000 -1000 -1000 -10 0.00122983
Car -1 -1 -10 529.643 630.563 576.351 677.820 -1 -1 -1 -1000 -1000 -1000 -10 0.00116496
Car -1 -1 -10 563.139 2.521 815.882 246.637 -1 -1 -1 -1000 -1000 -1000 -10 0.00115851
Car -1 -1 -10 0.000 969.437 209.902 1200.000 -1 -1 -1 -1000 -1000 -1000 -10 0.00113837
Car -1 -1 -10 667.164 1157.606 704.752 1200.000 -1 -1 -1 -1000 -1000 -1000 -10 0.00113660
Car -1 -1 -10 181.070 682.983 422.148 1199.282 -1 -1 -1 -1000 -1000 -1000 -10 0.00112927
Car -1 -1 -10 74.226 1066.328 471.446 1200.000 -1 -1 -1 -1000 -1000 -1000 -10 0.00202944
Car -1 -1 -10 590.764 0.959 717.776 119.892 -1 -1 -1 -1000 -1000 -1000 -10 0.00112513
Car -1 -1 -10 0.000 1011.433 259.148 1200.000 -1 -1 -1 -1000 -1000 -1000 -10 0.00110130
Car -1 -1 -10 91.708 1157.684 128.875 1200.000 -1 -1 -1 -1000 -1000 -1000 -10 0.00109961
Car -1 -1 -10 490.600 0.000 865.664 209.793 -1 -1 -1 -1000 -1000 -1000 -10 0.00108127
Car -1 -1 -10 617.924 36.320 799.341 510.650 -1 -1 -1 -1000 -1000 -1000 -10 0.00107059
Car -1 -1 -10 0.000 1106.925 124.169 1200.000 -1 -1 -1 -1000 -1000 -1000 -10 0.00105895
Car -1 -1 -10 45.482 635.863 217.570 1186.588 -1 -1 -1 -1000 -1000 -1000 -10 0.00101901
Car -1 -1 -10 64.136 1118.180 145.102 1200.000 -1 -1 -1 -1000 -1000 -1000 -10 0.00194345
Car -1 -1 -10 162.513 470.137 257.791 824.469 -1 -1 -1 -1000 -1000 -1000 -10 0.00098548
Car -1 -1 -10 633.696 12.729 791.804 111.671 -1 -1 -1 -1000 -1000 -1000 -10 0.00098313
Car -1 -1 -10 80.934 1139.106 190.965 1200.000 -1 -1 -1 -1000 -1000 -1000 -10 0.00094975
Car -1 -1 -10 196.498 518.958 246.693 818.329 -1 -1 -1 -1000 -1000 -1000 -10 0.00094580
Car -1 -1 -10 24.715 1157.488 63.252 1200.000 -1 -1 -1 -1000 -1000 -1000 -10 0.00094358
Car -1 -1 -10 140.723 631.474 316.995 1191.313 -1 -1 -1 -1000 -1000 -1000 -10 0.00094245
Car -1 -1 -10 545.746 37.841 727.675 510.075 -1 -1 -1 -1000 -1000 -1000 -10 0.00093438
Car -1 -1 -10 369.490 1115.028 452.606 1200.000 -1 -1 -1 -1000 -1000 -1000 -10 0.00092185
Car -1 -1 -10 536.661 21.723 793.101 465.583 -1 -1 -1 -1000 -1000 -1000 -10 0.00091906
Car -1 -1 -10 152.398 1159.378 188.010 1200.000 -1 -1 -1 -1000 -1000 -1000 -10 0.00091741
Car -1 -1 -10 37.145 604.649 112.654 682.765 -1 -1 -1 -1000 -1000 -1000 -10 0.00091701
Car -1 -1 -10 524.103 5.560 809.729 133.030 -1 -1 -1 -1000 -1000 -1000 -10 0.00091062
Car -1 -1 -10 60.616 591.387 252.404 1180.542 -1 -1 -1 -1000 -1000 -1000 -10 0.00085507
Car -1 -1 -10 4.299 1118.213 85.482 1200.000 -1 -1 -1 -1000 -1000 -1000 -10 0.00085065
Car -1 -1 -10 575.975 3.133 744.920 332.303 -1 -1 -1 -1000 -1000 -1000 -10 0.00083167
