Car -1 -1 -10 983.816 454.704 1920.000 1200.000 -1 -1 -1 -1000 -1000 -1000 -10 0.02405413
Car -1 -1 -10 0.000 487.030 728.288 1200.000 -1 -1 -1 -1000 -1000 -1000 -10 0.03213100
Car -1 -1 -10 0.000 396.347 532.025 1176.424 -1 -1 -1 -1000 -1000 -1000 -10 0.01964785
Car -1 -1 -10 355.358 491.580 1777.682 1200.000 -1 -1 -1 -1000 -1000 -1000 -10 0.02685266
Car -1 -1 -10 526.168 618.164 692.969 708.440 -1 -1 -1 -1000 -1000 -1000 -10 0.01297786
Car -1 -1 -10 1390.424 273.731 1914.353 1200.000 -1 -1 -1 -1000 -1000 -1000 -10 0.00676693
Car -1 -1 -10 1348.314 498.288 1920.000 1200.000 -1 -1 -1 -1000 -1000 -1000 -10 0.00614240
Car -1 -1 -10 1340.690 541.239 1914.163 980.545 -1 -1 -1 -1000 -1000 -1000 -10 0.00937510
Car -1 -1 -10 1504.995 596.541 1920.000 869.177 -1 -1 -1 -1000 -1000 -1000 -10 0.00981502
Car -1 -1 -10 634.175 28.111 1912.789 1175.935 -1 -1 -1 -1000 -1000 -1000 -10 0.00841362
Car -1 -1 -10 1392.663 407.892 1741.603 1051.108 -1 -1 -1 -1000 -1000 -1000 -10 0.00487423
Car -1 -1 -10 25.325 79.884 297.527 1200.000 -1 -1 -1 -1000 -1000 -1000 -10 0.00910680
Car -1 -1 -10 0.000 487.929 542.555 845.365 -1 -1 -1 -1000 -1000 -1000 -10 0.00845318
Car -1 -1 -10 435.758 536.120 742.967 690.506 -1 -1 -1 -1000 -1000 -1000 -10 0.00906142
Car -1 -1 -10 1387.953 446.068 1920.000 866.572 -1 -1 -1 -1000 -1000 -1000 -10 0.00437090
Car -1 -1 -10 522.945 617.248 972.079 840.616 -1 -1 -1 -1000 -1000 -1000 -10 0.00430373
Car -1 -1 -10 1654.355 542.607 1878.832 674.526 -1 -1 -1 -1000 -1000 -1000 -10 0.00430218
Car -1 -1 -10 1533.684 499.617 1920.000 756.808 -1 -1 -1 -1000 -1000 -1000 -10 0.00714240
Car -1 -1 -10 426.030 558.583 1131.922 944.114 -1 -1 -1 -1000 -1000 -1000 -10 0.00789768
Car -1 -1 -10 1248.726 561.813 1920.000 1163.776 -1 -1 -1 -1000 -1000 -1000 -10 0.00397267
Car -1 -1 -10 468.943 589.717 638.599 685.351 -1 -1 -1 -1000 -1000 -1000 -10 0.00395129
Car -1 -1 -10 12.430 538.406 174.610 638.463 -1 -1 -1 -1000 -1000 -1000 -10 0.00391658
Car -1 -1 -10 1324.820 454.249 1872.134 789.887 -1 -1 -1 -1000 -1000 -1000 -10 0.00387379
Car -1 -1 -10 1471.616 463.647 1920.000 785.984 -1 -1 -1 -1000 -1000 -1000 -10 0.00385693
Car -1 -1 -10 716.669 665.111 881.736 760.548 -1 -1 -1 -1000 -1000 -1000 -10 0.00368357
Car -1 -1 -10 27.324 146.778 1240.795 1200.000 -1 -1 -1 -1000 -1000 -1000 -10 0.00728367
Car -1 -1 -10 1379.444 618.453 1715.857 935.117 -1 -1 -1 -1000 -1000 -1000 -10 0.00364107
Car -1 -1 -10 1306.865 641.824 1847.724 996.928 -1 -1 -1 -1000 -1000 -1000 -10 0.00363768
Car -1 -1 -10 1699.345 561.045 1861.006 662.103 -1 -1 -1 -1000 -1000 -1000 -10 0.00348919
Car -1 -1 -10 1520.117 384.042 1863.641 1008.915 -1 -1 -1 -1000 -1000 -1000 -10 0.00341227
Car -1 -1 -10 236.714 314.050 1179.874 1114.956 -1 -1 -1 -1000 -1000 -1000 -10 0.00340567
Car -1 -1 -10 657.697 342.615 863.456 1073.313 -1 -1 -1 -1000 -1000 -1000 -10 0.00323005
