Car -1 -1 -10 262.783 579.944 416.706 680.620 -1 -1 -1 -1000 -1000 -1000 -10 0.99788909
Car -1 -1 -10 929.599 591.926 991.672 642.795 -1 -1 -1 -1000 -1000 -1000 -10 0.51225774
Car -1 -1 -10 1386.536 547.939 1664.776 666.862 -1 -1 -1 -1000 -1000 -1000 -10 0.51210638
Car -1 -1 -10 1050.384 585.279 1105.451 634.368 -1 -1 -1 -1000 -1000 -1000 -10 0.25737002
Car -1 -1 -10 427.427 795.243 1048.435 1192.220 -1 -1 -1 -1000 -1000 -1000 -10 0.01293313
Car -1 -1 -10 1385.727 562.305 1566.500 660.141 -1 -1 -1 -1000 -1000 -1000 -10 0.00616944
Car -1 -1 -10 0.000 817.475 648.158 1200.000 -1 -1 -1 -1000 -1000 -1000 -10 0.01243580
Car -1 -1 -10 513.326 860.326 826.794 1197.884 -1 -1 -1 -1000 -1000 -1000 -10 0.00847099
Car -1 -1 -10 409.762 979.443 952.837 1200.000 -1 -1 -1 -1000 -1000 -1000 -10 0.00444686
Car -1 -1 -10 7.403 0.791 337.146 169.534 -1 -1 -1 -1000 -1000 -1000 -10 0.00697784
Car -1 -1 -10 0.000 0.000 390.093 238.515 -1 -1 -1 -1000 -1000 -1000 -10 0.00409046
Car -1 -1 -10 0.000 796.744 480.188 1200.000 -1 -1 -1 -1000 -1000 -1000 -10 0.00407212
Car -1 -1 -10 0.000 0.000 488.658 214.788 -1 -1 -1 -1000 -1000 -1000 -10 0.00368400
Car -1 -1 -10 473.788 1019.373 889.122 1200.000 -1 -1 -1 -1000 -1000 -1000 -10 0.00359574
Car -1 -1 -10 470.344 639.117 952.142 1200.000 -1 -1 -1 -1000 -1000 -1000 -10 0.00355099
Car -1 -1 -10 1.120 1.203 306.595 125.970 -1 -1 -1 -1000 -1000 -1000 -10 0.00529922
Car -1 -1 -10 1142.261 579.604 1210.944 657.231 -1 -1 -1 -1000 -1000 -1000 -10 0.00608984
Car -1 -1 -10 0.000 2.972 341.216 375.724 -1 -1 -1 -1000 -1000 -1000 -10 0.00301460
Car -1 -1 -10 22.837 20.974 281.510 474.330 -1 -1 -1 -1000 -1000 -1000 -10 0.00301090
Car -1 -1 -10 1147.073 575.054 1200.157 670.096 -1 -1 -1 -1000 -1000 -1000 -10 0.00528352
Car -1 -1 -10 396.540 583.010 495.375 665.444 -1 -1 -1 -1000 -1000 -1000 -10 0.00523759
Car -1 -1 -10 83.844 2.714 331.187 241.944 -1 -1 -1 -1000 -1000 -1000 -10 0.00274077
Car -1 -1 -10 510.694 346.728 794.161 1186.902 -1 -1 -1 -1000 -1000 -1000 -10 0.00260281
Car -1 -1 -10 9.991 980.419 435.312 1200.000 -1 -1 -1 -1000 -1000 -1000 -10 0.00486492
Car -1 -1 -10 102.259 39.849 306.420 592.150 -1 -1 -1 -1000 -1000 -1000 -10 0.00255638
Car -1 -1 -10 543.746 973.256 764.700 1198.474 -1 -1 -1 -1000 -1000 -1000 -10 0.00234740
Car -1 -1 -10 90.556 4.116 235.654 173.259 -1 -1 -1 -1000 -1000 -1000 -10 0.00225663
Car -1 -1 -10 567.174 681.040 751.538 1197.036 -1 -1 -1 -1000 -1000 -1000 -10 0.00223964
Car -1 -1 -10 640.488 816.545 1308.821 1175.417 -1 -1 -1 -1000 -1000 -1000 -10 0.00221749
Car -1 -1 -10 135.777 20.190 269.653 413.590 -1 -1 -1 -1000 -1000 -1000 -10 0.00220609
Car -1 -1 -10 187.049 695.904 369.736 1199.880 -1 -1 -1 -1000 -1000 -1000 -10 0.00220130
Car -1 -1 -10 0.000 545.727 350.951 1200.000 -1 -1 -1 -1000 -1000 -1000 -10 0.00218675
Car -1 -1 -10 170.640 4.324 430.362 257.350 -1 -1 -1 -1000 -1000 -1000 -10 0.00212806
Car -1 -1 -10 80.223 16.420 335.423 469.443 -1 -1 -1 -1000 -1000 -1000 -10 0.00211031
