Car -1 -1 -10 0.000 800.119 459.385 1198.050 -1 -1 -1 -1000 -1000 -1000 -10 0.00835028
Car -1 -1 -10 0.000 534.996 937.254 1200.000 -1 -1 -1 -1000 -1000 -1000 -10 0.00359014
Car -1 -1 -10 15.209 601.962 206.954 1183.347 -1 -1 -1 -1000 -1000 -1000 -10 0.00308239
Car -1 -1 -10 1567.422 334.646 1920.000 777.556 -1 -1 -1 -1000 -1000 -1000 -10 0.00155628
Car -1 -1 -10 1464.022 244.915 1920.000 606.562 -1 -1 -1 -1000 -1000 -1000 -10 0.00152160
Car -1 -1 -10 5.248 1105.029 167.192 1200.000 -1 -1 -1 -1000 -1000 -1000 -10 0.00273600
Car -1 -1 -10 1514.170 333.355 1920.000 630.700 -1 -1 -1 -1000 -1000 -1000 -10 0.00234380
Car -1 -1 -10 1499.293 189.918 1920.000 736.778 -1 -1 -1 -1000 -1000 -1000 -10 0.00143242
Car -1 -1 -10 63.546 186.766 365.379 1196.023 -1 -1 -1 -1000 -1000 -1000 -10 0.00249076
Car -1 -1 -10 5.257 644.482 588.390 1097.221 -1 -1 -1 -1000 -1000 -1000 -10 0.00275265
Car -1 -1 -10 1657.612 439.708 1920.000 722.960 -1 -1 -1 -1000 -1000 -1000 -10 0.00265334
Car -1 -1 -10 1508.190 485.160 1920.000 1030.096 -1 -1 -1 -1000 -1000 -1000 -10 0.00257651
Car -1 -1 -10 0.000 968.064 209.236 1200.000 -1 -1 -1 -1000 -1000 -1000 -10 0.00129693
Car -1 -1 -10 0.000 1009.144 259.015 1200.000 -1 -1 -1 -1000 -1000 -1000 -10 0.00252123
Car -1 -1 -10 1555.367 241.122 1915.891 523.473 -1 -1 -1 -1000 -1000 -1000 -10 0.00197652
Car -1 -1 -10 0.000 938.791 321.239 1200.000 -1 -1 -1 -1000 -1000 -1000 -10 0.00116557
Car -1 -1 -10 2.466 1113.524 87.933 1200.000 -1 -1 -1 -1000 -1000 -1000 -10 0.00334386
Car -1 -1 -10 1099.589 575.048 1227.250 1199.278 -1 -1 -1 -1000 -1000 -1000 -10 0.00110508
Car -1 -1 -10 1800.917 525.096 1920.000 648.792 -1 -1 -1 -1000 -1000 -1000 -10 0.00106536
Car -1 -1 -10 8.368 1105.171 253.970 1200.000 -1 -1 -1 -1000 -1000 -1000 -10 0.00104885
Car -1 -1 -10 1619.488 529.725 1920.000 921.931 -1 -1 -1 -1000 -1000 -1000 -10 0.00100879
Car -1 -1 -10 31.362 1157.626 68.799 1200.000 -1 -1 -1 -1000 -1000 -1000 -10 0.00098702
Car -1 -1 -10 37.454 1123.113 76.565 1200.000 -1 -1 -1 -1000 -1000 -1000 -10 0.00097101
Car -1 -1 -10 0.000 151.496 471.926 498.868 -1 -1 -1 -1000 -1000 -1000 -10 0.00096937
Car -1 -1 -10 0.000 1068.155 299.441 1200.000 -1 -1 -1 -1000 -1000 -1000 -10 0.00091904
Car -1 -1 -10 55.748 1158.034 92.927 1200.000 -1 -1 -1 -1000 -1000 -1000 -10 0.00090984
Car -1 -1 -10 16.214 383.085 308.794 1200.000 -1 -1 -1 -1000 -1000 -1000 -10 0.00090347
Car -1 -1 -10 19.679 1123.431 58.622 1200.000 -1 -1 -1 -1000 -1000 -1000 -10 0.00089811
Car -1 -1 -10 53.480 843.715 176.583 1200.000 -1 -1 -1 -1000 -1000 -1000 -10 0.00088156
Car -1 -1 -10 18.901 1142.483 70.750 1200.000 -1 -1 -1 -1000 -1000 -1000 -10 0.00084394
Car -1 -1 -10 105.245 592.317 256.137 1200.000 -1 -1 -1 -1000 -1000 -1000 -10 0.00079971
Car -1 -1 -10 64.227 1009.165 162.831 1200.000 -1 -1 -1 -1000 -1000 -1000 -10 0.00079808
