Car -1 -1 -10 883.993 577.819 1036.462 699.177 -1 -1 -1 -1000 -1000 -1000 -10 0.99968588
Car -1 -1 -10 204.955 614.897 426.761 751.719 -1 -1 -1 -1000 -1000 -1000 -10 0.99765818
Car -1 -1 -10 405.332 603.181 546.615 715.839 -1 -1 -1 -1000 -1000 -1000 -10 0.46796709
Car -1 -1 -10 540.772 605.794 613.871 674.731 -1 -1 -1 -1000 -1000 -1000 -10 0.01413359
Car -1 -1 -10 1831.778 557.445 1919.247 726.629 -1 -1 -1 -1000 -1000 -1000 -10 0.02012097
Car -1 -1 -10 851.528 588.030 942.536 672.364 -1 -1 -1 -1000 -1000 -1000 -10 0.00410271
Car -1 -1 -10 859.225 593.466 933.542 666.064 -1 -1 -1 -1000 -1000 -1000 -10 0.00380398
Car -1 -1 -10 0.000 660.829 147.551 868.567 -1 -1 -1 -1000 -1000 -1000 -10 0.00360264
Car -1 -1 -10 1794.454 508.834 1920.000 753.762 -1 -1 -1 -1000 -1000 -1000 -10 0.00339275
Car -1 -1 -10 861.709 579.148 972.525 681.739 -1 -1 -1 -1000 -1000 -1000 -10 0.00331451
Car -1 -1 -10 0.000 590.076 418.310 1143.702 -1 -1 -1 -1000 -1000 -1000 -10 0.00323856
