Car -1 -1 -10 548.177 506.915 743.780 662.121 -1 -1 -1 -1000 -1000 -1000 -10 0.99999613
Car -1 -1 -10 869.689 544.572 983.162 647.378 -1 -1 -1 -1000 -1000 -1000 -10 0.59292208
Car -1 -1 -10 625.817 519.156 773.407 648.051 -1 -1 -1 -1000 -1000 -1000 -10 0.00371939
Car -1 -1 -10 672.896 526.215 783.633 634.994 -1 -1 -1 -1000 -1000 -1000 -10 0.00204222
Car -1 -1 -10 890.114 552.623 948.855 613.141 -1 -1 -1 -1000 -1000 -1000 -10 0.00291011
Car -1 -1 -10 902.198 506.995 950.138 675.286 -1 -1 -1 -1000 -1000 -1000 -10 0.00115607
Car -1 -1 -10 1560.298 414.565 1714.077 511.222 -1 -1 -1 -1000 -1000 -1000 -10 0.00215297
Car -1 -1 -10 846.054 783.165 1423.996 1190.038 -1 -1 -1 -1000 -1000 -1000 -10 0.00111210
Car -1 -1 -10 413.519 1059.981 798.180 1200.000 -1 -1 -1 -1000 -1000 -1000 -10 0.00188903
Car -1 -1 -10 514.454 1117.539 595.840 1200.000 -1 -1 -1 -1000 -1000 -1000 -10 0.00176985
Car -1 -1 -10 907.827 521.634 946.426 674.242 -1 -1 -1 -1000 -1000 -1000 -10 0.00100037
Car -1 -1 -10 459.940 822.917 782.261 1199.074 -1 -1 -1 -1000 -1000 -1000 -10 0.00339628
Car -1 -1 -10 1642.382 393.135 1918.954 671.125 -1 -1 -1 -1000 -1000 -1000 -10 0.00093758
Car -1 -1 -10 927.392 793.389 1516.103 1192.702 -1 -1 -1 -1000 -1000 -1000 -10 0.00092914
Car -1 -1 -10 463.130 1104.435 708.713 1200.000 -1 -1 -1 -1000 -1000 -1000 -10 0.00090605
Car -1 -1 -10 906.383 554.933 967.727 610.091 -1 -1 -1 -1000 -1000 -1000 -10 0.00089679
Car -1 -1 -10 912.371 549.130 941.318 647.023 -1 -1 -1 -1000 -1000 -1000 -10 0.00089479
Car -1 -1 -10 895.837 576.804 959.515 632.754 -1 -1 -1 -1000 -1000 -1000 -10 0.00089251
Car -1 -1 -10 0.000 805.364 451.516 1200.000 -1 -1 -1 -1000 -1000 -1000 -10 0.00320478
Car -1 -1 -10 531.711 825.773 692.611 1200.000 -1 -1 -1 -1000 -1000 -1000 -10 0.00088574
Car -1 -1 -10 798.068 539.500 943.610 636.492 -1 -1 -1 -1000 -1000 -1000 -10 0.00166862
Car -1 -1 -10 893.474 447.878 944.312 739.662 -1 -1 -1 -1000 -1000 -1000 -10 0.00085993
Car -1 -1 -10 500.771 643.753 674.965 1192.760 -1 -1 -1 -1000 -1000 -1000 -10 0.00085663
Car -1 -1 -10 514.723 1105.038 759.721 1200.000 -1 -1 -1 -1000 -1000 -1000 -10 0.00084857
Car -1 -1 -10 1263.534 1158.923 1300.260 1200.000 -1 -1 -1 -1000 -1000 -1000 -10 0.00083581
Car -1 -1 -10 0.000 0.000 438.382 327.386 -1 -1 -1 -1000 -1000 -1000 -10 0.00158158
Car -1 -1 -10 435.212 1030.107 860.854 1200.000 -1 -1 -1 -1000 -1000 -1000 -10 0.00082194
Car -1 -1 -10 667.087 513.522 777.404 622.326 -1 -1 -1 -1000 -1000 -1000 -10 0.00081762
Car -1 -1 -10 717.056 781.264 1286.460 1189.534 -1 -1 -1 -1000 -1000 -1000 -10 0.00081729
Car -1 -1 -10 999.405 653.680 1186.549 1187.613 -1 -1 -1 -1000 -1000 -1000 -10 0.00081154
Car -1 -1 -10 982.116 1036.911 1409.171 1200.000 -1 -1 -1 -1000 -1000 -1000 -10 0.00081123
Car -1 -1 -10 924.354 549.034 964.988 613.441 -1 -1 -1 -1000 -1000 -1000 -10 0.00146413
Car -1 -1 -10 905.729 441.002 953.374 741.340 -1 -1 -1 -1000 -1000 -1000 -10 0.00150086
Car -1 -1 -10 189.520 4.799 552.795 379.342 -1 -1 -1 -1000 -1000 -1000 -10 0.00153400
Car -1 -1 -10 757.580 688.161 995.091 1200.000 -1 -1 -1 -1000 -1000 -1000 -10 0.00078129
Car -1 -1 -10 591.872 1086.294 650.656 1200.000 -1 -1 -1 -1000 -1000 -1000 -10 0.00147833
Car -1 -1 -10 542.388 1105.253 717.597 1200.000 -1 -1 -1 -1000 -1000 -1000 -10 0.00076847
Car -1 -1 -10 683.898 533.970 776.034 627.116 -1 -1 -1 -1000 -1000 -1000 -10 0.00076846
Car -1 -1 -10 296.136 790.523 638.841 1198.721 -1 -1 -1 -1000 -1000 -1000 -10 0.00076389
Car -1 -1 -10 380.725 977.894 914.220 1200.000 -1 -1 -1 -1000 -1000 -1000 -10 0.00150230
Car -1 -1 -10 918.624 549.481 947.195 643.177 -1 -1 -1 -1000 -1000 -1000 -10 0.00075634
Car -1 -1 -10 0.000 490.676 419.103 1035.755 -1 -1 -1 -1000 -1000 -1000 -10 0.00145083
Car -1 -1 -10 0.000 389.337 293.757 751.854 -1 -1 -1 -1000 -1000 -1000 -10 0.00075332
Car -1 -1 -10 541.467 1157.570 578.330 1200.000 -1 -1 -1 -1000 -1000 -1000 -10 0.00075185
Car -1 -1 -10 0.000 325.628 275.884 709.402 -1 -1 -1 -1000 -1000 -1000 -10 0.00074745
Car -1 -1 -10 0.000 0.000 292.481 207.793 -1 -1 -1 -1000 -1000 -1000 -10 0.00074719
Car -1 -1 -10 535.582 1123.001 574.420 1200.000 -1 -1 -1 -1000 -1000 -1000 -10 0.00074538
Car -1 -1 -10 451.579 662.026 632.144 1194.959 -1 -1 -1 -1000 -1000 -1000 -10 0.00074142
Car -1 -1 -10 866.085 1033.670 1301.404 1200.000 -1 -1 -1 -1000 -1000 -1000 -10 0.00073966
Car -1 -1 -10 1407.494 594.679 1920.000 1200.000 -1 -1 -1 -1000 -1000 -1000 -10 0.00141237
Car -1 -1 -10 504.423 1127.493 570.507 1200.000 -1 -1 -1 -1000 -1000 -1000 -10 0.00073295
Car -1 -1 -10 373.187 1104.056 612.924 1200.000 -1 -1 -1 -1000 -1000 -1000 -10 0.00072726
Car -1 -1 -10 1668.104 417.434 1920.000 646.195 -1 -1 -1 -1000 -1000 -1000 -10 0.00072482
Car -1 -1 -10 281.948 34.168 462.494 509.911 -1 -1 -1 -1000 -1000 -1000 -10 0.00137986
Car -1 -1 -10 901.638 560.235 942.791 625.968 -1 -1 -1 -1000 -1000 -1000 -10 0.00071619
Car -1 -1 -10 94.259 0.000 675.918 208.060 -1 -1 -1 -1000 -1000 -1000 -10 0.00134277
Car -1 -1 -10 1657.690 614.258 1807.901 717.173 -1 -1 -1 -1000 -1000 -1000 -10 0.00069713
Car -1 -1 -10 343.056 694.965 583.344 1198.229 -1 -1 -1 -1000 -1000 -1000 -10 0.00069136
Car -1 -1 -10 595.509 754.068 723.126 1200.000 -1 -1 -1 -1000 -1000 -1000 -10 0.00069092
Car -1 -1 -10 599.268 254.642 721.984 928.987 -1 -1 -1 -1000 -1000 -1000 -10 0.00068882
Car -1 -1 -10 529.469 1143.186 580.655 1200.000 -1 -1 -1 -1000 -1000 -1000 -10 0.00068306
Car -1 -1 -10 1757.951 474.775 1920.000 693.466 -1 -1 -1 -1000 -1000 -1000 -10 0.00068192
Car -1 -1 -10 467.514 595.737 659.791 1179.818 -1 -1 -1 -1000 -1000 -1000 -10 0.00068059
Car -1 -1 -10 306.857 1019.879 622.196 1200.000 -1 -1 -1 -1000 -1000 -1000 -10 0.00067821
Car -1 -1 -10 653.272 438.820 701.920 740.665 -1 -1 -1 -1000 -1000 -1000 -10 0.00067720
Car -1 -1 -10 1486.944 801.186 1920.000 1200.000 -1 -1 -1 -1000 -1000 -1000 -10 0.00065526
Car -1 -1 -10 570.673 1019.120 666.293 1200.000 -1 -1 -1 -1000 -1000 -1000 -10 0.00065498
Car -1 -1 -10 932.564 355.056 1226.016 1200.000 -1 -1 -1 -1000 -1000 -1000 -10 0.00061320
Car -1 -1 -10 605.500 1014.562 701.376 1200.000 -1 -1 -1 -1000 -1000 -1000 -10 0.00061206
