Car -1 -1 -10 636.052 595.116 823.871 749.441 -1 -1 -1 -1000 -1000 -1000 -10 0.99911663
Car -1 -1 -10 1027.697 597.920 1271.317 716.168 -1 -1 -1 -1000 -1000 -1000 -10 0.19280284
Car -1 -1 -10 1024.057 594.467 1197.033 684.555 -1 -1 -1 -1000 -1000 -1000 -10 0.11886922
Car -1 -1 -10 992.132 592.435 1166.513 679.368 -1 -1 -1 -1000 -1000 -1000 -10 0.08874888
Car -1 -1 -10 837.158 606.566 887.266 652.968 -1 -1 -1 -1000 -1000 -1000 -10 0.08920436
Car -1 -1 -10 947.544 591.629 1098.274 668.990 -1 -1 -1 -1000 -1000 -1000 -10 0.07172447
Car -1 -1 -10 1005.323 595.142 1318.883 732.581 -1 -1 -1 -1000 -1000 -1000 -10 0.01506697
Car -1 -1 -10 795.494 594.480 847.930 648.606 -1 -1 -1 -1000 -1000 -1000 -10 0.01138587
Car -1 -1 -10 1062.577 610.984 1249.136 709.498 -1 -1 -1 -1000 -1000 -1000 -10 0.00696831
Car -1 -1 -10 0.000 788.852 462.406 1198.806 -1 -1 -1 -1000 -1000 -1000 -10 0.01260231
Car -1 -1 -10 1010.157 598.565 1114.795 679.167 -1 -1 -1 -1000 -1000 -1000 -10 0.00344310
Car -1 -1 -10 735.920 596.108 826.304 687.666 -1 -1 -1 -1000 -1000 -1000 -10 0.00322573
Car -1 -1 -10 0.000 806.101 213.672 1193.046 -1 -1 -1 -1000 -1000 -1000 -10 0.00517920
Car -1 -1 -10 728.588 590.590 823.117 675.073 -1 -1 -1 -1000 -1000 -1000 -10 0.00267575
Car -1 -1 -10 614.769 605.384 664.665 657.875 -1 -1 -1 -1000 -1000 -1000 -10 0.00402404
Car -1 -1 -10 706.553 589.463 824.363 696.994 -1 -1 -1 -1000 -1000 -1000 -10 0.00240186
Car -1 -1 -10 758.988 595.308 904.966 672.186 -1 -1 -1 -1000 -1000 -1000 -10 0.00342820
Car -1 -1 -10 731.547 591.734 840.428 696.032 -1 -1 -1 -1000 -1000 -1000 -10 0.00201788
Car -1 -1 -10 1450.566 789.118 1920.000 1200.000 -1 -1 -1 -1000 -1000 -1000 -10 0.00189405
Car -1 -1 -10 738.352 595.509 813.984 670.010 -1 -1 -1 -1000 -1000 -1000 -10 0.00189232
Car -1 -1 -10 983.399 608.472 1073.194 672.807 -1 -1 -1 -1000 -1000 -1000 -10 0.00186105
Car -1 -1 -10 640.830 588.388 759.575 697.935 -1 -1 -1 -1000 -1000 -1000 -10 0.00183063
Car -1 -1 -10 1028.024 597.558 1117.439 664.690 -1 -1 -1 -1000 -1000 -1000 -10 0.00337179
Car -1 -1 -10 1470.206 644.616 1920.000 1200.000 -1 -1 -1 -1000 -1000 -1000 -10 0.00177590
Car -1 -1 -10 650.405 589.886 753.947 672.100 -1 -1 -1 -1000 -1000 -1000 -10 0.00277260
Car -1 -1 -10 0.000 932.456 326.128 1200.000 -1 -1 -1 -1000 -1000 -1000 -10 0.00133637
Car -1 -1 -10 822.576 607.076 863.167 654.061 -1 -1 -1 -1000 -1000 -1000 -10 0.00129083
Car -1 -1 -10 1031.299 603.305 1094.462 658.464 -1 -1 -1 -1000 -1000 -1000 -10 0.00113052
Car -1 -1 -10 689.034 578.113 806.864 687.084 -1 -1 -1 -1000 -1000 -1000 -10 0.00112140
