Car -1 -1 -10 579.812 622.379 665.818 691.708 -1 -1 -1 -1000 -1000 -1000 -10 0.86906637
Car -1 -1 -10 985.227 618.632 1047.913 669.887 -1 -1 -1 -1000 -1000 -1000 -10 0.52862658
Car -1 -1 -10 553.321 626.060 633.739 691.006 -1 -1 -1 -1000 -1000 -1000 -10 0.00608378
Car -1 -1 -10 0.000 794.563 465.283 1198.491 -1 -1 -1 -1000 -1000 -1000 -10 0.00951941
Car -1 -1 -10 43.145 648.574 218.554 1197.812 -1 -1 -1 -1000 -1000 -1000 -10 0.00280810
Car -1 -1 -10 1476.249 554.715 1915.392 902.378 -1 -1 -1 -1000 -1000 -1000 -10 0.00252705
Car -1 -1 -10 0.000 809.445 212.388 1195.334 -1 -1 -1 -1000 -1000 -1000 -10 0.00153591
Car -1 -1 -10 3.647 1064.435 333.599 1200.000 -1 -1 -1 -1000 -1000 -1000 -10 0.00148212
Car -1 -1 -10 13.957 608.762 205.954 1189.173 -1 -1 -1 -1000 -1000 -1000 -10 0.00142673
Car -1 -1 -10 116.536 744.083 244.175 1200.000 -1 -1 -1 -1000 -1000 -1000 -10 0.00119993
Car -1 -1 -10 0.000 1104.742 48.966 1200.000 -1 -1 -1 -1000 -1000 -1000 -10 0.00119815
Car -1 -1 -10 38.060 932.858 273.484 1200.000 -1 -1 -1 -1000 -1000 -1000 -10 0.00118316
Car -1 -1 -10 21.989 743.222 146.230 1200.000 -1 -1 -1 -1000 -1000 -1000 -10 0.00118169
Car -1 -1 -10 52.371 598.904 252.498 1181.188 -1 -1 -1 -1000 -1000 -1000 -10 0.00115597
Car -1 -1 -10 0.000 1107.282 90.890 1200.000 -1 -1 -1 -1000 -1000 -1000 -10 0.00114277
Car -1 -1 -10 5.716 1096.731 275.048 1200.000 -1 -1 -1 -1000 -1000 -1000 -10 0.00216496
Car -1 -1 -10 0.000 986.455 291.272 1200.000 -1 -1 -1 -1000 -1000 -1000 -10 0.00111738
Car -1 -1 -10 0.000 1024.939 244.818 1200.000 -1 -1 -1 -1000 -1000 -1000 -10 0.00111049
Car -1 -1 -10 552.445 630.608 644.959 698.702 -1 -1 -1 -1000 -1000 -1000 -10 0.00107576
Car -1 -1 -10 0.000 967.325 210.237 1200.000 -1 -1 -1 -1000 -1000 -1000 -10 0.00105307
Car -1 -1 -10 565.689 1158.484 602.961 1200.000 -1 -1 -1 -1000 -1000 -1000 -10 0.00189915
Car -1 -1 -10 140.739 650.481 314.657 1194.993 -1 -1 -1 -1000 -1000 -1000 -10 0.00101123
Car -1 -1 -10 12.951 373.208 310.853 1200.000 -1 -1 -1 -1000 -1000 -1000 -10 0.00100676
Car -1 -1 -10 535.609 1157.914 572.233 1200.000 -1 -1 -1 -1000 -1000 -1000 -10 0.00099779
Car -1 -1 -10 60.046 193.319 369.640 1194.090 -1 -1 -1 -1000 -1000 -1000 -10 0.00098815
Car -1 -1 -10 557.815 1128.885 623.461 1200.000 -1 -1 -1 -1000 -1000 -1000 -10 0.00093441
Car -1 -1 -10 2.215 1105.752 154.845 1200.000 -1 -1 -1 -1000 -1000 -1000 -10 0.00182153
Car -1 -1 -10 15.267 534.623 331.527 1169.778 -1 -1 -1 -1000 -1000 -1000 -10 0.00082053
