Car -1 -1 -10 253.589 561.021 405.393 676.402 -1 -1 -1 -1000 -1000 -1000 -10 0.79695420
Car -1 -1 -10 1014.083 580.457 1092.623 641.996 -1 -1 -1 -1000 -1000 -1000 -10 0.93484652
Car -1 -1 -10 1357.151 568.724 1596.436 662.285 -1 -1 -1 -1000 -1000 -1000 -10 0.84730791
Car -1 -1 -10 406.840 580.553 509.027 657.759 -1 -1 -1 -1000 -1000 -1000 -10 0.02359895
Car -1 -1 -10 1050.224 584.106 1109.307 634.817 -1 -1 -1 -1000 -1000 -1000 -10 0.01651833
Car -1 -1 -10 1752.364 551.236 1919.601 744.101 -1 -1 -1 -1000 -1000 -1000 -10 0.02746495
Car -1 -1 -10 387.038 570.358 531.221 661.042 -1 -1 -1 -1000 -1000 -1000 -10 0.01654769
Car -1 -1 -10 1646.656 457.586 1920.000 788.960 -1 -1 -1 -1000 -1000 -1000 -10 0.00848019
Car -1 -1 -10 789.633 479.996 1920.000 1183.342 -1 -1 -1 -1000 -1000 -1000 -10 0.01548087
Car -1 -1 -10 1062.646 586.489 1112.343 633.352 -1 -1 -1 -1000 -1000 -1000 -10 0.00599629
Car -1 -1 -10 432.861 816.287 1090.294 1187.134 -1 -1 -1 -1000 -1000 -1000 -10 0.00555699
Car -1 -1 -10 1754.083 545.626 1889.917 683.429 -1 -1 -1 -1000 -1000 -1000 -10 0.00312653
Car -1 -1 -10 0.892 816.444 460.290 1197.348 -1 -1 -1 -1000 -1000 -1000 -10 0.01195944
Car -1 -1 -10 732.239 846.275 1025.246 1019.032 -1 -1 -1 -1000 -1000 -1000 -10 0.00286870
Car -1 -1 -10 0.000 0.000 388.144 239.166 -1 -1 -1 -1000 -1000 -1000 -10 0.00253235
Car -1 -1 -10 551.187 814.339 1213.736 1178.280 -1 -1 -1 -1000 -1000 -1000 -10 0.00242041
Car -1 -1 -10 0.000 0.800 332.267 158.063 -1 -1 -1 -1000 -1000 -1000 -10 0.00240190
Car -1 -1 -10 0.000 0.000 491.582 210.817 -1 -1 -1 -1000 -1000 -1000 -10 0.00235653
Car -1 -1 -10 1780.739 566.719 1900.696 673.229 -1 -1 -1 -1000 -1000 -1000 -10 0.00218302
Car -1 -1 -10 1698.140 510.434 1908.965 779.264 -1 -1 -1 -1000 -1000 -1000 -10 0.00217799
Car -1 -1 -10 391.004 593.179 469.053 663.473 -1 -1 -1 -1000 -1000 -1000 -10 0.00195572
Car -1 -1 -10 0.000 517.653 1127.828 1200.000 -1 -1 -1 -1000 -1000 -1000 -10 0.00186042
Car -1 -1 -10 1708.029 614.855 1912.861 789.504 -1 -1 -1 -1000 -1000 -1000 -10 0.00181611
