Car -1 -1 -10 0.000 795.480 472.922 1200.000 -1 -1 -1 -1000 -1000 -1000 -10 0.01600462
Car -1 -1 -10 0.000 813.771 204.084 1193.934 -1 -1 -1 -1000 -1000 -1000 -10 0.00741965
Car -1 -1 -10 481.202 0.000 1072.434 215.801 -1 -1 -1 -1000 -1000 -1000 -10 0.00264340
Car -1 -1 -10 4.039 964.849 342.815 1200.000 -1 -1 -1 -1000 -1000 -1000 -10 0.00580384
Car -1 -1 -10 585.324 0.000 965.481 205.702 -1 -1 -1 -1000 -1000 -1000 -10 0.00215463
Car -1 -1 -10 669.890 21.155 923.876 470.319 -1 -1 -1 -1000 -1000 -1000 -10 0.00366406
Car -1 -1 -10 650.478 0.116 919.416 253.278 -1 -1 -1 -1000 -1000 -1000 -10 0.00204141
Car -1 -1 -10 623.281 6.888 925.427 126.634 -1 -1 -1 -1000 -1000 -1000 -10 0.00174097
Car -1 -1 -10 670.518 5.769 970.150 126.201 -1 -1 -1 -1000 -1000 -1000 -10 0.00165760
Car -1 -1 -10 735.892 16.868 868.802 413.292 -1 -1 -1 -1000 -1000 -1000 -10 0.00165093
Car -1 -1 -10 66.791 581.154 195.211 1200.000 -1 -1 -1 -1000 -1000 -1000 -10 0.00162952
Car -1 -1 -10 770.740 0.000 898.722 131.065 -1 -1 -1 -1000 -1000 -1000 -10 0.00136064
Car -1 -1 -10 720.667 1.116 850.816 125.787 -1 -1 -1 -1000 -1000 -1000 -10 0.00258535
Car -1 -1 -10 714.751 12.461 843.353 414.039 -1 -1 -1 -1000 -1000 -1000 -10 0.00126804
Car -1 -1 -10 0.000 1005.340 258.483 1200.000 -1 -1 -1 -1000 -1000 -1000 -10 0.00119440
Car -1 -1 -10 788.669 0.000 880.775 101.055 -1 -1 -1 -1000 -1000 -1000 -10 0.00117758
Car -1 -1 -10 0.000 0.000 338.448 280.169 -1 -1 -1 -1000 -1000 -1000 -10 0.00114164
Car -1 -1 -10 778.026 5.416 893.001 233.455 -1 -1 -1 -1000 -1000 -1000 -10 0.00110974
Car -1 -1 -10 1444.090 628.240 1920.000 1003.439 -1 -1 -1 -1000 -1000 -1000 -10 0.00110061
Car -1 -1 -10 0.000 3.620 223.208 220.348 -1 -1 -1 -1000 -1000 -1000 -10 0.00107300
Car -1 -1 -10 787.286 20.929 903.511 337.263 -1 -1 -1 -1000 -1000 -1000 -10 0.00106377
Car -1 -1 -10 644.121 43.958 936.602 842.482 -1 -1 -1 -1000 -1000 -1000 -10 0.00104882
Car -1 -1 -10 0.000 1039.099 221.837 1200.000 -1 -1 -1 -1000 -1000 -1000 -10 0.00103917
Car -1 -1 -10 0.000 0.000 412.286 322.245 -1 -1 -1 -1000 -1000 -1000 -10 0.00101758
