Car -1 -1 -10 450.001 560.865 683.640 739.598 -1 -1 -1 -1000 -1000 -1000 -10 0.93477999
Car -1 -1 -10 0.000 793.562 456.845 1197.595 -1 -1 -1 -1000 -1000 -1000 -10 0.00782475
Car -1 -1 -10 1342.496 551.060 1915.919 966.096 -1 -1 -1 -1000 -1000 -1000 -10 0.00633185
Car -1 -1 -10 1311.169 454.215 1913.013 796.399 -1 -1 -1 -1000 -1000 -1000 -10 0.00463201
Car -1 -1 -10 0.000 607.149 504.364 1200.000 -1 -1 -1 -1000 -1000 -1000 -10 0.00233352
Car -1 -1 -10 1543.113 592.888 1920.000 873.978 -1 -1 -1 -1000 -1000 -1000 -10 0.00225089
Car -1 -1 -10 1044.349 521.617 1911.879 1200.000 -1 -1 -1 -1000 -1000 -1000 -10 0.00821536
Car -1 -1 -10 1455.188 334.983 1920.000 703.653 -1 -1 -1 -1000 -1000 -1000 -10 0.00352382
Car -1 -1 -10 1391.351 476.830 1920.000 846.159 -1 -1 -1 -1000 -1000 -1000 -10 0.00183011
Car -1 -1 -10 490.296 559.898 604.209 676.428 -1 -1 -1 -1000 -1000 -1000 -10 0.00321734
Car -1 -1 -10 0.824 1156.053 35.556 1200.000 -1 -1 -1 -1000 -1000 -1000 -10 0.00181242
Car -1 -1 -10 0.000 1106.212 91.017 1200.000 -1 -1 -1 -1000 -1000 -1000 -10 0.00178198
Car -1 -1 -10 0.000 952.375 308.799 1200.000 -1 -1 -1 -1000 -1000 -1000 -10 0.00458986
Car -1 -1 -10 8.027 543.384 773.959 1200.000 -1 -1 -1 -1000 -1000 -1000 -10 0.00488028
Car -1 -1 -10 1355.397 336.220 1915.603 782.636 -1 -1 -1 -1000 -1000 -1000 -10 0.00166958
Car -1 -1 -10 0.000 1140.191 54.402 1200.000 -1 -1 -1 -1000 -1000 -1000 -10 0.00166767
Car -1 -1 -10 1567.139 513.922 1916.629 749.800 -1 -1 -1 -1000 -1000 -1000 -10 0.00165677
Car -1 -1 -10 65.132 186.657 365.379 1198.843 -1 -1 -1 -1000 -1000 -1000 -10 0.00165546
Car -1 -1 -10 0.000 1103.921 49.251 1200.000 -1 -1 -1 -1000 -1000 -1000 -10 0.00150296
Car -1 -1 -10 1478.846 559.700 1783.602 718.445 -1 -1 -1 -1000 -1000 -1000 -10 0.00272705
Car -1 -1 -10 1546.629 540.341 1919.540 819.730 -1 -1 -1 -1000 -1000 -1000 -10 0.00144298
Car -1 -1 -10 0.000 1083.860 164.639 1200.000 -1 -1 -1 -1000 -1000 -1000 -10 0.00140644
Car -1 -1 -10 1389.518 541.221 1920.000 1177.604 -1 -1 -1 -1000 -1000 -1000 -10 0.00135849
Car -1 -1 -10 60.761 416.563 377.276 1200.000 -1 -1 -1 -1000 -1000 -1000 -10 0.00123741
