Car -1 -1 -10 220.382 592.605 385.976 679.013 -1 -1 -1 -1000 -1000 -1000 -10 0.10898637
Car -1 -1 -10 854.936 597.759 942.255 653.602 -1 -1 -1 -1000 -1000 -1000 -10 0.04351510
Car -1 -1 -10 0.000 504.150 1134.322 1190.510 -1 -1 -1 -1000 -1000 -1000 -10 0.00714466
Car -1 -1 -10 0.000 793.960 461.245 1197.875 -1 -1 -1 -1000 -1000 -1000 -10 0.01317565
Car -1 -1 -10 2.034 1097.139 149.616 1200.000 -1 -1 -1 -1000 -1000 -1000 -10 0.00764020
Car -1 -1 -10 0.000 1019.588 244.686 1200.000 -1 -1 -1 -1000 -1000 -1000 -10 0.00241444
Car -1 -1 -10 16.313 784.237 198.097 1199.899 -1 -1 -1 -1000 -1000 -1000 -10 0.00230678
Car -1 -1 -10 0.000 1058.144 302.049 1200.000 -1 -1 -1 -1000 -1000 -1000 -10 0.00228066
Car -1 -1 -10 0.000 984.927 290.700 1200.000 -1 -1 -1 -1000 -1000 -1000 -10 0.00414199
Car -1 -1 -10 17.079 1128.710 83.534 1200.000 -1 -1 -1 -1000 -1000 -1000 -10 0.00217150
Car -1 -1 -10 292.834 597.875 386.146 661.128 -1 -1 -1 -1000 -1000 -1000 -10 0.00216251
Car -1 -1 -10 0.000 519.527 857.882 1185.155 -1 -1 -1 -1000 -1000 -1000 -10 0.00405243
Car -1 -1 -10 10.422 1119.289 90.991 1200.000 -1 -1 -1 -1000 -1000 -1000 -10 0.00214094
Car -1 -1 -10 1464.414 800.080 1920.000 1198.270 -1 -1 -1 -1000 -1000 -1000 -10 0.00713541
Car -1 -1 -10 237.675 316.803 880.179 986.113 -1 -1 -1 -1000 -1000 -1000 -10 0.00387515
Car -1 -1 -10 5.462 932.497 337.068 1200.000 -1 -1 -1 -1000 -1000 -1000 -10 0.00202283
Car -1 -1 -10 0.357 635.803 692.029 1155.680 -1 -1 -1 -1000 -1000 -1000 -10 0.00360213
Car -1 -1 -10 0.000 1058.000 202.824 1200.000 -1 -1 -1 -1000 -1000 -1000 -10 0.00189689
Car -1 -1 -10 22.116 739.148 240.723 1193.913 -1 -1 -1 -1000 -1000 -1000 -10 0.00346838
Car -1 -1 -10 31.593 1157.898 68.610 1200.000 -1 -1 -1 -1000 -1000 -1000 -10 0.00187704
Car -1 -1 -10 131.046 599.453 276.677 1199.814 -1 -1 -1 -1000 -1000 -1000 -10 0.00620531
Car -1 -1 -10 24.777 1143.020 76.597 1200.000 -1 -1 -1 -1000 -1000 -1000 -10 0.00184291
Car -1 -1 -10 68.490 204.533 365.760 1197.719 -1 -1 -1 -1000 -1000 -1000 -10 0.00156621
Car -1 -1 -10 52.561 1010.558 150.422 1200.000 -1 -1 -1 -1000 -1000 -1000 -10 0.00156613
Car -1 -1 -10 0.000 1155.876 31.884 1200.000 -1 -1 -1 -1000 -1000 -1000 -10 0.00154821
Car -1 -1 -10 131.356 913.429 285.307 1012.900 -1 -1 -1 -1000 -1000 -1000 -10 0.00152969
Car -1 -1 -10 13.014 635.062 568.613 1103.379 -1 -1 -1 -1000 -1000 -1000 -10 0.00151245
Car -1 -1 -10 63.729 425.014 375.834 1200.000 -1 -1 -1 -1000 -1000 -1000 -10 0.00137054
