Car -1 -1 -10 734.131 558.341 834.965 639.662 -1 -1 -1 -1000 -1000 -1000 -10 0.99851690
Car -1 -1 -10 777.215 789.176 1375.556 1190.437 -1 -1 -1 -1000 -1000 -1000 -10 0.00838551
Car -1 -1 -10 869.233 1048.656 1291.554 1200.000 -1 -1 -1 -1000 -1000 -1000 -10 0.00308420
Car -1 -1 -10 801.991 0.079 1242.388 303.555 -1 -1 -1 -1000 -1000 -1000 -10 0.00160147
Car -1 -1 -10 1082.963 1098.751 1201.164 1198.621 -1 -1 -1 -1000 -1000 -1000 -10 0.00146638
Car -1 -1 -10 941.985 817.416 1495.963 1193.054 -1 -1 -1 -1000 -1000 -1000 -10 0.00134401
Car -1 -1 -10 690.575 2.911 1282.933 278.759 -1 -1 -1 -1000 -1000 -1000 -10 0.00225020
Car -1 -1 -10 1033.689 1090.087 1203.766 1189.225 -1 -1 -1 -1000 -1000 -1000 -10 0.00247778
Car -1 -1 -10 972.140 682.646 1164.760 1189.751 -1 -1 -1 -1000 -1000 -1000 -10 0.00124826
Car -1 -1 -10 464.688 795.306 1045.622 1196.871 -1 -1 -1 -1000 -1000 -1000 -10 0.00119988
Car -1 -1 -10 1039.080 1061.903 1426.859 1200.000 -1 -1 -1 -1000 -1000 -1000 -10 0.00119415
Car -1 -1 -10 949.519 666.219 1137.357 1187.658 -1 -1 -1 -1000 -1000 -1000 -10 0.00118540
Car -1 -1 -10 876.178 662.718 1067.834 1189.815 -1 -1 -1 -1000 -1000 -1000 -10 0.00115268
Car -1 -1 -10 1012.819 831.076 1172.883 1200.000 -1 -1 -1 -1000 -1000 -1000 -10 0.00113462
Car -1 -1 -10 951.141 1049.722 1364.592 1200.000 -1 -1 -1 -1000 -1000 -1000 -10 0.00206154
Car -1 -1 -10 920.784 40.447 1118.067 722.407 -1 -1 -1 -1000 -1000 -1000 -10 0.00111314
Car -1 -1 -10 637.619 0.000 1226.198 334.452 -1 -1 -1 -1000 -1000 -1000 -10 0.00109850
Car -1 -1 -10 906.855 546.384 1258.325 1200.000 -1 -1 -1 -1000 -1000 -1000 -10 0.00108245
Car -1 -1 -10 860.923 10.107 1188.880 388.174 -1 -1 -1 -1000 -1000 -1000 -10 0.00107863
Car -1 -1 -10 872.184 936.229 1481.523 1200.000 -1 -1 -1 -1000 -1000 -1000 -10 0.00107198
Car -1 -1 -10 1628.160 0.000 1920.000 210.693 -1 -1 -1 -1000 -1000 -1000 -10 0.00315256
Car -1 -1 -10 1112.090 1093.382 1185.789 1168.969 -1 -1 -1 -1000 -1000 -1000 -10 0.00106121
Car -1 -1 -10 1040.409 600.045 1189.027 1200.000 -1 -1 -1 -1000 -1000 -1000 -10 0.00103976
Car -1 -1 -10 727.786 5.217 1251.323 561.633 -1 -1 -1 -1000 -1000 -1000 -10 0.00103648
Car -1 -1 -10 1080.906 1090.287 1237.239 1190.170 -1 -1 -1 -1000 -1000 -1000 -10 0.00101381
Car -1 -1 -10 1491.918 0.000 1920.000 322.437 -1 -1 -1 -1000 -1000 -1000 -10 0.00187611
Car -1 -1 -10 1581.884 0.000 1920.000 278.011 -1 -1 -1 -1000 -1000 -1000 -10 0.00100828
Car -1 -1 -10 1053.978 1082.808 1370.368 1200.000 -1 -1 -1 -1000 -1000 -1000 -10 0.00100662
Car -1 -1 -10 361.265 573.820 516.452 647.676 -1 -1 -1 -1000 -1000 -1000 -10 0.00098560
Car -1 -1 -10 852.048 543.094 1212.583 1200.000 -1 -1 -1 -1000 -1000 -1000 -10 0.00095000
Car -1 -1 -10 948.531 743.924 1232.889 1195.745 -1 -1 -1 -1000 -1000 -1000 -10 0.00093672
Car -1 -1 -10 943.026 56.196 1095.001 592.921 -1 -1 -1 -1000 -1000 -1000 -10 0.00093182
Car -1 -1 -10 968.374 602.807 1117.920 1200.000 -1 -1 -1 -1000 -1000 -1000 -10 0.00091414
Car -1 -1 -10 1794.529 0.000 1920.000 145.690 -1 -1 -1 -1000 -1000 -1000 -10 0.00091133
Car -1 -1 -10 884.042 18.505 1175.546 201.636 -1 -1 -1 -1000 -1000 -1000 -10 0.00084034
Car -1 -1 -10 0.000 799.753 449.836 1200.000 -1 -1 -1 -1000 -1000 -1000 -10 0.00083623
