Car -1 -1 -10 1023.170 614.927 1092.557 671.516 -1 -1 -1 -1000 -1000 -1000 -10 0.06958699
Car -1 -1 -10 648.026 616.005 700.717 670.325 -1 -1 -1 -1000 -1000 -1000 -10 0.02167109
Car -1 -1 -10 0.000 531.515 906.533 1200.000 -1 -1 -1 -1000 -1000 -1000 -10 0.01086432
Car -1 -1 -10 0.000 708.890 609.517 1161.871 -1 -1 -1 -1000 -1000 -1000 -10 0.00329868
Car -1 -1 -10 10.366 405.723 506.583 1181.989 -1 -1 -1 -1000 -1000 -1000 -10 0.00309784
Car -1 -1 -10 0.000 569.723 560.808 1200.000 -1 -1 -1 -1000 -1000 -1000 -10 0.00299641
Car -1 -1 -10 19.265 160.215 311.455 1182.563 -1 -1 -1 -1000 -1000 -1000 -10 0.00255145
Car -1 -1 -10 0.000 826.791 452.834 1200.000 -1 -1 -1 -1000 -1000 -1000 -10 0.00575420
Car -1 -1 -10 66.385 146.797 362.196 1200.000 -1 -1 -1 -1000 -1000 -1000 -10 0.00198686
Car -1 -1 -10 123.060 422.742 398.990 1200.000 -1 -1 -1 -1000 -1000 -1000 -10 0.00193754
Car -1 -1 -10 40.541 330.791 387.459 1200.000 -1 -1 -1 -1000 -1000 -1000 -10 0.00188887
Car -1 -1 -10 2.393 743.580 405.382 1117.386 -1 -1 -1 -1000 -1000 -1000 -10 0.00174544
Car -1 -1 -10 10.225 687.704 251.819 1200.000 -1 -1 -1 -1000 -1000 -1000 -10 0.00172470
Car -1 -1 -10 0.000 632.593 582.449 1064.626 -1 -1 -1 -1000 -1000 -1000 -10 0.00289935
Car -1 -1 -10 48.103 638.138 210.286 1198.520 -1 -1 -1 -1000 -1000 -1000 -10 0.00158483
Car -1 -1 -10 10.096 1104.379 248.269 1200.000 -1 -1 -1 -1000 -1000 -1000 -10 0.00254195
Car -1 -1 -10 159.034 574.998 295.747 1192.528 -1 -1 -1 -1000 -1000 -1000 -10 0.00383217
Car -1 -1 -10 113.841 607.211 244.285 1189.813 -1 -1 -1 -1000 -1000 -1000 -10 0.00134273
Car -1 -1 -10 5.459 1074.101 315.952 1200.000 -1 -1 -1 -1000 -1000 -1000 -10 0.00265265
Car -1 -1 -10 129.417 550.134 279.857 1196.905 -1 -1 -1 -1000 -1000 -1000 -10 0.00132798
Car -1 -1 -10 676.035 9.098 953.523 386.980 -1 -1 -1 -1000 -1000 -1000 -10 0.00248381
Car -1 -1 -10 0.000 916.484 350.407 1200.000 -1 -1 -1 -1000 -1000 -1000 -10 0.00129229
Car -1 -1 -10 15.559 764.952 197.988 1200.000 -1 -1 -1 -1000 -1000 -1000 -10 0.00126745
Car -1 -1 -10 156.033 371.263 471.479 1200.000 -1 -1 -1 -1000 -1000 -1000 -10 0.00125528
Car -1 -1 -10 0.000 866.003 249.916 1200.000 -1 -1 -1 -1000 -1000 -1000 -10 0.00125518
Car -1 -1 -10 94.113 329.443 322.997 1177.021 -1 -1 -1 -1000 -1000 -1000 -10 0.00122998
Car -1 -1 -10 482.443 2.994 1114.203 278.623 -1 -1 -1 -1000 -1000 -1000 -10 0.00226169
Car -1 -1 -10 187.917 116.949 486.046 1171.289 -1 -1 -1 -1000 -1000 -1000 -10 0.00109850
Car -1 -1 -10 1050.995 611.656 1088.173 663.612 -1 -1 -1 -1000 -1000 -1000 -10 0.00109526
Car -1 -1 -10 90.980 598.975 219.703 1200.000 -1 -1 -1 -1000 -1000 -1000 -10 0.00103738
