Car -1 -1 -10 32.387 635.659 319.476 802.287 -1 -1 -1 -1000 -1000 -1000 -10 0.99949250
Car -1 -1 -10 214.312 634.580 362.274 746.325 -1 -1 -1 -1000 -1000 -1000 -10 0.99369489
Car -1 -1 -10 0.000 574.280 728.324 1187.700 -1 -1 -1 -1000 -1000 -1000 -10 0.07787434
Car -1 -1 -10 0.000 549.906 1193.356 1185.151 -1 -1 -1 -1000 -1000 -1000 -10 0.04097191
Car -1 -1 -10 166.735 643.281 313.347 776.618 -1 -1 -1 -1000 -1000 -1000 -10 0.01355755
Car -1 -1 -10 0.000 608.832 496.284 1198.472 -1 -1 -1 -1000 -1000 -1000 -10 0.01126607
Car -1 -1 -10 1813.285 619.578 1920.000 708.816 -1 -1 -1 -1000 -1000 -1000 -10 0.00978554
Car -1 -1 -10 151.501 633.432 314.236 748.381 -1 -1 -1 -1000 -1000 -1000 -10 0.00473541
Car -1 -1 -10 58.468 642.123 199.221 777.998 -1 -1 -1 -1000 -1000 -1000 -10 0.00703517
Car -1 -1 -10 0.000 772.377 462.590 1188.639 -1 -1 -1 -1000 -1000 -1000 -10 0.00799651
Car -1 -1 -10 135.931 525.705 1400.493 1188.412 -1 -1 -1 -1000 -1000 -1000 -10 0.00386842
Car -1 -1 -10 227.053 753.512 1072.834 1180.745 -1 -1 -1 -1000 -1000 -1000 -10 0.00314396
Car -1 -1 -10 279.562 635.980 377.249 730.172 -1 -1 -1 -1000 -1000 -1000 -10 0.00248185
Car -1 -1 -10 23.883 630.407 156.821 750.419 -1 -1 -1 -1000 -1000 -1000 -10 0.00235309
Car -1 -1 -10 270.105 643.065 1026.264 1094.341 -1 -1 -1 -1000 -1000 -1000 -10 0.00229903
