Car -1 -1 -10 1059.728 564.004 1179.130 651.917 -1 -1 -1 -1000 -1000 -1000 -10 0.99983554
Car -1 -1 -10 0.000 597.728 907.088 1193.226 -1 -1 -1 -1000 -1000 -1000 -10 0.37610675
Car -1 -1 -10 12.674 690.538 550.578 1196.663 -1 -1 -1 -1000 -1000 -1000 -10 0.02506797
Car -1 -1 -10 797.474 512.495 1920.000 1198.999 -1 -1 -1 -1000 -1000 -1000 -10 0.01450333
Car -1 -1 -10 790.405 1044.611 1205.703 1200.000 -1 -1 -1 -1000 -1000 -1000 -10 0.01958074
Car -1 -1 -10 679.849 820.351 1305.414 1190.407 -1 -1 -1 -1000 -1000 -1000 -10 0.00386026
Car -1 -1 -10 931.369 1088.914 1091.581 1191.149 -1 -1 -1 -1000 -1000 -1000 -10 0.00756748
Car -1 -1 -10 975.856 1070.959 1192.827 1197.135 -1 -1 -1 -1000 -1000 -1000 -10 0.00343204
Car -1 -1 -10 860.863 904.133 1149.679 1200.000 -1 -1 -1 -1000 -1000 -1000 -10 0.00872136
Car -1 -1 -10 1228.015 698.046 1920.000 1188.650 -1 -1 -1 -1000 -1000 -1000 -10 0.00569751
Car -1 -1 -10 886.526 1095.961 1140.366 1200.000 -1 -1 -1 -1000 -1000 -1000 -10 0.00289085
Car -1 -1 -10 938.214 1058.955 1090.956 1200.000 -1 -1 -1 -1000 -1000 -1000 -10 0.00272351
Car -1 -1 -10 1006.510 1085.668 1168.245 1191.963 -1 -1 -1 -1000 -1000 -1000 -10 0.00272299
Car -1 -1 -10 952.176 1080.952 1271.833 1200.000 -1 -1 -1 -1000 -1000 -1000 -10 0.00260019
Car -1 -1 -10 68.782 643.523 350.191 1195.207 -1 -1 -1 -1000 -1000 -1000 -10 0.00259790
Car -1 -1 -10 887.173 1028.947 1067.113 1200.000 -1 -1 -1 -1000 -1000 -1000 -10 0.00258347
Car -1 -1 -10 81.143 261.496 385.050 1191.087 -1 -1 -1 -1000 -1000 -1000 -10 0.00257898
