Car -1 -1 -10 0.000 604.255 548.032 1200.000 -1 -1 -1 -1000 -1000 -1000 -10 0.01526763
Car -1 -1 -10 171.111 521.552 1429.291 1188.579 -1 -1 -1 -1000 -1000 -1000 -10 0.02052003
Car -1 -1 -10 3.307 20.184 1369.641 1160.685 -1 -1 -1 -1000 -1000 -1000 -10 0.00887392
Car -1 -1 -10 11.082 210.793 305.972 1188.612 -1 -1 -1 -1000 -1000 -1000 -10 0.00823873
Car -1 -1 -10 0.000 795.876 449.600 1180.733 -1 -1 -1 -1000 -1000 -1000 -10 0.00640934
Car -1 -1 -10 0.000 725.852 321.538 1126.382 -1 -1 -1 -1000 -1000 -1000 -10 0.00400627
Car -1 -1 -10 54.366 518.432 207.749 1200.000 -1 -1 -1 -1000 -1000 -1000 -10 0.00239444
Car -1 -1 -10 67.268 607.918 241.851 1200.000 -1 -1 -1 -1000 -1000 -1000 -10 0.00211512
Car -1 -1 -10 0.000 0.000 307.926 368.120 -1 -1 -1 -1000 -1000 -1000 -10 0.00357082
Car -1 -1 -10 415.200 721.315 1213.062 1176.583 -1 -1 -1 -1000 -1000 -1000 -10 0.00292938
Car -1 -1 -10 614.761 506.257 1804.838 1194.576 -1 -1 -1 -1000 -1000 -1000 -10 0.00277581
Car -1 -1 -10 50.553 14.503 423.945 807.005 -1 -1 -1 -1000 -1000 -1000 -10 0.00278661
Car -1 -1 -10 0.000 478.404 426.647 1039.543 -1 -1 -1 -1000 -1000 -1000 -10 0.00126494
Car -1 -1 -10 845.551 719.421 1545.204 1168.477 -1 -1 -1 -1000 -1000 -1000 -10 0.00232472
Car -1 -1 -10 0.000 5.550 914.377 710.672 -1 -1 -1 -1000 -1000 -1000 -10 0.00122644
Car -1 -1 -10 2.897 591.459 331.423 951.572 -1 -1 -1 -1000 -1000 -1000 -10 0.00121580
Car -1 -1 -10 19.627 546.973 148.008 1200.000 -1 -1 -1 -1000 -1000 -1000 -10 0.00114480
Car -1 -1 -10 342.789 25.359 706.314 806.553 -1 -1 -1 -1000 -1000 -1000 -10 0.00111659
Car -1 -1 -10 378.285 29.660 674.899 965.229 -1 -1 -1 -1000 -1000 -1000 -10 0.00111317
Car -1 -1 -10 666.089 127.846 966.108 1177.855 -1 -1 -1 -1000 -1000 -1000 -10 0.00110117
Car -1 -1 -10 574.420 123.998 874.527 1166.740 -1 -1 -1 -1000 -1000 -1000 -10 0.00109983
Car -1 -1 -10 0.000 1.948 229.380 218.168 -1 -1 -1 -1000 -1000 -1000 -10 0.00208904
Car -1 -1 -10 162.914 3.126 791.311 367.123 -1 -1 -1 -1000 -1000 -1000 -10 0.00199491
Car -1 -1 -10 0.000 579.998 259.398 965.137 -1 -1 -1 -1000 -1000 -1000 -10 0.00100983
Car -1 -1 -10 4.987 0.000 553.032 280.529 -1 -1 -1 -1000 -1000 -1000 -10 0.00100463
Car -1 -1 -10 0.000 933.495 322.778 1200.000 -1 -1 -1 -1000 -1000 -1000 -10 0.00098544
Car -1 -1 -10 0.000 529.208 704.017 1200.000 -1 -1 -1 -1000 -1000 -1000 -10 0.00095516
Car -1 -1 -10 45.103 735.624 170.225 1200.000 -1 -1 -1 -1000 -1000 -1000 -10 0.00093567
Car -1 -1 -10 108.242 24.420 444.440 444.994 -1 -1 -1 -1000 -1000 -1000 -10 0.00091283
