Car -1 -1 -10 1371.023 568.289 1677.234 698.777 -1 -1 -1 -1000 -1000 -1000 -10 0.95403330
Car -1 -1 -10 337.774 510.762 968.813 1054.787 -1 -1 -1 -1000 -1000 -1000 -10 0.88168415
Car -1 -1 -10 1785.163 560.525 1920.000 671.869 -1 -1 -1 -1000 -1000 -1000 -10 0.64284837
Car -1 -1 -10 155.902 596.988 313.700 689.047 -1 -1 -1 -1000 -1000 -1000 -10 0.62818171
Car -1 -1 -10 229.694 544.683 694.754 785.499 -1 -1 -1 -1000 -1000 -1000 -10 0.22368401
Car -1 -1 -10 207.327 566.609 613.650 743.819 -1 -1 -1 -1000 -1000 -1000 -10 0.17481672
Car -1 -1 -10 199.024 612.081 360.685 711.451 -1 -1 -1 -1000 -1000 -1000 -10 0.04738986
Car -1 -1 -10 194.474 585.168 515.097 734.488 -1 -1 -1 -1000 -1000 -1000 -10 0.04173414
Car -1 -1 -10 173.735 599.959 390.147 719.212 -1 -1 -1 -1000 -1000 -1000 -10 0.02375724
Car -1 -1 -10 213.581 524.817 800.074 920.217 -1 -1 -1 -1000 -1000 -1000 -10 0.02282207
