Car -1 -1 -10 102.522 565.461 317.491 703.272 -1 -1 -1 -1000 -1000 -1000 -10 0.99956632
Car -1 -1 -10 414.313 570.544 576.155 673.695 -1 -1 -1 -1000 -1000 -1000 -10 0.97707683
Car -1 -1 -10 919.397 556.330 1009.096 635.341 -1 -1 -1 -1000 -1000 -1000 -10 0.61440843
Car -1 -1 -10 1088.180 581.848 1155.057 634.313 -1 -1 -1 -1000 -1000 -1000 -10 0.04959386
Car -1 -1 -10 441.721 511.773 1632.776 1191.536 -1 -1 -1 -1000 -1000 -1000 -10 0.01634215
Car -1 -1 -10 1302.188 636.442 1902.432 1200.000 -1 -1 -1 -1000 -1000 -1000 -10 0.00578359
Car -1 -1 -10 749.241 810.038 1381.883 1198.200 -1 -1 -1 -1000 -1000 -1000 -10 0.00546061
Car -1 -1 -10 982.286 1080.520 1296.681 1200.000 -1 -1 -1 -1000 -1000 -1000 -10 0.01012691
Car -1 -1 -10 959.739 569.776 1111.900 645.339 -1 -1 -1 -1000 -1000 -1000 -10 0.00281757
Car -1 -1 -10 1054.756 1088.291 1219.196 1191.341 -1 -1 -1 -1000 -1000 -1000 -10 0.00958390
Car -1 -1 -10 890.511 753.781 1238.880 1188.006 -1 -1 -1 -1000 -1000 -1000 -10 0.00439671
Car -1 -1 -10 701.025 1087.102 814.102 1197.572 -1 -1 -1 -1000 -1000 -1000 -10 0.00216296
Car -1 -1 -10 719.775 933.653 1347.725 1200.000 -1 -1 -1 -1000 -1000 -1000 -10 0.00205632
Car -1 -1 -10 989.548 864.690 1287.818 1197.909 -1 -1 -1 -1000 -1000 -1000 -10 0.00393972
Car -1 -1 -10 619.107 860.033 1464.495 1200.000 -1 -1 -1 -1000 -1000 -1000 -10 0.00201259
Car -1 -1 -10 919.787 1010.245 1400.925 1200.000 -1 -1 -1 -1000 -1000 -1000 -10 0.00562263
Car -1 -1 -10 1432.903 0.000 1666.221 249.481 -1 -1 -1 -1000 -1000 -1000 -10 0.00195813
Car -1 -1 -10 990.296 650.447 1141.631 1200.000 -1 -1 -1 -1000 -1000 -1000 -10 0.00378874
Car -1 -1 -10 1515.598 785.189 1916.580 1152.997 -1 -1 -1 -1000 -1000 -1000 -10 0.00188202
Car -1 -1 -10 942.880 643.294 1210.403 1200.000 -1 -1 -1 -1000 -1000 -1000 -10 0.00369005
Car -1 -1 -10 1037.224 834.993 1195.468 1200.000 -1 -1 -1 -1000 -1000 -1000 -10 0.00180232
Car -1 -1 -10 1056.461 1079.998 1109.286 1184.904 -1 -1 -1 -1000 -1000 -1000 -10 0.00174493
Car -1 -1 -10 885.448 981.943 1234.293 1200.000 -1 -1 -1 -1000 -1000 -1000 -10 0.00173674
Car -1 -1 -10 1036.809 1084.307 1140.555 1200.000 -1 -1 -1 -1000 -1000 -1000 -10 0.00173491
Car -1 -1 -10 1453.012 809.056 1920.000 1200.000 -1 -1 -1 -1000 -1000 -1000 -10 0.00168440
Car -1 -1 -10 1134.341 1103.773 1383.465 1200.000 -1 -1 -1 -1000 -1000 -1000 -10 0.00164044
