Car -1 -1 -10 278.522 600.389 566.945 789.003 -1 -1 -1 -1000 -1000 -1000 -10 0.99998143
Car -1 -1 -10 896.149 603.528 981.749 672.562 -1 -1 -1 -1000 -1000 -1000 -10 0.99618499
Car -1 -1 -10 1658.412 667.290 1881.995 803.761 -1 -1 -1 -1000 -1000 -1000 -10 0.00323248
Car -1 -1 -10 1568.365 581.837 1920.000 879.478 -1 -1 -1 -1000 -1000 -1000 -10 0.00560968
Car -1 -1 -10 1590.295 404.998 1917.873 1042.829 -1 -1 -1 -1000 -1000 -1000 -10 0.00464228
Car -1 -1 -10 1699.591 687.894 1862.201 787.953 -1 -1 -1 -1000 -1000 -1000 -10 0.00255896
Car -1 -1 -10 0.000 796.713 457.523 1198.795 -1 -1 -1 -1000 -1000 -1000 -10 0.00834457
Car -1 -1 -10 1634.906 655.481 1920.000 816.192 -1 -1 -1 -1000 -1000 -1000 -10 0.00211612
Car -1 -1 -10 397.714 600.169 511.815 713.429 -1 -1 -1 -1000 -1000 -1000 -10 0.00333225
Car -1 -1 -10 418.575 592.275 570.740 693.194 -1 -1 -1 -1000 -1000 -1000 -10 0.00169670
Car -1 -1 -10 1575.624 552.896 1920.000 1200.000 -1 -1 -1 -1000 -1000 -1000 -10 0.00143318
Car -1 -1 -10 1428.476 584.763 1920.000 1200.000 -1 -1 -1 -1000 -1000 -1000 -10 0.00142657
Car -1 -1 -10 0.000 933.740 323.392 1200.000 -1 -1 -1 -1000 -1000 -1000 -10 0.00134315
