Car -1 -1 -10 1082.486 575.780 1271.829 725.511 -1 -1 -1 -1000 -1000 -1000 -10 0.58826735
Car -1 -1 -10 1042.573 602.044 1102.934 657.613 -1 -1 -1 -1000 -1000 -1000 -10 0.57195352
Car -1 -1 -10 255.016 642.191 441.469 722.377 -1 -1 -1 -1000 -1000 -1000 -10 0.43403400
Car -1 -1 -10 458.197 625.393 608.939 696.117 -1 -1 -1 -1000 -1000 -1000 -10 0.15318653
Car -1 -1 -10 3.047 592.336 181.364 758.592 -1 -1 -1 -1000 -1000 -1000 -10 0.03673269
Car -1 -1 -10 6.050 684.869 164.751 781.792 -1 -1 -1 -1000 -1000 -1000 -10 0.00665968
Car -1 -1 -10 1078.304 575.662 1187.085 687.104 -1 -1 -1 -1000 -1000 -1000 -10 0.01131718
Car -1 -1 -10 0.000 579.600 135.023 747.553 -1 -1 -1 -1000 -1000 -1000 -10 0.00818811
Car -1 -1 -10 45.688 588.262 163.445 701.161 -1 -1 -1 -1000 -1000 -1000 -10 0.00692046
Car -1 -1 -10 1154.136 575.258 1272.286 687.392 -1 -1 -1 -1000 -1000 -1000 -10 0.00806807
Car -1 -1 -10 672.082 620.737 735.952 667.555 -1 -1 -1 -1000 -1000 -1000 -10 0.00657497
Car -1 -1 -10 0.212 659.765 156.674 764.894 -1 -1 -1 -1000 -1000 -1000 -10 0.00587290
Car -1 -1 -10 0.000 530.813 250.034 816.602 -1 -1 -1 -1000 -1000 -1000 -10 0.00277140
Car -1 -1 -10 642.358 622.480 788.498 687.382 -1 -1 -1 -1000 -1000 -1000 -10 0.00263176
Car -1 -1 -10 665.646 615.136 761.711 670.029 -1 -1 -1 -1000 -1000 -1000 -10 0.00247402
Car -1 -1 -10 0.000 518.163 261.414 739.968 -1 -1 -1 -1000 -1000 -1000 -10 0.00222301
Car -1 -1 -10 0.000 574.955 405.896 1148.950 -1 -1 -1 -1000 -1000 -1000 -10 0.00405989
Car -1 -1 -10 1673.542 529.435 1920.000 734.563 -1 -1 -1 -1000 -1000 -1000 -10 0.00204186
Car -1 -1 -10 214.613 644.038 386.494 1186.921 -1 -1 -1 -1000 -1000 -1000 -10 0.00193572
Car -1 -1 -10 1600.866 538.578 1920.000 911.712 -1 -1 -1 -1000 -1000 -1000 -10 0.00177261
Car -1 -1 -10 91.824 1066.346 494.157 1200.000 -1 -1 -1 -1000 -1000 -1000 -10 0.00306170
Car -1 -1 -10 27.947 0.000 694.600 327.658 -1 -1 -1 -1000 -1000 -1000 -10 0.00313757
Car -1 -1 -10 0.000 533.317 193.396 699.526 -1 -1 -1 -1000 -1000 -1000 -10 0.00164842
Car -1 -1 -10 52.289 17.850 425.251 807.004 -1 -1 -1 -1000 -1000 -1000 -10 0.00299595
Car -1 -1 -10 1505.410 433.152 1915.695 736.898 -1 -1 -1 -1000 -1000 -1000 -10 0.00150078
Car -1 -1 -10 4.196 594.708 233.807 771.492 -1 -1 -1 -1000 -1000 -1000 -10 0.00149495
Car -1 -1 -10 0.000 543.667 101.540 693.350 -1 -1 -1 -1000 -1000 -1000 -10 0.00148274
Car -1 -1 -10 1630.477 510.955 1920.000 856.036 -1 -1 -1 -1000 -1000 -1000 -10 0.00147471
Car -1 -1 -10 180.021 21.657 516.718 443.141 -1 -1 -1 -1000 -1000 -1000 -10 0.00136708
Car -1 -1 -10 1786.328 563.323 1919.243 661.286 -1 -1 -1 -1000 -1000 -1000 -10 0.00136698
Car -1 -1 -10 1699.385 558.846 1918.315 771.033 -1 -1 -1 -1000 -1000 -1000 -10 0.00136665
