Car -1 -1 -10 803.931 645.188 852.362 691.853 -1 -1 -1 -1000 -1000 -1000 -10 0.01625516
Car -1 -1 -10 0.000 793.712 458.319 1198.752 -1 -1 -1 -1000 -1000 -1000 -10 0.00784344
Car -1 -1 -10 716.727 648.367 768.985 693.585 -1 -1 -1 -1000 -1000 -1000 -10 0.00381102
Car -1 -1 -10 709.328 647.505 761.341 695.087 -1 -1 -1 -1000 -1000 -1000 -10 0.00177753
Car -1 -1 -10 1470.377 430.145 1912.238 803.163 -1 -1 -1 -1000 -1000 -1000 -10 0.00185853
Car -1 -1 -10 0.000 932.490 323.138 1200.000 -1 -1 -1 -1000 -1000 -1000 -10 0.00265320
Car -1 -1 -10 15.167 720.873 240.926 1198.945 -1 -1 -1 -1000 -1000 -1000 -10 0.00176635
Car -1 -1 -10 0.000 924.123 90.895 1098.830 -1 -1 -1 -1000 -1000 -1000 -10 0.00086363
Car -1 -1 -10 1629.918 488.167 1914.249 761.833 -1 -1 -1 -1000 -1000 -1000 -10 0.00080000
Car -1 -1 -10 1633.236 402.039 1911.303 617.481 -1 -1 -1 -1000 -1000 -1000 -10 0.00073979
Car -1 -1 -10 1477.134 802.749 1920.000 1200.000 -1 -1 -1 -1000 -1000 -1000 -10 0.00138033
Car -1 -1 -10 1667.035 424.152 1915.580 599.159 -1 -1 -1 -1000 -1000 -1000 -10 0.00068433
Car -1 -1 -10 641.544 646.584 824.675 1196.287 -1 -1 -1 -1000 -1000 -1000 -10 0.00067472
Car -1 -1 -10 1564.605 338.651 1903.856 619.761 -1 -1 -1 -1000 -1000 -1000 -10 0.00066141
Car -1 -1 -10 349.185 1159.029 387.048 1200.000 -1 -1 -1 -1000 -1000 -1000 -10 0.00064242
Car -1 -1 -10 706.798 579.333 901.347 1176.205 -1 -1 -1 -1000 -1000 -1000 -10 0.00063982
Car -1 -1 -10 1503.267 518.120 1822.988 1136.988 -1 -1 -1 -1000 -1000 -1000 -10 0.00119166
Car -1 -1 -10 573.356 634.364 746.975 1191.610 -1 -1 -1 -1000 -1000 -1000 -10 0.00057652
Car -1 -1 -10 367.059 1158.469 404.662 1200.000 -1 -1 -1 -1000 -1000 -1000 -10 0.00057187
Car -1 -1 -10 1401.587 640.550 1908.202 1000.360 -1 -1 -1 -1000 -1000 -1000 -10 0.00055612
Car -1 -1 -10 1629.086 466.064 1899.797 991.701 -1 -1 -1 -1000 -1000 -1000 -10 0.00053436
Car -1 -1 -10 1575.235 233.968 1913.715 634.888 -1 -1 -1 -1000 -1000 -1000 -10 0.00053155
Car -1 -1 -10 1696.996 325.785 1920.000 730.276 -1 -1 -1 -1000 -1000 -1000 -10 0.00050613
