Car -1 -1 -10 489.366 562.779 631.681 671.047 -1 -1 -1 -1000 -1000 -1000 -10 0.50838658
Car -1 -1 -10 287.889 593.726 343.121 642.057 -1 -1 -1 -1000 -1000 -1000 -10 0.09665668
Car -1 -1 -10 370.111 583.650 450.208 652.080 -1 -1 -1 -1000 -1000 -1000 -10 0.08628680
Car -1 -1 -10 0.000 599.566 507.459 1200.000 -1 -1 -1 -1000 -1000 -1000 -10 0.00547740
Car -1 -1 -10 327.822 1101.566 580.993 1200.000 -1 -1 -1 -1000 -1000 -1000 -10 0.00388995
Car -1 -1 -10 266.295 1050.809 690.955 1200.000 -1 -1 -1 -1000 -1000 -1000 -10 0.00640200
Car -1 -1 -10 0.000 791.556 451.693 1196.660 -1 -1 -1 -1000 -1000 -1000 -10 0.00339143
Car -1 -1 -10 278.478 603.634 466.368 1181.010 -1 -1 -1 -1000 -1000 -1000 -10 0.00539388
Car -1 -1 -10 368.176 596.882 567.850 1184.768 -1 -1 -1 -1000 -1000 -1000 -10 0.00161607
Car -1 -1 -10 400.496 1092.503 563.896 1188.196 -1 -1 -1 -1000 -1000 -1000 -10 0.00311110
Car -1 -1 -10 284.910 1095.453 451.755 1190.728 -1 -1 -1 -1000 -1000 -1000 -10 0.00262917
Car -1 -1 -10 144.676 1066.212 541.003 1200.000 -1 -1 -1 -1000 -1000 -1000 -10 0.00135645
Car -1 -1 -10 331.754 688.792 574.376 1197.715 -1 -1 -1 -1000 -1000 -1000 -10 0.00254340
Car -1 -1 -10 251.964 1104.411 501.102 1200.000 -1 -1 -1 -1000 -1000 -1000 -10 0.00255816
Car -1 -1 -10 295.821 505.135 1493.517 1195.594 -1 -1 -1 -1000 -1000 -1000 -10 0.00493176
Car -1 -1 -10 437.012 1111.197 517.395 1200.000 -1 -1 -1 -1000 -1000 -1000 -10 0.00124696
Car -1 -1 -10 411.041 1120.431 486.592 1200.000 -1 -1 -1 -1000 -1000 -1000 -10 0.00311611
Car -1 -1 -10 282.710 1127.196 348.647 1200.000 -1 -1 -1 -1000 -1000 -1000 -10 0.00117078
Car -1 -1 -10 214.305 641.940 387.488 1190.162 -1 -1 -1 -1000 -1000 -1000 -10 0.00116955
Car -1 -1 -10 187.245 1087.038 509.776 1200.000 -1 -1 -1 -1000 -1000 -1000 -10 0.00114022
Car -1 -1 -10 331.559 841.811 644.927 1197.569 -1 -1 -1 -1000 -1000 -1000 -10 0.00113326
Car -1 -1 -10 428.324 753.511 554.827 1200.000 -1 -1 -1 -1000 -1000 -1000 -10 0.00107480
Car -1 -1 -10 390.269 514.639 445.425 705.880 -1 -1 -1 -1000 -1000 -1000 -10 0.00105530
Car -1 -1 -10 428.600 646.299 601.733 1187.144 -1 -1 -1 -1000 -1000 -1000 -10 0.00105290
Car -1 -1 -10 387.580 823.696 548.603 1200.000 -1 -1 -1 -1000 -1000 -1000 -10 0.00105216
Car -1 -1 -10 358.093 932.521 597.487 1200.000 -1 -1 -1 -1000 -1000 -1000 -10 0.00204832
Car -1 -1 -10 189.174 1105.119 436.920 1200.000 -1 -1 -1 -1000 -1000 -1000 -10 0.00104146
Car -1 -1 -10 268.108 793.340 623.411 1198.733 -1 -1 -1 -1000 -1000 -1000 -10 0.00102910
Car -1 -1 -10 283.621 1143.227 335.267 1200.000 -1 -1 -1 -1000 -1000 -1000 -10 0.00102825
Car -1 -1 -10 409.068 1070.561 578.038 1164.667 -1 -1 -1 -1000 -1000 -1000 -10 0.00102820
Car -1 -1 -10 428.353 1156.561 466.829 1200.000 -1 -1 -1 -1000 -1000 -1000 -10 0.00197673
Car -1 -1 -10 291.201 1157.985 328.668 1200.000 -1 -1 -1 -1000 -1000 -1000 -10 0.00101953
Car -1 -1 -10 381.595 1113.905 463.218 1200.000 -1 -1 -1 -1000 -1000 -1000 -10 0.00101718
Car -1 -1 -10 453.672 1084.225 513.581 1200.000 -1 -1 -1 -1000 -1000 -1000 -10 0.00191084
Car -1 -1 -10 1121.811 547.551 1882.642 1200.000 -1 -1 -1 -1000 -1000 -1000 -10 0.00100597
Car -1 -1 -10 1578.381 565.388 1920.000 1200.000 -1 -1 -1 -1000 -1000 -1000 -10 0.00099501
Car -1 -1 -10 333.284 1081.004 393.354 1200.000 -1 -1 -1 -1000 -1000 -1000 -10 0.00099075
Car -1 -1 -10 285.581 1086.609 344.339 1200.000 -1 -1 -1 -1000 -1000 -1000 -10 0.00277771
Car -1 -1 -10 451.171 741.561 579.409 1200.000 -1 -1 -1 -1000 -1000 -1000 -10 0.00097226
Car -1 -1 -10 48.515 931.616 662.366 1200.000 -1 -1 -1 -1000 -1000 -1000 -10 0.00093554
Car -1 -1 -10 436.992 1101.232 537.090 1200.000 -1 -1 -1 -1000 -1000 -1000 -10 0.00092486
Car -1 -1 -10 261.534 739.059 387.038 1200.000 -1 -1 -1 -1000 -1000 -1000 -10 0.00173484
Car -1 -1 -10 763.863 603.381 892.705 1189.458 -1 -1 -1 -1000 -1000 -1000 -10 0.00090132
Car -1 -1 -10 415.663 1021.470 509.378 1200.000 -1 -1 -1 -1000 -1000 -1000 -10 0.00084702
Car -1 -1 -10 312.886 355.017 602.443 1200.000 -1 -1 -1 -1000 -1000 -1000 -10 0.00083864
Car -1 -1 -10 425.347 1104.095 675.925 1200.000 -1 -1 -1 -1000 -1000 -1000 -10 0.00082660
Car -1 -1 -10 356.831 741.332 483.790 1200.000 -1 -1 -1 -1000 -1000 -1000 -10 0.00081594
Car -1 -1 -10 252.367 910.817 494.157 1200.000 -1 -1 -1 -1000 -1000 -1000 -10 0.00080975
