Car -1 -1 -10 585.437 604.641 654.481 658.795 -1 -1 -1 -1000 -1000 -1000 -10 0.58589188
Car -1 -1 -10 0.000 631.903 88.655 721.654 -1 -1 -1 -1000 -1000 -1000 -10 0.78795175
Car -1 -1 -10 813.035 600.802 853.360 643.214 -1 -1 -1 -1000 -1000 -1000 -10 0.01930289
Car -1 -1 -10 523.529 610.125 584.176 656.765 -1 -1 -1 -1000 -1000 -1000 -10 0.01541660
Car -1 -1 -10 0.000 796.097 469.383 1200.000 -1 -1 -1 -1000 -1000 -1000 -10 0.00638749
Car -1 -1 -10 0.000 641.659 426.321 1200.000 -1 -1 -1 -1000 -1000 -1000 -10 0.00585695
Car -1 -1 -10 19.166 630.936 78.532 689.316 -1 -1 -1 -1000 -1000 -1000 -10 0.00998929
Car -1 -1 -10 644.195 608.245 697.005 654.023 -1 -1 -1 -1000 -1000 -1000 -10 0.00429724
Car -1 -1 -10 1689.532 575.622 1864.343 653.910 -1 -1 -1 -1000 -1000 -1000 -10 0.00429869
Car -1 -1 -10 1776.341 569.712 1920.000 659.496 -1 -1 -1 -1000 -1000 -1000 -10 0.00454861
Car -1 -1 -10 1716.449 574.324 1889.630 655.421 -1 -1 -1 -1000 -1000 -1000 -10 0.00468825
Car -1 -1 -10 1087.131 542.306 1240.269 631.965 -1 -1 -1 -1000 -1000 -1000 -10 0.00404003
Car -1 -1 -10 0.000 974.509 291.007 1200.000 -1 -1 -1 -1000 -1000 -1000 -10 0.00205907
Car -1 -1 -10 0.000 614.775 354.270 1105.644 -1 -1 -1 -1000 -1000 -1000 -10 0.00380053
Car -1 -1 -10 1.325 927.346 235.909 1200.000 -1 -1 -1 -1000 -1000 -1000 -10 0.00195358
Car -1 -1 -10 25.558 590.305 73.538 752.286 -1 -1 -1 -1000 -1000 -1000 -10 0.00331037
Car -1 -1 -10 0.000 914.351 348.469 1200.000 -1 -1 -1 -1000 -1000 -1000 -10 0.00180225
Car -1 -1 -10 0.000 1018.840 248.371 1200.000 -1 -1 -1 -1000 -1000 -1000 -10 0.00175749
Car -1 -1 -10 650.999 598.087 702.555 647.072 -1 -1 -1 -1000 -1000 -1000 -10 0.00173021
Car -1 -1 -10 0.000 1060.713 302.743 1200.000 -1 -1 -1 -1000 -1000 -1000 -10 0.00171602
Car -1 -1 -10 21.317 729.860 243.560 1192.319 -1 -1 -1 -1000 -1000 -1000 -10 0.00168073
Car -1 -1 -10 0.000 604.942 312.259 966.699 -1 -1 -1 -1000 -1000 -1000 -10 0.00164786
Car -1 -1 -10 0.000 612.767 239.208 956.562 -1 -1 -1 -1000 -1000 -1000 -10 0.00158173
Car -1 -1 -10 0.000 1109.190 123.653 1200.000 -1 -1 -1 -1000 -1000 -1000 -10 0.00157530
Car -1 -1 -10 1757.346 590.613 1915.725 679.870 -1 -1 -1 -1000 -1000 -1000 -10 0.00150185
Car -1 -1 -10 35.970 632.191 65.102 732.935 -1 -1 -1 -1000 -1000 -1000 -10 0.00148680
Car -1 -1 -10 0.000 612.157 45.292 702.537 -1 -1 -1 -1000 -1000 -1000 -10 0.00144711
Car -1 -1 -10 0.000 610.482 122.479 755.283 -1 -1 -1 -1000 -1000 -1000 -10 0.00144193
Car -1 -1 -10 104.266 585.983 256.765 1200.000 -1 -1 -1 -1000 -1000 -1000 -10 0.00139946
Car -1 -1 -10 25.074 622.418 53.555 720.225 -1 -1 -1 -1000 -1000 -1000 -10 0.00138452
Car -1 -1 -10 66.235 749.620 194.890 1200.000 -1 -1 -1 -1000 -1000 -1000 -10 0.00137619
