Car -1 -1 -10 755.340 552.252 956.772 719.992 -1 -1 -1 -1000 -1000 -1000 -10 0.99998933
Car -1 -1 -10 0.000 775.573 312.138 1197.255 -1 -1 -1 -1000 -1000 -1000 -10 0.00163591
Car -1 -1 -10 0.000 802.451 457.103 1200.000 -1 -1 -1 -1000 -1000 -1000 -10 0.00371245
Car -1 -1 -10 751.813 552.246 869.375 673.158 -1 -1 -1 -1000 -1000 -1000 -10 0.00416252
Car -1 -1 -10 765.664 535.390 912.223 651.973 -1 -1 -1 -1000 -1000 -1000 -10 0.00118970
Car -1 -1 -10 787.299 556.770 864.362 628.491 -1 -1 -1 -1000 -1000 -1000 -10 0.00110128
Car -1 -1 -10 0.000 2.033 293.141 380.046 -1 -1 -1 -1000 -1000 -1000 -10 0.00100184
Car -1 -1 -10 789.508 535.886 938.873 652.019 -1 -1 -1 -1000 -1000 -1000 -10 0.00095541
Car -1 -1 -10 12.032 0.150 228.353 214.698 -1 -1 -1 -1000 -1000 -1000 -10 0.00184754
Car -1 -1 -10 16.413 717.452 241.109 1196.923 -1 -1 -1 -1000 -1000 -1000 -10 0.00092221
Car -1 -1 -10 840.871 557.174 956.462 676.788 -1 -1 -1 -1000 -1000 -1000 -10 0.00235092
Car -1 -1 -10 2.277 1061.971 331.114 1200.000 -1 -1 -1 -1000 -1000 -1000 -10 0.00088779
Car -1 -1 -10 773.769 556.386 850.823 631.564 -1 -1 -1 -1000 -1000 -1000 -10 0.00128752
Car -1 -1 -10 0.000 936.098 320.137 1200.000 -1 -1 -1 -1000 -1000 -1000 -10 0.00143803
Car -1 -1 -10 0.000 765.398 627.572 1200.000 -1 -1 -1 -1000 -1000 -1000 -10 0.00081914
Car -1 -1 -10 52.617 685.816 207.088 1200.000 -1 -1 -1 -1000 -1000 -1000 -10 0.00080082
Car -1 -1 -10 73.937 0.000 175.758 116.430 -1 -1 -1 -1000 -1000 -1000 -10 0.00077012
Car -1 -1 -10 63.310 356.128 366.044 1200.000 -1 -1 -1 -1000 -1000 -1000 -10 0.00138508
Car -1 -1 -10 28.047 40.475 222.388 546.658 -1 -1 -1 -1000 -1000 -1000 -10 0.00182088
Car -1 -1 -10 0.000 0.000 427.996 318.530 -1 -1 -1 -1000 -1000 -1000 -10 0.00125574
Car -1 -1 -10 739.972 1158.072 776.683 1200.000 -1 -1 -1 -1000 -1000 -1000 -10 0.00071210
Car -1 -1 -10 123.010 704.061 374.456 1194.092 -1 -1 -1 -1000 -1000 -1000 -10 0.00070531
Car -1 -1 -10 68.574 0.000 160.854 181.376 -1 -1 -1 -1000 -1000 -1000 -10 0.00068657
Car -1 -1 -10 0.000 0.000 290.824 209.272 -1 -1 -1 -1000 -1000 -1000 -10 0.00066243
Car -1 -1 -10 11.930 0.000 301.883 121.473 -1 -1 -1 -1000 -1000 -1000 -10 0.00063293
Car -1 -1 -10 92.671 7.123 136.169 183.322 -1 -1 -1 -1000 -1000 -1000 -10 0.00061519
Car -1 -1 -10 0.000 0.000 337.500 274.125 -1 -1 -1 -1000 -1000 -1000 -10 0.00061466
Car -1 -1 -10 745.469 585.413 936.789 1174.026 -1 -1 -1 -1000 -1000 -1000 -10 0.00103373
Car -1 -1 -10 866.054 566.753 939.852 645.802 -1 -1 -1 -1000 -1000 -1000 -10 0.00057353
Car -1 -1 -10 1487.524 808.008 1920.000 1199.848 -1 -1 -1 -1000 -1000 -1000 -10 0.00103373
Car -1 -1 -10 702.716 1159.322 741.168 1200.000 -1 -1 -1 -1000 -1000 -1000 -10 0.00054207
Car -1 -1 -10 0.000 0.000 123.819 144.856 -1 -1 -1 -1000 -1000 -1000 -10 0.00052945
Car -1 -1 -10 844.442 488.428 895.920 762.928 -1 -1 -1 -1000 -1000 -1000 -10 0.00099683
Car -1 -1 -10 1472.553 613.342 1911.129 939.465 -1 -1 -1 -1000 -1000 -1000 -10 0.00094859
Car -1 -1 -10 840.499 556.098 915.767 631.622 -1 -1 -1 -1000 -1000 -1000 -10 0.00092558
Car -1 -1 -10 623.916 626.662 793.109 1192.898 -1 -1 -1 -1000 -1000 -1000 -10 0.00050803
Car -1 -1 -10 0.000 1166.745 24.987 1200.000 -1 -1 -1 -1000 -1000 -1000 -10 0.00050274
Car -1 -1 -10 413.946 1108.645 670.546 1200.000 -1 -1 -1 -1000 -1000 -1000 -10 0.00049747
Car -1 -1 -10 0.000 1071.052 197.312 1200.000 -1 -1 -1 -1000 -1000 -1000 -10 0.00095558
Car -1 -1 -10 4.308 883.242 274.595 1196.130 -1 -1 -1 -1000 -1000 -1000 -10 0.00049202
Car -1 -1 -10 819.055 501.251 870.967 793.731 -1 -1 -1 -1000 -1000 -1000 -10 0.00047144
Car -1 -1 -10 693.460 622.631 868.074 1194.318 -1 -1 -1 -1000 -1000 -1000 -10 0.00046344
Car -1 -1 -10 846.612 1157.589 886.316 1200.000 -1 -1 -1 -1000 -1000 -1000 -10 0.00045614
Car -1 -1 -10 0.000 0.000 250.757 148.314 -1 -1 -1 -1000 -1000 -1000 -10 0.00045428
Car -1 -1 -10 2.887 0.000 103.685 116.461 -1 -1 -1 -1000 -1000 -1000 -10 0.00044674
Car -1 -1 -10 506.858 1087.502 565.920 1200.000 -1 -1 -1 -1000 -1000 -1000 -10 0.00043976
Car -1 -1 -10 590.647 589.533 781.187 1173.496 -1 -1 -1 -1000 -1000 -1000 -10 0.00040858
Car -1 -1 -10 543.932 1111.130 801.908 1200.000 -1 -1 -1 -1000 -1000 -1000 -10 0.00040567
Car -1 -1 -10 467.453 586.279 660.898 1177.976 -1 -1 -1 -1000 -1000 -1000 -10 0.00039357
