Car -1 -1 -10 514.232 559.738 667.160 660.564 -1 -1 -1 -1000 -1000 -1000 -10 0.99995768
Car -1 -1 -10 1158.322 531.221 1423.301 728.385 -1 -1 -1 -1000 -1000 -1000 -10 0.99992791
Car -1 -1 -10 422.408 569.842 552.764 658.691 -1 -1 -1 -1000 -1000 -1000 -10 0.99759088
Car -1 -1 -10 1047.005 557.800 1140.385 638.278 -1 -1 -1 -1000 -1000 -1000 -10 0.99105875
Car -1 -1 -10 686.707 565.732 742.683 617.940 -1 -1 -1 -1000 -1000 -1000 -10 0.31042363
Car -1 -1 -10 0.000 583.635 786.973 1193.732 -1 -1 -1 -1000 -1000 -1000 -10 0.13215632
Car -1 -1 -10 756.823 557.234 814.582 611.107 -1 -1 -1 -1000 -1000 -1000 -10 0.04938690
Car -1 -1 -10 777.973 522.315 1920.000 1178.476 -1 -1 -1 -1000 -1000 -1000 -10 0.01798911
Car -1 -1 -10 830.956 1035.844 1197.077 1194.836 -1 -1 -1 -1000 -1000 -1000 -10 0.00507310
Car -1 -1 -10 1050.379 511.872 1920.000 1200.000 -1 -1 -1 -1000 -1000 -1000 -10 0.00442952
