Car -1 -1 -10 1103.845 547.874 1216.793 639.042 -1 -1 -1 -1000 -1000 -1000 -10 0.99988645
Car -1 -1 -10 580.534 572.153 641.535 621.998 -1 -1 -1 -1000 -1000 -1000 -10 0.02972344
Car -1 -1 -10 846.928 1063.077 1201.624 1199.688 -1 -1 -1 -1000 -1000 -1000 -10 0.01117927
Car -1 -1 -10 0.000 651.291 497.033 1200.000 -1 -1 -1 -1000 -1000 -1000 -10 0.00776017
Car -1 -1 -10 0.000 763.755 607.059 1200.000 -1 -1 -1 -1000 -1000 -1000 -10 0.00659833
Car -1 -1 -10 852.189 827.514 1186.376 1194.742 -1 -1 -1 -1000 -1000 -1000 -10 0.00633802
Car -1 -1 -10 1125.348 801.541 1767.196 1193.246 -1 -1 -1 -1000 -1000 -1000 -10 0.00757114
Car -1 -1 -10 1119.093 1156.463 1156.275 1200.000 -1 -1 -1 -1000 -1000 -1000 -10 0.00539681
Car -1 -1 -10 1135.005 1084.186 1193.810 1200.000 -1 -1 -1 -1000 -1000 -1000 -10 0.00454319
Car -1 -1 -10 1097.193 1115.328 1176.250 1200.000 -1 -1 -1 -1000 -1000 -1000 -10 0.00491687
Car -1 -1 -10 780.239 1024.932 1248.330 1200.000 -1 -1 -1 -1000 -1000 -1000 -10 0.00496391
Car -1 -1 -10 935.541 1097.346 1123.462 1200.000 -1 -1 -1 -1000 -1000 -1000 -10 0.00244899
Car -1 -1 -10 1010.355 1101.709 1260.942 1200.000 -1 -1 -1 -1000 -1000 -1000 -10 0.00231375
Car -1 -1 -10 976.106 1083.393 1297.948 1200.000 -1 -1 -1 -1000 -1000 -1000 -10 0.00228492
Car -1 -1 -10 935.222 1067.505 1101.822 1166.331 -1 -1 -1 -1000 -1000 -1000 -10 0.00228086
Car -1 -1 -10 891.533 1099.520 1145.552 1200.000 -1 -1 -1 -1000 -1000 -1000 -10 0.00431998
Car -1 -1 -10 1123.508 1121.504 1162.216 1200.000 -1 -1 -1 -1000 -1000 -1000 -10 0.00227109
Car -1 -1 -10 472.405 807.913 1117.612 1192.790 -1 -1 -1 -1000 -1000 -1000 -10 0.00416922
Car -1 -1 -10 0.000 513.205 906.302 1195.101 -1 -1 -1 -1000 -1000 -1000 -10 0.00813072
Car -1 -1 -10 1042.708 1090.123 1206.244 1191.678 -1 -1 -1 -1000 -1000 -1000 -10 0.00220510
Car -1 -1 -10 992.783 1060.350 1384.633 1200.000 -1 -1 -1 -1000 -1000 -1000 -10 0.00386820
Car -1 -1 -10 323.630 510.429 1456.693 1194.388 -1 -1 -1 -1000 -1000 -1000 -10 0.00594677
Car -1 -1 -10 1077.737 1083.140 1396.359 1200.000 -1 -1 -1 -1000 -1000 -1000 -10 0.00210519
Car -1 -1 -10 1242.278 794.062 1610.922 1197.632 -1 -1 -1 -1000 -1000 -1000 -10 0.00210348
Car -1 -1 -10 1271.209 849.676 1581.297 1200.000 -1 -1 -1 -1000 -1000 -1000 -10 0.00209069
Car -1 -1 -10 948.731 1060.030 1105.156 1200.000 -1 -1 -1 -1000 -1000 -1000 -10 0.00205942
Car -1 -1 -10 940.112 844.422 1099.919 1200.000 -1 -1 -1 -1000 -1000 -1000 -10 0.00203395
Car -1 -1 -10 646.975 858.857 1487.618 1200.000 -1 -1 -1 -1000 -1000 -1000 -10 0.00201813
Car -1 -1 -10 731.580 913.631 1424.605 1200.000 -1 -1 -1 -1000 -1000 -1000 -10 0.00199607
Car -1 -1 -10 1112.718 1081.482 1172.579 1200.000 -1 -1 -1 -1000 -1000 -1000 -10 0.00198314
Car -1 -1 -10 923.304 1016.352 1410.227 1200.000 -1 -1 -1 -1000 -1000 -1000 -10 0.00195609
Car -1 -1 -10 1154.372 1157.204 1192.520 1200.000 -1 -1 -1 -1000 -1000 -1000 -10 0.00195289
Car -1 -1 -10 1053.939 651.155 1225.129 1188.745 -1 -1 -1 -1000 -1000 -1000 -10 0.00195043
Car -1 -1 -10 1142.403 1090.775 1301.799 1190.011 -1 -1 -1 -1000 -1000 -1000 -10 0.00538698
Car -1 -1 -10 880.348 939.589 1117.776 1200.000 -1 -1 -1 -1000 -1000 -1000 -10 0.00187491
Car -1 -1 -10 954.135 670.124 1172.442 1189.510 -1 -1 -1 -1000 -1000 -1000 -10 0.00185759
Car -1 -1 -10 977.530 523.950 1920.000 1198.871 -1 -1 -1 -1000 -1000 -1000 -10 0.00183585
Car -1 -1 -10 1168.447 1036.384 1620.796 1200.000 -1 -1 -1 -1000 -1000 -1000 -10 0.00183048
Car -1 -1 -10 935.671 696.237 1105.385 1196.787 -1 -1 -1 -1000 -1000 -1000 -10 0.00363621
Car -1 -1 -10 815.706 645.342 1329.195 1200.000 -1 -1 -1 -1000 -1000 -1000 -10 0.00178259
Car -1 -1 -10 1198.218 1119.364 1279.735 1200.000 -1 -1 -1 -1000 -1000 -1000 -10 0.00176500
Car -1 -1 -10 933.986 358.387 1220.108 1200.000 -1 -1 -1 -1000 -1000 -1000 -10 0.00176291
Car -1 -1 -10 1242.245 1083.586 1566.037 1200.000 -1 -1 -1 -1000 -1000 -1000 -10 0.00170611
Car -1 -1 -10 1341.408 734.677 1652.887 1190.461 -1 -1 -1 -1000 -1000 -1000 -10 0.00169760
Car -1 -1 -10 1036.811 852.591 1881.256 1200.000 -1 -1 -1 -1000 -1000 -1000 -10 0.00160404
