Car -1 -1 -10 800.342 533.770 886.263 614.355 -1 -1 -1 -1000 -1000 -1000 -10 0.77478299
Car -1 -1 -10 1066.370 557.760 1158.675 629.497 -1 -1 -1 -1000 -1000 -1000 -10 0.18874795
Car -1 -1 -10 842.480 553.185 898.046 608.604 -1 -1 -1 -1000 -1000 -1000 -10 0.00431122
Car -1 -1 -10 198.126 567.067 338.766 651.961 -1 -1 -1 -1000 -1000 -1000 -10 0.00903977
Car -1 -1 -10 71.690 808.753 698.624 1186.529 -1 -1 -1 -1000 -1000 -1000 -10 0.00583772
Car -1 -1 -10 447.497 811.148 1069.345 1189.020 -1 -1 -1 -1000 -1000 -1000 -10 0.01123343
Car -1 -1 -10 777.189 813.979 1383.763 1193.685 -1 -1 -1 -1000 -1000 -1000 -10 0.00910286
Car -1 -1 -10 0.000 506.086 1051.126 1191.346 -1 -1 -1 -1000 -1000 -1000 -10 0.00907663
Car -1 -1 -10 227.931 808.051 845.587 1189.734 -1 -1 -1 -1000 -1000 -1000 -10 0.00420381
Car -1 -1 -10 846.972 543.619 900.145 598.630 -1 -1 -1 -1000 -1000 -1000 -10 0.00209994
Car -1 -1 -10 0.000 573.158 414.099 1198.232 -1 -1 -1 -1000 -1000 -1000 -10 0.00556880
Car -1 -1 -10 0.000 829.581 430.926 1126.163 -1 -1 -1 -1000 -1000 -1000 -10 0.00372440
Car -1 -1 -10 1000.157 723.409 1189.544 1191.796 -1 -1 -1 -1000 -1000 -1000 -10 0.00197177
Car -1 -1 -10 498.552 860.576 940.072 1101.373 -1 -1 -1 -1000 -1000 -1000 -10 0.00170970
Car -1 -1 -10 600.813 851.493 897.246 1125.352 -1 -1 -1 -1000 -1000 -1000 -10 0.00165497
Car -1 -1 -10 0.000 804.306 465.486 1200.000 -1 -1 -1 -1000 -1000 -1000 -10 0.00158932
Car -1 -1 -10 166.070 743.355 479.000 1188.029 -1 -1 -1 -1000 -1000 -1000 -10 0.00150649
Car -1 -1 -10 232.313 859.621 689.540 1098.945 -1 -1 -1 -1000 -1000 -1000 -10 0.00148964
Car -1 -1 -10 190.915 922.047 809.966 1200.000 -1 -1 -1 -1000 -1000 -1000 -10 0.00137988
Car -1 -1 -10 994.011 653.487 1145.171 1200.000 -1 -1 -1 -1000 -1000 -1000 -10 0.00132088
Car -1 -1 -10 18.606 359.082 314.133 1200.000 -1 -1 -1 -1000 -1000 -1000 -10 0.00131079
Car -1 -1 -10 315.333 827.750 477.320 1200.000 -1 -1 -1 -1000 -1000 -1000 -10 0.00130074
Car -1 -1 -10 55.112 578.324 208.064 1198.366 -1 -1 -1 -1000 -1000 -1000 -10 0.00129126
