Car -1 -1 -10 0.000 13.271 1384.692 1170.181 -1 -1 -1 -1000 -1000 -1000 -10 0.03501893
Car -1 -1 -10 0.000 479.816 927.073 1200.000 -1 -1 -1 -1000 -1000 -1000 -10 0.02458272
Car -1 -1 -10 0.000 10.417 764.979 1173.661 -1 -1 -1 -1000 -1000 -1000 -10 0.00737910
Car -1 -1 -10 510.540 363.110 1835.710 1040.490 -1 -1 -1 -1000 -1000 -1000 -10 0.01010944
Car -1 -1 -10 15.876 244.595 551.093 1200.000 -1 -1 -1 -1000 -1000 -1000 -10 0.00706493
Car -1 -1 -10 598.220 435.495 1916.547 1197.443 -1 -1 -1 -1000 -1000 -1000 -10 0.00932471
Car -1 -1 -10 935.388 383.468 1585.490 751.362 -1 -1 -1 -1000 -1000 -1000 -10 0.01331836
Car -1 -1 -10 135.477 450.297 1445.040 1193.295 -1 -1 -1 -1000 -1000 -1000 -10 0.00732401
Car -1 -1 -10 0.000 533.986 611.149 975.133 -1 -1 -1 -1000 -1000 -1000 -10 0.01568004
Car -1 -1 -10 0.000 81.944 803.387 937.717 -1 -1 -1 -1000 -1000 -1000 -10 0.01003384
Car -1 -1 -10 74.776 84.743 1102.684 936.959 -1 -1 -1 -1000 -1000 -1000 -10 0.00311863
Car -1 -1 -10 0.875 351.239 621.262 756.844 -1 -1 -1 -1000 -1000 -1000 -10 0.01106423
Car -1 -1 -10 1755.490 15.730 1918.535 185.961 -1 -1 -1 -1000 -1000 -1000 -10 0.00560033
Car -1 -1 -10 25.340 200.345 301.144 1196.471 -1 -1 -1 -1000 -1000 -1000 -10 0.01064640
Car -1 -1 -10 0.000 800.097 467.602 1200.000 -1 -1 -1 -1000 -1000 -1000 -10 0.00774609
Car -1 -1 -10 1030.313 459.160 1472.456 693.771 -1 -1 -1 -1000 -1000 -1000 -10 0.00513306
Car -1 -1 -10 117.783 45.742 406.433 1192.360 -1 -1 -1 -1000 -1000 -1000 -10 0.00545860
Car -1 -1 -10 1083.166 486.247 1386.420 636.239 -1 -1 -1 -1000 -1000 -1000 -10 0.00273695
Car -1 -1 -10 1145.439 517.037 1309.044 611.063 -1 -1 -1 -1000 -1000 -1000 -10 0.00270583
Car -1 -1 -10 0.000 556.194 383.651 1200.000 -1 -1 -1 -1000 -1000 -1000 -10 0.00269814
Car -1 -1 -10 1166.987 364.413 1407.866 794.720 -1 -1 -1 -1000 -1000 -1000 -10 0.00255530
Car -1 -1 -10 472.648 48.857 769.650 1195.884 -1 -1 -1 -1000 -1000 -1000 -10 0.00467329
Car -1 -1 -10 673.750 134.906 878.619 868.687 -1 -1 -1 -1000 -1000 -1000 -10 0.00246027
Car -1 -1 -10 151.092 24.844 374.655 1155.457 -1 -1 -1 -1000 -1000 -1000 -10 0.00245555
Car -1 -1 -10 530.172 85.703 1529.493 908.842 -1 -1 -1 -1000 -1000 -1000 -10 0.00449649
Car -1 -1 -10 241.254 77.371 480.837 1184.831 -1 -1 -1 -1000 -1000 -1000 -10 0.00462797
Car -1 -1 -10 0.972 1156.249 35.079 1200.000 -1 -1 -1 -1000 -1000 -1000 -10 0.00231287
Car -1 -1 -10 418.519 21.436 678.705 1092.701 -1 -1 -1 -1000 -1000 -1000 -10 0.00229680
Car -1 -1 -10 846.563 502.132 1591.917 977.272 -1 -1 -1 -1000 -1000 -1000 -10 0.00228844
Car -1 -1 -10 297.671 356.421 985.728 754.979 -1 -1 -1 -1000 -1000 -1000 -10 0.00441612
Car -1 -1 -10 367.863 10.615 645.106 1134.853 -1 -1 -1 -1000 -1000 -1000 -10 0.00444532
Car -1 -1 -10 0.000 11.368 362.682 709.960 -1 -1 -1 -1000 -1000 -1000 -10 0.00435053
Car -1 -1 -10 787.760 399.166 1746.014 920.839 -1 -1 -1 -1000 -1000 -1000 -10 0.00220392
Car -1 -1 -10 451.809 124.951 582.712 864.956 -1 -1 -1 -1000 -1000 -1000 -10 0.00218338
Car -1 -1 -10 167.149 459.166 876.397 845.226 -1 -1 -1 -1000 -1000 -1000 -10 0.00208466
Car -1 -1 -10 681.901 15.204 905.160 1064.558 -1 -1 -1 -1000 -1000 -1000 -10 0.00207066
Car -1 -1 -10 177.962 238.410 850.660 661.015 -1 -1 -1 -1000 -1000 -1000 -10 0.00206295
Car -1 -1 -10 0.000 478.292 415.482 887.116 -1 -1 -1 -1000 -1000 -1000 -10 0.00202353
Car -1 -1 -10 579.322 121.595 783.783 865.191 -1 -1 -1 -1000 -1000 -1000 -10 0.00199650
