Car -1 -1 -10 919.704 571.677 1023.367 662.141 -1 -1 -1 -1000 -1000 -1000 -10 0.99757800
Car -1 -1 -10 382.009 562.577 659.199 745.186 -1 -1 -1 -1000 -1000 -1000 -10 0.48146689
Car -1 -1 -10 311.173 583.738 391.438 646.613 -1 -1 -1 -1000 -1000 -1000 -10 0.06053742
Car -1 -1 -10 739.905 809.333 1344.287 1189.355 -1 -1 -1 -1000 -1000 -1000 -10 0.00874216
Car -1 -1 -10 350.887 562.410 526.533 657.499 -1 -1 -1 -1000 -1000 -1000 -10 0.00592802
Car -1 -1 -10 299.168 567.866 446.335 648.703 -1 -1 -1 -1000 -1000 -1000 -10 0.00507143
Car -1 -1 -10 869.720 1044.952 1277.466 1200.000 -1 -1 -1 -1000 -1000 -1000 -10 0.00473237
Car -1 -1 -10 877.023 739.505 1286.033 1200.000 -1 -1 -1 -1000 -1000 -1000 -10 0.00225478
Car -1 -1 -10 1007.772 817.812 1271.319 1193.276 -1 -1 -1 -1000 -1000 -1000 -10 0.00210461
Car -1 -1 -10 309.204 547.408 609.360 690.159 -1 -1 -1 -1000 -1000 -1000 -10 0.00378841
Car -1 -1 -10 991.275 1098.369 1235.724 1200.000 -1 -1 -1 -1000 -1000 -1000 -10 0.00388475
Car -1 -1 -10 1057.445 1059.257 1231.013 1193.873 -1 -1 -1 -1000 -1000 -1000 -10 0.00194740
Car -1 -1 -10 992.289 921.246 1239.767 1200.000 -1 -1 -1 -1000 -1000 -1000 -10 0.00191751
Car -1 -1 -10 741.304 914.035 1408.377 1200.000 -1 -1 -1 -1000 -1000 -1000 -10 0.00188486
Car -1 -1 -10 952.998 1058.944 1100.864 1200.000 -1 -1 -1 -1000 -1000 -1000 -10 0.00188385
Car -1 -1 -10 1077.241 1079.527 1137.274 1200.000 -1 -1 -1 -1000 -1000 -1000 -10 0.00188202
Car -1 -1 -10 1055.338 1088.315 1216.098 1194.021 -1 -1 -1 -1000 -1000 -1000 -10 0.00186201
Car -1 -1 -10 962.110 1039.395 1133.961 1194.873 -1 -1 -1 -1000 -1000 -1000 -10 0.00186086
Car -1 -1 -10 1008.592 1018.076 1319.584 1200.000 -1 -1 -1 -1000 -1000 -1000 -10 0.00183169
Car -1 -1 -10 940.903 833.800 1100.226 1200.000 -1 -1 -1 -1000 -1000 -1000 -10 0.00179552
Car -1 -1 -10 895.737 654.488 1165.543 1200.000 -1 -1 -1 -1000 -1000 -1000 -10 0.00175529
Car -1 -1 -10 993.118 1083.351 1304.450 1200.000 -1 -1 -1 -1000 -1000 -1000 -10 0.00174215
Car -1 -1 -10 944.323 814.014 1579.304 1192.805 -1 -1 -1 -1000 -1000 -1000 -10 0.00173874
Car -1 -1 -10 893.737 983.826 1239.758 1196.597 -1 -1 -1 -1000 -1000 -1000 -10 0.00310811
Car -1 -1 -10 1108.738 1102.186 1276.416 1200.000 -1 -1 -1 -1000 -1000 -1000 -10 0.00156396
Car -1 -1 -10 1768.525 562.879 1920.000 670.415 -1 -1 -1 -1000 -1000 -1000 -10 0.00300485
Car -1 -1 -10 1024.251 876.988 1303.342 1200.000 -1 -1 -1 -1000 -1000 -1000 -10 0.00154722
