Car -1 -1 -10 1472.426 400.287 1920.000 1197.510 -1 -1 -1 -1000 -1000 -1000 -10 0.04738561
Car -1 -1 -10 993.839 521.196 1920.000 1200.000 -1 -1 -1 -1000 -1000 -1000 -10 0.04235585
Car -1 -1 -10 1248.264 556.330 1920.000 1173.786 -1 -1 -1 -1000 -1000 -1000 -10 0.01160076
Car -1 -1 -10 1350.177 545.727 1920.000 947.761 -1 -1 -1 -1000 -1000 -1000 -10 0.02864694
Car -1 -1 -10 502.611 160.747 1906.762 1200.000 -1 -1 -1 -1000 -1000 -1000 -10 0.01682880
Car -1 -1 -10 1553.966 542.129 1920.000 910.156 -1 -1 -1 -1000 -1000 -1000 -10 0.00892508
Car -1 -1 -10 1591.950 543.959 1891.602 1095.414 -1 -1 -1 -1000 -1000 -1000 -10 0.00851726
Car -1 -1 -10 1446.202 445.346 1918.576 804.044 -1 -1 -1 -1000 -1000 -1000 -10 0.02224794
Car -1 -1 -10 1209.208 498.673 1920.000 1019.715 -1 -1 -1 -1000 -1000 -1000 -10 0.00742784
Car -1 -1 -10 1413.550 390.460 1920.000 758.062 -1 -1 -1 -1000 -1000 -1000 -10 0.00726628
Car -1 -1 -10 1533.188 562.776 1920.000 799.714 -1 -1 -1 -1000 -1000 -1000 -10 0.00637674
Car -1 -1 -10 1300.777 662.471 1828.778 991.858 -1 -1 -1 -1000 -1000 -1000 -10 0.00609937
Car -1 -1 -10 1499.950 561.202 1834.265 886.093 -1 -1 -1 -1000 -1000 -1000 -10 0.00581390
