Car -1 -1 -10 329.997 508.203 970.467 1081.719 -1 -1 -1 -1000 -1000 -1000 -10 0.70421673
Car -1 -1 -10 467.204 521.061 950.849 1057.510 -1 -1 -1 -1000 -1000 -1000 -10 0.23265256
Car -1 -1 -10 316.447 609.441 393.333 680.890 -1 -1 -1 -1000 -1000 -1000 -10 0.08622225
Car -1 -1 -10 91.582 592.071 345.619 698.208 -1 -1 -1 -1000 -1000 -1000 -10 0.03582234
Car -1 -1 -10 294.937 555.778 762.965 1051.478 -1 -1 -1 -1000 -1000 -1000 -10 0.01417080
Car -1 -1 -10 68.089 599.682 321.953 707.063 -1 -1 -1 -1000 -1000 -1000 -10 0.02468611
Car -1 -1 -10 370.515 629.843 426.999 683.948 -1 -1 -1 -1000 -1000 -1000 -10 0.01422497
Car -1 -1 -10 244.652 598.146 401.378 679.694 -1 -1 -1 -1000 -1000 -1000 -10 0.01438713
Car -1 -1 -10 587.975 513.569 911.503 845.965 -1 -1 -1 -1000 -1000 -1000 -10 0.00599454
Car -1 -1 -10 302.931 594.277 456.337 683.178 -1 -1 -1 -1000 -1000 -1000 -10 0.00545933
Car -1 -1 -10 320.358 519.871 801.737 874.550 -1 -1 -1 -1000 -1000 -1000 -10 0.00514617
Car -1 -1 -10 210.407 599.758 370.226 675.163 -1 -1 -1 -1000 -1000 -1000 -10 0.00435014
