Car -1 -1 -10 60.119 634.300 281.698 757.823 -1 -1 -1 -1000 -1000 -1000 -10 0.95249549
Car -1 -1 -10 905.947 566.268 1288.483 839.171 -1 -1 -1 -1000 -1000 -1000 -10 0.94876869
Car -1 -1 -10 995.775 470.607 1807.388 1007.423 -1 -1 -1 -1000 -1000 -1000 -10 0.13452235
Car -1 -1 -10 0.000 563.141 936.222 1200.000 -1 -1 -1 -1000 -1000 -1000 -10 0.07654477
Car -1 -1 -10 737.573 445.698 1920.000 1180.246 -1 -1 -1 -1000 -1000 -1000 -10 0.05292140
Car -1 -1 -10 1055.286 507.671 1516.008 938.419 -1 -1 -1 -1000 -1000 -1000 -10 0.04407802
Car -1 -1 -10 1457.730 554.868 1920.000 826.648 -1 -1 -1 -1000 -1000 -1000 -10 0.01898042
Car -1 -1 -10 1348.435 560.571 1920.000 875.075 -1 -1 -1 -1000 -1000 -1000 -10 0.01369862
Car -1 -1 -10 374.435 16.435 1920.000 1119.278 -1 -1 -1 -1000 -1000 -1000 -10 0.02461410
Car -1 -1 -10 1370.575 593.443 1826.282 865.225 -1 -1 -1 -1000 -1000 -1000 -10 0.00950924
Car -1 -1 -10 1046.584 469.571 1583.728 799.714 -1 -1 -1 -1000 -1000 -1000 -10 0.01581552
Car -1 -1 -10 1129.537 467.824 1692.904 796.337 -1 -1 -1 -1000 -1000 -1000 -10 0.00758139
Car -1 -1 -10 1197.904 438.141 1920.000 899.258 -1 -1 -1 -1000 -1000 -1000 -10 0.00717402
Car -1 -1 -10 892.238 572.882 1154.722 761.691 -1 -1 -1 -1000 -1000 -1000 -10 0.00621640
