Car -1 -1 -10 0.000 505.179 1081.083 1199.086 -1 -1 -1 -1000 -1000 -1000 -10 0.02267818
Car -1 -1 -10 0.000 592.912 504.473 1200.000 -1 -1 -1 -1000 -1000 -1000 -10 0.00864663
Car -1 -1 -10 302.457 503.182 1451.471 1199.383 -1 -1 -1 -1000 -1000 -1000 -10 0.00789146
Car -1 -1 -10 0.000 791.288 449.624 1197.836 -1 -1 -1 -1000 -1000 -1000 -10 0.00541739
Car -1 -1 -10 3.410 540.547 629.575 1182.106 -1 -1 -1 -1000 -1000 -1000 -10 0.00546651
Car -1 -1 -10 31.625 232.724 296.420 1194.557 -1 -1 -1 -1000 -1000 -1000 -10 0.00695166
Car -1 -1 -10 49.330 636.376 634.482 1012.366 -1 -1 -1 -1000 -1000 -1000 -10 0.00233569
Car -1 -1 -10 729.002 756.502 1312.674 1182.561 -1 -1 -1 -1000 -1000 -1000 -10 0.00231811
Car -1 -1 -10 553.470 499.030 1760.104 1197.532 -1 -1 -1 -1000 -1000 -1000 -10 0.00442328
Car -1 -1 -10 0.000 528.837 436.532 836.440 -1 -1 -1 -1000 -1000 -1000 -10 0.00223898
Car -1 -1 -10 10.958 554.086 161.882 1200.000 -1 -1 -1 -1000 -1000 -1000 -10 0.00220422
Car -1 -1 -10 712.535 453.687 1147.117 1200.000 -1 -1 -1 -1000 -1000 -1000 -10 0.00209269
Car -1 -1 -10 0.000 459.578 526.178 852.943 -1 -1 -1 -1000 -1000 -1000 -10 0.00199353
Car -1 -1 -10 870.310 643.021 1067.835 1186.329 -1 -1 -1 -1000 -1000 -1000 -10 0.00198848
Car -1 -1 -10 59.631 379.520 371.280 1200.000 -1 -1 -1 -1000 -1000 -1000 -10 0.00198087
Car -1 -1 -10 410.643 691.389 1074.579 1168.510 -1 -1 -1 -1000 -1000 -1000 -10 0.00394107
Car -1 -1 -10 92.658 325.278 220.205 1027.368 -1 -1 -1 -1000 -1000 -1000 -10 0.00196372
Car -1 -1 -10 1617.472 810.065 1920.000 1200.000 -1 -1 -1 -1000 -1000 -1000 -10 0.00195067
Car -1 -1 -10 1583.222 587.354 1920.000 1198.341 -1 -1 -1 -1000 -1000 -1000 -10 0.00194536
Car -1 -1 -10 1661.359 881.591 1920.000 1200.000 -1 -1 -1 -1000 -1000 -1000 -10 0.00192303
Car -1 -1 -10 714.853 573.391 1072.657 1200.000 -1 -1 -1 -1000 -1000 -1000 -10 0.00191608
Car -1 -1 -10 0.000 650.183 290.338 1104.431 -1 -1 -1 -1000 -1000 -1000 -10 0.00191296
Car -1 -1 -10 109.837 636.529 767.401 1071.626 -1 -1 -1 -1000 -1000 -1000 -10 0.00190681
Car -1 -1 -10 80.013 550.042 232.345 1200.000 -1 -1 -1 -1000 -1000 -1000 -10 0.00189262
Car -1 -1 -10 205.631 570.086 390.399 1200.000 -1 -1 -1 -1000 -1000 -1000 -10 0.00179569
Car -1 -1 -10 0.000 565.225 372.824 790.074 -1 -1 -1 -1000 -1000 -1000 -10 0.00174683
Car -1 -1 -10 128.922 484.965 277.787 1200.000 -1 -1 -1 -1000 -1000 -1000 -10 0.00166689
