Car -1 -1 -10 1336.229 518.148 1682.848 779.851 -1 -1 -1 -1000 -1000 -1000 -10 0.96568815
Car -1 -1 -10 1087.424 581.618 1174.763 646.769 -1 -1 -1 -1000 -1000 -1000 -10 0.76813455
Car -1 -1 -10 292.818 571.921 400.027 639.136 -1 -1 -1 -1000 -1000 -1000 -10 0.35483828
Car -1 -1 -10 1266.300 836.907 1601.290 1195.079 -1 -1 -1 -1000 -1000 -1000 -10 0.01440917
Car -1 -1 -10 1212.636 1028.293 1655.749 1200.000 -1 -1 -1 -1000 -1000 -1000 -10 0.00599990
Car -1 -1 -10 1335.316 1101.190 1593.974 1200.000 -1 -1 -1 -1000 -1000 -1000 -10 0.00338644
Car -1 -1 -10 1299.766 1081.680 1629.119 1200.000 -1 -1 -1 -1000 -1000 -1000 -10 0.00310873
Car -1 -1 -10 491.401 748.422 1400.848 1197.854 -1 -1 -1 -1000 -1000 -1000 -10 0.00841994
Car -1 -1 -10 1144.870 981.054 1704.117 1200.000 -1 -1 -1 -1000 -1000 -1000 -10 0.00544402
Car -1 -1 -10 988.176 782.586 1666.737 1200.000 -1 -1 -1 -1000 -1000 -1000 -10 0.00970136
Car -1 -1 -10 1469.951 528.457 1659.059 708.441 -1 -1 -1 -1000 -1000 -1000 -10 0.00251880
Car -1 -1 -10 1346.193 1057.549 1735.283 1200.000 -1 -1 -1 -1000 -1000 -1000 -10 0.00240163
Car -1 -1 -10 0.000 0.000 35.122 40.986 -1 -1 -1 -1000 -1000 -1000 -10 0.00237548
Car -1 -1 -10 917.538 677.758 1262.270 1184.050 -1 -1 -1 -1000 -1000 -1000 -10 0.00236098
Car -1 -1 -10 1278.265 1100.856 1532.907 1200.000 -1 -1 -1 -1000 -1000 -1000 -10 0.00464572
Car -1 -1 -10 1387.274 1103.464 1639.052 1200.000 -1 -1 -1 -1000 -1000 -1000 -10 0.00230342
Car -1 -1 -10 1439.359 1106.359 1618.109 1200.000 -1 -1 -1 -1000 -1000 -1000 -10 0.00213829
Car -1 -1 -10 1358.425 936.497 1594.160 1200.000 -1 -1 -1 -1000 -1000 -1000 -10 0.00212712
