Car -1 -1 -10 199.585 531.797 258.407 585.035 -1 -1 -1 -1000 -1000 -1000 -10 0.02016932
Car -1 -1 -10 7.159 520.425 1049.767 1200.000 -1 -1 -1 -1000 -1000 -1000 -10 0.01294247
Car -1 -1 -10 182.172 790.824 1031.772 1193.007 -1 -1 -1 -1000 -1000 -1000 -10 0.00627183
Car -1 -1 -10 0.000 665.673 674.428 1200.000 -1 -1 -1 -1000 -1000 -1000 -10 0.00341579
Car -1 -1 -10 20.947 789.771 880.536 1197.264 -1 -1 -1 -1000 -1000 -1000 -10 0.00499392
Car -1 -1 -10 0.000 668.717 480.654 1200.000 -1 -1 -1 -1000 -1000 -1000 -10 0.00553831
Car -1 -1 -10 432.141 769.134 1292.164 1196.209 -1 -1 -1 -1000 -1000 -1000 -10 0.00469257
Car -1 -1 -10 59.282 161.920 366.303 1192.302 -1 -1 -1 -1000 -1000 -1000 -10 0.00497522
Car -1 -1 -10 0.000 810.154 555.588 1199.677 -1 -1 -1 -1000 -1000 -1000 -10 0.00266056
Car -1 -1 -10 158.260 603.078 299.246 1197.551 -1 -1 -1 -1000 -1000 -1000 -10 0.00434046
Car -1 -1 -10 204.537 526.265 345.810 1199.851 -1 -1 -1 -1000 -1000 -1000 -10 0.00384085
Car -1 -1 -10 462.383 802.992 942.976 1054.448 -1 -1 -1 -1000 -1000 -1000 -10 0.00395086
Car -1 -1 -10 15.509 365.332 309.288 1200.000 -1 -1 -1 -1000 -1000 -1000 -10 0.00407740
Car -1 -1 -10 234.826 556.186 367.370 1196.476 -1 -1 -1 -1000 -1000 -1000 -10 0.00197806
Car -1 -1 -10 0.000 747.564 348.110 1187.973 -1 -1 -1 -1000 -1000 -1000 -10 0.00197412
Car -1 -1 -10 276.827 804.494 713.142 1045.558 -1 -1 -1 -1000 -1000 -1000 -10 0.00503165
Car -1 -1 -10 1378.674 562.448 1920.000 1196.293 -1 -1 -1 -1000 -1000 -1000 -10 0.00337974
Car -1 -1 -10 116.434 759.231 460.343 1085.667 -1 -1 -1 -1000 -1000 -1000 -10 0.00684853
Car -1 -1 -10 276.344 521.985 417.999 1200.000 -1 -1 -1 -1000 -1000 -1000 -10 0.00312779
Car -1 -1 -10 2.618 922.294 571.478 1200.000 -1 -1 -1 -1000 -1000 -1000 -10 0.00328596
Car -1 -1 -10 183.754 247.201 487.946 1200.000 -1 -1 -1 -1000 -1000 -1000 -10 0.00525722
Car -1 -1 -10 534.809 550.070 617.319 610.049 -1 -1 -1 -1000 -1000 -1000 -10 0.00171093
Car -1 -1 -10 427.833 556.410 559.606 1197.083 -1 -1 -1 -1000 -1000 -1000 -10 0.00167648
Car -1 -1 -10 138.075 566.162 268.933 1195.134 -1 -1 -1 -1000 -1000 -1000 -10 0.00164860
Car -1 -1 -10 331.947 547.655 463.113 1198.274 -1 -1 -1 -1000 -1000 -1000 -10 0.00164256
Car -1 -1 -10 0.000 857.597 420.365 1096.628 -1 -1 -1 -1000 -1000 -1000 -10 0.00162454
Car -1 -1 -10 619.403 563.905 749.005 1197.447 -1 -1 -1 -1000 -1000 -1000 -10 0.00306213
Car -1 -1 -10 116.185 605.645 247.167 1195.528 -1 -1 -1 -1000 -1000 -1000 -10 0.00161326
Car -1 -1 -10 496.554 563.608 626.989 1194.499 -1 -1 -1 -1000 -1000 -1000 -10 0.00158851
Car -1 -1 -10 615.911 795.354 1127.791 1069.322 -1 -1 -1 -1000 -1000 -1000 -10 0.00153012
Car -1 -1 -10 378.002 256.100 679.234 1200.000 -1 -1 -1 -1000 -1000 -1000 -10 0.00147444
Car -1 -1 -10 1031.496 1110.951 1111.131 1200.000 -1 -1 -1 -1000 -1000 -1000 -10 0.00144473
Car -1 -1 -10 282.313 247.385 582.751 1200.000 -1 -1 -1 -1000 -1000 -1000 -10 0.00132855
