Car -1 -1 -10 1159.746 566.404 1308.490 674.444 -1 -1 -1 -1000 -1000 -1000 -10 0.99997008
Car -1 -1 -10 1.095 544.428 111.138 679.321 -1 -1 -1 -1000 -1000 -1000 -10 0.49401820
Car -1 -1 -10 866.769 786.310 1473.398 1188.925 -1 -1 -1 -1000 -1000 -1000 -10 0.00893281
Car -1 -1 -10 1447.542 619.325 1920.000 1198.049 -1 -1 -1 -1000 -1000 -1000 -10 0.00819780
Car -1 -1 -10 633.777 784.601 1320.529 1200.000 -1 -1 -1 -1000 -1000 -1000 -10 0.00213809
Car -1 -1 -10 957.669 1034.137 1404.472 1200.000 -1 -1 -1 -1000 -1000 -1000 -10 0.00210090
Car -1 -1 -10 902.498 1085.227 1236.867 1200.000 -1 -1 -1 -1000 -1000 -1000 -10 0.00413513
Car -1 -1 -10 42.380 555.820 83.891 633.833 -1 -1 -1 -1000 -1000 -1000 -10 0.00199862
Car -1 -1 -10 1041.916 1105.267 1296.904 1200.000 -1 -1 -1 -1000 -1000 -1000 -10 0.00520311
Car -1 -1 -10 493.329 704.945 975.114 1200.000 -1 -1 -1 -1000 -1000 -1000 -10 0.00190725
Car -1 -1 -10 982.687 784.361 1343.690 1197.637 -1 -1 -1 -1000 -1000 -1000 -10 0.00188781
Car -1 -1 -10 990.707 1106.075 1168.752 1200.000 -1 -1 -1 -1000 -1000 -1000 -10 0.00373367
Car -1 -1 -10 1135.801 685.967 1516.374 1191.026 -1 -1 -1 -1000 -1000 -1000 -10 0.00185821
Car -1 -1 -10 941.897 702.763 1147.675 1194.374 -1 -1 -1 -1000 -1000 -1000 -10 0.00334640
Car -1 -1 -10 1010.697 822.761 1173.059 1200.000 -1 -1 -1 -1000 -1000 -1000 -10 0.00177577
Car -1 -1 -10 1788.576 626.051 1920.000 884.914 -1 -1 -1 -1000 -1000 -1000 -10 0.00175987
Car -1 -1 -10 30.781 490.871 93.362 707.572 -1 -1 -1 -1000 -1000 -1000 -10 0.00173623
Car -1 -1 -10 841.358 1011.691 1335.483 1200.000 -1 -1 -1 -1000 -1000 -1000 -10 0.00164092
Car -1 -1 -10 0.000 564.526 82.875 646.405 -1 -1 -1 -1000 -1000 -1000 -10 0.00158704
Car -1 -1 -10 869.435 847.622 1229.095 1185.384 -1 -1 -1 -1000 -1000 -1000 -10 0.00155652
Car -1 -1 -10 917.301 1107.269 1173.296 1200.000 -1 -1 -1 -1000 -1000 -1000 -10 0.00146188
