Car -1 -1 -10 1086.957 575.833 1171.769 637.680 -1 -1 -1 -1000 -1000 -1000 -10 0.11921804
Car -1 -1 -10 1075.342 568.533 1178.140 642.004 -1 -1 -1 -1000 -1000 -1000 -10 0.04493856
Car -1 -1 -10 850.580 811.275 1476.671 1185.209 -1 -1 -1 -1000 -1000 -1000 -10 0.00690143
Car -1 -1 -10 83.615 506.754 1270.267 1194.519 -1 -1 -1 -1000 -1000 -1000 -10 0.01078490
Car -1 -1 -10 1069.456 796.238 1756.991 1200.000 -1 -1 -1 -1000 -1000 -1000 -10 0.01068870
Car -1 -1 -10 1049.010 901.979 1399.412 1195.645 -1 -1 -1 -1000 -1000 -1000 -10 0.00486559
Car -1 -1 -10 0.000 818.648 524.881 1192.585 -1 -1 -1 -1000 -1000 -1000 -10 0.00481981
Car -1 -1 -10 879.705 888.112 1527.482 1198.208 -1 -1 -1 -1000 -1000 -1000 -10 0.00406174
Car -1 -1 -10 380.556 576.844 511.643 1190.701 -1 -1 -1 -1000 -1000 -1000 -10 0.00240465
Car -1 -1 -10 995.135 723.420 1373.255 1190.820 -1 -1 -1 -1000 -1000 -1000 -10 0.00227853
Car -1 -1 -10 89.665 784.035 941.578 1191.890 -1 -1 -1 -1000 -1000 -1000 -10 0.00392647
Car -1 -1 -10 0.000 596.704 499.761 1200.000 -1 -1 -1 -1000 -1000 -1000 -10 0.00410139
Car -1 -1 -10 1459.845 800.375 1920.000 1198.864 -1 -1 -1 -1000 -1000 -1000 -10 0.00599496
Car -1 -1 -10 1098.621 1029.874 1535.111 1200.000 -1 -1 -1 -1000 -1000 -1000 -10 0.00194864
Car -1 -1 -10 275.041 757.335 612.718 1081.330 -1 -1 -1 -1000 -1000 -1000 -10 0.00194424
Car -1 -1 -10 262.238 516.912 428.373 607.061 -1 -1 -1 -1000 -1000 -1000 -10 0.00373506
Car -1 -1 -10 913.331 1038.361 1350.229 1200.000 -1 -1 -1 -1000 -1000 -1000 -10 0.00192396
Car -1 -1 -10 1057.934 798.081 1365.392 1188.181 -1 -1 -1 -1000 -1000 -1000 -10 0.00188475
Car -1 -1 -10 1210.774 816.321 1554.666 1193.910 -1 -1 -1 -1000 -1000 -1000 -10 0.00182934
Car -1 -1 -10 1353.444 755.774 1695.811 1186.643 -1 -1 -1 -1000 -1000 -1000 -10 0.00181004
Car -1 -1 -10 1270.860 838.335 1589.968 1198.109 -1 -1 -1 -1000 -1000 -1000 -10 0.00178593
Car -1 -1 -10 1067.253 1027.223 1351.767 1193.184 -1 -1 -1 -1000 -1000 -1000 -10 0.00165253
Car -1 -1 -10 1070.308 982.000 1615.391 1200.000 -1 -1 -1 -1000 -1000 -1000 -10 0.00161532
Car -1 -1 -10 236.816 804.679 667.814 1047.878 -1 -1 -1 -1000 -1000 -1000 -10 0.00156478
