Car -1 -1 -10 1695.277 569.375 1844.531 687.138 -1 -1 -1 -1000 -1000 -1000 -10 0.99991962
Car -1 -1 -10 1440.948 577.467 1599.428 691.487 -1 -1 -1 -1000 -1000 -1000 -10 0.99958462
Car -1 -1 -10 1214.874 588.600 1374.419 696.628 -1 -1 -1 -1000 -1000 -1000 -10 0.50902530
Car -1 -1 -10 1349.037 598.001 1442.515 673.272 -1 -1 -1 -1000 -1000 -1000 -10 0.52130099
Car -1 -1 -10 1536.921 574.816 1655.952 674.531 -1 -1 -1 -1000 -1000 -1000 -10 0.52765142
Car -1 -1 -10 1604.445 574.189 1698.745 658.830 -1 -1 -1 -1000 -1000 -1000 -10 0.26582192
Car -1 -1 -10 1798.952 576.398 1866.081 641.402 -1 -1 -1 -1000 -1000 -1000 -10 0.15074866
Car -1 -1 -10 1846.963 583.639 1895.902 634.237 -1 -1 -1 -1000 -1000 -1000 -10 0.07818867
Car -1 -1 -10 1821.336 589.920 1872.964 648.650 -1 -1 -1 -1000 -1000 -1000 -10 0.03685825
Car -1 -1 -10 0.000 552.677 889.201 1194.266 -1 -1 -1 -1000 -1000 -1000 -10 0.01351624
Car -1 -1 -10 3.181 645.227 526.641 1186.700 -1 -1 -1 -1000 -1000 -1000 -10 0.00864717
Car -1 -1 -10 0.000 718.160 600.027 1168.867 -1 -1 -1 -1000 -1000 -1000 -10 0.00644177
Car -1 -1 -10 92.958 549.583 1211.544 1187.357 -1 -1 -1 -1000 -1000 -1000 -10 0.00349768
Car -1 -1 -10 112.459 790.249 965.746 1194.417 -1 -1 -1 -1000 -1000 -1000 -10 0.00615691
Car -1 -1 -10 1657.393 587.198 1736.466 651.803 -1 -1 -1 -1000 -1000 -1000 -10 0.00872596
Car -1 -1 -10 1653.200 581.665 1750.279 658.590 -1 -1 -1 -1000 -1000 -1000 -10 0.00309909
