Car -1 -1 -10 0.838 651.567 394.532 1198.871 -1 -1 -1 -1000 -1000 -1000 -10 0.02196383
Car -1 -1 -10 143.944 716.441 508.011 1199.830 -1 -1 -1 -1000 -1000 -1000 -10 0.01251296
Car -1 -1 -10 91.426 775.623 673.248 1199.953 -1 -1 -1 -1000 -1000 -1000 -10 0.00732675
Car -1 -1 -10 638.987 1080.047 960.725 1200.000 -1 -1 -1 -1000 -1000 -1000 -10 0.01090603
Car -1 -1 -10 181.221 760.098 850.757 1200.000 -1 -1 -1 -1000 -1000 -1000 -10 0.00734975
Car -1 -1 -10 927.597 1077.777 1253.748 1200.000 -1 -1 -1 -1000 -1000 -1000 -10 0.00794599
Car -1 -1 -10 697.954 1089.364 866.074 1189.297 -1 -1 -1 -1000 -1000 -1000 -10 0.00634412
Car -1 -1 -10 766.535 1060.748 1167.395 1200.000 -1 -1 -1 -1000 -1000 -1000 -10 0.00551363
Car -1 -1 -10 193.980 539.298 421.358 1176.685 -1 -1 -1 -1000 -1000 -1000 -10 0.00523414
Car -1 -1 -10 581.569 1034.013 1055.966 1200.000 -1 -1 -1 -1000 -1000 -1000 -10 0.00520557
Car -1 -1 -10 664.523 1098.299 914.257 1200.000 -1 -1 -1 -1000 -1000 -1000 -10 0.00279333
Car -1 -1 -10 760.161 1085.324 818.747 1200.000 -1 -1 -1 -1000 -1000 -1000 -10 0.00502965
Car -1 -1 -10 817.588 1017.293 1302.939 1200.000 -1 -1 -1 -1000 -1000 -1000 -10 0.00499409
Car -1 -1 -10 662.925 569.446 713.346 624.731 -1 -1 -1 -1000 -1000 -1000 -10 0.00253439
Car -1 -1 -10 692.495 656.207 865.918 1197.370 -1 -1 -1 -1000 -1000 -1000 -10 0.00251712
Car -1 -1 -10 1003.303 1087.292 1178.830 1189.847 -1 -1 -1 -1000 -1000 -1000 -10 0.00238041
Car -1 -1 -10 926.574 892.493 1214.738 1200.000 -1 -1 -1 -1000 -1000 -1000 -10 0.00230907
Car -1 -1 -10 770.109 1123.359 808.764 1200.000 -1 -1 -1 -1000 -1000 -1000 -10 0.00215375
