Car -1 -1 -10 145.851 541.238 319.503 642.145 -1 -1 -1 -1000 -1000 -1000 -10 0.98176619
Car -1 -1 -10 740.955 779.931 1340.200 1200.000 -1 -1 -1 -1000 -1000 -1000 -10 0.00732925
Car -1 -1 -10 770.817 1038.547 1204.169 1200.000 -1 -1 -1 -1000 -1000 -1000 -10 0.00985836
Car -1 -1 -10 573.866 795.944 1429.791 1200.000 -1 -1 -1 -1000 -1000 -1000 -10 0.00329902
Car -1 -1 -10 864.192 870.126 1170.984 1198.249 -1 -1 -1 -1000 -1000 -1000 -10 0.00598349
Car -1 -1 -10 881.277 1100.860 1140.372 1200.000 -1 -1 -1 -1000 -1000 -1000 -10 0.00595810
Car -1 -1 -10 869.707 296.883 1166.225 1200.000 -1 -1 -1 -1000 -1000 -1000 -10 0.00493756
Car -1 -1 -10 455.810 512.210 1577.087 1196.277 -1 -1 -1 -1000 -1000 -1000 -10 0.00754232
Car -1 -1 -10 1002.684 1100.543 1253.484 1200.000 -1 -1 -1 -1000 -1000 -1000 -10 0.00257822
Car -1 -1 -10 952.512 1081.110 1277.098 1200.000 -1 -1 -1 -1000 -1000 -1000 -10 0.00247186
Car -1 -1 -10 937.820 606.758 1100.036 1197.451 -1 -1 -1 -1000 -1000 -1000 -10 0.00559669
Car -1 -1 -10 0.000 595.651 524.020 1189.571 -1 -1 -1 -1000 -1000 -1000 -10 0.00233096
Car -1 -1 -10 920.439 717.843 1073.399 1200.000 -1 -1 -1 -1000 -1000 -1000 -10 0.00232903
Car -1 -1 -10 595.125 1046.034 1024.164 1200.000 -1 -1 -1 -1000 -1000 -1000 -10 0.00433551
Car -1 -1 -10 976.647 661.119 1198.929 1188.215 -1 -1 -1 -1000 -1000 -1000 -10 0.00212747
Car -1 -1 -10 1034.160 833.074 1197.377 1200.000 -1 -1 -1 -1000 -1000 -1000 -10 0.00210568
Car -1 -1 -10 880.302 547.127 1013.654 1188.360 -1 -1 -1 -1000 -1000 -1000 -10 0.00204103
Car -1 -1 -10 813.449 1081.423 1128.696 1200.000 -1 -1 -1 -1000 -1000 -1000 -10 0.00203411
Car -1 -1 -10 901.573 1067.925 1069.739 1164.443 -1 -1 -1 -1000 -1000 -1000 -10 0.00202810
Car -1 -1 -10 1264.526 1102.112 1522.822 1200.000 -1 -1 -1 -1000 -1000 -1000 -10 0.00381936
Car -1 -1 -10 967.949 1051.457 1399.620 1200.000 -1 -1 -1 -1000 -1000 -1000 -10 0.00342078
Car -1 -1 -10 1240.324 1084.527 1565.894 1200.000 -1 -1 -1 -1000 -1000 -1000 -10 0.00198617
Car -1 -1 -10 951.091 732.890 1320.433 1188.964 -1 -1 -1 -1000 -1000 -1000 -10 0.00197817
Car -1 -1 -10 822.240 990.176 1380.260 1200.000 -1 -1 -1 -1000 -1000 -1000 -10 0.00194043
Car -1 -1 -10 600.428 809.070 958.069 1195.592 -1 -1 -1 -1000 -1000 -1000 -10 0.00354266
Car -1 -1 -10 841.663 802.161 1460.498 1197.015 -1 -1 -1 -1000 -1000 -1000 -10 0.00192185
Car -1 -1 -10 948.084 1074.518 1080.272 1200.000 -1 -1 -1 -1000 -1000 -1000 -10 0.00190673
Car -1 -1 -10 1149.498 1071.046 1202.029 1168.822 -1 -1 -1 -1000 -1000 -1000 -10 0.00336272
Car -1 -1 -10 848.519 536.343 1233.774 1194.133 -1 -1 -1 -1000 -1000 -1000 -10 0.00373039
Car -1 -1 -10 1081.911 1069.770 1241.271 1162.505 -1 -1 -1 -1000 -1000 -1000 -10 0.00354097
Car -1 -1 -10 1175.179 1046.550 1601.223 1200.000 -1 -1 -1 -1000 -1000 -1000 -10 0.00351864
Car -1 -1 -10 707.063 988.020 1258.867 1200.000 -1 -1 -1 -1000 -1000 -1000 -10 0.00175080
Car -1 -1 -10 898.410 842.994 1319.529 1109.063 -1 -1 -1 -1000 -1000 -1000 -10 0.00336552
Car -1 -1 -10 878.069 1103.048 1055.606 1200.000 -1 -1 -1 -1000 -1000 -1000 -10 0.00169269
Car -1 -1 -10 891.987 837.418 1051.971 1200.000 -1 -1 -1 -1000 -1000 -1000 -10 0.00165531
Car -1 -1 -10 977.559 772.083 1642.890 1200.000 -1 -1 -1 -1000 -1000 -1000 -10 0.00165191
Car -1 -1 -10 1221.925 845.820 1543.459 1199.594 -1 -1 -1 -1000 -1000 -1000 -10 0.00165186
Car -1 -1 -10 1131.458 1080.591 1191.259 1200.000 -1 -1 -1 -1000 -1000 -1000 -10 0.00162674
Car -1 -1 -10 1117.811 1092.365 1277.290 1186.492 -1 -1 -1 -1000 -1000 -1000 -10 0.00317930
Car -1 -1 -10 691.877 660.677 868.024 1192.768 -1 -1 -1 -1000 -1000 -1000 -10 0.00161047
Car -1 -1 -10 723.980 833.017 884.649 1200.000 -1 -1 -1 -1000 -1000 -1000 -10 0.00160515
Car -1 -1 -10 1038.721 628.248 1190.018 1200.000 -1 -1 -1 -1000 -1000 -1000 -10 0.00157293
Car -1 -1 -10 672.116 1102.559 931.082 1200.000 -1 -1 -1 -1000 -1000 -1000 -10 0.00148834
Car -1 -1 -10 900.414 1073.969 1031.875 1200.000 -1 -1 -1 -1000 -1000 -1000 -10 0.00147431
Car -1 -1 -10 1447.415 805.619 1920.000 1200.000 -1 -1 -1 -1000 -1000 -1000 -10 0.00145669
