Car -1 -1 -10 0.000 799.139 459.423 1200.000 -1 -1 -1 -1000 -1000 -1000 -10 0.00711082
Car -1 -1 -10 11.447 602.968 210.646 1188.873 -1 -1 -1 -1000 -1000 -1000 -10 0.00119360
Car -1 -1 -10 0.000 935.653 322.381 1200.000 -1 -1 -1 -1000 -1000 -1000 -10 0.00281359
Car -1 -1 -10 1568.794 538.931 1719.692 636.900 -1 -1 -1 -1000 -1000 -1000 -10 0.00268987
Car -1 -1 -10 12.679 551.976 590.743 1184.375 -1 -1 -1 -1000 -1000 -1000 -10 0.00252863
Car -1 -1 -10 1580.394 567.749 1920.000 1200.000 -1 -1 -1 -1000 -1000 -1000 -10 0.00158812
Car -1 -1 -10 0.000 1166.524 25.413 1200.000 -1 -1 -1 -1000 -1000 -1000 -10 0.00088940
Car -1 -1 -10 16.637 749.602 203.703 1200.000 -1 -1 -1 -1000 -1000 -1000 -10 0.00083440
Car -1 -1 -10 1490.499 457.290 1902.839 797.827 -1 -1 -1 -1000 -1000 -1000 -10 0.00136219
Car -1 -1 -10 500.206 598.144 848.163 1200.000 -1 -1 -1 -1000 -1000 -1000 -10 0.00140681
Car -1 -1 -10 707.413 666.804 900.126 1193.972 -1 -1 -1 -1000 -1000 -1000 -10 0.00073015
Car -1 -1 -10 0.000 1023.283 247.767 1200.000 -1 -1 -1 -1000 -1000 -1000 -10 0.00071743
Car -1 -1 -10 1473.279 803.525 1920.000 1200.000 -1 -1 -1 -1000 -1000 -1000 -10 0.00133399
Car -1 -1 -10 99.546 393.003 429.797 1200.000 -1 -1 -1 -1000 -1000 -1000 -10 0.00065158
Car -1 -1 -10 1408.043 562.962 1905.524 894.963 -1 -1 -1 -1000 -1000 -1000 -10 0.00064297
Car -1 -1 -10 1451.156 294.645 1916.811 651.640 -1 -1 -1 -1000 -1000 -1000 -10 0.00063867
Car -1 -1 -10 1036.763 542.269 1181.978 630.156 -1 -1 -1 -1000 -1000 -1000 -10 0.00063004
Car -1 -1 -10 10.768 369.844 313.901 1200.000 -1 -1 -1 -1000 -1000 -1000 -10 0.00062999
Car -1 -1 -10 0.000 1070.693 281.238 1200.000 -1 -1 -1 -1000 -1000 -1000 -10 0.00062500
Car -1 -1 -10 52.561 28.986 419.427 796.580 -1 -1 -1 -1000 -1000 -1000 -10 0.00119925
Car -1 -1 -10 235.817 636.859 412.286 1184.391 -1 -1 -1 -1000 -1000 -1000 -10 0.00061041
Car -1 -1 -10 585.084 589.264 739.431 1188.305 -1 -1 -1 -1000 -1000 -1000 -10 0.00060505
Car -1 -1 -10 1380.932 535.140 1904.275 962.777 -1 -1 -1 -1000 -1000 -1000 -10 0.00060352
Car -1 -1 -10 1605.068 939.805 1920.000 1200.000 -1 -1 -1 -1000 -1000 -1000 -10 0.00054559
Car -1 -1 -10 648.513 684.611 954.667 1187.281 -1 -1 -1 -1000 -1000 -1000 -10 0.00052775
Car -1 -1 -10 54.108 679.991 207.857 1200.000 -1 -1 -1 -1000 -1000 -1000 -10 0.00050786
