Car -1 -1 -10 894.720 522.008 1110.377 724.782 -1 -1 -1 -1000 -1000 -1000 -10 0.99999437
Car -1 -1 -10 339.550 578.089 491.789 676.262 -1 -1 -1 -1000 -1000 -1000 -10 0.97221193
Car -1 -1 -10 476.404 570.227 590.534 651.010 -1 -1 -1 -1000 -1000 -1000 -10 0.99616858
Car -1 -1 -10 554.017 571.702 636.974 637.950 -1 -1 -1 -1000 -1000 -1000 -10 0.45408859
Car -1 -1 -10 619.544 574.262 697.132 630.903 -1 -1 -1 -1000 -1000 -1000 -10 0.68632306
Car -1 -1 -10 908.483 1098.908 1162.726 1200.000 -1 -1 -1 -1000 -1000 -1000 -10 0.00385047
Car -1 -1 -10 948.771 1101.088 1127.404 1200.000 -1 -1 -1 -1000 -1000 -1000 -10 0.00333270
Car -1 -1 -10 823.797 1054.649 1254.419 1200.000 -1 -1 -1 -1000 -1000 -1000 -10 0.00554548
Car -1 -1 -10 989.098 548.987 1920.000 1200.000 -1 -1 -1 -1000 -1000 -1000 -10 0.00277988
Car -1 -1 -10 1209.651 551.555 1885.665 1200.000 -1 -1 -1 -1000 -1000 -1000 -10 0.00253577
Car -1 -1 -10 1030.461 653.085 1203.998 1195.634 -1 -1 -1 -1000 -1000 -1000 -10 0.00252795
Car -1 -1 -10 599.905 814.399 961.616 1196.547 -1 -1 -1 -1000 -1000 -1000 -10 0.00475956
Car -1 -1 -10 572.722 1083.595 632.551 1200.000 -1 -1 -1 -1000 -1000 -1000 -10 0.00250037
Car -1 -1 -10 891.431 1084.901 1218.651 1200.000 -1 -1 -1 -1000 -1000 -1000 -10 0.00238229
Car -1 -1 -10 951.541 1102.163 1202.941 1200.000 -1 -1 -1 -1000 -1000 -1000 -10 0.00236031
Car -1 -1 -10 1029.008 1079.988 1089.209 1200.000 -1 -1 -1 -1000 -1000 -1000 -10 0.00212879
Car -1 -1 -10 687.004 1156.924 724.448 1200.000 -1 -1 -1 -1000 -1000 -1000 -10 0.00396526
Car -1 -1 -10 1000.975 1117.563 1081.208 1200.000 -1 -1 -1 -1000 -1000 -1000 -10 0.00200584
Car -1 -1 -10 577.280 1122.156 616.441 1200.000 -1 -1 -1 -1000 -1000 -1000 -10 0.00379502
Car -1 -1 -10 562.781 1118.809 642.013 1200.000 -1 -1 -1 -1000 -1000 -1000 -10 0.00189867
Car -1 -1 -10 284.517 1157.348 322.782 1200.000 -1 -1 -1 -1000 -1000 -1000 -10 0.00187252
Car -1 -1 -10 1005.027 647.542 1178.418 1190.809 -1 -1 -1 -1000 -1000 -1000 -10 0.00184809
Car -1 -1 -10 878.093 1155.578 917.198 1200.000 -1 -1 -1 -1000 -1000 -1000 -10 0.00184436
Car -1 -1 -10 1035.307 1105.306 1289.615 1200.000 -1 -1 -1 -1000 -1000 -1000 -10 0.00183743
Car -1 -1 -10 261.594 1083.185 320.718 1200.000 -1 -1 -1 -1000 -1000 -1000 -10 0.00181401
Car -1 -1 -10 657.884 1114.764 740.609 1200.000 -1 -1 -1 -1000 -1000 -1000 -10 0.00178860
Car -1 -1 -10 596.584 855.723 878.367 1020.709 -1 -1 -1 -1000 -1000 -1000 -10 0.00176900
Car -1 -1 -10 335.363 851.285 1168.273 1200.000 -1 -1 -1 -1000 -1000 -1000 -10 0.00176396
Car -1 -1 -10 616.018 1084.899 943.875 1200.000 -1 -1 -1 -1000 -1000 -1000 -10 0.00170495
