Car -1 -1 -10 894.682 522.196 1111.373 725.656 -1 -1 -1 -1000 -1000 -1000 -10 0.99999520
Car -1 -1 -10 340.204 578.063 491.976 676.150 -1 -1 -1 -1000 -1000 -1000 -10 0.94929761
Car -1 -1 -10 475.988 570.265 589.983 651.091 -1 -1 -1 -1000 -1000 -1000 -10 0.99568745
Car -1 -1 -10 554.464 571.944 637.838 637.200 -1 -1 -1 -1000 -1000 -1000 -10 0.36319297
Car -1 -1 -10 619.631 574.350 696.701 630.911 -1 -1 -1 -1000 -1000 -1000 -10 0.58563217
Car -1 -1 -10 861.502 1082.411 1182.533 1200.000 -1 -1 -1 -1000 -1000 -1000 -10 0.00763487
Car -1 -1 -10 976.757 1101.271 1231.995 1200.000 -1 -1 -1 -1000 -1000 -1000 -10 0.01087329
Car -1 -1 -10 1034.011 789.346 1402.710 1195.939 -1 -1 -1 -1000 -1000 -1000 -10 0.00288186
Car -1 -1 -10 947.647 1092.377 1110.979 1191.951 -1 -1 -1 -1000 -1000 -1000 -10 0.00572533
Car -1 -1 -10 404.667 810.194 1060.639 1183.263 -1 -1 -1 -1000 -1000 -1000 -10 0.00246158
Car -1 -1 -10 290.870 1157.455 328.619 1200.000 -1 -1 -1 -1000 -1000 -1000 -10 0.00236108
Car -1 -1 -10 1006.370 653.184 1176.709 1190.569 -1 -1 -1 -1000 -1000 -1000 -10 0.00357702
Car -1 -1 -10 594.452 823.075 942.926 1199.984 -1 -1 -1 -1000 -1000 -1000 -10 0.00369835
Car -1 -1 -10 871.872 1046.992 1323.969 1200.000 -1 -1 -1 -1000 -1000 -1000 -10 0.00350010
Car -1 -1 -10 261.771 1083.349 320.551 1200.000 -1 -1 -1 -1000 -1000 -1000 -10 0.00186752
Car -1 -1 -10 314.974 1082.226 375.326 1200.000 -1 -1 -1 -1000 -1000 -1000 -10 0.00184499
Car -1 -1 -10 1034.933 1080.960 1095.058 1200.000 -1 -1 -1 -1000 -1000 -1000 -10 0.00182344
Car -1 -1 -10 284.351 1157.244 321.797 1200.000 -1 -1 -1 -1000 -1000 -1000 -10 0.00180645
Car -1 -1 -10 595.706 857.980 881.268 1018.784 -1 -1 -1 -1000 -1000 -1000 -10 0.00173432
Car -1 -1 -10 1000.903 1117.673 1081.188 1200.000 -1 -1 -1 -1000 -1000 -1000 -10 0.00157614
Car -1 -1 -10 1058.233 1106.428 1318.545 1200.000 -1 -1 -1 -1000 -1000 -1000 -10 0.00154378
