Car -1 -1 -10 1409.179 465.112 1851.899 705.229 -1 -1 -1 -1000 -1000 -1000 -10 0.01204777
Car -1 -1 -10 1309.259 368.164 1920.000 754.581 -1 -1 -1 -1000 -1000 -1000 -10 0.00838724
Car -1 -1 -10 1263.767 459.388 1893.923 843.880 -1 -1 -1 -1000 -1000 -1000 -10 0.00520118
Car -1 -1 -10 562.037 22.618 1896.228 1149.741 -1 -1 -1 -1000 -1000 -1000 -10 0.00568536
Car -1 -1 -10 1432.026 295.516 1920.000 658.134 -1 -1 -1 -1000 -1000 -1000 -10 0.00253506
Car -1 -1 -10 1207.825 19.862 1920.000 1151.402 -1 -1 -1 -1000 -1000 -1000 -10 0.00247833
Car -1 -1 -10 994.943 357.311 1920.000 1037.262 -1 -1 -1 -1000 -1000 -1000 -10 0.00663684
Car -1 -1 -10 1243.478 475.447 1682.998 690.250 -1 -1 -1 -1000 -1000 -1000 -10 0.00223867
Car -1 -1 -10 1424.443 473.926 1920.000 1037.944 -1 -1 -1 -1000 -1000 -1000 -10 0.00222780
Car -1 -1 -10 1423.075 245.021 1920.000 1200.000 -1 -1 -1 -1000 -1000 -1000 -10 0.00221287
Car -1 -1 -10 1492.900 513.886 1718.417 656.542 -1 -1 -1 -1000 -1000 -1000 -10 0.00220720
Car -1 -1 -10 1151.356 545.435 1614.273 814.547 -1 -1 -1 -1000 -1000 -1000 -10 0.00351618
Car -1 -1 -10 1495.703 463.907 1797.603 617.598 -1 -1 -1 -1000 -1000 -1000 -10 0.00409780
Car -1 -1 -10 1390.465 561.152 1916.608 961.129 -1 -1 -1 -1000 -1000 -1000 -10 0.00561924
Car -1 -1 -10 1529.021 387.171 1920.000 667.811 -1 -1 -1 -1000 -1000 -1000 -10 0.00204677
Car -1 -1 -10 1561.186 490.256 1720.231 586.556 -1 -1 -1 -1000 -1000 -1000 -10 0.00524201
Car -1 -1 -10 1526.004 416.645 1764.107 790.030 -1 -1 -1 -1000 -1000 -1000 -10 0.00194777
Car -1 -1 -10 1281.422 592.486 1449.615 687.728 -1 -1 -1 -1000 -1000 -1000 -10 0.00344063
Car -1 -1 -10 1253.572 405.883 1752.071 663.152 -1 -1 -1 -1000 -1000 -1000 -10 0.00184536
Car -1 -1 -10 1256.620 544.822 1848.987 909.653 -1 -1 -1 -1000 -1000 -1000 -10 0.00173652
Car -1 -1 -10 1204.729 272.889 1865.579 639.250 -1 -1 -1 -1000 -1000 -1000 -10 0.00170379
Car -1 -1 -10 1064.368 254.497 1792.294 666.789 -1 -1 -1 -1000 -1000 -1000 -10 0.00167947
Car -1 -1 -10 1340.797 485.754 1656.253 640.777 -1 -1 -1 -1000 -1000 -1000 -10 0.00164147
Car -1 -1 -10 1302.590 464.682 1614.678 617.629 -1 -1 -1 -1000 -1000 -1000 -10 0.00154929
Car -1 -1 -10 1031.775 336.499 1734.536 766.568 -1 -1 -1 -1000 -1000 -1000 -10 0.00145005
