Car -1 -1 -10 0.000 504.315 918.944 1197.888 -1 -1 -1 -1000 -1000 -1000 -10 0.01222160
Car -1 -1 -10 1658.028 531.020 1920.000 913.196 -1 -1 -1 -1000 -1000 -1000 -10 0.00262788
Car -1 -1 -10 1240.262 614.795 1844.706 1023.261 -1 -1 -1 -1000 -1000 -1000 -10 0.00836845
Car -1 -1 -10 223.197 495.897 1453.438 1197.118 -1 -1 -1 -1000 -1000 -1000 -10 0.00938150
Car -1 -1 -10 2.718 621.400 588.994 1081.608 -1 -1 -1 -1000 -1000 -1000 -10 0.00429766
Car -1 -1 -10 1515.594 490.219 1920.000 1012.470 -1 -1 -1 -1000 -1000 -1000 -10 0.00232410
Car -1 -1 -10 0.000 419.171 457.637 1200.000 -1 -1 -1 -1000 -1000 -1000 -10 0.00210128
Car -1 -1 -10 0.000 581.711 500.594 1200.000 -1 -1 -1 -1000 -1000 -1000 -10 0.00208527
Car -1 -1 -10 938.831 497.710 1920.000 1191.052 -1 -1 -1 -1000 -1000 -1000 -10 0.00565399
Car -1 -1 -10 0.000 794.926 446.917 1197.378 -1 -1 -1 -1000 -1000 -1000 -10 0.00357137
Car -1 -1 -10 46.850 294.884 385.864 1200.000 -1 -1 -1 -1000 -1000 -1000 -10 0.00368039
Car -1 -1 -10 1529.278 552.499 1920.000 1121.905 -1 -1 -1 -1000 -1000 -1000 -10 0.00173913
Car -1 -1 -10 1605.738 479.258 1913.051 871.191 -1 -1 -1 -1000 -1000 -1000 -10 0.00167116
Car -1 -1 -10 1329.698 691.951 1752.401 951.680 -1 -1 -1 -1000 -1000 -1000 -10 0.00158249
Car -1 -1 -10 0.000 1108.731 124.064 1200.000 -1 -1 -1 -1000 -1000 -1000 -10 0.00158126
