Car -1 -1 -10 1008.871 506.155 1920.000 1200.000 -1 -1 -1 -1000 -1000 -1000 -10 0.04061857
Car -1 -1 -10 638.940 128.106 1919.663 1200.000 -1 -1 -1 -1000 -1000 -1000 -10 0.01458626
Car -1 -1 -10 1357.883 678.164 1908.521 1181.251 -1 -1 -1 -1000 -1000 -1000 -10 0.00798178
Car -1 -1 -10 1300.191 638.151 1918.028 1118.357 -1 -1 -1 -1000 -1000 -1000 -10 0.00781321
Car -1 -1 -10 1398.756 231.841 1915.952 1200.000 -1 -1 -1 -1000 -1000 -1000 -10 0.01163174
Car -1 -1 -10 1315.936 547.798 1916.813 963.282 -1 -1 -1 -1000 -1000 -1000 -10 0.01616050
Car -1 -1 -10 1405.853 700.516 1886.056 967.714 -1 -1 -1 -1000 -1000 -1000 -10 0.00532973
Car -1 -1 -10 1419.659 391.038 1803.551 1116.648 -1 -1 -1 -1000 -1000 -1000 -10 0.00521576
Car -1 -1 -10 1498.259 588.703 1920.000 864.861 -1 -1 -1 -1000 -1000 -1000 -10 0.00487716
Car -1 -1 -10 1529.355 727.260 1920.000 1200.000 -1 -1 -1 -1000 -1000 -1000 -10 0.00471676
Car -1 -1 -10 1495.507 714.115 1837.344 1042.908 -1 -1 -1 -1000 -1000 -1000 -10 0.00469866
Car -1 -1 -10 1365.290 526.644 1825.762 817.916 -1 -1 -1 -1000 -1000 -1000 -10 0.00401495
Car -1 -1 -10 1517.352 661.485 1920.000 1080.448 -1 -1 -1 -1000 -1000 -1000 -10 0.00555219
Car -1 -1 -10 1506.485 542.087 1920.000 812.952 -1 -1 -1 -1000 -1000 -1000 -10 0.00278258
Car -1 -1 -10 1335.749 462.701 1863.500 788.873 -1 -1 -1 -1000 -1000 -1000 -10 0.00273599
Car -1 -1 -10 1438.704 264.081 1756.105 882.118 -1 -1 -1 -1000 -1000 -1000 -10 0.00268599
Car -1 -1 -10 1502.086 501.878 1737.076 952.000 -1 -1 -1 -1000 -1000 -1000 -10 0.00260623
