Car -1 -1 -10 353.782 582.467 525.269 711.939 -1 -1 -1 -1000 -1000 -1000 -10 0.99753547
Car -1 -1 -10 491.391 591.569 561.516 672.378 -1 -1 -1 -1000 -1000 -1000 -10 0.98365919
Car -1 -1 -10 1350.554 324.688 1916.029 1197.017 -1 -1 -1 -1000 -1000 -1000 -10 0.62061360
Car -1 -1 -10 228.367 619.261 327.562 701.523 -1 -1 -1 -1000 -1000 -1000 -10 0.10921651
Car -1 -1 -10 1552.611 637.251 1920.000 1197.362 -1 -1 -1 -1000 -1000 -1000 -10 0.01934621
Car -1 -1 -10 438.052 589.705 546.875 694.186 -1 -1 -1 -1000 -1000 -1000 -10 0.01452789
Car -1 -1 -10 1448.521 275.498 1920.000 845.134 -1 -1 -1 -1000 -1000 -1000 -10 0.01866897
Car -1 -1 -10 296.465 619.469 370.551 689.695 -1 -1 -1 -1000 -1000 -1000 -10 0.00747728
Car -1 -1 -10 670.785 587.716 716.556 635.141 -1 -1 -1 -1000 -1000 -1000 -10 0.01047540
Car -1 -1 -10 1494.144 365.085 1920.000 931.850 -1 -1 -1 -1000 -1000 -1000 -10 0.00363441
