Car -1 -1 -10 497.618 591.266 693.201 715.586 -1 -1 -1 -1000 -1000 -1000 -10 0.99995571
Car -1 -1 -10 0.000 798.822 456.190 1198.916 -1 -1 -1 -1000 -1000 -1000 -10 0.00699806
Car -1 -1 -10 589.203 591.120 701.352 696.684 -1 -1 -1 -1000 -1000 -1000 -10 0.00502229
Car -1 -1 -10 1312.296 245.522 1920.000 590.910 -1 -1 -1 -1000 -1000 -1000 -10 0.00138615
Car -1 -1 -10 252.748 574.226 633.747 1200.000 -1 -1 -1 -1000 -1000 -1000 -10 0.00121479
Car -1 -1 -10 1298.905 54.678 1871.934 445.207 -1 -1 -1 -1000 -1000 -1000 -10 0.00214288
Car -1 -1 -10 1426.323 260.494 1844.966 674.758 -1 -1 -1 -1000 -1000 -1000 -10 0.00110052
Car -1 -1 -10 1454.909 541.223 1885.639 891.612 -1 -1 -1 -1000 -1000 -1000 -10 0.00188118
Car -1 -1 -10 12.355 467.069 525.281 1200.000 -1 -1 -1 -1000 -1000 -1000 -10 0.00106211
Car -1 -1 -10 0.000 537.433 785.711 1193.322 -1 -1 -1 -1000 -1000 -1000 -10 0.00192835
Car -1 -1 -10 1514.553 163.686 1920.000 492.242 -1 -1 -1 -1000 -1000 -1000 -10 0.00188847
Car -1 -1 -10 1520.512 396.697 1920.000 905.874 -1 -1 -1 -1000 -1000 -1000 -10 0.00180191
Car -1 -1 -10 0.000 720.586 265.369 1127.924 -1 -1 -1 -1000 -1000 -1000 -10 0.00092964
Car -1 -1 -10 0.000 939.703 317.876 1200.000 -1 -1 -1 -1000 -1000 -1000 -10 0.00173732
Car -1 -1 -10 47.992 633.672 209.515 1200.000 -1 -1 -1 -1000 -1000 -1000 -10 0.00084947
Car -1 -1 -10 579.560 518.242 629.692 812.766 -1 -1 -1 -1000 -1000 -1000 -10 0.00083120
Car -1 -1 -10 138.540 586.045 508.555 1190.790 -1 -1 -1 -1000 -1000 -1000 -10 0.00162025
Car -1 -1 -10 1219.517 127.312 1913.704 570.498 -1 -1 -1 -1000 -1000 -1000 -10 0.00080768
Car -1 -1 -10 104.244 518.889 258.176 1200.000 -1 -1 -1 -1000 -1000 -1000 -10 0.00078516
Car -1 -1 -10 569.878 519.560 619.909 815.867 -1 -1 -1 -1000 -1000 -1000 -10 0.00077694
