Car -1 -1 -10 1417.847 580.923 1920.000 1200.000 -1 -1 -1 -1000 -1000 -1000 -10 0.00419396
Car -1 -1 -10 571.293 32.009 868.583 966.875 -1 -1 -1 -1000 -1000 -1000 -10 0.00571948
Car -1 -1 -10 1570.211 548.352 1920.000 1200.000 -1 -1 -1 -1000 -1000 -1000 -10 0.00305350
Car -1 -1 -10 486.386 0.000 1081.702 353.032 -1 -1 -1 -1000 -1000 -1000 -10 0.00396561
Car -1 -1 -10 289.686 0.000 1151.613 323.634 -1 -1 -1 -1000 -1000 -1000 -10 0.00121952
Car -1 -1 -10 0.000 0.000 291.216 209.367 -1 -1 -1 -1000 -1000 -1000 -10 0.00294406
Car -1 -1 -10 397.221 3.939 764.132 396.791 -1 -1 -1 -1000 -1000 -1000 -10 0.00301778
Car -1 -1 -10 901.777 562.580 950.814 615.008 -1 -1 -1 -1000 -1000 -1000 -10 0.00194231
Car -1 -1 -10 463.381 0.000 977.436 556.854 -1 -1 -1 -1000 -1000 -1000 -10 0.00197599
Car -1 -1 -10 379.440 34.047 677.023 962.497 -1 -1 -1 -1000 -1000 -1000 -10 0.00392017
Car -1 -1 -10 659.483 34.675 1024.962 719.293 -1 -1 -1 -1000 -1000 -1000 -10 0.00194272
Car -1 -1 -10 739.979 20.864 994.064 473.917 -1 -1 -1 -1000 -1000 -1000 -10 0.00288371
Car -1 -1 -10 250.624 0.000 920.275 277.146 -1 -1 -1 -1000 -1000 -1000 -10 0.00287483
Car -1 -1 -10 636.627 20.058 889.422 474.496 -1 -1 -1 -1000 -1000 -1000 -10 0.00294154
Car -1 -1 -10 1626.372 662.947 1916.313 1199.875 -1 -1 -1 -1000 -1000 -1000 -10 0.00098014
Car -1 -1 -10 538.040 0.000 919.332 316.176 -1 -1 -1 -1000 -1000 -1000 -10 0.00097841
Car -1 -1 -10 263.860 0.000 1021.676 683.923 -1 -1 -1 -1000 -1000 -1000 -10 0.00097733
Car -1 -1 -10 1521.767 745.407 1917.328 1110.570 -1 -1 -1 -1000 -1000 -1000 -10 0.00097328
Car -1 -1 -10 644.812 0.000 1058.908 240.043 -1 -1 -1 -1000 -1000 -1000 -10 0.00097201
Car -1 -1 -10 433.831 0.000 1205.618 681.571 -1 -1 -1 -1000 -1000 -1000 -10 0.00096981
Car -1 -1 -10 1681.131 601.829 1920.000 948.509 -1 -1 -1 -1000 -1000 -1000 -10 0.00095417
Car -1 -1 -10 1583.510 769.516 1912.652 1092.028 -1 -1 -1 -1000 -1000 -1000 -10 0.00093787
Car -1 -1 -10 0.000 0.000 126.163 144.650 -1 -1 -1 -1000 -1000 -1000 -10 0.00092711
Car -1 -1 -10 1601.687 628.085 1920.000 1066.684 -1 -1 -1 -1000 -1000 -1000 -10 0.00089059
Car -1 -1 -10 643.776 37.388 819.771 509.550 -1 -1 -1 -1000 -1000 -1000 -10 0.00088165
Car -1 -1 -10 681.314 17.508 932.226 475.597 -1 -1 -1 -1000 -1000 -1000 -10 0.00086926
Car -1 -1 -10 630.366 0.000 1135.473 192.789 -1 -1 -1 -1000 -1000 -1000 -10 0.00084177
