Car -1 -1 -10 495.599 590.689 643.378 701.224 -1 -1 -1 -1000 -1000 -1000 -10 0.99978131
Car -1 -1 -10 184.682 616.875 347.802 724.342 -1 -1 -1 -1000 -1000 -1000 -10 0.99950451
Car -1 -1 -10 777.572 581.477 863.853 654.110 -1 -1 -1 -1000 -1000 -1000 -10 0.95977689
Car -1 -1 -10 1157.519 481.818 1746.371 780.007 -1 -1 -1 -1000 -1000 -1000 -10 0.93479002
Car -1 -1 -10 1409.940 472.500 1830.790 696.973 -1 -1 -1 -1000 -1000 -1000 -10 0.02665722
Car -1 -1 -10 1094.126 494.412 1488.673 748.524 -1 -1 -1 -1000 -1000 -1000 -10 0.01110614
Car -1 -1 -10 1633.746 512.381 1794.286 614.156 -1 -1 -1 -1000 -1000 -1000 -10 0.01280911
Car -1 -1 -10 1124.050 494.711 1429.595 778.152 -1 -1 -1 -1000 -1000 -1000 -10 0.00551227
Car -1 -1 -10 1440.526 308.089 1920.000 655.069 -1 -1 -1 -1000 -1000 -1000 -10 0.00527536
Car -1 -1 -10 1427.498 506.236 1787.104 753.026 -1 -1 -1 -1000 -1000 -1000 -10 0.00426538
Car -1 -1 -10 1578.476 487.421 1861.952 643.166 -1 -1 -1 -1000 -1000 -1000 -10 0.00400619
