Car -1 -1 -10 1032.720 583.301 1112.940 652.059 -1 -1 -1 -1000 -1000 -1000 -10 0.06452551
Car -1 -1 -10 377.261 918.151 902.833 1185.361 -1 -1 -1 -1000 -1000 -1000 -10 0.00431368
Car -1 -1 -10 418.538 834.195 760.552 1197.653 -1 -1 -1 -1000 -1000 -1000 -10 0.00454919
Car -1 -1 -10 315.658 1036.638 766.350 1200.000 -1 -1 -1 -1000 -1000 -1000 -10 0.00438279
Car -1 -1 -10 980.137 585.715 1060.372 645.239 -1 -1 -1 -1000 -1000 -1000 -10 0.00221454
Car -1 -1 -10 216.593 1105.043 476.546 1200.000 -1 -1 -1 -1000 -1000 -1000 -10 0.00397545
Car -1 -1 -10 471.198 815.799 1087.313 1191.565 -1 -1 -1 -1000 -1000 -1000 -10 0.00204722
Car -1 -1 -10 499.347 767.188 627.819 1200.000 -1 -1 -1 -1000 -1000 -1000 -10 0.00368527
Car -1 -1 -10 280.106 988.009 833.072 1200.000 -1 -1 -1 -1000 -1000 -1000 -10 0.00184011
Car -1 -1 -10 482.956 787.945 669.113 1199.308 -1 -1 -1 -1000 -1000 -1000 -10 0.00307832
Car -1 -1 -10 285.743 792.961 940.619 1200.000 -1 -1 -1 -1000 -1000 -1000 -10 0.00164573
Car -1 -1 -10 534.987 705.121 700.114 1195.180 -1 -1 -1 -1000 -1000 -1000 -10 0.00423802
Car -1 -1 -10 444.248 1106.908 698.917 1200.000 -1 -1 -1 -1000 -1000 -1000 -10 0.00261225
Car -1 -1 -10 336.515 674.157 865.493 1198.037 -1 -1 -1 -1000 -1000 -1000 -10 0.00151527
Car -1 -1 -10 452.363 942.912 675.660 1200.000 -1 -1 -1 -1000 -1000 -1000 -10 0.00149047
Car -1 -1 -10 659.680 687.934 851.928 1185.103 -1 -1 -1 -1000 -1000 -1000 -10 0.00148953
Car -1 -1 -10 504.554 968.859 799.882 1152.655 -1 -1 -1 -1000 -1000 -1000 -10 0.00271843
Car -1 -1 -10 273.893 1059.106 681.158 1200.000 -1 -1 -1 -1000 -1000 -1000 -10 0.00271272
Car -1 -1 -10 718.255 803.297 1307.196 1196.422 -1 -1 -1 -1000 -1000 -1000 -10 0.00139791
Car -1 -1 -10 650.642 809.834 998.692 1197.906 -1 -1 -1 -1000 -1000 -1000 -10 0.00262254
Car -1 -1 -10 447.022 1072.186 601.992 1160.313 -1 -1 -1 -1000 -1000 -1000 -10 0.00138501
Car -1 -1 -10 232.151 978.248 456.857 1200.000 -1 -1 -1 -1000 -1000 -1000 -10 0.00137919
Car -1 -1 -10 572.381 842.271 890.984 1199.265 -1 -1 -1 -1000 -1000 -1000 -10 0.00137008
Car -1 -1 -10 432.653 1092.609 591.649 1186.126 -1 -1 -1 -1000 -1000 -1000 -10 0.00391669
Car -1 -1 -10 452.772 763.285 579.187 1200.000 -1 -1 -1 -1000 -1000 -1000 -10 0.00250497
Car -1 -1 -10 1471.910 608.185 1902.234 1010.632 -1 -1 -1 -1000 -1000 -1000 -10 0.00134824
Car -1 -1 -10 567.516 789.013 756.388 1198.849 -1 -1 -1 -1000 -1000 -1000 -10 0.00134741
Car -1 -1 -10 503.453 1043.532 921.946 1200.000 -1 -1 -1 -1000 -1000 -1000 -10 0.00249070
Car -1 -1 -10 482.913 1107.097 657.593 1200.000 -1 -1 -1 -1000 -1000 -1000 -10 0.00132325
Car -1 -1 -10 399.725 788.527 584.316 1200.000 -1 -1 -1 -1000 -1000 -1000 -10 0.00131521
Car -1 -1 -10 431.679 672.637 604.024 1187.069 -1 -1 -1 -1000 -1000 -1000 -10 0.00131068
Car -1 -1 -10 487.420 1157.657 524.692 1200.000 -1 -1 -1 -1000 -1000 -1000 -10 0.00128446
Car -1 -1 -10 314.302 1104.260 574.984 1200.000 -1 -1 -1 -1000 -1000 -1000 -10 0.00126367
Car -1 -1 -10 1446.872 185.246 1911.170 752.113 -1 -1 -1 -1000 -1000 -1000 -10 0.00239817
Car -1 -1 -10 643.049 762.320 771.162 1200.000 -1 -1 -1 -1000 -1000 -1000 -10 0.00117027
Car -1 -1 -10 371.438 546.381 730.297 1200.000 -1 -1 -1 -1000 -1000 -1000 -10 0.00115309
Car -1 -1 -10 266.272 833.250 428.834 1200.000 -1 -1 -1 -1000 -1000 -1000 -10 0.00111596
Car -1 -1 -10 749.466 824.695 908.436 1200.000 -1 -1 -1 -1000 -1000 -1000 -10 0.00109813
Car -1 -1 -10 345.414 889.277 635.505 1200.000 -1 -1 -1 -1000 -1000 -1000 -10 0.00109515
Car -1 -1 -10 405.527 764.618 531.332 1200.000 -1 -1 -1 -1000 -1000 -1000 -10 0.00109320
Car -1 -1 -10 108.203 1020.686 607.556 1200.000 -1 -1 -1 -1000 -1000 -1000 -10 0.00106385
Car -1 -1 -10 1506.084 376.726 1920.000 924.980 -1 -1 -1 -1000 -1000 -1000 -10 0.00105342
Car -1 -1 -10 496.391 1092.987 650.451 1185.321 -1 -1 -1 -1000 -1000 -1000 -10 0.00104238
Car -1 -1 -10 1458.254 810.955 1920.000 1200.000 -1 -1 -1 -1000 -1000 -1000 -10 0.00103439
Car -1 -1 -10 511.003 1084.910 834.939 1200.000 -1 -1 -1 -1000 -1000 -1000 -10 0.00101819
Car -1 -1 -10 552.395 986.254 713.041 1089.396 -1 -1 -1 -1000 -1000 -1000 -10 0.00101810
