Car -1 -1 -10 454.075 530.731 613.808 640.843 -1 -1 -1 -1000 -1000 -1000 -10 0.99997157
Car -1 -1 -10 752.130 814.962 1377.561 1195.341 -1 -1 -1 -1000 -1000 -1000 -10 0.00972632
Car -1 -1 -10 0.000 547.452 53.901 617.334 -1 -1 -1 -1000 -1000 -1000 -10 0.00479596
Car -1 -1 -10 176.164 500.109 1386.874 1200.000 -1 -1 -1 -1000 -1000 -1000 -10 0.00528546
Car -1 -1 -10 386.968 508.492 1609.620 1200.000 -1 -1 -1 -1000 -1000 -1000 -10 0.00473996
Car -1 -1 -10 845.409 1043.188 1268.683 1200.000 -1 -1 -1 -1000 -1000 -1000 -10 0.00436902
Car -1 -1 -10 1017.607 1074.667 1125.279 1187.703 -1 -1 -1 -1000 -1000 -1000 -10 0.00228310
Car -1 -1 -10 854.632 535.082 993.693 1196.298 -1 -1 -1 -1000 -1000 -1000 -10 0.00363711
Car -1 -1 -10 878.887 534.469 1018.051 1197.388 -1 -1 -1 -1000 -1000 -1000 -10 0.00350288
Car -1 -1 -10 0.000 795.748 456.534 1199.224 -1 -1 -1 -1000 -1000 -1000 -10 0.00395408
Car -1 -1 -10 928.722 564.075 1060.386 1197.240 -1 -1 -1 -1000 -1000 -1000 -10 0.00201495
Car -1 -1 -10 913.439 872.103 1208.121 1199.119 -1 -1 -1 -1000 -1000 -1000 -10 0.00533094
Car -1 -1 -10 997.811 786.377 1287.819 1193.681 -1 -1 -1 -1000 -1000 -1000 -10 0.00196810
Car -1 -1 -10 0.000 586.782 503.100 1200.000 -1 -1 -1 -1000 -1000 -1000 -10 0.00369207
Car -1 -1 -10 903.928 1100.807 1078.209 1200.000 -1 -1 -1 -1000 -1000 -1000 -10 0.00360952
Car -1 -1 -10 470.340 371.307 589.251 786.451 -1 -1 -1 -1000 -1000 -1000 -10 0.00180475
Car -1 -1 -10 740.430 573.286 870.220 1194.526 -1 -1 -1 -1000 -1000 -1000 -10 0.00177812
Car -1 -1 -10 1069.958 1068.539 1235.119 1167.403 -1 -1 -1 -1000 -1000 -1000 -10 0.00175094
Car -1 -1 -10 997.638 1080.426 1304.148 1200.000 -1 -1 -1 -1000 -1000 -1000 -10 0.00170236
Car -1 -1 -10 989.318 1089.650 1152.286 1186.249 -1 -1 -1 -1000 -1000 -1000 -10 0.00168679
Car -1 -1 -10 430.121 407.128 637.938 732.693 -1 -1 -1 -1000 -1000 -1000 -10 0.00317538
Car -1 -1 -10 901.891 774.533 1087.696 1198.189 -1 -1 -1 -1000 -1000 -1000 -10 0.00167660
Car -1 -1 -10 1071.316 1101.292 1243.266 1200.000 -1 -1 -1 -1000 -1000 -1000 -10 0.00468094
Car -1 -1 -10 1001.066 609.907 1132.610 1195.544 -1 -1 -1 -1000 -1000 -1000 -10 0.00162562
Car -1 -1 -10 811.444 564.331 942.146 1194.462 -1 -1 -1 -1000 -1000 -1000 -10 0.00161523
Car -1 -1 -10 787.775 568.702 915.802 1190.415 -1 -1 -1 -1000 -1000 -1000 -10 0.00160345
Car -1 -1 -10 1003.148 759.041 1131.290 1200.000 -1 -1 -1 -1000 -1000 -1000 -10 0.00160028
Car -1 -1 -10 1228.596 1116.690 1309.039 1200.000 -1 -1 -1 -1000 -1000 -1000 -10 0.00298206
Car -1 -1 -10 761.150 248.622 1061.966 1200.000 -1 -1 -1 -1000 -1000 -1000 -10 0.00151646
Car -1 -1 -10 956.128 1037.186 1382.499 1200.000 -1 -1 -1 -1000 -1000 -1000 -10 0.00148617
Car -1 -1 -10 965.261 780.773 1623.520 1200.000 -1 -1 -1 -1000 -1000 -1000 -10 0.00268060
Car -1 -1 -10 957.401 1102.993 1198.635 1200.000 -1 -1 -1 -1000 -1000 -1000 -10 0.00281078
Car -1 -1 -10 949.464 668.523 1139.197 1191.970 -1 -1 -1 -1000 -1000 -1000 -10 0.00141819
Car -1 -1 -10 1130.546 1090.507 1285.776 1191.093 -1 -1 -1 -1000 -1000 -1000 -10 0.00271021
Car -1 -1 -10 1255.227 1123.281 1294.369 1200.000 -1 -1 -1 -1000 -1000 -1000 -10 0.00138719
Car -1 -1 -10 1127.359 1032.729 1555.911 1200.000 -1 -1 -1 -1000 -1000 -1000 -10 0.00138651
Car -1 -1 -10 338.274 805.429 936.248 1190.853 -1 -1 -1 -1000 -1000 -1000 -10 0.00136775
Car -1 -1 -10 927.474 1059.463 1316.647 1200.000 -1 -1 -1 -1000 -1000 -1000 -10 0.00135405
Car -1 -1 -10 758.086 808.133 1199.717 1047.160 -1 -1 -1 -1000 -1000 -1000 -10 0.00262730
Car -1 -1 -10 1124.653 1079.646 1185.406 1200.000 -1 -1 -1 -1000 -1000 -1000 -10 0.00134289
Car -1 -1 -10 267.173 2.031 634.009 378.797 -1 -1 -1 -1000 -1000 -1000 -10 0.00131431
Car -1 -1 -10 959.055 988.609 1495.428 1200.000 -1 -1 -1 -1000 -1000 -1000 -10 0.00129221
Car -1 -1 -10 853.841 523.503 1215.364 1200.000 -1 -1 -1 -1000 -1000 -1000 -10 0.00128543
Car -1 -1 -10 582.773 934.927 1203.680 1200.000 -1 -1 -1 -1000 -1000 -1000 -10 0.00125187
Car -1 -1 -10 1197.671 1083.558 1514.675 1200.000 -1 -1 -1 -1000 -1000 -1000 -10 0.00124585
Car -1 -1 -10 1250.198 1156.402 1287.833 1200.000 -1 -1 -1 -1000 -1000 -1000 -10 0.00124312
Car -1 -1 -10 1162.675 1118.515 1243.215 1200.000 -1 -1 -1 -1000 -1000 -1000 -10 0.00122149
