Car -1 -1 -10 391.681 560.933 555.338 657.588 -1 -1 -1 -1000 -1000 -1000 -10 0.99044949
Car -1 -1 -10 76.344 562.445 232.892 661.698 -1 -1 -1 -1000 -1000 -1000 -10 0.99744901
Car -1 -1 -10 836.911 556.601 923.989 633.178 -1 -1 -1 -1000 -1000 -1000 -10 0.99446344
Car -1 -1 -10 499.857 548.735 647.634 636.105 -1 -1 -1 -1000 -1000 -1000 -10 0.02009390
Car -1 -1 -10 146.456 565.472 242.935 646.720 -1 -1 -1 -1000 -1000 -1000 -10 0.01875023
Car -1 -1 -10 976.581 90.192 1021.272 143.720 -1 -1 -1 -1000 -1000 -1000 -10 0.00215422
Car -1 -1 -10 974.077 87.856 1131.852 189.319 -1 -1 -1 -1000 -1000 -1000 -10 0.00389844
Car -1 -1 -10 0.000 796.748 463.343 1199.416 -1 -1 -1 -1000 -1000 -1000 -10 0.00566568
Car -1 -1 -10 613.176 0.000 1180.321 319.803 -1 -1 -1 -1000 -1000 -1000 -10 0.00200067
Car -1 -1 -10 715.578 0.000 765.953 54.398 -1 -1 -1 -1000 -1000 -1000 -10 0.00193563
Car -1 -1 -10 717.059 0.000 1261.384 191.370 -1 -1 -1 -1000 -1000 -1000 -10 0.00351058
Car -1 -1 -10 661.911 77.387 709.946 134.500 -1 -1 -1 -1000 -1000 -1000 -10 0.00188775
Car -1 -1 -10 861.178 110.042 1018.787 212.046 -1 -1 -1 -1000 -1000 -1000 -10 0.00344167
Car -1 -1 -10 37.704 416.214 257.555 771.855 -1 -1 -1 -1000 -1000 -1000 -10 0.00294589
Car -1 -1 -10 86.560 398.075 207.419 815.601 -1 -1 -1 -1000 -1000 -1000 -10 0.00170808
Car -1 -1 -10 792.235 17.109 1077.888 390.524 -1 -1 -1 -1000 -1000 -1000 -10 0.00299921
Car -1 -1 -10 650.397 0.000 700.193 54.438 -1 -1 -1 -1000 -1000 -1000 -10 0.00163096
Car -1 -1 -10 556.006 0.005 1146.153 199.872 -1 -1 -1 -1000 -1000 -1000 -10 0.00321298
Car -1 -1 -10 0.000 562.481 495.963 1193.806 -1 -1 -1 -1000 -1000 -1000 -10 0.00159325
Car -1 -1 -10 686.825 76.678 724.850 148.667 -1 -1 -1 -1000 -1000 -1000 -10 0.00159215
Car -1 -1 -10 432.650 0.000 845.939 290.232 -1 -1 -1 -1000 -1000 -1000 -10 0.00158366
Car -1 -1 -10 687.642 59.320 843.841 163.513 -1 -1 -1 -1000 -1000 -1000 -10 0.00156937
Car -1 -1 -10 676.961 0.000 733.145 111.072 -1 -1 -1 -1000 -1000 -1000 -10 0.00310513
Car -1 -1 -10 629.986 11.559 911.346 173.701 -1 -1 -1 -1000 -1000 -1000 -10 0.00155120
Car -1 -1 -10 368.649 425.121 577.481 767.185 -1 -1 -1 -1000 -1000 -1000 -10 0.00152676
Car -1 -1 -10 657.595 19.331 875.188 159.227 -1 -1 -1 -1000 -1000 -1000 -10 0.00152542
Car -1 -1 -10 573.019 39.409 867.715 960.129 -1 -1 -1 -1000 -1000 -1000 -10 0.00273048
Car -1 -1 -10 765.663 33.194 1061.252 952.916 -1 -1 -1 -1000 -1000 -1000 -10 0.00272253
Car -1 -1 -10 419.211 402.946 539.040 811.951 -1 -1 -1 -1000 -1000 -1000 -10 0.00150779
Car -1 -1 -10 699.277 0.000 776.699 79.056 -1 -1 -1 -1000 -1000 -1000 -10 0.00284406
Car -1 -1 -10 652.097 57.975 721.091 130.240 -1 -1 -1 -1000 -1000 -1000 -10 0.00149086
Car -1 -1 -10 586.709 38.992 736.567 136.264 -1 -1 -1 -1000 -1000 -1000 -10 0.00388478
Car -1 -1 -10 572.674 5.959 1403.571 316.082 -1 -1 -1 -1000 -1000 -1000 -10 0.00385408
Car -1 -1 -10 642.548 0.000 719.257 79.495 -1 -1 -1 -1000 -1000 -1000 -10 0.00281524
Car -1 -1 -10 748.988 1.028 1095.036 149.168 -1 -1 -1 -1000 -1000 -1000 -10 0.00142737
Car -1 -1 -10 285.931 0.000 844.284 192.686 -1 -1 -1 -1000 -1000 -1000 -10 0.00267944
Car -1 -1 -10 968.178 81.168 1015.318 135.492 -1 -1 -1 -1000 -1000 -1000 -10 0.00135289
Car -1 -1 -10 557.137 0.674 824.965 128.893 -1 -1 -1 -1000 -1000 -1000 -10 0.00254371
Car -1 -1 -10 860.030 62.715 1032.459 637.082 -1 -1 -1 -1000 -1000 -1000 -10 0.00128762
Car -1 -1 -10 494.716 0.119 826.364 149.855 -1 -1 -1 -1000 -1000 -1000 -10 0.00127169
Car -1 -1 -10 377.942 0.000 945.086 202.660 -1 -1 -1 -1000 -1000 -1000 -10 0.00127075
Car -1 -1 -10 894.783 43.515 1094.243 588.623 -1 -1 -1 -1000 -1000 -1000 -10 0.00126250
Car -1 -1 -10 830.782 54.851 1128.741 848.416 -1 -1 -1 -1000 -1000 -1000 -10 0.00125795
Car -1 -1 -10 828.229 0.000 1168.229 117.404 -1 -1 -1 -1000 -1000 -1000 -10 0.00124431
Car -1 -1 -10 108.302 324.252 195.413 860.969 -1 -1 -1 -1000 -1000 -1000 -10 0.00124244
Car -1 -1 -10 962.703 67.281 1069.709 175.320 -1 -1 -1 -1000 -1000 -1000 -10 0.00124102
Car -1 -1 -10 495.711 50.506 794.172 844.663 -1 -1 -1 -1000 -1000 -1000 -10 0.00236086
Car -1 -1 -10 181.391 664.657 368.102 1190.922 -1 -1 -1 -1000 -1000 -1000 -10 0.00123753
Car -1 -1 -10 685.421 0.000 736.178 54.808 -1 -1 -1 -1000 -1000 -1000 -10 0.00123716
Car -1 -1 -10 798.613 52.093 1084.383 222.210 -1 -1 -1 -1000 -1000 -1000 -10 0.00122003
Car -1 -1 -10 700.763 0.000 757.584 110.500 -1 -1 -1 -1000 -1000 -1000 -10 0.00122001
Car -1 -1 -10 126.623 452.982 173.677 775.751 -1 -1 -1 -1000 -1000 -1000 -10 0.00121076
Car -1 -1 -10 420.885 4.628 988.614 329.449 -1 -1 -1 -1000 -1000 -1000 -10 0.00120700
Car -1 -1 -10 687.404 81.674 844.755 191.152 -1 -1 -1 -1000 -1000 -1000 -10 0.00117788
Car -1 -1 -10 666.681 0.000 743.173 77.700 -1 -1 -1 -1000 -1000 -1000 -10 0.00117744
Car -1 -1 -10 210.949 808.089 830.939 1182.214 -1 -1 -1 -1000 -1000 -1000 -10 0.00115719
Car -1 -1 -10 126.606 408.544 197.559 798.995 -1 -1 -1 -1000 -1000 -1000 -10 0.00114675
Car -1 -1 -10 462.827 53.234 663.291 597.260 -1 -1 -1 -1000 -1000 -1000 -10 0.00113691
Car -1 -1 -10 878.610 53.268 1006.812 174.281 -1 -1 -1 -1000 -1000 -1000 -10 0.00113507
Car -1 -1 -10 0.000 812.212 211.892 1195.299 -1 -1 -1 -1000 -1000 -1000 -10 0.00108028
