Car -1 -1 -10 205.447 11.384 1473.914 1155.586 -1 -1 -1 -1000 -1000 -1000 -10 0.00965278
Car -1 -1 -10 0.000 489.224 1114.938 1198.310 -1 -1 -1 -1000 -1000 -1000 -10 0.01146036
Car -1 -1 -10 622.695 359.282 1311.057 745.815 -1 -1 -1 -1000 -1000 -1000 -10 0.01090417
Car -1 -1 -10 983.638 305.531 1480.032 559.099 -1 -1 -1 -1000 -1000 -1000 -10 0.00417750
Car -1 -1 -10 854.001 266.510 1557.763 651.268 -1 -1 -1 -1000 -1000 -1000 -10 0.00742685
Car -1 -1 -10 853.085 385.756 1327.068 665.768 -1 -1 -1 -1000 -1000 -1000 -10 0.00390755
Car -1 -1 -10 758.448 278.214 1393.226 646.231 -1 -1 -1 -1000 -1000 -1000 -10 0.00695888
Car -1 -1 -10 1023.658 347.822 1510.370 608.469 -1 -1 -1 -1000 -1000 -1000 -10 0.00583707
Car -1 -1 -10 1049.769 340.641 1363.263 489.748 -1 -1 -1 -1000 -1000 -1000 -10 0.00687446
Car -1 -1 -10 1095.192 366.739 1261.719 462.153 -1 -1 -1 -1000 -1000 -1000 -10 0.00665088
Car -1 -1 -10 450.315 170.807 1728.596 842.253 -1 -1 -1 -1000 -1000 -1000 -10 0.00819784
Car -1 -1 -10 876.353 38.615 1091.708 1104.773 -1 -1 -1 -1000 -1000 -1000 -10 0.00579519
Car -1 -1 -10 507.187 273.387 1141.200 649.102 -1 -1 -1 -1000 -1000 -1000 -10 0.00568766
Car -1 -1 -10 976.191 100.138 1182.810 850.883 -1 -1 -1 -1000 -1000 -1000 -10 0.00585575
Car -1 -1 -10 999.387 247.057 1490.956 514.968 -1 -1 -1 -1000 -1000 -1000 -10 0.00299310
Car -1 -1 -10 919.956 137.892 1596.375 560.115 -1 -1 -1 -1000 -1000 -1000 -10 0.01114433
Car -1 -1 -10 972.290 36.224 1187.263 1105.280 -1 -1 -1 -1000 -1000 -1000 -10 0.00556131
Car -1 -1 -10 718.440 11.023 1920.000 1147.087 -1 -1 -1 -1000 -1000 -1000 -10 0.00564682
Car -1 -1 -10 566.716 437.112 1040.130 713.495 -1 -1 -1 -1000 -1000 -1000 -10 0.00288328
Car -1 -1 -10 872.878 190.222 1079.615 924.039 -1 -1 -1 -1000 -1000 -1000 -10 0.00288126
Car -1 -1 -10 355.104 492.733 849.531 766.115 -1 -1 -1 -1000 -1000 -1000 -10 0.00284883
Car -1 -1 -10 4.263 460.538 560.213 831.488 -1 -1 -1 -1000 -1000 -1000 -10 0.00484976
Car -1 -1 -10 845.324 245.819 1328.087 517.323 -1 -1 -1 -1000 -1000 -1000 -10 0.00279645
Car -1 -1 -10 781.324 43.101 996.022 1107.945 -1 -1 -1 -1000 -1000 -1000 -10 0.00464063
Car -1 -1 -10 912.812 129.991 1122.079 872.945 -1 -1 -1 -1000 -1000 -1000 -10 0.00273083
Car -1 -1 -10 942.636 357.643 1372.740 593.657 -1 -1 -1 -1000 -1000 -1000 -10 0.00260473
Car -1 -1 -10 771.358 452.962 1437.851 843.972 -1 -1 -1 -1000 -1000 -1000 -10 0.00258651
Car -1 -1 -10 912.658 322.337 1337.368 545.005 -1 -1 -1 -1000 -1000 -1000 -10 0.00253943
Car -1 -1 -10 750.070 129.224 1406.483 779.557 -1 -1 -1 -1000 -1000 -1000 -10 0.00251011
Car -1 -1 -10 840.905 78.007 1046.562 829.913 -1 -1 -1 -1000 -1000 -1000 -10 0.00249746
Car -1 -1 -10 640.955 335.935 1132.050 610.268 -1 -1 -1 -1000 -1000 -1000 -10 0.00244644
Car -1 -1 -10 193.615 262.953 397.848 980.996 -1 -1 -1 -1000 -1000 -1000 -10 0.00243212
Car -1 -1 -10 1182.822 13.255 1845.916 361.777 -1 -1 -1 -1000 -1000 -1000 -10 0.00242859
Car -1 -1 -10 736.552 244.154 1225.127 516.057 -1 -1 -1 -1000 -1000 -1000 -10 0.00241482
Car -1 -1 -10 629.204 144.029 1270.224 551.763 -1 -1 -1 -1000 -1000 -1000 -10 0.00224664
Car -1 -1 -10 1313.317 52.432 1736.507 296.613 -1 -1 -1 -1000 -1000 -1000 -10 0.00419369
Car -1 -1 -10 886.234 356.792 1314.411 598.154 -1 -1 -1 -1000 -1000 -1000 -10 0.00216344
Car -1 -1 -10 73.899 72.325 362.368 1200.000 -1 -1 -1 -1000 -1000 -1000 -10 0.00206479
Car -1 -1 -10 1122.328 365.157 1433.521 513.013 -1 -1 -1 -1000 -1000 -1000 -10 0.00203713
Car -1 -1 -10 991.927 10.653 1365.778 692.579 -1 -1 -1 -1000 -1000 -1000 -10 0.00201678
Car -1 -1 -10 801.023 9.365 1173.537 691.562 -1 -1 -1 -1000 -1000 -1000 -10 0.00198674
Car -1 -1 -10 534.237 481.087 1785.791 1200.000 -1 -1 -1 -1000 -1000 -1000 -10 0.00196437
Car -1 -1 -10 1187.379 392.424 1351.967 485.066 -1 -1 -1 -1000 -1000 -1000 -10 0.00194410
