Car -1 -1 -10 302.904 547.397 543.429 754.051 -1 -1 -1 -1000 -1000 -1000 -10 0.99991530
Car -1 -1 -10 2.097 594.160 145.913 682.742 -1 -1 -1 -1000 -1000 -1000 -10 0.00949635
Car -1 -1 -10 0.000 793.899 461.577 1198.258 -1 -1 -1 -1000 -1000 -1000 -10 0.00630728
Car -1 -1 -10 1605.218 259.163 1916.619 588.020 -1 -1 -1 -1000 -1000 -1000 -10 0.00450897
Car -1 -1 -10 0.000 582.137 501.199 1196.773 -1 -1 -1 -1000 -1000 -1000 -10 0.00208539
Car -1 -1 -10 244.266 519.654 444.521 660.841 -1 -1 -1 -1000 -1000 -1000 -10 0.00193246
Car -1 -1 -10 261.905 563.574 380.038 670.084 -1 -1 -1 -1000 -1000 -1000 -10 0.00182860
Car -1 -1 -10 254.963 555.593 407.771 668.892 -1 -1 -1 -1000 -1000 -1000 -10 0.00178967
Car -1 -1 -10 402.427 552.523 530.229 676.922 -1 -1 -1 -1000 -1000 -1000 -10 0.00316669
Car -1 -1 -10 3.860 532.228 247.567 686.601 -1 -1 -1 -1000 -1000 -1000 -10 0.00610600
Car -1 -1 -10 247.767 526.602 490.367 701.437 -1 -1 -1 -1000 -1000 -1000 -10 0.00156395
Car -1 -1 -10 9.522 555.535 327.545 902.717 -1 -1 -1 -1000 -1000 -1000 -10 0.00151980
Car -1 -1 -10 303.457 526.487 429.074 654.205 -1 -1 -1 -1000 -1000 -1000 -10 0.00133350
Car -1 -1 -10 0.000 548.621 262.360 914.552 -1 -1 -1 -1000 -1000 -1000 -10 0.00127227
Car -1 -1 -10 66.894 595.603 225.738 678.661 -1 -1 -1 -1000 -1000 -1000 -10 0.00124877
Car -1 -1 -10 1501.720 0.000 1920.000 532.435 -1 -1 -1 -1000 -1000 -1000 -10 0.00124730
Car -1 -1 -10 1503.353 64.869 1920.000 638.407 -1 -1 -1 -1000 -1000 -1000 -10 0.00340829
Car -1 -1 -10 0.000 482.331 412.807 1040.724 -1 -1 -1 -1000 -1000 -1000 -10 0.00123452
Car -1 -1 -10 0.000 621.202 72.832 690.626 -1 -1 -1 -1000 -1000 -1000 -10 0.00123093
Car -1 -1 -10 0.000 934.755 320.607 1200.000 -1 -1 -1 -1000 -1000 -1000 -10 0.00228298
Car -1 -1 -10 1759.927 315.313 1920.000 626.848 -1 -1 -1 -1000 -1000 -1000 -10 0.00118008
Car -1 -1 -10 41.344 643.319 221.685 1196.155 -1 -1 -1 -1000 -1000 -1000 -10 0.00117616
Car -1 -1 -10 283.745 567.722 357.525 644.662 -1 -1 -1 -1000 -1000 -1000 -10 0.00220245
Car -1 -1 -10 6.470 416.466 340.127 742.920 -1 -1 -1 -1000 -1000 -1000 -10 0.00116160
Car -1 -1 -10 1771.578 299.939 1920.000 525.086 -1 -1 -1 -1000 -1000 -1000 -10 0.00115519
Car -1 -1 -10 1439.799 7.231 1920.000 383.303 -1 -1 -1 -1000 -1000 -1000 -10 0.00111182
Car -1 -1 -10 14.574 536.335 368.017 823.345 -1 -1 -1 -1000 -1000 -1000 -10 0.00110764
Car -1 -1 -10 277.894 513.141 427.821 615.312 -1 -1 -1 -1000 -1000 -1000 -10 0.00109639
Car -1 -1 -10 0.000 617.213 115.574 702.308 -1 -1 -1 -1000 -1000 -1000 -10 0.00108531
Car -1 -1 -10 0.000 556.807 86.946 711.072 -1 -1 -1 -1000 -1000 -1000 -10 0.00107459
Car -1 -1 -10 1840.319 184.249 1920.000 292.156 -1 -1 -1 -1000 -1000 -1000 -10 0.00106815
Car -1 -1 -10 0.000 475.381 213.756 648.735 -1 -1 -1 -1000 -1000 -1000 -10 0.00106154
Car -1 -1 -10 0.838 641.544 119.719 728.086 -1 -1 -1 -1000 -1000 -1000 -10 0.00105224
Car -1 -1 -10 1685.767 2.226 1920.000 406.278 -1 -1 -1 -1000 -1000 -1000 -10 0.00104717
Car -1 -1 -10 29.022 567.525 193.696 661.805 -1 -1 -1 -1000 -1000 -1000 -10 0.00103305
Car -1 -1 -10 1640.649 183.238 1920.000 568.106 -1 -1 -1 -1000 -1000 -1000 -10 0.00100426
Car -1 -1 -10 0.285 588.729 192.408 731.153 -1 -1 -1 -1000 -1000 -1000 -10 0.00099771
