Car -1 -1 -10 1031.258 583.236 1113.654 651.514 -1 -1 -1 -1000 -1000 -1000 -10 0.12162736
Car -1 -1 -10 313.998 1052.430 737.778 1200.000 -1 -1 -1 -1000 -1000 -1000 -10 0.00921473
Car -1 -1 -10 446.644 1094.189 605.780 1186.958 -1 -1 -1 -1000 -1000 -1000 -10 0.00519656
Car -1 -1 -10 447.885 785.967 630.086 1200.000 -1 -1 -1 -1000 -1000 -1000 -10 0.00258177
Car -1 -1 -10 393.567 921.491 884.238 1187.349 -1 -1 -1 -1000 -1000 -1000 -10 0.00244294
Car -1 -1 -10 466.843 819.136 1067.690 1197.251 -1 -1 -1 -1000 -1000 -1000 -10 0.00399465
Car -1 -1 -10 319.062 879.170 946.051 1192.897 -1 -1 -1 -1000 -1000 -1000 -10 0.00195713
Car -1 -1 -10 472.525 781.093 656.258 1198.495 -1 -1 -1 -1000 -1000 -1000 -10 0.00192489
Car -1 -1 -10 420.020 825.084 762.047 1200.000 -1 -1 -1 -1000 -1000 -1000 -10 0.00370137
Car -1 -1 -10 555.387 1096.934 591.038 1160.711 -1 -1 -1 -1000 -1000 -1000 -10 0.00188196
Car -1 -1 -10 380.087 1103.354 637.174 1200.000 -1 -1 -1 -1000 -1000 -1000 -10 0.00344923
Car -1 -1 -10 228.050 1103.360 485.907 1200.000 -1 -1 -1 -1000 -1000 -1000 -10 0.00360785
Car -1 -1 -10 516.339 786.456 705.880 1200.000 -1 -1 -1 -1000 -1000 -1000 -10 0.00178351
Car -1 -1 -10 436.530 838.313 595.935 1200.000 -1 -1 -1 -1000 -1000 -1000 -10 0.00172637
Car -1 -1 -10 499.204 757.784 627.501 1200.000 -1 -1 -1 -1000 -1000 -1000 -10 0.00327516
Car -1 -1 -10 550.292 724.450 856.210 1186.127 -1 -1 -1 -1000 -1000 -1000 -10 0.00167373
Car -1 -1 -10 174.823 1052.280 607.273 1200.000 -1 -1 -1 -1000 -1000 -1000 -10 0.00302528
Car -1 -1 -10 567.084 785.127 756.110 1198.372 -1 -1 -1 -1000 -1000 -1000 -10 0.00162255
Car -1 -1 -10 350.015 781.407 1017.527 1200.000 -1 -1 -1 -1000 -1000 -1000 -10 0.00157803
Car -1 -1 -10 487.633 1157.327 524.266 1200.000 -1 -1 -1 -1000 -1000 -1000 -10 0.00155220
Car -1 -1 -10 334.178 686.793 849.469 1199.185 -1 -1 -1 -1000 -1000 -1000 -10 0.00154371
Car -1 -1 -10 494.213 964.417 775.898 1156.656 -1 -1 -1 -1000 -1000 -1000 -10 0.00152744
Car -1 -1 -10 636.105 690.177 827.249 1186.822 -1 -1 -1 -1000 -1000 -1000 -10 0.00150841
Car -1 -1 -10 460.494 1106.957 717.014 1200.000 -1 -1 -1 -1000 -1000 -1000 -10 0.00150758
Car -1 -1 -10 445.745 952.481 802.584 1174.331 -1 -1 -1 -1000 -1000 -1000 -10 0.00148887
Car -1 -1 -10 482.191 1071.067 642.517 1162.751 -1 -1 -1 -1000 -1000 -1000 -10 0.00280429
Car -1 -1 -10 715.552 803.669 1310.052 1194.818 -1 -1 -1 -1000 -1000 -1000 -10 0.00146129
Car -1 -1 -10 395.897 933.142 635.652 1200.000 -1 -1 -1 -1000 -1000 -1000 -10 0.00284440
Car -1 -1 -10 525.977 678.625 697.691 1192.093 -1 -1 -1 -1000 -1000 -1000 -10 0.00131701
Car -1 -1 -10 221.014 909.184 910.094 1200.000 -1 -1 -1 -1000 -1000 -1000 -10 0.00128864
Car -1 -1 -10 429.331 755.481 555.799 1200.000 -1 -1 -1 -1000 -1000 -1000 -10 0.00128078
Car -1 -1 -10 451.956 623.655 752.438 1200.000 -1 -1 -1 -1000 -1000 -1000 -10 0.00123336
Car -1 -1 -10 647.280 807.992 1006.974 1200.000 -1 -1 -1 -1000 -1000 -1000 -10 0.00121570
Car -1 -1 -10 444.861 1075.423 575.998 1200.000 -1 -1 -1 -1000 -1000 -1000 -10 0.00121322
Car -1 -1 -10 581.704 944.335 935.031 1172.865 -1 -1 -1 -1000 -1000 -1000 -10 0.00121313
Car -1 -1 -10 602.969 833.817 763.167 1200.000 -1 -1 -1 -1000 -1000 -1000 -10 0.00118323
Car -1 -1 -10 474.301 934.982 699.765 1200.000 -1 -1 -1 -1000 -1000 -1000 -10 0.00114581
Car -1 -1 -10 571.228 761.286 698.970 1200.000 -1 -1 -1 -1000 -1000 -1000 -10 0.00114444
Car -1 -1 -10 1466.981 807.448 1920.000 1200.000 -1 -1 -1 -1000 -1000 -1000 -10 0.00112496
