Car -1 -1 -10 1.666 508.818 300.831 804.805 -1 -1 -1 -1000 -1000 -1000 -10 0.99997857
Car -1 -1 -10 924.399 810.634 1608.152 1194.231 -1 -1 -1 -1000 -1000 -1000 -10 0.01116635
Car -1 -1 -10 262.977 795.269 941.752 1200.000 -1 -1 -1 -1000 -1000 -1000 -10 0.00651927
Car -1 -1 -10 782.693 815.493 1430.508 1190.807 -1 -1 -1 -1000 -1000 -1000 -10 0.00323764
Car -1 -1 -10 420.603 817.528 1058.448 1188.664 -1 -1 -1 -1000 -1000 -1000 -10 0.00574272
Car -1 -1 -10 502.890 1036.540 932.319 1200.000 -1 -1 -1 -1000 -1000 -1000 -10 0.00286812
Car -1 -1 -10 1126.104 858.834 1765.185 1198.684 -1 -1 -1 -1000 -1000 -1000 -10 0.00284622
Car -1 -1 -10 648.116 1088.611 808.487 1190.641 -1 -1 -1 -1000 -1000 -1000 -10 0.00279264
Car -1 -1 -10 749.007 514.023 1911.499 1199.656 -1 -1 -1 -1000 -1000 -1000 -10 0.00528650
Car -1 -1 -10 564.080 1080.494 876.218 1200.000 -1 -1 -1 -1000 -1000 -1000 -10 0.00261626
