Car -1 -1 -10 93.300 610.656 254.308 706.124 -1 -1 -1 -1000 -1000 -1000 -10 0.99415508
Car -1 -1 -10 1.502 617.593 167.270 725.741 -1 -1 -1 -1000 -1000 -1000 -10 0.96005903
Car -1 -1 -10 400.377 4.970 1032.323 286.768 -1 -1 -1 -1000 -1000 -1000 -10 0.02130303
Car -1 -1 -10 575.951 13.089 889.388 385.629 -1 -1 -1 -1000 -1000 -1000 -10 0.01121458
Car -1 -1 -10 532.377 12.447 937.100 194.936 -1 -1 -1 -1000 -1000 -1000 -10 0.00894360
Car -1 -1 -10 636.053 29.163 828.412 498.830 -1 -1 -1 -1000 -1000 -1000 -10 0.00379657
Car -1 -1 -10 458.090 8.284 772.170 350.485 -1 -1 -1 -1000 -1000 -1000 -10 0.00660886
Car -1 -1 -10 661.289 41.311 819.881 136.363 -1 -1 -1 -1000 -1000 -1000 -10 0.00357252
Car -1 -1 -10 530.529 62.949 686.315 157.697 -1 -1 -1 -1000 -1000 -1000 -10 0.00342918
Car -1 -1 -10 510.467 0.000 984.655 180.215 -1 -1 -1 -1000 -1000 -1000 -10 0.00317183
Car -1 -1 -10 433.365 15.201 738.398 166.887 -1 -1 -1 -1000 -1000 -1000 -10 0.00311803
Car -1 -1 -10 599.502 30.752 890.189 850.903 -1 -1 -1 -1000 -1000 -1000 -10 0.00311432
Car -1 -1 -10 0.000 613.904 87.803 712.767 -1 -1 -1 -1000 -1000 -1000 -10 0.00311092
Car -1 -1 -10 595.996 1.110 864.226 254.363 -1 -1 -1 -1000 -1000 -1000 -10 0.00297878
Car -1 -1 -10 1634.716 534.017 1913.525 706.306 -1 -1 -1 -1000 -1000 -1000 -10 0.00290641
Car -1 -1 -10 569.306 21.380 869.490 967.663 -1 -1 -1 -1000 -1000 -1000 -10 0.00497120
Car -1 -1 -10 587.266 47.091 782.114 706.841 -1 -1 -1 -1000 -1000 -1000 -10 0.00265525
Car -1 -1 -10 534.583 14.528 834.744 397.046 -1 -1 -1 -1000 -1000 -1000 -10 0.00251643
Car -1 -1 -10 596.680 40.397 754.275 137.098 -1 -1 -1 -1000 -1000 -1000 -10 0.00226587
