Car -1 -1 -10 0.000 522.326 1214.428 1199.455 -1 -1 -1 -1000 -1000 -1000 -10 0.02463055
Car -1 -1 -10 1648.618 556.216 1918.753 726.170 -1 -1 -1 -1000 -1000 -1000 -10 0.01726414
Car -1 -1 -10 1420.168 562.737 1920.000 945.177 -1 -1 -1 -1000 -1000 -1000 -10 0.01456989
Car -1 -1 -10 0.000 677.032 744.936 1200.000 -1 -1 -1 -1000 -1000 -1000 -10 0.00579785
Car -1 -1 -10 1688.055 636.319 1854.285 734.770 -1 -1 -1 -1000 -1000 -1000 -10 0.00579249
Car -1 -1 -10 0.000 667.013 675.768 1063.806 -1 -1 -1 -1000 -1000 -1000 -10 0.00565920
Car -1 -1 -10 1554.902 593.160 1875.826 729.656 -1 -1 -1 -1000 -1000 -1000 -10 0.01124159
Car -1 -1 -10 0.000 507.568 895.637 1196.556 -1 -1 -1 -1000 -1000 -1000 -10 0.01014293
Car -1 -1 -10 1705.863 618.959 1916.884 752.647 -1 -1 -1 -1000 -1000 -1000 -10 0.01415098
Car -1 -1 -10 1691.534 611.349 1855.864 714.916 -1 -1 -1 -1000 -1000 -1000 -10 0.00491893
Car -1 -1 -10 1665.965 639.303 1823.032 734.931 -1 -1 -1 -1000 -1000 -1000 -10 0.00925138
Car -1 -1 -10 1515.177 498.965 1920.000 762.192 -1 -1 -1 -1000 -1000 -1000 -10 0.00948476
Car -1 -1 -10 1579.659 462.036 1920.000 1105.541 -1 -1 -1 -1000 -1000 -1000 -10 0.00462774
Car -1 -1 -10 1551.698 620.859 1719.267 702.809 -1 -1 -1 -1000 -1000 -1000 -10 0.01080922
Car -1 -1 -10 1713.187 412.222 1915.667 683.772 -1 -1 -1 -1000 -1000 -1000 -10 0.00405497
Car -1 -1 -10 1633.978 617.296 1797.237 709.030 -1 -1 -1 -1000 -1000 -1000 -10 0.01051653
Car -1 -1 -10 1614.194 279.743 1917.743 881.777 -1 -1 -1 -1000 -1000 -1000 -10 0.00400983
Car -1 -1 -10 1733.611 581.788 1894.414 696.754 -1 -1 -1 -1000 -1000 -1000 -10 0.00392048
Car -1 -1 -10 1623.402 501.222 1910.117 668.895 -1 -1 -1 -1000 -1000 -1000 -10 0.00385251
Car -1 -1 -10 1441.391 485.660 1912.172 1035.899 -1 -1 -1 -1000 -1000 -1000 -10 0.00385051
Car -1 -1 -10 1681.048 521.102 1901.347 662.461 -1 -1 -1 -1000 -1000 -1000 -10 0.00660441
Car -1 -1 -10 1643.882 534.939 1894.123 1011.090 -1 -1 -1 -1000 -1000 -1000 -10 0.00616872
Car -1 -1 -10 1493.509 579.487 1920.000 862.669 -1 -1 -1 -1000 -1000 -1000 -10 0.00355519
Car -1 -1 -10 24.227 654.745 538.532 911.895 -1 -1 -1 -1000 -1000 -1000 -10 0.00332441
Car -1 -1 -10 0.000 609.565 499.296 1200.000 -1 -1 -1 -1000 -1000 -1000 -10 0.00637864
Car -1 -1 -10 1572.503 441.579 1920.000 799.308 -1 -1 -1 -1000 -1000 -1000 -10 0.00326650
Car -1 -1 -10 1705.638 576.963 1841.066 706.943 -1 -1 -1 -1000 -1000 -1000 -10 0.00320017
Car -1 -1 -10 1703.198 526.189 1832.844 651.660 -1 -1 -1 -1000 -1000 -1000 -10 0.00319755
Car -1 -1 -10 167.666 387.058 373.106 1128.186 -1 -1 -1 -1000 -1000 -1000 -10 0.00297863
Car -1 -1 -10 1777.546 665.345 1920.000 759.968 -1 -1 -1 -1000 -1000 -1000 -10 0.00534007
Car -1 -1 -10 177.241 102.544 482.603 1176.543 -1 -1 -1 -1000 -1000 -1000 -10 0.00290079
Car -1 -1 -10 1651.657 474.282 1920.000 739.644 -1 -1 -1 -1000 -1000 -1000 -10 0.00289794
Car -1 -1 -10 1548.772 599.161 1715.221 688.848 -1 -1 -1 -1000 -1000 -1000 -10 0.00281999
Car -1 -1 -10 1528.451 567.805 1847.136 708.380 -1 -1 -1 -1000 -1000 -1000 -10 0.00277428
Car -1 -1 -10 1054.804 490.125 1920.000 1197.643 -1 -1 -1 -1000 -1000 -1000 -10 0.00530976
Car -1 -1 -10 1776.783 502.647 1906.667 628.088 -1 -1 -1 -1000 -1000 -1000 -10 0.00268108
Car -1 -1 -10 1762.617 536.996 1918.334 640.248 -1 -1 -1 -1000 -1000 -1000 -10 0.00263156
Car -1 -1 -10 0.000 556.618 357.342 1200.000 -1 -1 -1 -1000 -1000 -1000 -10 0.00260115
Car -1 -1 -10 40.615 406.201 586.040 1200.000 -1 -1 -1 -1000 -1000 -1000 -10 0.00238813
