Car -1 -1 -10 182.197 635.722 411.331 758.980 -1 -1 -1 -1000 -1000 -1000 -10 0.99979147
Car -1 -1 -10 798.656 461.417 1396.774 825.134 -1 -1 -1 -1000 -1000 -1000 -10 0.21321170
Car -1 -1 -10 578.996 476.585 1296.355 820.926 -1 -1 -1 -1000 -1000 -1000 -10 0.18745288
Car -1 -1 -10 1024.788 444.363 1607.313 819.553 -1 -1 -1 -1000 -1000 -1000 -10 0.01780978
Car -1 -1 -10 1076.442 527.656 1533.087 803.516 -1 -1 -1 -1000 -1000 -1000 -10 0.01464120
Car -1 -1 -10 898.814 484.896 1366.091 783.625 -1 -1 -1 -1000 -1000 -1000 -10 0.00591431
Car -1 -1 -10 0.000 599.280 516.212 1200.000 -1 -1 -1 -1000 -1000 -1000 -10 0.00902902
Car -1 -1 -10 572.860 518.376 893.547 831.537 -1 -1 -1 -1000 -1000 -1000 -10 0.00358037
Car -1 -1 -10 0.000 811.069 366.434 1196.723 -1 -1 -1 -1000 -1000 -1000 -10 0.00327672
Car -1 -1 -10 874.651 472.264 1214.074 792.654 -1 -1 -1 -1000 -1000 -1000 -10 0.00325989
Car -1 -1 -10 748.801 465.937 1189.083 714.424 -1 -1 -1 -1000 -1000 -1000 -10 0.00296859
Car -1 -1 -10 0.000 788.279 471.276 1199.030 -1 -1 -1 -1000 -1000 -1000 -10 0.00279456
Car -1 -1 -10 1173.478 638.017 1441.591 810.147 -1 -1 -1 -1000 -1000 -1000 -10 0.00538473
Car -1 -1 -10 1183.016 427.260 1423.247 848.155 -1 -1 -1 -1000 -1000 -1000 -10 0.00258138
Car -1 -1 -10 1130.938 515.118 1480.040 748.221 -1 -1 -1 -1000 -1000 -1000 -10 0.00203587
Car -1 -1 -10 688.134 472.447 1137.527 709.277 -1 -1 -1 -1000 -1000 -1000 -10 0.00198219
