Car -1 -1 -10 304.798 596.632 582.190 789.452 -1 -1 -1 -1000 -1000 -1000 -10 0.99740821
Car -1 -1 -10 7.074 568.807 301.676 724.785 -1 -1 -1 -1000 -1000 -1000 -10 0.09831619
Car -1 -1 -10 273.077 594.082 455.832 780.015 -1 -1 -1 -1000 -1000 -1000 -10 0.02379527
Car -1 -1 -10 0.000 554.239 304.615 907.845 -1 -1 -1 -1000 -1000 -1000 -10 0.01100633
Car -1 -1 -10 0.000 566.307 515.316 1199.150 -1 -1 -1 -1000 -1000 -1000 -10 0.01528601
Car -1 -1 -10 0.000 530.072 263.773 828.847 -1 -1 -1 -1000 -1000 -1000 -10 0.00671106
Car -1 -1 -10 0.566 576.680 164.922 772.486 -1 -1 -1 -1000 -1000 -1000 -10 0.00717396
Car -1 -1 -10 87.704 588.672 270.251 689.058 -1 -1 -1 -1000 -1000 -1000 -10 0.00632680
Car -1 -1 -10 5.339 811.242 360.933 1196.914 -1 -1 -1 -1000 -1000 -1000 -10 0.01146375
Car -1 -1 -10 5.875 1032.331 407.582 1200.000 -1 -1 -1 -1000 -1000 -1000 -10 0.00258550
Car -1 -1 -10 230.013 882.617 514.212 1200.000 -1 -1 -1 -1000 -1000 -1000 -10 0.00233051
