Car -1 -1 -10 23.016 171.699 1255.667 1200.000 -1 -1 -1 -1000 -1000 -1000 -10 0.00364732
Car -1 -1 -10 0.000 487.869 951.996 1199.585 -1 -1 -1 -1000 -1000 -1000 -10 0.00974900
Car -1 -1 -10 0.000 810.541 447.681 1199.279 -1 -1 -1 -1000 -1000 -1000 -10 0.00762443
Car -1 -1 -10 0.000 588.301 500.878 1200.000 -1 -1 -1 -1000 -1000 -1000 -10 0.00209183
Car -1 -1 -10 1.081 427.386 552.856 1192.694 -1 -1 -1 -1000 -1000 -1000 -10 0.00505594
Car -1 -1 -10 188.775 106.540 490.687 1171.826 -1 -1 -1 -1000 -1000 -1000 -10 0.00125913
Car -1 -1 -10 0.000 361.831 491.635 946.138 -1 -1 -1 -1000 -1000 -1000 -10 0.00125492
Car -1 -1 -10 0.000 937.298 318.980 1200.000 -1 -1 -1 -1000 -1000 -1000 -10 0.00228324
Car -1 -1 -10 44.430 625.675 215.112 1197.882 -1 -1 -1 -1000 -1000 -1000 -10 0.00219062
Car -1 -1 -10 52.836 71.310 382.025 1200.000 -1 -1 -1 -1000 -1000 -1000 -10 0.00224941
Car -1 -1 -10 0.000 432.391 593.587 862.096 -1 -1 -1 -1000 -1000 -1000 -10 0.00112065
Car -1 -1 -10 236.032 637.654 412.035 1190.659 -1 -1 -1 -1000 -1000 -1000 -10 0.00109257
Car -1 -1 -10 0.000 924.956 228.335 1200.000 -1 -1 -1 -1000 -1000 -1000 -10 0.00109050
Car -1 -1 -10 6.455 454.188 310.337 792.779 -1 -1 -1 -1000 -1000 -1000 -10 0.00198047
Car -1 -1 -10 0.000 1011.456 259.118 1200.000 -1 -1 -1 -1000 -1000 -1000 -10 0.00107333
Car -1 -1 -10 48.661 708.665 742.952 1167.291 -1 -1 -1 -1000 -1000 -1000 -10 0.00307760
Car -1 -1 -10 277.441 111.351 582.876 1165.580 -1 -1 -1 -1000 -1000 -1000 -10 0.00209942
Car -1 -1 -10 0.205 1109.353 124.281 1200.000 -1 -1 -1 -1000 -1000 -1000 -10 0.00201613
Car -1 -1 -10 272.505 479.493 421.987 1200.000 -1 -1 -1 -1000 -1000 -1000 -10 0.00103125
Car -1 -1 -10 348.581 645.919 538.787 1190.941 -1 -1 -1 -1000 -1000 -1000 -10 0.00103002
Car -1 -1 -10 0.000 604.466 324.068 1135.167 -1 -1 -1 -1000 -1000 -1000 -10 0.00101536
Car -1 -1 -10 254.530 366.932 558.298 1200.000 -1 -1 -1 -1000 -1000 -1000 -10 0.00100750
Car -1 -1 -10 181.225 223.141 441.059 1200.000 -1 -1 -1 -1000 -1000 -1000 -10 0.00195926
Car -1 -1 -10 13.561 289.326 470.875 820.939 -1 -1 -1 -1000 -1000 -1000 -10 0.00099020
Car -1 -1 -10 729.949 642.505 924.318 1192.159 -1 -1 -1 -1000 -1000 -1000 -10 0.00097895
Car -1 -1 -10 0.000 642.698 125.945 736.409 -1 -1 -1 -1000 -1000 -1000 -10 0.00095509
Car -1 -1 -10 9.321 1106.697 249.897 1200.000 -1 -1 -1 -1000 -1000 -1000 -10 0.00094313
Car -1 -1 -10 248.614 529.949 400.796 1200.000 -1 -1 -1 -1000 -1000 -1000 -10 0.00094311
Car -1 -1 -10 344.548 586.198 496.693 1198.357 -1 -1 -1 -1000 -1000 -1000 -10 0.00088205
