Car -1 -1 -10 754.001 583.155 971.877 781.124 -1 -1 -1 -1000 -1000 -1000 -10 0.99420421
Car -1 -1 -10 638.862 613.311 683.684 655.928 -1 -1 -1 -1000 -1000 -1000 -10 0.19901198
Car -1 -1 -10 880.681 599.759 972.445 685.643 -1 -1 -1 -1000 -1000 -1000 -10 0.02103055
Car -1 -1 -10 928.297 615.183 982.938 670.870 -1 -1 -1 -1000 -1000 -1000 -10 0.01952125
Car -1 -1 -10 0.000 556.267 928.153 1197.986 -1 -1 -1 -1000 -1000 -1000 -10 0.02184302
Car -1 -1 -10 9.868 719.432 616.396 1199.860 -1 -1 -1 -1000 -1000 -1000 -10 0.01650597
Car -1 -1 -10 748.827 593.832 878.767 738.999 -1 -1 -1 -1000 -1000 -1000 -10 0.00803732
Car -1 -1 -10 828.955 583.549 968.518 699.533 -1 -1 -1 -1000 -1000 -1000 -10 0.00498335
Car -1 -1 -10 322.787 595.457 487.590 679.870 -1 -1 -1 -1000 -1000 -1000 -10 0.00521462
Car -1 -1 -10 835.927 595.372 967.982 731.371 -1 -1 -1 -1000 -1000 -1000 -10 0.00484721
Car -1 -1 -10 1.313 798.538 338.651 1197.236 -1 -1 -1 -1000 -1000 -1000 -10 0.00540121
Car -1 -1 -10 902.312 612.615 962.631 672.934 -1 -1 -1 -1000 -1000 -1000 -10 0.00192267
Car -1 -1 -10 0.280 1034.223 409.022 1200.000 -1 -1 -1 -1000 -1000 -1000 -10 0.00176998
Car -1 -1 -10 0.000 537.475 354.081 1200.000 -1 -1 -1 -1000 -1000 -1000 -10 0.00163347
Car -1 -1 -10 906.629 623.427 992.692 709.290 -1 -1 -1 -1000 -1000 -1000 -10 0.00161524
Car -1 -1 -10 21.925 726.559 240.053 1200.000 -1 -1 -1 -1000 -1000 -1000 -10 0.00141685
