Car -1 -1 -10 654.258 569.086 930.230 822.377 -1 -1 -1 -1000 -1000 -1000 -10 0.99997148
Car -1 -1 -10 450.476 600.076 610.791 721.115 -1 -1 -1 -1000 -1000 -1000 -10 0.99980725
Car -1 -1 -10 1276.832 520.816 1660.908 855.287 -1 -1 -1 -1000 -1000 -1000 -10 0.97606358
Car -1 -1 -10 1442.951 512.500 1902.444 818.884 -1 -1 -1 -1000 -1000 -1000 -10 0.47184123
Car -1 -1 -10 1036.237 586.616 1336.503 750.766 -1 -1 -1 -1000 -1000 -1000 -10 0.57765634
Car -1 -1 -10 1564.219 455.946 1918.090 1044.968 -1 -1 -1 -1000 -1000 -1000 -10 0.20387040
Car -1 -1 -10 283.981 629.752 391.134 710.584 -1 -1 -1 -1000 -1000 -1000 -10 0.09517006
Car -1 -1 -10 403.465 626.140 480.558 686.731 -1 -1 -1 -1000 -1000 -1000 -10 0.04331210
Car -1 -1 -10 1606.519 522.467 1920.000 978.185 -1 -1 -1 -1000 -1000 -1000 -10 0.03892327
Car -1 -1 -10 407.162 630.930 470.285 684.562 -1 -1 -1 -1000 -1000 -1000 -10 0.03257104
Car -1 -1 -10 107.363 618.653 343.992 721.835 -1 -1 -1 -1000 -1000 -1000 -10 0.01830134
