Car -1 -1 -10 554.939 597.231 666.455 690.165 -1 -1 -1 -1000 -1000 -1000 -10 0.99918100
Car -1 -1 -10 74.564 609.603 385.265 804.965 -1 -1 -1 -1000 -1000 -1000 -10 0.99750908
Car -1 -1 -10 706.896 584.823 770.969 650.278 -1 -1 -1 -1000 -1000 -1000 -10 0.54458411
Car -1 -1 -10 3.850 629.070 245.609 796.335 -1 -1 -1 -1000 -1000 -1000 -10 0.10763565
Car -1 -1 -10 928.713 593.395 980.874 644.317 -1 -1 -1 -1000 -1000 -1000 -10 0.04300094
Car -1 -1 -10 640.641 605.022 720.986 663.040 -1 -1 -1 -1000 -1000 -1000 -10 0.03240828
Car -1 -1 -10 644.944 608.749 707.459 659.776 -1 -1 -1 -1000 -1000 -1000 -10 0.02639001
Car -1 -1 -10 6.604 579.094 579.233 1200.000 -1 -1 -1 -1000 -1000 -1000 -10 0.00894596
Car -1 -1 -10 0.000 586.041 425.471 1140.257 -1 -1 -1 -1000 -1000 -1000 -10 0.00675665
Car -1 -1 -10 1297.105 544.101 1470.122 635.499 -1 -1 -1 -1000 -1000 -1000 -10 0.00657009
Car -1 -1 -10 1630.775 581.602 1684.007 637.797 -1 -1 -1 -1000 -1000 -1000 -10 0.00274494
