Car -1 -1 -10 1075.523 548.800 1146.285 617.371 -1 -1 -1 -1000 -1000 -1000 -10 0.99700928
Car -1 -1 -10 855.296 837.318 1214.868 1194.818 -1 -1 -1 -1000 -1000 -1000 -10 0.01478931
Car -1 -1 -10 654.264 1064.758 1014.081 1198.091 -1 -1 -1 -1000 -1000 -1000 -10 0.01480059
Car -1 -1 -10 829.866 1017.150 1219.132 1194.729 -1 -1 -1 -1000 -1000 -1000 -10 0.01189076
Car -1 -1 -10 614.809 1034.822 1066.332 1200.000 -1 -1 -1 -1000 -1000 -1000 -10 0.00478356
Car -1 -1 -10 720.402 980.514 1293.148 1200.000 -1 -1 -1 -1000 -1000 -1000 -10 0.00457561
Car -1 -1 -10 728.456 1099.631 913.818 1200.000 -1 -1 -1 -1000 -1000 -1000 -10 0.00359303
Car -1 -1 -10 563.091 1000.724 1115.766 1200.000 -1 -1 -1 -1000 -1000 -1000 -10 0.00623208
Car -1 -1 -10 645.144 663.592 816.797 1192.582 -1 -1 -1 -1000 -1000 -1000 -10 0.00326052
Car -1 -1 -10 740.847 1087.813 908.108 1191.281 -1 -1 -1 -1000 -1000 -1000 -10 0.00324408
Car -1 -1 -10 660.737 1091.255 823.093 1190.455 -1 -1 -1 -1000 -1000 -1000 -10 0.00315004
Car -1 -1 -10 734.039 1053.252 973.046 1194.531 -1 -1 -1 -1000 -1000 -1000 -10 0.00311565
Car -1 -1 -10 799.507 1086.457 959.121 1191.749 -1 -1 -1 -1000 -1000 -1000 -10 0.00309650
Car -1 -1 -10 731.945 901.877 1018.868 1200.000 -1 -1 -1 -1000 -1000 -1000 -10 0.00589255
Car -1 -1 -10 682.240 906.617 973.345 1200.000 -1 -1 -1 -1000 -1000 -1000 -10 0.00608058
Car -1 -1 -10 565.663 789.523 1235.836 1200.000 -1 -1 -1 -1000 -1000 -1000 -10 0.00293134
Car -1 -1 -10 816.052 1078.080 948.742 1200.000 -1 -1 -1 -1000 -1000 -1000 -10 0.00286343
Car -1 -1 -10 963.241 843.272 1125.573 1200.000 -1 -1 -1 -1000 -1000 -1000 -10 0.00494975
Car -1 -1 -10 0.000 793.645 464.708 1199.087 -1 -1 -1 -1000 -1000 -1000 -10 0.00535167
Car -1 -1 -10 621.008 1099.426 875.684 1200.000 -1 -1 -1 -1000 -1000 -1000 -10 0.00823453
Car -1 -1 -10 572.182 1081.363 891.755 1200.000 -1 -1 -1 -1000 -1000 -1000 -10 0.00282341
Car -1 -1 -10 845.272 1033.328 1163.031 1191.708 -1 -1 -1 -1000 -1000 -1000 -10 0.00279842
Car -1 -1 -10 948.428 711.430 1194.127 1199.876 -1 -1 -1 -1000 -1000 -1000 -10 0.00275444
Car -1 -1 -10 745.735 671.066 917.754 1194.946 -1 -1 -1 -1000 -1000 -1000 -10 0.00988723
Car -1 -1 -10 1143.698 1094.831 1299.249 1186.907 -1 -1 -1 -1000 -1000 -1000 -10 0.00502831
Car -1 -1 -10 931.646 707.234 1110.028 1194.110 -1 -1 -1 -1000 -1000 -1000 -10 0.00257025
Car -1 -1 -10 905.276 556.677 1035.005 1195.362 -1 -1 -1 -1000 -1000 -1000 -10 0.00253696
Car -1 -1 -10 811.978 774.922 939.062 1200.000 -1 -1 -1 -1000 -1000 -1000 -10 0.00252275
Car -1 -1 -10 906.975 1081.800 1234.786 1200.000 -1 -1 -1 -1000 -1000 -1000 -10 0.00249702
Car -1 -1 -10 750.983 1067.603 915.667 1165.371 -1 -1 -1 -1000 -1000 -1000 -10 0.00490097
Car -1 -1 -10 472.795 874.448 1314.178 1200.000 -1 -1 -1 -1000 -1000 -1000 -10 0.00242442
Car -1 -1 -10 1447.872 792.462 1920.000 1200.000 -1 -1 -1 -1000 -1000 -1000 -10 0.00241070
Car -1 -1 -10 775.413 1021.665 869.029 1200.000 -1 -1 -1 -1000 -1000 -1000 -10 0.00229378
Car -1 -1 -10 665.638 653.355 1201.392 1200.000 -1 -1 -1 -1000 -1000 -1000 -10 0.00226886
Car -1 -1 -10 915.384 1098.690 1173.114 1200.000 -1 -1 -1 -1000 -1000 -1000 -10 0.00226605
Car -1 -1 -10 1519.527 722.107 1920.000 1200.000 -1 -1 -1 -1000 -1000 -1000 -10 0.00224899
Car -1 -1 -10 1082.315 1093.680 1239.869 1189.440 -1 -1 -1 -1000 -1000 -1000 -10 0.00431313
Car -1 -1 -10 665.373 779.282 847.810 1199.328 -1 -1 -1 -1000 -1000 -1000 -10 0.00220952
Car -1 -1 -10 860.756 594.903 988.990 1193.561 -1 -1 -1 -1000 -1000 -1000 -10 0.00215213
Car -1 -1 -10 10.241 684.973 255.142 1198.263 -1 -1 -1 -1000 -1000 -1000 -10 0.00213285
