Car -1 -1 -10 499.922 544.790 794.450 736.921 -1 -1 -1 -1000 -1000 -1000 -10 0.99997255
Car -1 -1 -10 472.183 551.928 661.039 724.081 -1 -1 -1 -1000 -1000 -1000 -10 0.00211865
Car -1 -1 -10 470.415 1158.643 507.543 1200.000 -1 -1 -1 -1000 -1000 -1000 -10 0.00318207
Car -1 -1 -10 1564.098 563.901 1920.000 1200.000 -1 -1 -1 -1000 -1000 -1000 -10 0.00131997
Car -1 -1 -10 922.327 578.192 1117.403 1181.852 -1 -1 -1 -1000 -1000 -1000 -10 0.00231260
Car -1 -1 -10 474.725 618.267 657.217 1184.758 -1 -1 -1 -1000 -1000 -1000 -10 0.00208266
Car -1 -1 -10 740.098 715.971 1068.618 1193.206 -1 -1 -1 -1000 -1000 -1000 -10 0.00116670
Car -1 -1 -10 562.161 548.120 679.946 664.837 -1 -1 -1 -1000 -1000 -1000 -10 0.00110222
Car -1 -1 -10 1460.131 806.787 1920.000 1200.000 -1 -1 -1 -1000 -1000 -1000 -10 0.00184436
Car -1 -1 -10 433.316 1140.870 546.573 1200.000 -1 -1 -1 -1000 -1000 -1000 -10 0.00175262
Car -1 -1 -10 349.534 1072.300 761.090 1200.000 -1 -1 -1 -1000 -1000 -1000 -10 0.00170722
Car -1 -1 -10 807.570 657.485 993.205 1194.554 -1 -1 -1 -1000 -1000 -1000 -10 0.00098042
Car -1 -1 -10 407.260 643.435 578.625 1191.330 -1 -1 -1 -1000 -1000 -1000 -10 0.00097313
Car -1 -1 -10 631.733 490.866 720.381 824.584 -1 -1 -1 -1000 -1000 -1000 -10 0.00166917
Car -1 -1 -10 45.590 1158.481 81.841 1200.000 -1 -1 -1 -1000 -1000 -1000 -10 0.00095241
Car -1 -1 -10 607.484 547.544 729.206 661.328 -1 -1 -1 -1000 -1000 -1000 -10 0.00091365
Car -1 -1 -10 1477.699 443.516 1905.608 809.372 -1 -1 -1 -1000 -1000 -1000 -10 0.00091038
Car -1 -1 -10 638.744 684.970 873.604 1198.461 -1 -1 -1 -1000 -1000 -1000 -10 0.00086924
Car -1 -1 -10 799.653 625.477 954.921 1192.444 -1 -1 -1 -1000 -1000 -1000 -10 0.00086888
Car -1 -1 -10 771.439 1065.530 1161.547 1200.000 -1 -1 -1 -1000 -1000 -1000 -10 0.00085764
Car -1 -1 -10 754.277 676.468 995.168 1200.000 -1 -1 -1 -1000 -1000 -1000 -10 0.00085723
Car -1 -1 -10 448.520 1123.785 529.815 1200.000 -1 -1 -1 -1000 -1000 -1000 -10 0.00085267
Car -1 -1 -10 907.781 724.844 1034.756 1200.000 -1 -1 -1 -1000 -1000 -1000 -10 0.00084857
Car -1 -1 -10 628.616 547.264 724.817 724.890 -1 -1 -1 -1000 -1000 -1000 -10 0.00084322
Car -1 -1 -10 1373.290 613.514 1863.418 1200.000 -1 -1 -1 -1000 -1000 -1000 -10 0.00082760
Car -1 -1 -10 29.020 1160.724 99.061 1200.000 -1 -1 -1 -1000 -1000 -1000 -10 0.00082302
Car -1 -1 -10 684.042 629.588 1186.841 1200.000 -1 -1 -1 -1000 -1000 -1000 -10 0.00079605
Car -1 -1 -10 435.178 1110.077 694.187 1200.000 -1 -1 -1 -1000 -1000 -1000 -10 0.00077400
Car -1 -1 -10 870.722 643.198 1050.956 1193.958 -1 -1 -1 -1000 -1000 -1000 -10 0.00143509
Car -1 -1 -10 620.201 530.914 712.198 697.181 -1 -1 -1 -1000 -1000 -1000 -10 0.00074598
Car -1 -1 -10 645.089 777.893 1225.909 1188.837 -1 -1 -1 -1000 -1000 -1000 -10 0.00071801
Car -1 -1 -10 634.574 929.525 1233.397 1200.000 -1 -1 -1 -1000 -1000 -1000 -10 0.00071740
Car -1 -1 -10 427.219 509.568 1500.074 1193.313 -1 -1 -1 -1000 -1000 -1000 -10 0.00071543
Car -1 -1 -10 603.902 367.761 702.145 896.167 -1 -1 -1 -1000 -1000 -1000 -10 0.00070365
Car -1 -1 -10 1476.735 1060.475 1854.580 1200.000 -1 -1 -1 -1000 -1000 -1000 -10 0.00135009
Car -1 -1 -10 1261.356 934.808 1867.483 1200.000 -1 -1 -1 -1000 -1000 -1000 -10 0.00066486
Car -1 -1 -10 0.000 800.619 444.953 1200.000 -1 -1 -1 -1000 -1000 -1000 -10 0.00066402
Car -1 -1 -10 603.553 552.735 686.599 706.758 -1 -1 -1 -1000 -1000 -1000 -10 0.00060849
Car -1 -1 -10 580.601 536.818 661.548 683.166 -1 -1 -1 -1000 -1000 -1000 -10 0.00060693
