Car -1 -1 -10 551.170 487.974 1256.245 1151.356 -1 -1 -1 -1000 -1000 -1000 -10 0.59526607
Car -1 -1 -10 556.894 493.388 978.330 993.490 -1 -1 -1 -1000 -1000 -1000 -10 0.01661558
Car -1 -1 -10 533.670 503.766 1067.132 914.418 -1 -1 -1 -1000 -1000 -1000 -10 0.00919573
Car -1 -1 -10 567.565 279.617 863.402 1186.109 -1 -1 -1 -1000 -1000 -1000 -10 0.02350688
Car -1 -1 -10 870.472 463.138 1224.067 1076.053 -1 -1 -1 -1000 -1000 -1000 -10 0.00608320
Car -1 -1 -10 500.439 834.836 1110.470 1189.281 -1 -1 -1 -1000 -1000 -1000 -10 0.00927781
Car -1 -1 -10 1785.252 483.439 1917.522 648.466 -1 -1 -1 -1000 -1000 -1000 -10 0.00816264
Car -1 -1 -10 863.199 264.916 1174.635 1178.070 -1 -1 -1 -1000 -1000 -1000 -10 0.00454359
Car -1 -1 -10 692.482 799.316 1289.626 1186.897 -1 -1 -1 -1000 -1000 -1000 -10 0.00392044
Car -1 -1 -10 783.198 652.728 1251.145 1198.198 -1 -1 -1 -1000 -1000 -1000 -10 0.00331030
