Car -1 -1 -10 492.455 13.149 1918.770 1174.299 -1 -1 -1 -1000 -1000 -1000 -10 0.02604590
Car -1 -1 -10 1183.731 23.038 1920.000 1154.563 -1 -1 -1 -1000 -1000 -1000 -10 0.01525565
Car -1 -1 -10 678.124 475.946 1920.000 1200.000 -1 -1 -1 -1000 -1000 -1000 -10 0.01138665
Car -1 -1 -10 323.681 494.763 1642.795 1200.000 -1 -1 -1 -1000 -1000 -1000 -10 0.00647361
Car -1 -1 -10 1012.882 90.014 1920.000 927.951 -1 -1 -1 -1000 -1000 -1000 -10 0.00345295
Car -1 -1 -10 1264.175 164.411 1920.000 900.252 -1 -1 -1 -1000 -1000 -1000 -10 0.00645135
Car -1 -1 -10 1177.417 438.549 1231.068 496.297 -1 -1 -1 -1000 -1000 -1000 -10 0.00332535
Car -1 -1 -10 1051.569 340.677 1741.308 757.899 -1 -1 -1 -1000 -1000 -1000 -10 0.00852121
Car -1 -1 -10 874.659 337.334 1920.000 1048.264 -1 -1 -1 -1000 -1000 -1000 -10 0.00592615
Car -1 -1 -10 1343.991 331.568 1920.000 765.864 -1 -1 -1 -1000 -1000 -1000 -10 0.00566120
Car -1 -1 -10 905.313 161.776 1920.000 842.154 -1 -1 -1 -1000 -1000 -1000 -10 0.00307934
Car -1 -1 -10 1335.557 530.856 1917.741 975.180 -1 -1 -1 -1000 -1000 -1000 -10 0.01036359
Car -1 -1 -10 0.000 495.698 954.612 1200.000 -1 -1 -1 -1000 -1000 -1000 -10 0.00831614
Car -1 -1 -10 54.591 329.181 1069.542 1184.505 -1 -1 -1 -1000 -1000 -1000 -10 0.00270979
Car -1 -1 -10 1091.549 555.146 1781.614 947.433 -1 -1 -1 -1000 -1000 -1000 -10 0.00484276
Car -1 -1 -10 1340.025 119.659 1916.266 575.449 -1 -1 -1 -1000 -1000 -1000 -10 0.00470777
Car -1 -1 -10 1052.353 450.658 1724.545 848.064 -1 -1 -1 -1000 -1000 -1000 -10 0.00232043
Car -1 -1 -10 1147.569 294.445 1635.473 563.760 -1 -1 -1 -1000 -1000 -1000 -10 0.00426838
Car -1 -1 -10 931.240 293.107 1546.938 648.367 -1 -1 -1 -1000 -1000 -1000 -10 0.00211715
Car -1 -1 -10 0.000 806.087 466.249 1200.000 -1 -1 -1 -1000 -1000 -1000 -10 0.00209282
Car -1 -1 -10 0.000 596.756 495.128 1200.000 -1 -1 -1 -1000 -1000 -1000 -10 0.00205840
Car -1 -1 -10 1524.238 456.995 1920.000 877.658 -1 -1 -1 -1000 -1000 -1000 -10 0.00202994
Car -1 -1 -10 1065.130 249.098 1727.303 649.878 -1 -1 -1 -1000 -1000 -1000 -10 0.00198778
Car -1 -1 -10 926.819 347.795 1577.938 744.921 -1 -1 -1 -1000 -1000 -1000 -10 0.00190357
