Car -1 -1 -10 451.431 620.630 554.731 702.066 -1 -1 -1 -1000 -1000 -1000 -10 0.99967203
Car -1 -1 -10 739.595 522.839 964.962 726.848 -1 -1 -1 -1000 -1000 -1000 -10 0.99923842
Car -1 -1 -10 581.891 630.575 674.037 702.721 -1 -1 -1 -1000 -1000 -1000 -10 0.99559012
Car -1 -1 -10 210.963 637.242 378.937 729.262 -1 -1 -1 -1000 -1000 -1000 -10 0.99693447
Car -1 -1 -10 289.728 640.709 392.707 722.197 -1 -1 -1 -1000 -1000 -1000 -10 0.01529005
Car -1 -1 -10 0.000 786.061 460.503 1197.120 -1 -1 -1 -1000 -1000 -1000 -10 0.01482298
Car -1 -1 -10 195.729 642.537 303.816 720.217 -1 -1 -1 -1000 -1000 -1000 -10 0.00612947
Car -1 -1 -10 749.818 528.258 873.865 651.734 -1 -1 -1 -1000 -1000 -1000 -10 0.00313515
Car -1 -1 -10 432.159 758.442 1003.560 1191.669 -1 -1 -1 -1000 -1000 -1000 -10 0.00261767
Car -1 -1 -10 16.197 368.883 315.392 1200.000 -1 -1 -1 -1000 -1000 -1000 -10 0.00168735
