Car -1 -1 -10 1433.478 541.443 1765.703 686.815 -1 -1 -1 -1000 -1000 -1000 -10 0.05758468
Car -1 -1 -10 0.000 504.716 1152.070 1197.720 -1 -1 -1 -1000 -1000 -1000 -10 0.01953707
Car -1 -1 -10 1386.601 536.661 1751.303 718.022 -1 -1 -1 -1000 -1000 -1000 -10 0.00643868
Car -1 -1 -10 1430.427 475.469 1872.147 865.218 -1 -1 -1 -1000 -1000 -1000 -10 0.00465030
Car -1 -1 -10 1466.066 565.729 1638.592 667.421 -1 -1 -1 -1000 -1000 -1000 -10 0.00445326
Car -1 -1 -10 1468.746 365.800 1920.000 1200.000 -1 -1 -1 -1000 -1000 -1000 -10 0.00772963
Car -1 -1 -10 1465.805 585.667 1635.560 686.704 -1 -1 -1 -1000 -1000 -1000 -10 0.00361372
Car -1 -1 -10 1383.528 456.828 1618.961 899.544 -1 -1 -1 -1000 -1000 -1000 -10 0.00351125
Car -1 -1 -10 1237.092 515.739 1815.625 919.863 -1 -1 -1 -1000 -1000 -1000 -10 0.00345290
Car -1 -1 -10 1457.917 504.851 1885.609 931.014 -1 -1 -1 -1000 -1000 -1000 -10 0.00341557
Car -1 -1 -10 1398.329 554.438 1920.000 1200.000 -1 -1 -1 -1000 -1000 -1000 -10 0.00515128
Car -1 -1 -10 1357.620 505.570 1640.688 672.856 -1 -1 -1 -1000 -1000 -1000 -10 0.00267217
Car -1 -1 -10 0.000 552.328 687.188 978.658 -1 -1 -1 -1000 -1000 -1000 -10 0.00522641
Car -1 -1 -10 1554.140 480.146 1913.141 772.391 -1 -1 -1 -1000 -1000 -1000 -10 0.00259249
Car -1 -1 -10 0.000 344.124 466.980 709.738 -1 -1 -1 -1000 -1000 -1000 -10 0.00250638
Car -1 -1 -10 1422.765 537.088 1586.625 641.115 -1 -1 -1 -1000 -1000 -1000 -10 0.00245550
Car -1 -1 -10 1071.664 490.295 1920.000 1198.425 -1 -1 -1 -1000 -1000 -1000 -10 0.00427046
Car -1 -1 -10 25.495 66.597 307.204 1193.355 -1 -1 -1 -1000 -1000 -1000 -10 0.00655409
Car -1 -1 -10 1382.576 494.839 1888.236 715.692 -1 -1 -1 -1000 -1000 -1000 -10 0.00230051
Car -1 -1 -10 1336.419 334.827 1920.000 756.943 -1 -1 -1 -1000 -1000 -1000 -10 0.00229036
Car -1 -1 -10 1513.739 503.555 1917.171 845.461 -1 -1 -1 -1000 -1000 -1000 -10 0.00224855
Car -1 -1 -10 1330.184 532.534 1701.325 913.025 -1 -1 -1 -1000 -1000 -1000 -10 0.00202896
Car -1 -1 -10 0.000 598.922 503.975 1200.000 -1 -1 -1 -1000 -1000 -1000 -10 0.00196749
Car -1 -1 -10 1488.492 543.015 1658.778 639.463 -1 -1 -1 -1000 -1000 -1000 -10 0.00186432
Car -1 -1 -10 1342.503 474.694 1827.660 719.207 -1 -1 -1 -1000 -1000 -1000 -10 0.00183524
Car -1 -1 -10 1374.540 381.882 1895.142 937.020 -1 -1 -1 -1000 -1000 -1000 -10 0.00179679
