Car -1 -1 -10 495.101 605.786 684.100 731.479 -1 -1 -1 -1000 -1000 -1000 -10 0.99998909
Car -1 -1 -10 880.513 600.763 957.735 662.427 -1 -1 -1 -1000 -1000 -1000 -10 0.99720468
Car -1 -1 -10 18.900 618.376 187.476 698.685 -1 -1 -1 -1000 -1000 -1000 -10 0.42202871
Car -1 -1 -10 581.047 601.504 690.695 710.564 -1 -1 -1 -1000 -1000 -1000 -10 0.01457206
Car -1 -1 -10 100.328 622.658 188.103 687.142 -1 -1 -1 -1000 -1000 -1000 -10 0.00483360
Car -1 -1 -10 65.878 599.501 228.679 683.607 -1 -1 -1 -1000 -1000 -1000 -10 0.00435138
Car -1 -1 -10 0.000 796.629 457.011 1198.622 -1 -1 -1 -1000 -1000 -1000 -10 0.00682207
Car -1 -1 -10 0.000 635.264 148.338 727.264 -1 -1 -1 -1000 -1000 -1000 -10 0.00488183
Car -1 -1 -10 1233.994 493.264 1388.380 585.481 -1 -1 -1 -1000 -1000 -1000 -10 0.00290764
Car -1 -1 -10 0.000 599.316 258.176 849.423 -1 -1 -1 -1000 -1000 -1000 -10 0.00299366
Car -1 -1 -10 2.519 597.884 347.208 861.386 -1 -1 -1 -1000 -1000 -1000 -10 0.00268967
Car -1 -1 -10 1228.658 513.316 1377.317 609.005 -1 -1 -1 -1000 -1000 -1000 -10 0.00233159
Car -1 -1 -10 0.912 613.136 246.926 751.399 -1 -1 -1 -1000 -1000 -1000 -10 0.00234477
Car -1 -1 -10 1061.654 442.591 1591.583 813.385 -1 -1 -1 -1000 -1000 -1000 -10 0.00126903
Car -1 -1 -10 0.000 600.573 137.358 683.228 -1 -1 -1 -1000 -1000 -1000 -10 0.00234916
Car -1 -1 -10 0.000 617.812 178.588 801.682 -1 -1 -1 -1000 -1000 -1000 -10 0.00122008
Car -1 -1 -10 1.573 545.056 301.210 689.586 -1 -1 -1 -1000 -1000 -1000 -10 0.00228982
Car -1 -1 -10 200.736 976.825 747.008 1200.000 -1 -1 -1 -1000 -1000 -1000 -10 0.00229380
Car -1 -1 -10 0.000 387.093 435.962 757.125 -1 -1 -1 -1000 -1000 -1000 -10 0.00112819
Car -1 -1 -10 430.164 1113.671 511.302 1200.000 -1 -1 -1 -1000 -1000 -1000 -10 0.00111011
Car -1 -1 -10 0.000 935.861 319.460 1200.000 -1 -1 -1 -1000 -1000 -1000 -10 0.00221088
Car -1 -1 -10 320.256 880.532 611.324 1200.000 -1 -1 -1 -1000 -1000 -1000 -10 0.00109905
Car -1 -1 -10 733.247 645.320 921.336 1188.774 -1 -1 -1 -1000 -1000 -1000 -10 0.00208705
Car -1 -1 -10 0.000 1166.323 25.940 1200.000 -1 -1 -1 -1000 -1000 -1000 -10 0.00104996
Car -1 -1 -10 0.000 1020.624 246.670 1200.000 -1 -1 -1 -1000 -1000 -1000 -10 0.00104176
Car -1 -1 -10 50.740 565.992 208.333 1199.455 -1 -1 -1 -1000 -1000 -1000 -10 0.00103999
Car -1 -1 -10 274.570 1064.450 670.353 1200.000 -1 -1 -1 -1000 -1000 -1000 -10 0.00103023
Car -1 -1 -10 371.825 938.126 606.875 1200.000 -1 -1 -1 -1000 -1000 -1000 -10 0.00101707
Car -1 -1 -10 379.417 653.694 556.397 1192.327 -1 -1 -1 -1000 -1000 -1000 -10 0.00194780
Car -1 -1 -10 19.583 490.344 110.539 819.685 -1 -1 -1 -1000 -1000 -1000 -10 0.00098533
Car -1 -1 -10 344.911 1105.055 593.644 1200.000 -1 -1 -1 -1000 -1000 -1000 -10 0.00098527
Car -1 -1 -10 1256.518 334.486 1700.672 623.110 -1 -1 -1 -1000 -1000 -1000 -10 0.00098396
Car -1 -1 -10 20.771 707.573 239.405 1196.514 -1 -1 -1 -1000 -1000 -1000 -10 0.00094342
Car -1 -1 -10 82.192 621.038 170.141 688.554 -1 -1 -1 -1000 -1000 -1000 -10 0.00093542
Car -1 -1 -10 0.000 585.584 377.383 1119.569 -1 -1 -1 -1000 -1000 -1000 -10 0.00090846
Car -1 -1 -10 402.888 764.317 530.760 1200.000 -1 -1 -1 -1000 -1000 -1000 -10 0.00090443
Car -1 -1 -10 0.000 1066.183 196.182 1200.000 -1 -1 -1 -1000 -1000 -1000 -10 0.00089566
