Car -1 -1 -10 1319.918 555.450 1572.722 724.502 -1 -1 -1 -1000 -1000 -1000 -10 0.99299575
Car -1 -1 -10 1054.830 595.726 1209.647 686.808 -1 -1 -1 -1000 -1000 -1000 -10 0.19844211
Car -1 -1 -10 1057.730 506.911 1920.000 1189.147 -1 -1 -1 -1000 -1000 -1000 -10 0.01726435
Car -1 -1 -10 32.532 544.110 1195.769 1194.913 -1 -1 -1 -1000 -1000 -1000 -10 0.03123053
Car -1 -1 -10 392.741 517.747 1627.954 1191.719 -1 -1 -1 -1000 -1000 -1000 -10 0.01932100
Car -1 -1 -10 768.115 514.712 1920.000 1172.382 -1 -1 -1 -1000 -1000 -1000 -10 0.00680425
Car -1 -1 -10 0.000 753.407 760.194 1194.820 -1 -1 -1 -1000 -1000 -1000 -10 0.02156931
Car -1 -1 -10 434.475 872.609 1365.737 1200.000 -1 -1 -1 -1000 -1000 -1000 -10 0.00858402
Car -1 -1 -10 459.153 768.656 1358.078 1181.602 -1 -1 -1 -1000 -1000 -1000 -10 0.00839873
Car -1 -1 -10 1.781 977.271 537.069 1199.853 -1 -1 -1 -1000 -1000 -1000 -10 0.01454199
Car -1 -1 -10 720.830 955.973 1096.089 1173.514 -1 -1 -1 -1000 -1000 -1000 -10 0.00720696
Car -1 -1 -10 1075.401 759.169 1920.000 1179.465 -1 -1 -1 -1000 -1000 -1000 -10 0.01090725
Car -1 -1 -10 1117.431 862.958 1920.000 1200.000 -1 -1 -1 -1000 -1000 -1000 -10 0.00372884
Car -1 -1 -10 168.027 627.252 323.386 699.355 -1 -1 -1 -1000 -1000 -1000 -10 0.00641673
Car -1 -1 -10 325.908 893.622 929.273 1191.200 -1 -1 -1 -1000 -1000 -1000 -10 0.00654596
Car -1 -1 -10 1359.258 913.234 1741.269 1117.243 -1 -1 -1 -1000 -1000 -1000 -10 0.00332872
Car -1 -1 -10 9.575 551.442 401.910 1200.000 -1 -1 -1 -1000 -1000 -1000 -10 0.00566970
Car -1 -1 -10 187.997 858.535 1091.141 1200.000 -1 -1 -1 -1000 -1000 -1000 -10 0.00316162
Car -1 -1 -10 1353.022 624.906 1920.000 1200.000 -1 -1 -1 -1000 -1000 -1000 -10 0.00310039
Car -1 -1 -10 612.045 902.558 1169.632 1194.569 -1 -1 -1 -1000 -1000 -1000 -10 0.00559859
Car -1 -1 -10 1323.614 919.852 1806.713 1136.308 -1 -1 -1 -1000 -1000 -1000 -10 0.00291630
Car -1 -1 -10 202.599 802.379 910.138 1200.000 -1 -1 -1 -1000 -1000 -1000 -10 0.00283450
Car -1 -1 -10 0.000 815.273 370.403 1189.595 -1 -1 -1 -1000 -1000 -1000 -10 0.00269366
Car -1 -1 -10 118.738 839.627 476.402 1195.017 -1 -1 -1 -1000 -1000 -1000 -10 0.00509625
