Car -1 -1 -10 1040.596 566.963 1099.202 615.760 -1 -1 -1 -1000 -1000 -1000 -10 0.36000365
Car -1 -1 -10 483.456 552.590 566.554 615.575 -1 -1 -1 -1000 -1000 -1000 -10 0.01668157
Car -1 -1 -10 491.537 525.762 653.270 604.688 -1 -1 -1 -1000 -1000 -1000 -10 0.00929655
Car -1 -1 -10 462.488 523.086 623.756 606.123 -1 -1 -1 -1000 -1000 -1000 -10 0.00735142
Car -1 -1 -10 1497.363 553.223 1920.000 1129.146 -1 -1 -1 -1000 -1000 -1000 -10 0.01063826
Car -1 -1 -10 167.915 645.487 339.245 1192.236 -1 -1 -1 -1000 -1000 -1000 -10 0.00586401
Car -1 -1 -10 1404.844 551.481 1920.000 1195.055 -1 -1 -1 -1000 -1000 -1000 -10 0.00324142
Car -1 -1 -10 0.000 778.133 595.570 1200.000 -1 -1 -1 -1000 -1000 -1000 -10 0.00307063
Car -1 -1 -10 1636.465 540.258 1920.000 938.212 -1 -1 -1 -1000 -1000 -1000 -10 0.00777503
Car -1 -1 -10 49.424 1065.142 445.499 1200.000 -1 -1 -1 -1000 -1000 -1000 -10 0.00267650
Car -1 -1 -10 39.048 1106.507 291.693 1200.000 -1 -1 -1 -1000 -1000 -1000 -10 0.00491354
Car -1 -1 -10 0.000 683.200 464.997 1200.000 -1 -1 -1 -1000 -1000 -1000 -10 0.00709218
Car -1 -1 -10 11.945 689.334 251.344 1199.742 -1 -1 -1 -1000 -1000 -1000 -10 0.00253188
Car -1 -1 -10 139.601 1138.828 251.422 1200.000 -1 -1 -1 -1000 -1000 -1000 -10 0.00238942
Car -1 -1 -10 59.275 588.102 254.970 1185.488 -1 -1 -1 -1000 -1000 -1000 -10 0.00444438
Car -1 -1 -10 1493.853 689.256 1914.988 1052.701 -1 -1 -1 -1000 -1000 -1000 -10 0.00224831
Car -1 -1 -10 99.960 1089.261 428.894 1200.000 -1 -1 -1 -1000 -1000 -1000 -10 0.00224287
Car -1 -1 -10 1766.391 588.429 1920.000 836.316 -1 -1 -1 -1000 -1000 -1000 -10 0.00218587
Car -1 -1 -10 128.978 1108.198 386.041 1200.000 -1 -1 -1 -1000 -1000 -1000 -10 0.00218171
Car -1 -1 -10 1525.097 822.895 1914.239 1200.000 -1 -1 -1 -1000 -1000 -1000 -10 0.00215839
Car -1 -1 -10 174.127 1108.028 350.238 1200.000 -1 -1 -1 -1000 -1000 -1000 -10 0.00203417
Car -1 -1 -10 175.952 1157.574 213.557 1200.000 -1 -1 -1 -1000 -1000 -1000 -10 0.00198747
