Car -1 -1 -10 547.542 536.372 900.441 826.463 -1 -1 -1 -1000 -1000 -1000 -10 0.99870655
Car -1 -1 -10 1243.216 574.705 1493.561 736.370 -1 -1 -1 -1000 -1000 -1000 -10 0.99936873
Car -1 -1 -10 480.971 577.023 639.801 697.015 -1 -1 -1 -1000 -1000 -1000 -10 0.99907178
Car -1 -1 -10 1460.798 587.466 1676.543 718.884 -1 -1 -1 -1000 -1000 -1000 -10 0.81100033
Car -1 -1 -10 18.562 587.222 233.356 695.837 -1 -1 -1 -1000 -1000 -1000 -10 0.97119369
Car -1 -1 -10 1093.266 597.494 1157.619 646.688 -1 -1 -1 -1000 -1000 -1000 -10 0.40728484
Car -1 -1 -10 407.160 601.979 496.920 661.325 -1 -1 -1 -1000 -1000 -1000 -10 0.04450095
Car -1 -1 -10 1224.509 562.390 1365.036 668.675 -1 -1 -1 -1000 -1000 -1000 -10 0.03798141
Car -1 -1 -10 0.000 598.310 138.321 685.325 -1 -1 -1 -1000 -1000 -1000 -10 0.02030408
Car -1 -1 -10 1235.743 575.368 1376.150 706.712 -1 -1 -1 -1000 -1000 -1000 -10 0.02056644
Car -1 -1 -10 852.709 590.205 903.089 643.576 -1 -1 -1 -1000 -1000 -1000 -10 0.00745142
