Car -1 -1 -10 608.217 622.877 686.619 680.198 -1 -1 -1 -1000 -1000 -1000 -10 0.88539213
Car -1 -1 -10 355.384 513.142 1648.234 1196.219 -1 -1 -1 -1000 -1000 -1000 -10 0.04591055
Car -1 -1 -10 0.000 540.336 884.801 1195.917 -1 -1 -1 -1000 -1000 -1000 -10 0.01624590
Car -1 -1 -10 827.269 576.281 1224.678 1198.367 -1 -1 -1 -1000 -1000 -1000 -10 0.00261827
Car -1 -1 -10 749.008 804.305 1381.532 1189.057 -1 -1 -1 -1000 -1000 -1000 -10 0.00254287
Car -1 -1 -10 945.598 598.949 1094.382 1199.289 -1 -1 -1 -1000 -1000 -1000 -10 0.00624741
Car -1 -1 -10 617.209 673.513 1347.197 1175.080 -1 -1 -1 -1000 -1000 -1000 -10 0.00476636
Car -1 -1 -10 687.340 633.291 1417.241 1085.479 -1 -1 -1 -1000 -1000 -1000 -10 0.00481063
Car -1 -1 -10 829.381 584.952 969.609 1194.477 -1 -1 -1 -1000 -1000 -1000 -10 0.00398258
Car -1 -1 -10 0.778 648.853 630.975 1085.113 -1 -1 -1 -1000 -1000 -1000 -10 0.00453015
Car -1 -1 -10 950.544 664.739 1139.953 1188.511 -1 -1 -1 -1000 -1000 -1000 -10 0.00230420
Car -1 -1 -10 0.000 795.314 462.644 1197.952 -1 -1 -1 -1000 -1000 -1000 -10 0.00566665
Car -1 -1 -10 862.691 622.870 1181.489 1199.028 -1 -1 -1 -1000 -1000 -1000 -10 0.00209739
Car -1 -1 -10 341.819 1101.681 592.870 1200.000 -1 -1 -1 -1000 -1000 -1000 -10 0.00400154
Car -1 -1 -10 881.798 545.803 1206.281 1137.181 -1 -1 -1 -1000 -1000 -1000 -10 0.00195173
Car -1 -1 -10 896.695 434.104 1162.896 1200.000 -1 -1 -1 -1000 -1000 -1000 -10 0.00188366
Car -1 -1 -10 732.055 614.882 1062.448 1192.183 -1 -1 -1 -1000 -1000 -1000 -10 0.00184964
Car -1 -1 -10 258.362 1050.493 682.115 1200.000 -1 -1 -1 -1000 -1000 -1000 -10 0.00309545
Car -1 -1 -10 825.035 851.212 1239.100 1102.871 -1 -1 -1 -1000 -1000 -1000 -10 0.00167438
Car -1 -1 -10 861.023 803.257 1191.581 1136.294 -1 -1 -1 -1000 -1000 -1000 -10 0.00166909
Car -1 -1 -10 1471.200 797.728 1920.000 1198.988 -1 -1 -1 -1000 -1000 -1000 -10 0.00314508
Car -1 -1 -10 879.856 654.742 1068.481 1186.174 -1 -1 -1 -1000 -1000 -1000 -10 0.00163457
Car -1 -1 -10 796.206 891.786 1256.991 1157.073 -1 -1 -1 -1000 -1000 -1000 -10 0.00323325
Car -1 -1 -10 1017.587 592.813 1167.959 1200.000 -1 -1 -1 -1000 -1000 -1000 -10 0.00161416
Car -1 -1 -10 892.815 708.432 1568.054 1155.832 -1 -1 -1 -1000 -1000 -1000 -10 0.00158639
Car -1 -1 -10 733.296 850.913 1073.522 1068.555 -1 -1 -1 -1000 -1000 -1000 -10 0.00154765
Car -1 -1 -10 895.508 550.689 1045.271 1197.418 -1 -1 -1 -1000 -1000 -1000 -10 0.00151245
Car -1 -1 -10 872.402 579.377 1025.567 1195.362 -1 -1 -1 -1000 -1000 -1000 -10 0.00148465
Car -1 -1 -10 958.317 719.326 1315.632 1196.230 -1 -1 -1 -1000 -1000 -1000 -10 0.00144689
Car -1 -1 -10 707.199 805.642 1050.590 1131.682 -1 -1 -1 -1000 -1000 -1000 -10 0.00144618
Car -1 -1 -10 818.468 284.339 1055.225 1200.000 -1 -1 -1 -1000 -1000 -1000 -10 0.00142594
Car -1 -1 -10 1029.262 727.872 1353.427 1190.393 -1 -1 -1 -1000 -1000 -1000 -10 0.00142371
Car -1 -1 -10 387.363 826.638 547.411 1200.000 -1 -1 -1 -1000 -1000 -1000 -10 0.00141037
