Car -1 -1 -10 27.522 596.118 240.627 718.362 -1 -1 -1 -1000 -1000 -1000 -10 0.99960503
Car -1 -1 -10 1077.265 596.284 1157.432 658.976 -1 -1 -1 -1000 -1000 -1000 -10 0.33873880
Car -1 -1 -10 251.633 510.092 1469.182 1191.420 -1 -1 -1 -1000 -1000 -1000 -10 0.01731848
Car -1 -1 -10 1029.804 592.064 1086.191 647.310 -1 -1 -1 -1000 -1000 -1000 -10 0.00616804
Car -1 -1 -10 0.000 766.614 597.250 1200.000 -1 -1 -1 -1000 -1000 -1000 -10 0.00223795
Car -1 -1 -10 73.646 475.928 167.182 820.262 -1 -1 -1 -1000 -1000 -1000 -10 0.00321672
Car -1 -1 -10 0.000 551.639 354.808 1200.000 -1 -1 -1 -1000 -1000 -1000 -10 0.00199087
Car -1 -1 -10 224.041 778.108 892.157 1200.000 -1 -1 -1 -1000 -1000 -1000 -10 0.00341063
Car -1 -1 -10 0.000 817.976 218.818 1195.556 -1 -1 -1 -1000 -1000 -1000 -10 0.00466716
Car -1 -1 -10 0.000 797.307 462.782 1199.302 -1 -1 -1 -1000 -1000 -1000 -10 0.00464036
Car -1 -1 -10 0.000 517.562 967.795 1200.000 -1 -1 -1 -1000 -1000 -1000 -10 0.00321368
Car -1 -1 -10 747.593 772.242 1422.595 1200.000 -1 -1 -1 -1000 -1000 -1000 -10 0.00298846
Car -1 -1 -10 48.608 625.166 174.660 734.093 -1 -1 -1 -1000 -1000 -1000 -10 0.00158271
Car -1 -1 -10 555.837 1099.537 674.689 1200.000 -1 -1 -1 -1000 -1000 -1000 -10 0.00157953
Car -1 -1 -10 386.575 677.958 605.530 1186.026 -1 -1 -1 -1000 -1000 -1000 -10 0.00156965
Car -1 -1 -10 464.086 1083.259 782.492 1200.000 -1 -1 -1 -1000 -1000 -1000 -10 0.00152744
Car -1 -1 -10 309.378 1036.493 750.380 1200.000 -1 -1 -1 -1000 -1000 -1000 -10 0.00149588
Car -1 -1 -10 537.931 741.587 865.847 1188.824 -1 -1 -1 -1000 -1000 -1000 -10 0.00148035
Car -1 -1 -10 481.723 676.527 700.281 1185.407 -1 -1 -1 -1000 -1000 -1000 -10 0.00144551
Car -1 -1 -10 579.929 679.206 795.910 1182.778 -1 -1 -1 -1000 -1000 -1000 -10 0.00143295
Car -1 -1 -10 1105.625 1158.492 1142.898 1200.000 -1 -1 -1 -1000 -1000 -1000 -10 0.00259193
Car -1 -1 -10 460.251 1102.085 705.456 1200.000 -1 -1 -1 -1000 -1000 -1000 -10 0.00255778
Car -1 -1 -10 962.116 651.890 1126.885 1200.000 -1 -1 -1 -1000 -1000 -1000 -10 0.00134818
Car -1 -1 -10 389.763 817.617 730.198 1197.621 -1 -1 -1 -1000 -1000 -1000 -10 0.00133692
Car -1 -1 -10 96.450 472.047 190.083 818.461 -1 -1 -1 -1000 -1000 -1000 -10 0.00247074
Car -1 -1 -10 581.536 1084.057 641.554 1200.000 -1 -1 -1 -1000 -1000 -1000 -10 0.00241021
Car -1 -1 -10 446.717 1061.427 830.095 1200.000 -1 -1 -1 -1000 -1000 -1000 -10 0.00130237
Car -1 -1 -10 900.180 804.737 1237.514 1198.044 -1 -1 -1 -1000 -1000 -1000 -10 0.00237605
Car -1 -1 -10 8.512 1105.740 197.726 1200.000 -1 -1 -1 -1000 -1000 -1000 -10 0.00256625
Car -1 -1 -10 249.373 986.787 801.335 1200.000 -1 -1 -1 -1000 -1000 -1000 -10 0.00127378
Car -1 -1 -10 458.421 826.611 620.865 1200.000 -1 -1 -1 -1000 -1000 -1000 -10 0.00252380
Car -1 -1 -10 1.494 1062.931 256.073 1200.000 -1 -1 -1 -1000 -1000 -1000 -10 0.00252856
Car -1 -1 -10 0.000 1106.298 90.965 1200.000 -1 -1 -1 -1000 -1000 -1000 -10 0.00121079
Car -1 -1 -10 533.091 825.419 693.071 1200.000 -1 -1 -1 -1000 -1000 -1000 -10 0.00119217
Car -1 -1 -10 508.355 1064.350 895.901 1200.000 -1 -1 -1 -1000 -1000 -1000 -10 0.00119187
Car -1 -1 -10 366.738 1105.157 618.277 1200.000 -1 -1 -1 -1000 -1000 -1000 -10 0.00117723
Car -1 -1 -10 21.277 749.837 146.985 1200.000 -1 -1 -1 -1000 -1000 -1000 -10 0.00114562
Car -1 -1 -10 523.351 752.811 651.199 1200.000 -1 -1 -1 -1000 -1000 -1000 -10 0.00112981
Car -1 -1 -10 15.637 987.989 368.303 1200.000 -1 -1 -1 -1000 -1000 -1000 -10 0.00111700
Car -1 -1 -10 658.645 593.332 806.826 1200.000 -1 -1 -1 -1000 -1000 -1000 -10 0.00108877
Car -1 -1 -10 510.862 649.527 776.769 1200.000 -1 -1 -1 -1000 -1000 -1000 -10 0.00108747
Car -1 -1 -10 438.195 793.963 787.762 1199.949 -1 -1 -1 -1000 -1000 -1000 -10 0.00107074
Car -1 -1 -10 427.697 749.755 554.809 1200.000 -1 -1 -1 -1000 -1000 -1000 -10 0.00105786
Car -1 -1 -10 321.240 529.022 683.930 1200.000 -1 -1 -1 -1000 -1000 -1000 -10 0.00104361
Car -1 -1 -10 483.643 674.321 1218.239 1179.693 -1 -1 -1 -1000 -1000 -1000 -10 0.00103031
