Car -1 -1 -10 730.794 492.306 1801.870 1193.035 -1 -1 -1 -1000 -1000 -1000 -10 0.88676760
Car -1 -1 -10 1220.130 480.842 1920.000 1200.000 -1 -1 -1 -1000 -1000 -1000 -10 0.11104077
Car -1 -1 -10 1759.901 545.641 1915.177 635.628 -1 -1 -1 -1000 -1000 -1000 -10 0.06538642
Car -1 -1 -10 800.608 492.721 1329.632 1118.557 -1 -1 -1 -1000 -1000 -1000 -10 0.03300750
Car -1 -1 -10 746.356 514.286 1387.703 1028.536 -1 -1 -1 -1000 -1000 -1000 -10 0.01266882
Car -1 -1 -10 1052.331 549.788 1843.283 996.486 -1 -1 -1 -1000 -1000 -1000 -10 0.00908305
Car -1 -1 -10 1409.238 556.969 1920.000 1200.000 -1 -1 -1 -1000 -1000 -1000 -10 0.00788190
Car -1 -1 -10 983.855 604.274 1563.528 1198.444 -1 -1 -1 -1000 -1000 -1000 -10 0.00557702
Car -1 -1 -10 1281.737 552.773 1855.963 906.410 -1 -1 -1 -1000 -1000 -1000 -10 0.00893273
Car -1 -1 -10 1222.670 796.405 1875.747 1196.757 -1 -1 -1 -1000 -1000 -1000 -10 0.00434694
Car -1 -1 -10 1085.053 564.798 1706.839 964.340 -1 -1 -1 -1000 -1000 -1000 -10 0.00406702
