Car -1 -1 -10 470.824 570.163 646.206 698.452 -1 -1 -1 -1000 -1000 -1000 -10 0.99995795
Car -1 -1 -10 821.537 572.542 896.996 644.370 -1 -1 -1 -1000 -1000 -1000 -10 0.99747518
Car -1 -1 -10 1311.903 521.625 1759.895 770.258 -1 -1 -1 -1000 -1000 -1000 -10 0.54329295
Car -1 -1 -10 1010.056 536.870 1268.111 690.298 -1 -1 -1 -1000 -1000 -1000 -10 0.98129833
Car -1 -1 -10 251.653 565.220 477.721 691.265 -1 -1 -1 -1000 -1000 -1000 -10 0.63400313
Car -1 -1 -10 615.640 570.312 722.308 649.951 -1 -1 -1 -1000 -1000 -1000 -10 0.87680094
Car -1 -1 -10 1181.178 524.967 1589.011 748.014 -1 -1 -1 -1000 -1000 -1000 -10 0.55694121
Car -1 -1 -10 0.000 563.493 216.443 735.746 -1 -1 -1 -1000 -1000 -1000 -10 0.44973656
Car -1 -1 -10 98.866 554.569 409.351 710.063 -1 -1 -1 -1000 -1000 -1000 -10 0.31218290
Car -1 -1 -10 179.192 555.824 470.852 693.020 -1 -1 -1 -1000 -1000 -1000 -10 0.12368067
Car -1 -1 -10 1125.418 504.220 1534.113 732.622 -1 -1 -1 -1000 -1000 -1000 -10 0.10424395
Car -1 -1 -10 8.335 543.259 377.981 716.324 -1 -1 -1 -1000 -1000 -1000 -10 0.08213647
Car -1 -1 -10 990.587 556.649 1168.920 665.667 -1 -1 -1 -1000 -1000 -1000 -10 0.18406378
Car -1 -1 -10 1093.429 519.616 1448.523 716.583 -1 -1 -1 -1000 -1000 -1000 -10 0.09073560
