Car -1 -1 -10 0.000 580.894 505.334 1200.000 -1 -1 -1 -1000 -1000 -1000 -10 0.01071893
Car -1 -1 -10 0.000 787.752 473.306 1198.580 -1 -1 -1 -1000 -1000 -1000 -10 0.00973376
Car -1 -1 -10 19.898 556.069 196.380 1192.093 -1 -1 -1 -1000 -1000 -1000 -10 0.00638117
Car -1 -1 -10 7.700 577.390 673.128 1188.227 -1 -1 -1 -1000 -1000 -1000 -10 0.00594790
Car -1 -1 -10 0.000 531.032 510.233 916.726 -1 -1 -1 -1000 -1000 -1000 -10 0.00281788
Car -1 -1 -10 0.000 937.331 325.984 1200.000 -1 -1 -1 -1000 -1000 -1000 -10 0.00243636
Car -1 -1 -10 0.000 862.392 286.378 1200.000 -1 -1 -1 -1000 -1000 -1000 -10 0.00419639
Car -1 -1 -10 203.348 592.724 361.265 684.722 -1 -1 -1 -1000 -1000 -1000 -10 0.00314646
Car -1 -1 -10 1.157 962.016 212.060 1200.000 -1 -1 -1 -1000 -1000 -1000 -10 0.00349425
Car -1 -1 -10 0.000 800.659 331.330 1200.000 -1 -1 -1 -1000 -1000 -1000 -10 0.00172737
Car -1 -1 -10 0.000 489.526 855.528 1182.288 -1 -1 -1 -1000 -1000 -1000 -10 0.00327919
Car -1 -1 -10 8.165 544.977 332.250 900.296 -1 -1 -1 -1000 -1000 -1000 -10 0.00149086
Car -1 -1 -10 0.000 576.845 261.990 967.330 -1 -1 -1 -1000 -1000 -1000 -10 0.00138609
Car -1 -1 -10 103.002 591.597 264.353 686.379 -1 -1 -1 -1000 -1000 -1000 -10 0.00125316
