Car -1 -1 -10 1060.980 556.693 1188.587 650.319 -1 -1 -1 -1000 -1000 -1000 -10 0.99978723
Car -1 -1 -10 0.000 596.283 937.464 1191.293 -1 -1 -1 -1000 -1000 -1000 -10 0.39740580
Car -1 -1 -10 991.274 560.024 1041.847 605.138 -1 -1 -1 -1000 -1000 -1000 -10 0.07238773
Car -1 -1 -10 12.378 724.331 598.464 1191.982 -1 -1 -1 -1000 -1000 -1000 -10 0.02796594
Car -1 -1 -10 667.633 820.792 1297.851 1188.254 -1 -1 -1 -1000 -1000 -1000 -10 0.00761765
Car -1 -1 -10 0.000 559.662 384.399 1200.000 -1 -1 -1 -1000 -1000 -1000 -10 0.00435734
Car -1 -1 -10 794.689 1044.892 1216.569 1200.000 -1 -1 -1 -1000 -1000 -1000 -10 0.01431682
Car -1 -1 -10 811.610 516.216 1920.000 1200.000 -1 -1 -1 -1000 -1000 -1000 -10 0.00834532
Car -1 -1 -10 938.617 1156.040 975.805 1200.000 -1 -1 -1 -1000 -1000 -1000 -10 0.00326427
Car -1 -1 -10 847.286 884.051 1151.495 1199.655 -1 -1 -1 -1000 -1000 -1000 -10 0.00586698
Car -1 -1 -10 30.239 372.278 399.370 1200.000 -1 -1 -1 -1000 -1000 -1000 -10 0.00587582
Car -1 -1 -10 933.174 678.614 1106.703 1190.481 -1 -1 -1 -1000 -1000 -1000 -10 0.00264017
Car -1 -1 -10 887.974 1097.700 1139.026 1200.000 -1 -1 -1 -1000 -1000 -1000 -10 0.00259051
Car -1 -1 -10 917.225 1055.787 1151.972 1196.791 -1 -1 -1 -1000 -1000 -1000 -10 0.00231058
Car -1 -1 -10 949.854 1087.171 1109.843 1190.461 -1 -1 -1 -1000 -1000 -1000 -10 0.00226673
Car -1 -1 -10 668.547 937.106 1295.538 1200.000 -1 -1 -1 -1000 -1000 -1000 -10 0.00219787
