Car -1 -1 -10 96.423 515.985 1332.533 1196.662 -1 -1 -1 -1000 -1000 -1000 -10 0.00774384
Car -1 -1 -10 1598.248 524.868 1919.288 1137.554 -1 -1 -1 -1000 -1000 -1000 -10 0.00200274
Car -1 -1 -10 1414.966 573.187 1920.000 1200.000 -1 -1 -1 -1000 -1000 -1000 -10 0.00377680
Car -1 -1 -10 1532.056 669.037 1916.616 983.501 -1 -1 -1 -1000 -1000 -1000 -10 0.00455148
Car -1 -1 -10 1462.913 813.318 1920.000 1200.000 -1 -1 -1 -1000 -1000 -1000 -10 0.00147742
Car -1 -1 -10 1532.858 550.694 1920.000 981.984 -1 -1 -1 -1000 -1000 -1000 -10 0.00129819
Car -1 -1 -10 1677.086 552.883 1919.099 891.694 -1 -1 -1 -1000 -1000 -1000 -10 0.00115737
Car -1 -1 -10 1450.327 426.233 1913.050 949.104 -1 -1 -1 -1000 -1000 -1000 -10 0.00196797
Car -1 -1 -10 1459.591 529.289 1920.000 908.257 -1 -1 -1 -1000 -1000 -1000 -10 0.00109279
Car -1 -1 -10 1627.508 728.989 1915.573 895.304 -1 -1 -1 -1000 -1000 -1000 -10 0.00199209
Car -1 -1 -10 1673.965 495.467 1903.563 947.119 -1 -1 -1 -1000 -1000 -1000 -10 0.00100557
Car -1 -1 -10 1492.442 404.571 1920.000 750.441 -1 -1 -1 -1000 -1000 -1000 -10 0.00093268
Car -1 -1 -10 408.804 1159.456 447.043 1200.000 -1 -1 -1 -1000 -1000 -1000 -10 0.00092786
Car -1 -1 -10 1573.348 601.749 1920.000 853.874 -1 -1 -1 -1000 -1000 -1000 -10 0.00084231
Car -1 -1 -10 0.000 808.473 461.747 1200.000 -1 -1 -1 -1000 -1000 -1000 -10 0.00078199
