Car -1 -1 -10 0.000 643.848 716.069 1199.784 -1 -1 -1 -1000 -1000 -1000 -10 0.02613123
Car -1 -1 -10 16.483 715.722 497.300 1200.000 -1 -1 -1 -1000 -1000 -1000 -10 0.00321328
Car -1 -1 -10 118.392 175.833 406.827 1188.454 -1 -1 -1 -1000 -1000 -1000 -10 0.00360425
Car -1 -1 -10 0.000 801.094 315.027 1198.468 -1 -1 -1 -1000 -1000 -1000 -10 0.00509871
Car -1 -1 -10 22.657 657.911 298.471 1200.000 -1 -1 -1 -1000 -1000 -1000 -10 0.00181405
Car -1 -1 -10 0.000 571.266 607.983 954.675 -1 -1 -1 -1000 -1000 -1000 -10 0.00172909
Car -1 -1 -10 1.483 1028.555 426.747 1200.000 -1 -1 -1 -1000 -1000 -1000 -10 0.00306340
Car -1 -1 -10 0.000 644.879 506.212 1007.688 -1 -1 -1 -1000 -1000 -1000 -10 0.00159033
Car -1 -1 -10 116.637 748.087 243.923 1200.000 -1 -1 -1 -1000 -1000 -1000 -10 0.00404262
Car -1 -1 -10 1.293 1024.297 293.885 1200.000 -1 -1 -1 -1000 -1000 -1000 -10 0.00143337
Car -1 -1 -10 44.158 657.649 217.969 1198.066 -1 -1 -1 -1000 -1000 -1000 -10 0.00134073
Car -1 -1 -10 20.649 746.462 146.684 1200.000 -1 -1 -1 -1000 -1000 -1000 -10 0.00263171
Car -1 -1 -10 9.862 905.462 545.469 1200.000 -1 -1 -1 -1000 -1000 -1000 -10 0.00230796
Car -1 -1 -10 0.000 1064.913 328.290 1200.000 -1 -1 -1 -1000 -1000 -1000 -10 0.00125569
Car -1 -1 -10 682.512 853.167 1347.077 1178.413 -1 -1 -1 -1000 -1000 -1000 -10 0.00123022
Car -1 -1 -10 96.444 822.920 262.096 1200.000 -1 -1 -1 -1000 -1000 -1000 -10 0.00116765
Car -1 -1 -10 5.786 1106.250 178.929 1200.000 -1 -1 -1 -1000 -1000 -1000 -10 0.00114721
Car -1 -1 -10 0.000 858.022 428.508 1200.000 -1 -1 -1 -1000 -1000 -1000 -10 0.00110171
Car -1 -1 -10 108.327 1035.080 565.319 1200.000 -1 -1 -1 -1000 -1000 -1000 -10 0.00109503
Car -1 -1 -10 32.116 370.987 396.340 1200.000 -1 -1 -1 -1000 -1000 -1000 -10 0.00108128
Car -1 -1 -10 930.409 675.991 1530.673 1056.195 -1 -1 -1 -1000 -1000 -1000 -10 0.00107268
Car -1 -1 -10 153.719 595.426 303.508 1200.000 -1 -1 -1 -1000 -1000 -1000 -10 0.00105151
Car -1 -1 -10 16.379 936.732 243.897 1200.000 -1 -1 -1 -1000 -1000 -1000 -10 0.00104081
Car -1 -1 -10 78.436 250.855 347.309 1200.000 -1 -1 -1 -1000 -1000 -1000 -10 0.00103935
Car -1 -1 -10 226.076 771.249 417.621 1200.000 -1 -1 -1 -1000 -1000 -1000 -10 0.00103120
Car -1 -1 -10 242.392 830.991 403.551 1200.000 -1 -1 -1 -1000 -1000 -1000 -10 0.00102344
Car -1 -1 -10 64.375 1012.558 162.355 1200.000 -1 -1 -1 -1000 -1000 -1000 -10 0.00097367
