Car -1 -1 -10 1077.170 576.058 1140.259 636.417 -1 -1 -1 -1000 -1000 -1000 -10 0.62833425
Car -1 -1 -10 273.384 586.085 385.127 658.458 -1 -1 -1 -1000 -1000 -1000 -10 0.23392554
Car -1 -1 -10 304.227 587.073 389.854 649.021 -1 -1 -1 -1000 -1000 -1000 -10 0.16011723
Car -1 -1 -10 913.363 568.944 952.568 614.021 -1 -1 -1 -1000 -1000 -1000 -10 0.00956768
Car -1 -1 -10 255.381 587.469 368.343 655.062 -1 -1 -1 -1000 -1000 -1000 -10 0.00840969
Car -1 -1 -10 268.656 594.059 338.155 649.636 -1 -1 -1 -1000 -1000 -1000 -10 0.00568453
Car -1 -1 -10 809.260 790.339 1389.414 1195.121 -1 -1 -1 -1000 -1000 -1000 -10 0.00430709
Car -1 -1 -10 67.672 804.269 664.773 1187.127 -1 -1 -1 -1000 -1000 -1000 -10 0.00223817
Car -1 -1 -10 0.000 559.264 369.139 1180.191 -1 -1 -1 -1000 -1000 -1000 -10 0.00302980
Car -1 -1 -10 0.000 800.433 455.065 1200.000 -1 -1 -1 -1000 -1000 -1000 -10 0.00099391
Car -1 -1 -10 863.696 1031.305 1297.778 1200.000 -1 -1 -1 -1000 -1000 -1000 -10 0.00097170
Car -1 -1 -10 180.875 795.344 407.580 1193.379 -1 -1 -1 -1000 -1000 -1000 -10 0.00094264
Car -1 -1 -10 959.832 1053.421 1379.136 1200.000 -1 -1 -1 -1000 -1000 -1000 -10 0.00171321
Car -1 -1 -10 289.494 1157.515 327.785 1200.000 -1 -1 -1 -1000 -1000 -1000 -10 0.00167223
Car -1 -1 -10 945.312 658.107 1143.158 1191.659 -1 -1 -1 -1000 -1000 -1000 -10 0.00090936
Car -1 -1 -10 709.150 2.174 1076.322 377.184 -1 -1 -1 -1000 -1000 -1000 -10 0.00090484
Car -1 -1 -10 278.798 659.664 465.969 1196.377 -1 -1 -1 -1000 -1000 -1000 -10 0.00168419
Car -1 -1 -10 936.389 361.790 1223.329 1200.000 -1 -1 -1 -1000 -1000 -1000 -10 0.00165508
Car -1 -1 -10 795.192 2.309 1164.370 376.505 -1 -1 -1 -1000 -1000 -1000 -10 0.00086348
Car -1 -1 -10 1712.914 831.967 1920.000 1192.021 -1 -1 -1 -1000 -1000 -1000 -10 0.00153727
Car -1 -1 -10 1025.841 1106.406 1272.461 1200.000 -1 -1 -1 -1000 -1000 -1000 -10 0.00078876
Car -1 -1 -10 920.522 872.193 1212.609 1200.000 -1 -1 -1 -1000 -1000 -1000 -10 0.00078741
Car -1 -1 -10 59.071 933.124 663.251 1200.000 -1 -1 -1 -1000 -1000 -1000 -10 0.00076542
Car -1 -1 -10 211.598 655.213 391.740 1191.491 -1 -1 -1 -1000 -1000 -1000 -10 0.00076515
Car -1 -1 -10 897.317 924.232 1545.452 1200.000 -1 -1 -1 -1000 -1000 -1000 -10 0.00145862
Car -1 -1 -10 757.957 981.456 1304.421 1200.000 -1 -1 -1 -1000 -1000 -1000 -10 0.00074253
Car -1 -1 -10 985.372 722.105 1290.148 1193.610 -1 -1 -1 -1000 -1000 -1000 -10 0.00072770
Car -1 -1 -10 1063.240 632.976 1213.000 1197.742 -1 -1 -1 -1000 -1000 -1000 -10 0.00072155
Car -1 -1 -10 161.267 1085.207 478.613 1200.000 -1 -1 -1 -1000 -1000 -1000 -10 0.00139362
Car -1 -1 -10 934.583 1084.778 1254.475 1200.000 -1 -1 -1 -1000 -1000 -1000 -10 0.00070576
Car -1 -1 -10 1.986 586.119 258.237 975.773 -1 -1 -1 -1000 -1000 -1000 -10 0.00070053
Car -1 -1 -10 267.944 832.013 427.466 1200.000 -1 -1 -1 -1000 -1000 -1000 -10 0.00068127
Car -1 -1 -10 1027.412 754.507 1154.977 1200.000 -1 -1 -1 -1000 -1000 -1000 -10 0.00067801
Car -1 -1 -10 1013.028 829.807 1174.693 1200.000 -1 -1 -1 -1000 -1000 -1000 -10 0.00065776
Car -1 -1 -10 215.526 751.184 601.557 1200.000 -1 -1 -1 -1000 -1000 -1000 -10 0.00065481
Car -1 -1 -10 968.662 592.954 1122.737 1200.000 -1 -1 -1 -1000 -1000 -1000 -10 0.00065182
