Car -1 -1 -10 717.954 597.651 856.088 707.895 -1 -1 -1 -1000 -1000 -1000 -10 0.99964434
Car -1 -1 -10 648.068 609.835 706.758 660.185 -1 -1 -1 -1000 -1000 -1000 -10 0.24720980
Car -1 -1 -10 1522.413 563.115 1680.597 672.466 -1 -1 -1 -1000 -1000 -1000 -10 0.07900235
Car -1 -1 -10 0.000 787.671 465.959 1196.758 -1 -1 -1 -1000 -1000 -1000 -10 0.01101341
Car -1 -1 -10 0.000 606.894 511.973 1200.000 -1 -1 -1 -1000 -1000 -1000 -10 0.00285353
Car -1 -1 -10 0.000 529.452 830.857 1181.239 -1 -1 -1 -1000 -1000 -1000 -10 0.00681272
Car -1 -1 -10 48.320 571.149 209.981 1195.403 -1 -1 -1 -1000 -1000 -1000 -10 0.00351277
Car -1 -1 -10 63.183 200.713 367.133 1196.131 -1 -1 -1 -1000 -1000 -1000 -10 0.00166815
Car -1 -1 -10 0.000 932.641 324.495 1200.000 -1 -1 -1 -1000 -1000 -1000 -10 0.00249176
Car -1 -1 -10 456.132 622.215 513.543 671.446 -1 -1 -1 -1000 -1000 -1000 -10 0.00155881
Car -1 -1 -10 0.000 796.435 332.762 1200.000 -1 -1 -1 -1000 -1000 -1000 -10 0.00088211
Car -1 -1 -10 678.616 488.233 904.941 833.728 -1 -1 -1 -1000 -1000 -1000 -10 0.00078116
Car -1 -1 -10 80.046 542.219 234.240 1200.000 -1 -1 -1 -1000 -1000 -1000 -10 0.00073378
