Car -1 -1 -10 420.267 141.153 1920.000 1200.000 -1 -1 -1 -1000 -1000 -1000 -10 0.01837808
Car -1 -1 -10 928.947 511.365 1920.000 1199.739 -1 -1 -1 -1000 -1000 -1000 -10 0.02668789
Car -1 -1 -10 1444.576 491.996 1919.162 1009.798 -1 -1 -1 -1000 -1000 -1000 -10 0.01025622
Car -1 -1 -10 1407.186 635.183 1920.000 1012.274 -1 -1 -1 -1000 -1000 -1000 -10 0.00533213
Car -1 -1 -10 1370.123 541.265 1910.524 964.940 -1 -1 -1 -1000 -1000 -1000 -10 0.00508206
Car -1 -1 -10 1264.090 394.994 1920.000 1108.180 -1 -1 -1 -1000 -1000 -1000 -10 0.00467103
Car -1 -1 -10 1466.628 516.041 1920.000 843.989 -1 -1 -1 -1000 -1000 -1000 -10 0.00459464
Car -1 -1 -10 1595.425 627.056 1893.616 791.506 -1 -1 -1 -1000 -1000 -1000 -10 0.00770967
Car -1 -1 -10 1535.057 502.228 1919.289 764.672 -1 -1 -1 -1000 -1000 -1000 -10 0.01149909
Car -1 -1 -10 1647.656 550.775 1879.899 681.830 -1 -1 -1 -1000 -1000 -1000 -10 0.00402262
Car -1 -1 -10 1206.026 457.737 1868.082 843.409 -1 -1 -1 -1000 -1000 -1000 -10 0.00705511
Car -1 -1 -10 1255.651 598.904 1753.179 863.825 -1 -1 -1 -1000 -1000 -1000 -10 0.00354936
Car -1 -1 -10 1099.478 548.876 1848.089 964.960 -1 -1 -1 -1000 -1000 -1000 -10 0.00342913
Car -1 -1 -10 1488.678 656.403 1920.000 898.744 -1 -1 -1 -1000 -1000 -1000 -10 0.00330610
Car -1 -1 -10 1258.778 385.251 1730.075 667.495 -1 -1 -1 -1000 -1000 -1000 -10 0.00326020
Car -1 -1 -10 1502.429 277.596 1920.000 762.144 -1 -1 -1 -1000 -1000 -1000 -10 0.00321269
Car -1 -1 -10 1584.929 286.106 1920.000 950.870 -1 -1 -1 -1000 -1000 -1000 -10 0.00314882
Car -1 -1 -10 1350.250 167.014 1920.000 1200.000 -1 -1 -1 -1000 -1000 -1000 -10 0.00308604
Car -1 -1 -10 1224.121 427.340 1785.073 736.452 -1 -1 -1 -1000 -1000 -1000 -10 0.00304370
Car -1 -1 -10 1616.806 380.025 1903.066 895.581 -1 -1 -1 -1000 -1000 -1000 -10 0.00302879
Car -1 -1 -10 1689.883 586.655 1851.371 690.939 -1 -1 -1 -1000 -1000 -1000 -10 0.00290635
Car -1 -1 -10 1629.348 559.872 1911.465 721.252 -1 -1 -1 -1000 -1000 -1000 -10 0.00285865
Car -1 -1 -10 1199.916 644.068 1920.000 1075.938 -1 -1 -1 -1000 -1000 -1000 -10 0.00256635
