Car -1 -1 -10 0.000 801.363 455.146 1199.130 -1 -1 -1 -1000 -1000 -1000 -10 0.00497007
Car -1 -1 -10 26.285 627.313 681.226 1087.085 -1 -1 -1 -1000 -1000 -1000 -10 0.00264864
Car -1 -1 -10 0.000 808.263 212.959 1192.797 -1 -1 -1 -1000 -1000 -1000 -10 0.00223223
Car -1 -1 -10 0.000 512.986 969.205 1183.348 -1 -1 -1 -1000 -1000 -1000 -10 0.00352272
Car -1 -1 -10 1656.023 794.839 1812.192 885.794 -1 -1 -1 -1000 -1000 -1000 -10 0.00165931
Car -1 -1 -10 1459.261 637.787 1910.010 1005.786 -1 -1 -1 -1000 -1000 -1000 -10 0.00075866
Car -1 -1 -10 1577.371 583.956 1920.000 1200.000 -1 -1 -1 -1000 -1000 -1000 -10 0.00132074
Car -1 -1 -10 1579.489 794.323 1737.936 883.320 -1 -1 -1 -1000 -1000 -1000 -10 0.00232989
Car -1 -1 -10 1400.327 489.622 1886.210 1200.000 -1 -1 -1 -1000 -1000 -1000 -10 0.00063731
Car -1 -1 -10 1532.693 722.638 1920.000 1041.205 -1 -1 -1 -1000 -1000 -1000 -10 0.00063223
Car -1 -1 -10 1544.803 698.082 1896.686 1199.873 -1 -1 -1 -1000 -1000 -1000 -10 0.00119369
Car -1 -1 -10 8.271 978.811 348.948 1200.000 -1 -1 -1 -1000 -1000 -1000 -10 0.00122641
Car -1 -1 -10 177.373 631.051 481.060 1200.000 -1 -1 -1 -1000 -1000 -1000 -10 0.00061824
Car -1 -1 -10 1610.900 815.343 1766.628 908.868 -1 -1 -1 -1000 -1000 -1000 -10 0.00060999
Car -1 -1 -10 66.340 590.977 193.738 1194.036 -1 -1 -1 -1000 -1000 -1000 -10 0.00115026
Car -1 -1 -10 272.731 592.897 469.026 1200.000 -1 -1 -1 -1000 -1000 -1000 -10 0.00058744
Car -1 -1 -10 1381.920 535.438 1902.627 982.120 -1 -1 -1 -1000 -1000 -1000 -10 0.00112278
Car -1 -1 -10 1461.805 348.713 1920.000 706.324 -1 -1 -1 -1000 -1000 -1000 -10 0.00056409
Car -1 -1 -10 152.763 390.076 477.372 1200.000 -1 -1 -1 -1000 -1000 -1000 -10 0.00052011
Car -1 -1 -10 371.170 584.577 561.725 1176.514 -1 -1 -1 -1000 -1000 -1000 -10 0.00051802
Car -1 -1 -10 1405.091 338.937 1909.357 786.296 -1 -1 -1 -1000 -1000 -1000 -10 0.00050120
Car -1 -1 -10 94.759 631.741 601.078 1138.794 -1 -1 -1 -1000 -1000 -1000 -10 0.00048317
Car -1 -1 -10 1532.646 736.811 1825.300 889.680 -1 -1 -1 -1000 -1000 -1000 -10 0.00047613
Car -1 -1 -10 0.000 1166.906 24.491 1200.000 -1 -1 -1 -1000 -1000 -1000 -10 0.00047436
Car -1 -1 -10 1196.877 232.639 1735.233 618.678 -1 -1 -1 -1000 -1000 -1000 -10 0.00047312
Car -1 -1 -10 1356.682 247.164 1913.121 682.154 -1 -1 -1 -1000 -1000 -1000 -10 0.00047176
Car -1 -1 -10 272.202 512.157 426.833 1200.000 -1 -1 -1 -1000 -1000 -1000 -10 0.00046608
Car -1 -1 -10 1480.364 496.219 1917.155 853.823 -1 -1 -1 -1000 -1000 -1000 -10 0.00045467
Car -1 -1 -10 1684.577 812.045 1847.350 912.661 -1 -1 -1 -1000 -1000 -1000 -10 0.00045343
Car -1 -1 -10 601.073 656.448 769.440 1191.644 -1 -1 -1 -1000 -1000 -1000 -10 0.00045069
Car -1 -1 -10 1357.904 604.851 1680.048 1185.658 -1 -1 -1 -1000 -1000 -1000 -10 0.00044954
Car -1 -1 -10 1418.531 641.302 1755.792 1200.000 -1 -1 -1 -1000 -1000 -1000 -10 0.00044878
Car -1 -1 -10 1580.789 918.944 1920.000 1200.000 -1 -1 -1 -1000 -1000 -1000 -10 0.00042603
