Car -1 -1 -10 1201.464 548.888 1412.561 706.702 -1 -1 -1 -1000 -1000 -1000 -10 0.95449020
Car -1 -1 -10 1533.662 526.335 1775.353 636.481 -1 -1 -1 -1000 -1000 -1000 -10 0.54896517
Car -1 -1 -10 1757.327 536.203 1918.708 634.388 -1 -1 -1 -1000 -1000 -1000 -10 0.01937818
Car -1 -1 -10 1739.073 518.410 1912.168 644.232 -1 -1 -1 -1000 -1000 -1000 -10 0.00592352
Car -1 -1 -10 0.000 795.215 458.130 1196.727 -1 -1 -1 -1000 -1000 -1000 -10 0.00636432
Car -1 -1 -10 3.879 1016.475 285.958 1200.000 -1 -1 -1 -1000 -1000 -1000 -10 0.00194569
Car -1 -1 -10 17.564 352.496 311.004 1200.000 -1 -1 -1 -1000 -1000 -1000 -10 0.00356132
Car -1 -1 -10 25.799 540.147 732.603 1200.000 -1 -1 -1 -1000 -1000 -1000 -10 0.00370368
Car -1 -1 -10 201.896 814.570 817.149 1191.966 -1 -1 -1 -1000 -1000 -1000 -10 0.00341608
Car -1 -1 -10 22.334 812.114 659.166 1194.542 -1 -1 -1 -1000 -1000 -1000 -10 0.00184482
Car -1 -1 -10 0.000 873.601 269.882 1200.000 -1 -1 -1 -1000 -1000 -1000 -10 0.00180141
Car -1 -1 -10 57.027 1101.923 227.035 1200.000 -1 -1 -1 -1000 -1000 -1000 -10 0.00339321
Car -1 -1 -10 2.439 797.134 304.711 1199.029 -1 -1 -1 -1000 -1000 -1000 -10 0.00167490
Car -1 -1 -10 813.354 792.126 1414.589 1187.664 -1 -1 -1 -1000 -1000 -1000 -10 0.00167388
Car -1 -1 -10 13.247 599.695 206.961 1184.931 -1 -1 -1 -1000 -1000 -1000 -10 0.00167109
Car -1 -1 -10 68.915 346.575 364.872 1200.000 -1 -1 -1 -1000 -1000 -1000 -10 0.00307431
Car -1 -1 -10 0.000 1056.344 317.572 1200.000 -1 -1 -1 -1000 -1000 -1000 -10 0.00164237
Car -1 -1 -10 359.405 1103.461 603.591 1200.000 -1 -1 -1 -1000 -1000 -1000 -10 0.00296687
Car -1 -1 -10 13.598 683.675 252.729 1200.000 -1 -1 -1 -1000 -1000 -1000 -10 0.00302898
Car -1 -1 -10 280.846 1039.863 697.894 1200.000 -1 -1 -1 -1000 -1000 -1000 -10 0.00450178
Car -1 -1 -10 110.279 1043.537 520.475 1200.000 -1 -1 -1 -1000 -1000 -1000 -10 0.00315351
Car -1 -1 -10 419.206 662.632 609.103 1186.513 -1 -1 -1 -1000 -1000 -1000 -10 0.00159155
Car -1 -1 -10 53.270 929.782 667.274 1200.000 -1 -1 -1 -1000 -1000 -1000 -10 0.00155843
Car -1 -1 -10 1172.418 1081.609 1233.070 1200.000 -1 -1 -1 -1000 -1000 -1000 -10 0.00155443
Car -1 -1 -10 447.808 1111.674 529.670 1200.000 -1 -1 -1 -1000 -1000 -1000 -10 0.00154525
Car -1 -1 -10 1036.834 1033.338 1463.672 1200.000 -1 -1 -1 -1000 -1000 -1000 -10 0.00279101
Car -1 -1 -10 160.771 1111.473 240.905 1200.000 -1 -1 -1 -1000 -1000 -1000 -10 0.00148699
Car -1 -1 -10 77.471 931.808 222.847 1198.792 -1 -1 -1 -1000 -1000 -1000 -10 0.00148006
Car -1 -1 -10 122.851 1080.554 183.425 1200.000 -1 -1 -1 -1000 -1000 -1000 -10 0.00146634
Car -1 -1 -10 278.254 662.795 468.485 1192.241 -1 -1 -1 -1000 -1000 -1000 -10 0.00146547
Car -1 -1 -10 218.674 832.176 380.331 1200.000 -1 -1 -1 -1000 -1000 -1000 -10 0.00146130
Car -1 -1 -10 179.232 1103.883 425.465 1200.000 -1 -1 -1 -1000 -1000 -1000 -10 0.00144966
Car -1 -1 -10 411.162 832.253 572.033 1200.000 -1 -1 -1 -1000 -1000 -1000 -10 0.00144575
Car -1 -1 -10 103.030 1019.559 197.206 1200.000 -1 -1 -1 -1000 -1000 -1000 -10 0.00142867
Car -1 -1 -10 1180.747 1101.586 1352.652 1200.000 -1 -1 -1 -1000 -1000 -1000 -10 0.00142304
Car -1 -1 -10 1115.023 1082.627 1424.945 1200.000 -1 -1 -1 -1000 -1000 -1000 -10 0.00140512
Car -1 -1 -10 1730.137 462.276 1911.392 660.120 -1 -1 -1 -1000 -1000 -1000 -10 0.00139795
Car -1 -1 -10 1082.754 795.886 1431.954 1195.797 -1 -1 -1 -1000 -1000 -1000 -10 0.00139530
Car -1 -1 -10 1148.680 1078.867 1209.971 1200.000 -1 -1 -1 -1000 -1000 -1000 -10 0.00138638
Car -1 -1 -10 393.347 513.521 1558.166 1199.227 -1 -1 -1 -1000 -1000 -1000 -10 0.00271629
Car -1 -1 -10 1118.471 874.359 1404.899 1200.000 -1 -1 -1 -1000 -1000 -1000 -10 0.00136556
Car -1 -1 -10 393.385 594.861 544.016 1194.617 -1 -1 -1 -1000 -1000 -1000 -10 0.00136257
Car -1 -1 -10 175.508 643.765 440.817 1200.000 -1 -1 -1 -1000 -1000 -1000 -10 0.00134232
Car -1 -1 -10 893.178 930.693 1506.991 1200.000 -1 -1 -1 -1000 -1000 -1000 -10 0.00258074
Car -1 -1 -10 133.084 1121.879 173.299 1200.000 -1 -1 -1 -1000 -1000 -1000 -10 0.00133480
Car -1 -1 -10 291.615 825.074 451.416 1200.000 -1 -1 -1 -1000 -1000 -1000 -10 0.00132884
Car -1 -1 -10 458.876 568.716 561.769 640.050 -1 -1 -1 -1000 -1000 -1000 -10 0.00132155
Car -1 -1 -10 99.144 1080.636 158.980 1200.000 -1 -1 -1 -1000 -1000 -1000 -10 0.00131910
Car -1 -1 -10 41.109 750.471 170.793 1193.066 -1 -1 -1 -1000 -1000 -1000 -10 0.00131469
Car -1 -1 -10 375.223 872.170 660.314 1200.000 -1 -1 -1 -1000 -1000 -1000 -10 0.00130839
Car -1 -1 -10 14.247 1034.774 401.644 1200.000 -1 -1 -1 -1000 -1000 -1000 -10 0.00130762
Car -1 -1 -10 250.863 650.998 443.707 1188.486 -1 -1 -1 -1000 -1000 -1000 -10 0.00129086
Car -1 -1 -10 164.952 352.416 453.782 1200.000 -1 -1 -1 -1000 -1000 -1000 -10 0.00128331
Car -1 -1 -10 0.000 937.984 322.720 1200.000 -1 -1 -1 -1000 -1000 -1000 -10 0.00127162
Car -1 -1 -10 416.032 586.236 566.144 1200.000 -1 -1 -1 -1000 -1000 -1000 -10 0.00127068
