Car -1 -1 -10 0.000 611.242 525.414 1194.430 -1 -1 -1 -1000 -1000 -1000 -10 0.01395074
Car -1 -1 -10 0.000 747.894 590.357 1200.000 -1 -1 -1 -1000 -1000 -1000 -10 0.00682674
Car -1 -1 -10 1436.488 431.690 1920.000 800.143 -1 -1 -1 -1000 -1000 -1000 -10 0.00221276
Car -1 -1 -10 11.803 235.605 304.322 1198.046 -1 -1 -1 -1000 -1000 -1000 -10 0.00355957
Car -1 -1 -10 1446.075 261.384 1917.921 631.436 -1 -1 -1 -1000 -1000 -1000 -10 0.00298161
Car -1 -1 -10 1484.527 381.245 1920.000 749.670 -1 -1 -1 -1000 -1000 -1000 -10 0.00186290
Car -1 -1 -10 0.426 759.560 313.445 1195.212 -1 -1 -1 -1000 -1000 -1000 -10 0.00385548
Car -1 -1 -10 1644.746 313.824 1806.512 410.996 -1 -1 -1 -1000 -1000 -1000 -10 0.00274971
Car -1 -1 -10 0.191 1060.972 333.950 1200.000 -1 -1 -1 -1000 -1000 -1000 -10 0.00145894
Car -1 -1 -10 1382.492 329.585 1913.943 779.109 -1 -1 -1 -1000 -1000 -1000 -10 0.00244464
Car -1 -1 -10 0.000 910.266 401.463 1200.000 -1 -1 -1 -1000 -1000 -1000 -10 0.00138216
Car -1 -1 -10 12.910 984.710 427.040 1200.000 -1 -1 -1 -1000 -1000 -1000 -10 0.00134696
Car -1 -1 -10 116.804 757.849 243.536 1200.000 -1 -1 -1 -1000 -1000 -1000 -10 0.00244370
Car -1 -1 -10 1510.115 510.385 1916.448 843.477 -1 -1 -1 -1000 -1000 -1000 -10 0.00131254
Car -1 -1 -10 53.950 692.351 206.906 1200.000 -1 -1 -1 -1000 -1000 -1000 -10 0.00127262
Car -1 -1 -10 1551.474 575.523 1913.140 869.219 -1 -1 -1 -1000 -1000 -1000 -10 0.00126951
Car -1 -1 -10 704.934 648.769 897.867 1183.340 -1 -1 -1 -1000 -1000 -1000 -10 0.00236857
Car -1 -1 -10 119.674 635.792 409.811 1200.000 -1 -1 -1 -1000 -1000 -1000 -10 0.00114821
Car -1 -1 -10 669.230 0.000 1095.590 172.692 -1 -1 -1 -1000 -1000 -1000 -10 0.00109247
Car -1 -1 -10 773.392 8.998 1026.258 480.088 -1 -1 -1 -1000 -1000 -1000 -10 0.00106763
Car -1 -1 -10 1617.709 554.724 1911.723 720.439 -1 -1 -1 -1000 -1000 -1000 -10 0.00102486
Car -1 -1 -10 37.599 1158.428 74.557 1200.000 -1 -1 -1 -1000 -1000 -1000 -10 0.00102476
Car -1 -1 -10 1535.228 382.439 1917.694 671.226 -1 -1 -1 -1000 -1000 -1000 -10 0.00098259
Car -1 -1 -10 45.305 734.932 170.729 1200.000 -1 -1 -1 -1000 -1000 -1000 -10 0.00090026
