Car -1 -1 -10 0.000 532.753 436.877 745.228 -1 -1 -1 -1000 -1000 -1000 -10 0.60367957
Car -1 -1 -10 296.071 543.977 703.663 1191.619 -1 -1 -1 -1000 -1000 -1000 -10 0.03097336
Car -1 -1 -10 84.365 495.360 1113.055 1186.269 -1 -1 -1 -1000 -1000 -1000 -10 0.02797104
Car -1 -1 -10 331.411 582.942 565.023 1083.219 -1 -1 -1 -1000 -1000 -1000 -10 0.01786778
Car -1 -1 -10 1228.799 546.096 1392.598 626.316 -1 -1 -1 -1000 -1000 -1000 -10 0.01623780
Car -1 -1 -10 968.760 631.334 1327.075 1190.766 -1 -1 -1 -1000 -1000 -1000 -10 0.01322350
Car -1 -1 -10 1364.003 574.295 1916.211 942.442 -1 -1 -1 -1000 -1000 -1000 -10 0.01710968
Car -1 -1 -10 270.283 529.051 635.871 738.456 -1 -1 -1 -1000 -1000 -1000 -10 0.01685302
Car -1 -1 -10 146.254 554.500 461.705 713.923 -1 -1 -1 -1000 -1000 -1000 -10 0.01109284
Car -1 -1 -10 482.244 504.087 1565.203 1183.319 -1 -1 -1 -1000 -1000 -1000 -10 0.00926550
Car -1 -1 -10 1070.355 620.427 1628.653 1020.295 -1 -1 -1 -1000 -1000 -1000 -10 0.00494930
Car -1 -1 -10 710.325 790.826 1397.959 1200.000 -1 -1 -1 -1000 -1000 -1000 -10 0.00788562
Car -1 -1 -10 1403.425 512.644 1915.408 985.922 -1 -1 -1 -1000 -1000 -1000 -10 0.00383348
Car -1 -1 -10 1116.199 572.858 1527.985 799.068 -1 -1 -1 -1000 -1000 -1000 -10 0.00557898
Car -1 -1 -10 1241.074 549.913 1352.071 619.488 -1 -1 -1 -1000 -1000 -1000 -10 0.00660520
Car -1 -1 -10 33.722 587.703 629.603 1148.935 -1 -1 -1 -1000 -1000 -1000 -10 0.00555140
Car -1 -1 -10 1512.811 651.569 1920.000 881.309 -1 -1 -1 -1000 -1000 -1000 -10 0.00313174
Car -1 -1 -10 1105.998 587.082 1674.523 956.243 -1 -1 -1 -1000 -1000 -1000 -10 0.00248709
Car -1 -1 -10 1541.094 610.537 1920.000 857.183 -1 -1 -1 -1000 -1000 -1000 -10 0.00233083
Car -1 -1 -10 228.131 558.853 414.703 725.204 -1 -1 -1 -1000 -1000 -1000 -10 0.00433245
Car -1 -1 -10 32.481 95.622 217.684 1200.000 -1 -1 -1 -1000 -1000 -1000 -10 0.00207694
Car -1 -1 -10 384.593 548.574 796.470 1196.552 -1 -1 -1 -1000 -1000 -1000 -10 0.00201431
Car -1 -1 -10 420.432 645.970 755.176 995.905 -1 -1 -1 -1000 -1000 -1000 -10 0.00196814
