Car -1 -1 -10 226.354 671.661 1213.946 1196.720 -1 -1 -1 -1000 -1000 -1000 -10 0.08132552
Car -1 -1 -10 0.000 517.217 1105.999 1191.045 -1 -1 -1 -1000 -1000 -1000 -10 0.02145653
Car -1 -1 -10 80.225 768.062 961.571 1183.272 -1 -1 -1 -1000 -1000 -1000 -10 0.00449843
Car -1 -1 -10 271.947 687.821 699.863 965.386 -1 -1 -1 -1000 -1000 -1000 -10 0.00661672
Car -1 -1 -10 0.000 796.795 462.610 1198.480 -1 -1 -1 -1000 -1000 -1000 -10 0.00764534
Car -1 -1 -10 374.280 485.395 568.703 1200.000 -1 -1 -1 -1000 -1000 -1000 -10 0.00177829
Car -1 -1 -10 32.429 594.201 229.554 1187.217 -1 -1 -1 -1000 -1000 -1000 -10 0.00401487
Car -1 -1 -10 0.000 1157.327 35.990 1200.000 -1 -1 -1 -1000 -1000 -1000 -10 0.00162417
Car -1 -1 -10 7.202 1107.204 259.089 1200.000 -1 -1 -1 -1000 -1000 -1000 -10 0.00553229
Car -1 -1 -10 76.228 632.866 791.172 1101.350 -1 -1 -1 -1000 -1000 -1000 -10 0.00367142
Car -1 -1 -10 184.448 642.630 847.953 1069.654 -1 -1 -1 -1000 -1000 -1000 -10 0.00151983
Car -1 -1 -10 128.659 0.924 570.214 301.731 -1 -1 -1 -1000 -1000 -1000 -10 0.00150341
Car -1 -1 -10 50.493 1140.323 166.213 1200.000 -1 -1 -1 -1000 -1000 -1000 -10 0.00279780
Car -1 -1 -10 199.058 8.522 568.224 216.296 -1 -1 -1 -1000 -1000 -1000 -10 0.00138607
Car -1 -1 -10 92.523 1157.982 129.991 1200.000 -1 -1 -1 -1000 -1000 -1000 -10 0.00249188
Car -1 -1 -10 360.861 346.261 529.066 1189.530 -1 -1 -1 -1000 -1000 -1000 -10 0.00231905
Car -1 -1 -10 313.775 50.477 442.254 171.594 -1 -1 -1 -1000 -1000 -1000 -10 0.00124189
Car -1 -1 -10 257.878 387.769 563.801 1200.000 -1 -1 -1 -1000 -1000 -1000 -10 0.00120839
Car -1 -1 -10 297.476 572.716 628.846 1200.000 -1 -1 -1 -1000 -1000 -1000 -10 0.00239066
Car -1 -1 -10 327.476 567.479 614.656 1084.989 -1 -1 -1 -1000 -1000 -1000 -10 0.00120022
Car -1 -1 -10 299.995 42.045 460.188 139.837 -1 -1 -1 -1000 -1000 -1000 -10 0.00119450
Car -1 -1 -10 0.000 805.964 211.034 1195.741 -1 -1 -1 -1000 -1000 -1000 -10 0.00118488
Car -1 -1 -10 64.552 1121.470 146.148 1200.000 -1 -1 -1 -1000 -1000 -1000 -10 0.00116985
Car -1 -1 -10 375.648 187.967 679.094 1190.895 -1 -1 -1 -1000 -1000 -1000 -10 0.00206778
Car -1 -1 -10 232.905 27.838 531.595 193.634 -1 -1 -1 -1000 -1000 -1000 -10 0.00114330
Car -1 -1 -10 10.478 1002.607 410.565 1200.000 -1 -1 -1 -1000 -1000 -1000 -10 0.00218474
Car -1 -1 -10 12.273 365.869 309.690 1200.000 -1 -1 -1 -1000 -1000 -1000 -10 0.00105369
Car -1 -1 -10 33.215 688.160 183.252 1200.000 -1 -1 -1 -1000 -1000 -1000 -10 0.00104597
Car -1 -1 -10 570.696 259.710 878.768 1197.740 -1 -1 -1 -1000 -1000 -1000 -10 0.00196795
Car -1 -1 -10 448.832 678.065 1011.255 1098.336 -1 -1 -1 -1000 -1000 -1000 -10 0.00098920
