Car -1 -1 -10 747.430 560.414 852.943 629.492 -1 -1 -1 -1000 -1000 -1000 -10 0.97969638
Car -1 -1 -10 19.601 574.764 240.636 679.898 -1 -1 -1 -1000 -1000 -1000 -10 0.84932518
Car -1 -1 -10 834.774 563.865 917.774 623.785 -1 -1 -1 -1000 -1000 -1000 -10 0.05678350
Car -1 -1 -10 1493.107 575.827 1585.789 633.080 -1 -1 -1 -1000 -1000 -1000 -10 0.02834478
Car -1 -1 -10 0.000 595.471 54.742 668.903 -1 -1 -1 -1000 -1000 -1000 -10 0.00580751
Car -1 -1 -10 1431.466 575.784 1577.018 647.677 -1 -1 -1 -1000 -1000 -1000 -10 0.00880011
Car -1 -1 -10 0.000 550.431 638.933 1185.458 -1 -1 -1 -1000 -1000 -1000 -10 0.01216968
Car -1 -1 -10 0.481 590.233 123.893 682.723 -1 -1 -1 -1000 -1000 -1000 -10 0.00834572
Car -1 -1 -10 0.000 503.603 854.254 1187.080 -1 -1 -1 -1000 -1000 -1000 -10 0.00570710
Car -1 -1 -10 0.000 579.525 506.349 1195.604 -1 -1 -1 -1000 -1000 -1000 -10 0.00278878
Car -1 -1 -10 0.000 781.172 458.402 1192.247 -1 -1 -1 -1000 -1000 -1000 -10 0.00461883
Car -1 -1 -10 1691.779 544.670 1869.561 633.324 -1 -1 -1 -1000 -1000 -1000 -10 0.00372195
Car -1 -1 -10 15.232 558.366 312.875 908.281 -1 -1 -1 -1000 -1000 -1000 -10 0.00307625
Car -1 -1 -10 1279.488 570.609 1318.578 636.528 -1 -1 -1 -1000 -1000 -1000 -10 0.00172416
Car -1 -1 -10 450.513 603.869 579.206 1189.756 -1 -1 -1 -1000 -1000 -1000 -10 0.00158760
Car -1 -1 -10 497.586 590.000 628.178 1193.537 -1 -1 -1 -1000 -1000 -1000 -10 0.00279633
Car -1 -1 -10 74.636 232.845 379.777 1188.872 -1 -1 -1 -1000 -1000 -1000 -10 0.00264643
Car -1 -1 -10 0.641 822.629 274.772 1200.000 -1 -1 -1 -1000 -1000 -1000 -10 0.00384304
Car -1 -1 -10 5.724 1058.082 305.779 1200.000 -1 -1 -1 -1000 -1000 -1000 -10 0.00130594
Car -1 -1 -10 19.682 745.725 146.879 1198.445 -1 -1 -1 -1000 -1000 -1000 -10 0.00127954
Car -1 -1 -10 820.488 569.989 964.413 641.461 -1 -1 -1 -1000 -1000 -1000 -10 0.00127895
Car -1 -1 -10 401.456 569.690 530.844 1193.054 -1 -1 -1 -1000 -1000 -1000 -10 0.00126336
Car -1 -1 -10 349.217 621.756 736.571 1196.287 -1 -1 -1 -1000 -1000 -1000 -10 0.00122943
Car -1 -1 -10 11.633 1103.096 217.898 1200.000 -1 -1 -1 -1000 -1000 -1000 -10 0.00120781
Car -1 -1 -10 1487.625 503.798 1920.000 1036.270 -1 -1 -1 -1000 -1000 -1000 -10 0.00119964
Car -1 -1 -10 14.818 988.942 394.630 1200.000 -1 -1 -1 -1000 -1000 -1000 -10 0.00118275
Car -1 -1 -10 45.017 749.147 171.733 1200.000 -1 -1 -1 -1000 -1000 -1000 -10 0.00225882
Car -1 -1 -10 177.343 1158.902 213.900 1200.000 -1 -1 -1 -1000 -1000 -1000 -10 0.00114597
Car -1 -1 -10 884.136 611.698 1012.176 1193.184 -1 -1 -1 -1000 -1000 -1000 -10 0.00113160
