Car -1 -1 -10 1000.440 577.018 1115.375 664.892 -1 -1 -1 -1000 -1000 -1000 -10 0.99745704
Car -1 -1 -10 674.738 595.413 722.512 642.179 -1 -1 -1 -1000 -1000 -1000 -10 0.00582978
Car -1 -1 -10 1539.533 643.166 1917.326 921.861 -1 -1 -1 -1000 -1000 -1000 -10 0.00331444
Car -1 -1 -10 1261.382 564.346 1915.308 947.811 -1 -1 -1 -1000 -1000 -1000 -10 0.00577862
Car -1 -1 -10 1414.997 595.986 1920.000 1199.036 -1 -1 -1 -1000 -1000 -1000 -10 0.00556511
Car -1 -1 -10 1364.302 613.419 1800.047 841.372 -1 -1 -1 -1000 -1000 -1000 -10 0.00351974
Car -1 -1 -10 1237.641 438.067 1857.376 803.502 -1 -1 -1 -1000 -1000 -1000 -10 0.00387472
Car -1 -1 -10 621.213 162.843 1898.355 1200.000 -1 -1 -1 -1000 -1000 -1000 -10 0.00334363
Car -1 -1 -10 0.000 795.034 461.650 1197.157 -1 -1 -1 -1000 -1000 -1000 -10 0.00508376
Car -1 -1 -10 1045.909 531.587 1920.000 1200.000 -1 -1 -1 -1000 -1000 -1000 -10 0.00681735
Car -1 -1 -10 1455.203 559.655 1920.000 907.677 -1 -1 -1 -1000 -1000 -1000 -10 0.00181883
Car -1 -1 -10 1483.571 614.357 1912.446 1112.643 -1 -1 -1 -1000 -1000 -1000 -10 0.00181621
Car -1 -1 -10 1675.558 616.596 1920.000 938.212 -1 -1 -1 -1000 -1000 -1000 -10 0.00152367
Car -1 -1 -10 1502.527 712.642 1920.000 941.544 -1 -1 -1 -1000 -1000 -1000 -10 0.00151886
Car -1 -1 -10 1434.083 611.478 1743.187 764.545 -1 -1 -1 -1000 -1000 -1000 -10 0.00150936
Car -1 -1 -10 1233.264 303.549 1826.189 659.170 -1 -1 -1 -1000 -1000 -1000 -10 0.00145189
Car -1 -1 -10 0.000 508.274 948.235 1200.000 -1 -1 -1 -1000 -1000 -1000 -10 0.00279546
Car -1 -1 -10 16.898 196.016 314.101 1191.080 -1 -1 -1 -1000 -1000 -1000 -10 0.00138802
Car -1 -1 -10 1603.847 556.866 1920.000 959.036 -1 -1 -1 -1000 -1000 -1000 -10 0.00136241
Car -1 -1 -10 3.438 614.688 595.745 1104.980 -1 -1 -1 -1000 -1000 -1000 -10 0.00233527
Car -1 -1 -10 1373.774 453.505 1917.168 885.622 -1 -1 -1 -1000 -1000 -1000 -10 0.00125305
Car -1 -1 -10 1175.525 338.649 1871.823 766.206 -1 -1 -1 -1000 -1000 -1000 -10 0.00099466
