Car -1 -1 -10 202.224 527.428 1551.070 1195.683 -1 -1 -1 -1000 -1000 -1000 -10 0.04365986
Car -1 -1 -10 14.007 536.665 1318.753 1194.635 -1 -1 -1 -1000 -1000 -1000 -10 0.02133799
Car -1 -1 -10 258.916 748.086 1165.572 1179.070 -1 -1 -1 -1000 -1000 -1000 -10 0.00645924
Car -1 -1 -10 6.106 786.045 713.368 1187.749 -1 -1 -1 -1000 -1000 -1000 -10 0.00570906
Car -1 -1 -10 415.664 704.796 1179.898 1161.039 -1 -1 -1 -1000 -1000 -1000 -10 0.00729803
Car -1 -1 -10 112.623 772.920 962.848 1179.217 -1 -1 -1 -1000 -1000 -1000 -10 0.01154764
Car -1 -1 -10 0.000 568.975 524.459 1197.038 -1 -1 -1 -1000 -1000 -1000 -10 0.00748694
Car -1 -1 -10 664.853 103.246 967.314 1177.552 -1 -1 -1 -1000 -1000 -1000 -10 0.00824985
Car -1 -1 -10 1401.615 643.556 1920.000 1000.033 -1 -1 -1 -1000 -1000 -1000 -10 0.00454418
Car -1 -1 -10 0.000 553.016 382.930 1200.000 -1 -1 -1 -1000 -1000 -1000 -10 0.00213141
Car -1 -1 -10 659.567 405.383 855.330 1118.121 -1 -1 -1 -1000 -1000 -1000 -10 0.00364124
Car -1 -1 -10 511.788 642.757 1054.732 1199.565 -1 -1 -1 -1000 -1000 -1000 -10 0.00190453
Car -1 -1 -10 614.426 452.702 877.447 1200.000 -1 -1 -1 -1000 -1000 -1000 -10 0.00187311
Car -1 -1 -10 518.504 491.167 1002.948 773.901 -1 -1 -1 -1000 -1000 -1000 -10 0.00185133
Car -1 -1 -10 1145.053 551.699 1886.145 1200.000 -1 -1 -1 -1000 -1000 -1000 -10 0.00312930
Car -1 -1 -10 392.249 542.191 1103.486 988.070 -1 -1 -1 -1000 -1000 -1000 -10 0.00172239
Car -1 -1 -10 574.373 1084.141 632.895 1200.000 -1 -1 -1 -1000 -1000 -1000 -10 0.00167686
Car -1 -1 -10 0.000 857.848 497.495 1197.378 -1 -1 -1 -1000 -1000 -1000 -10 0.00167020
Car -1 -1 -10 1027.398 551.772 1160.909 1190.993 -1 -1 -1 -1000 -1000 -1000 -10 0.00164482
Car -1 -1 -10 512.138 635.522 999.492 916.810 -1 -1 -1 -1000 -1000 -1000 -10 0.00164159
Car -1 -1 -10 532.468 686.576 920.450 1187.641 -1 -1 -1 -1000 -1000 -1000 -10 0.00159819
Car -1 -1 -10 570.466 1086.972 894.713 1200.000 -1 -1 -1 -1000 -1000 -1000 -10 0.00155341
Car -1 -1 -10 590.627 573.867 928.141 794.538 -1 -1 -1 -1000 -1000 -1000 -10 0.00151083
Car -1 -1 -10 726.149 666.544 938.568 1181.762 -1 -1 -1 -1000 -1000 -1000 -10 0.00150638
Car -1 -1 -10 489.239 437.526 791.999 1200.000 -1 -1 -1 -1000 -1000 -1000 -10 0.00150142
Car -1 -1 -10 594.416 705.399 822.300 1198.956 -1 -1 -1 -1000 -1000 -1000 -10 0.00275660
Car -1 -1 -10 1362.983 526.798 1914.128 979.152 -1 -1 -1 -1000 -1000 -1000 -10 0.00278296
Car -1 -1 -10 526.068 665.745 972.864 888.953 -1 -1 -1 -1000 -1000 -1000 -10 0.00141830
Car -1 -1 -10 729.020 526.483 817.961 868.501 -1 -1 -1 -1000 -1000 -1000 -10 0.00133918
Car -1 -1 -10 753.504 594.341 902.906 1200.000 -1 -1 -1 -1000 -1000 -1000 -10 0.00127045
Car -1 -1 -10 603.219 1106.384 781.658 1200.000 -1 -1 -1 -1000 -1000 -1000 -10 0.00119609
