Car -1 -1 -10 223.144 578.741 494.085 775.844 -1 -1 -1 -1000 -1000 -1000 -10 0.99974878
Car -1 -1 -10 0.000 671.499 141.615 763.365 -1 -1 -1 -1000 -1000 -1000 -10 0.09807474
Car -1 -1 -10 0.000 657.922 440.706 1200.000 -1 -1 -1 -1000 -1000 -1000 -10 0.00526375
Car -1 -1 -10 0.000 685.017 80.150 781.899 -1 -1 -1 -1000 -1000 -1000 -10 0.00714978
Car -1 -1 -10 17.211 692.653 98.101 763.907 -1 -1 -1 -1000 -1000 -1000 -10 0.00229646
Car -1 -1 -10 52.940 693.170 131.162 764.216 -1 -1 -1 -1000 -1000 -1000 -10 0.00224199
Car -1 -1 -10 16.752 647.045 180.866 738.618 -1 -1 -1 -1000 -1000 -1000 -10 0.00395675
Car -1 -1 -10 0.000 652.186 71.029 762.185 -1 -1 -1 -1000 -1000 -1000 -10 0.00211342
Car -1 -1 -10 0.000 790.624 400.922 1200.000 -1 -1 -1 -1000 -1000 -1000 -10 0.00372104
Car -1 -1 -10 0.000 651.404 283.230 1016.088 -1 -1 -1 -1000 -1000 -1000 -10 0.00346930
Car -1 -1 -10 0.000 808.120 213.106 1195.191 -1 -1 -1 -1000 -1000 -1000 -10 0.00181748
Car -1 -1 -10 18.613 672.233 104.355 741.672 -1 -1 -1 -1000 -1000 -1000 -10 0.00143796
Car -1 -1 -10 365.667 588.915 490.553 696.135 -1 -1 -1 -1000 -1000 -1000 -10 0.00138603
Car -1 -1 -10 0.000 671.233 59.636 744.296 -1 -1 -1 -1000 -1000 -1000 -10 0.00133877
Car -1 -1 -10 33.892 674.398 119.328 743.414 -1 -1 -1 -1000 -1000 -1000 -10 0.00132018
Car -1 -1 -10 8.587 985.430 350.278 1200.000 -1 -1 -1 -1000 -1000 -1000 -10 0.00130702
Car -1 -1 -10 0.000 640.756 167.750 821.955 -1 -1 -1 -1000 -1000 -1000 -10 0.00126524
