Car -1 -1 -10 6.058 619.829 184.363 712.628 -1 -1 -1 -1000 -1000 -1000 -10 0.45605131
Car -1 -1 -10 1441.370 484.461 1920.000 841.119 -1 -1 -1 -1000 -1000 -1000 -10 0.00258139
Car -1 -1 -10 1440.649 397.115 1903.035 905.850 -1 -1 -1 -1000 -1000 -1000 -10 0.00373893
Car -1 -1 -10 1484.396 533.987 1788.131 690.282 -1 -1 -1 -1000 -1000 -1000 -10 0.00319064
Car -1 -1 -10 0.000 799.539 457.592 1198.620 -1 -1 -1 -1000 -1000 -1000 -10 0.00509134
Car -1 -1 -10 1637.165 425.025 1920.000 734.654 -1 -1 -1 -1000 -1000 -1000 -10 0.00133883
Car -1 -1 -10 42.238 629.956 129.887 706.151 -1 -1 -1 -1000 -1000 -1000 -10 0.00133736
Car -1 -1 -10 1629.231 440.826 1910.242 802.647 -1 -1 -1 -1000 -1000 -1000 -10 0.00128939
Car -1 -1 -10 0.000 640.534 115.627 729.080 -1 -1 -1 -1000 -1000 -1000 -10 0.00322593
Car -1 -1 -10 1331.309 460.653 1913.227 829.688 -1 -1 -1 -1000 -1000 -1000 -10 0.00119228
Car -1 -1 -10 1515.722 591.325 1691.998 682.987 -1 -1 -1 -1000 -1000 -1000 -10 0.00214233
Car -1 -1 -10 44.947 423.740 162.527 855.873 -1 -1 -1 -1000 -1000 -1000 -10 0.00108666
Car -1 -1 -10 1579.465 562.852 1920.000 1200.000 -1 -1 -1 -1000 -1000 -1000 -10 0.00106589
Car -1 -1 -10 0.000 581.297 260.113 715.985 -1 -1 -1 -1000 -1000 -1000 -10 0.00103046
Car -1 -1 -10 1437.419 584.285 1740.923 733.644 -1 -1 -1 -1000 -1000 -1000 -10 0.00182851
Car -1 -1 -10 1607.973 647.196 1914.552 995.578 -1 -1 -1 -1000 -1000 -1000 -10 0.00094444
Car -1 -1 -10 28.748 439.031 146.021 859.878 -1 -1 -1 -1000 -1000 -1000 -10 0.00182208
Car -1 -1 -10 19.740 630.290 94.547 706.871 -1 -1 -1 -1000 -1000 -1000 -10 0.00090869
Car -1 -1 -10 1477.142 801.491 1920.000 1200.000 -1 -1 -1 -1000 -1000 -1000 -10 0.00177117
Car -1 -1 -10 45.075 288.401 154.659 994.083 -1 -1 -1 -1000 -1000 -1000 -10 0.00088591
Car -1 -1 -10 0.000 429.837 215.248 816.874 -1 -1 -1 -1000 -1000 -1000 -10 0.00087341
Car -1 -1 -10 1532.266 521.949 1920.000 810.688 -1 -1 -1 -1000 -1000 -1000 -10 0.00086350
Car -1 -1 -10 1437.569 591.193 1920.000 1200.000 -1 -1 -1 -1000 -1000 -1000 -10 0.00085641
Car -1 -1 -10 1556.003 614.013 1721.429 708.684 -1 -1 -1 -1000 -1000 -1000 -10 0.00152525
Car -1 -1 -10 1516.238 503.894 1920.000 748.810 -1 -1 -1 -1000 -1000 -1000 -10 0.00084162
Car -1 -1 -10 1400.428 404.463 1893.326 1200.000 -1 -1 -1 -1000 -1000 -1000 -10 0.00083222
Car -1 -1 -10 66.302 472.002 160.275 807.961 -1 -1 -1 -1000 -1000 -1000 -10 0.00082814
Car -1 -1 -10 0.048 603.569 229.716 762.177 -1 -1 -1 -1000 -1000 -1000 -10 0.00082490
Car -1 -1 -10 7.944 399.471 384.670 757.889 -1 -1 -1 -1000 -1000 -1000 -10 0.00079806
Car -1 -1 -10 1829.104 1110.248 1920.000 1200.000 -1 -1 -1 -1000 -1000 -1000 -10 0.00076207
Car -1 -1 -10 1558.409 579.056 1913.496 963.516 -1 -1 -1 -1000 -1000 -1000 -10 0.00075299
Car -1 -1 -10 62.455 628.895 150.456 706.235 -1 -1 -1 -1000 -1000 -1000 -10 0.00074654
Car -1 -1 -10 1631.964 578.545 1920.000 744.413 -1 -1 -1 -1000 -1000 -1000 -10 0.00073544
Car -1 -1 -10 1504.064 349.164 1918.233 716.235 -1 -1 -1 -1000 -1000 -1000 -10 0.00072337
Car -1 -1 -10 1606.394 937.565 1920.000 1200.000 -1 -1 -1 -1000 -1000 -1000 -10 0.00070853
Car -1 -1 -10 1412.039 565.190 1718.922 707.521 -1 -1 -1 -1000 -1000 -1000 -10 0.00066731
