Car -1 -1 -10 548.033 530.507 712.540 642.508 -1 -1 -1 -1000 -1000 -1000 -10 0.99739665
Car -1 -1 -10 716.550 559.275 825.137 638.462 -1 -1 -1 -1000 -1000 -1000 -10 0.76043332
Car -1 -1 -10 1373.656 566.784 1449.959 628.099 -1 -1 -1 -1000 -1000 -1000 -10 0.13259261
Car -1 -1 -10 14.991 539.094 1051.276 1187.546 -1 -1 -1 -1000 -1000 -1000 -10 0.03724701
Car -1 -1 -10 681.694 507.937 1881.612 1196.879 -1 -1 -1 -1000 -1000 -1000 -10 0.03300950
Car -1 -1 -10 1145.803 780.747 1920.000 1194.147 -1 -1 -1 -1000 -1000 -1000 -10 0.01844908
Car -1 -1 -10 0.000 761.368 755.605 1192.367 -1 -1 -1 -1000 -1000 -1000 -10 0.01353675
Car -1 -1 -10 912.463 770.481 1851.888 1189.588 -1 -1 -1 -1000 -1000 -1000 -10 0.00569317
Car -1 -1 -10 0.000 823.115 585.555 1199.429 -1 -1 -1 -1000 -1000 -1000 -10 0.00438183
Car -1 -1 -10 1419.115 646.650 1917.078 1199.074 -1 -1 -1 -1000 -1000 -1000 -10 0.00703361
Car -1 -1 -10 777.435 769.759 1672.281 1192.853 -1 -1 -1 -1000 -1000 -1000 -10 0.00377784
Car -1 -1 -10 883.380 791.763 1511.886 1200.000 -1 -1 -1 -1000 -1000 -1000 -10 0.00351875
Car -1 -1 -10 972.216 795.193 1684.220 1200.000 -1 -1 -1 -1000 -1000 -1000 -10 0.00332438
Car -1 -1 -10 1089.903 922.553 1735.652 1200.000 -1 -1 -1 -1000 -1000 -1000 -10 0.00293626
