Car -1 -1 -10 973.442 541.235 1455.079 775.467 -1 -1 -1 -1000 -1000 -1000 -10 0.56873911
Car -1 -1 -10 113.759 296.148 955.528 1173.082 -1 -1 -1 -1000 -1000 -1000 -10 0.45022311
Car -1 -1 -10 851.573 553.729 1226.204 764.761 -1 -1 -1 -1000 -1000 -1000 -10 0.01406151
Car -1 -1 -10 578.154 363.440 967.397 1120.812 -1 -1 -1 -1000 -1000 -1000 -10 0.01189301
Car -1 -1 -10 157.362 396.685 547.902 1157.194 -1 -1 -1 -1000 -1000 -1000 -10 0.01295337
Car -1 -1 -10 667.001 496.037 1153.530 781.583 -1 -1 -1 -1000 -1000 -1000 -10 0.00532850
Car -1 -1 -10 327.112 279.732 1005.336 867.511 -1 -1 -1 -1000 -1000 -1000 -10 0.00869636
Car -1 -1 -10 849.985 520.220 1275.208 747.626 -1 -1 -1 -1000 -1000 -1000 -10 0.00478901
Car -1 -1 -10 1202.209 562.622 1457.355 761.107 -1 -1 -1 -1000 -1000 -1000 -10 0.01524162
Car -1 -1 -10 419.370 636.013 937.587 1191.865 -1 -1 -1 -1000 -1000 -1000 -10 0.00824215
Car -1 -1 -10 675.402 283.693 957.442 1169.165 -1 -1 -1 -1000 -1000 -1000 -10 0.00441033
Car -1 -1 -10 22.840 584.859 507.358 1182.781 -1 -1 -1 -1000 -1000 -1000 -10 0.00755988
Car -1 -1 -10 838.393 500.860 951.985 611.468 -1 -1 -1 -1000 -1000 -1000 -10 0.00390579
Car -1 -1 -10 178.536 699.350 520.247 1041.317 -1 -1 -1 -1000 -1000 -1000 -10 0.00363419
Car -1 -1 -10 180.978 592.834 515.112 940.972 -1 -1 -1 -1000 -1000 -1000 -10 0.00360245
Car -1 -1 -10 574.619 91.354 891.719 1175.882 -1 -1 -1 -1000 -1000 -1000 -10 0.00355527
Car -1 -1 -10 132.422 368.407 476.350 1005.072 -1 -1 -1 -1000 -1000 -1000 -10 0.00348267
Car -1 -1 -10 72.091 660.711 653.538 1091.106 -1 -1 -1 -1000 -1000 -1000 -10 0.00341980
Car -1 -1 -10 410.891 498.559 1030.480 1200.000 -1 -1 -1 -1000 -1000 -1000 -10 0.00336324
Car -1 -1 -10 149.164 740.049 561.893 1007.737 -1 -1 -1 -1000 -1000 -1000 -10 0.00329954
Car -1 -1 -10 152.886 65.579 477.820 1173.634 -1 -1 -1 -1000 -1000 -1000 -10 0.00328235
Car -1 -1 -10 869.046 581.471 1463.094 936.100 -1 -1 -1 -1000 -1000 -1000 -10 0.00305724
