Car -1 -1 -10 108.224 614.101 317.772 741.870 -1 -1 -1 -1000 -1000 -1000 -10 0.99996692
Car -1 -1 -10 335.165 628.464 433.431 692.790 -1 -1 -1 -1000 -1000 -1000 -10 0.85808654
Car -1 -1 -10 30.528 621.370 146.181 724.514 -1 -1 -1 -1000 -1000 -1000 -10 0.34830793
Car -1 -1 -10 538.217 621.045 596.262 671.172 -1 -1 -1 -1000 -1000 -1000 -10 0.05200894
Car -1 -1 -10 0.058 580.594 429.368 1162.471 -1 -1 -1 -1000 -1000 -1000 -10 0.01720481
Car -1 -1 -10 7.861 583.005 197.411 765.658 -1 -1 -1 -1000 -1000 -1000 -10 0.00481893
Car -1 -1 -10 0.000 598.182 138.839 812.771 -1 -1 -1 -1000 -1000 -1000 -10 0.00355603
Car -1 -1 -10 0.000 573.418 141.497 776.072 -1 -1 -1 -1000 -1000 -1000 -10 0.00687325
Car -1 -1 -10 67.858 628.401 186.219 729.604 -1 -1 -1 -1000 -1000 -1000 -10 0.00288059
Car -1 -1 -10 442.047 0.085 880.475 296.016 -1 -1 -1 -1000 -1000 -1000 -10 0.00253014
