Car -1 -1 -10 786.998 544.046 1019.599 724.512 -1 -1 -1 -1000 -1000 -1000 -10 0.99985743
Car -1 -1 -10 984.251 537.935 1118.382 652.355 -1 -1 -1 -1000 -1000 -1000 -10 0.70367882
Car -1 -1 -10 735.768 567.163 856.673 663.443 -1 -1 -1 -1000 -1000 -1000 -10 0.79876225
Car -1 -1 -10 1103.187 560.242 1173.644 630.828 -1 -1 -1 -1000 -1000 -1000 -10 0.41074465
Car -1 -1 -10 1085.544 550.650 1174.639 635.932 -1 -1 -1 -1000 -1000 -1000 -10 0.09518567
Car -1 -1 -10 1114.409 541.423 1204.739 626.247 -1 -1 -1 -1000 -1000 -1000 -10 0.07514602
Car -1 -1 -10 782.141 566.207 918.475 702.674 -1 -1 -1 -1000 -1000 -1000 -10 0.00674606
Car -1 -1 -10 0.000 569.238 891.109 1197.861 -1 -1 -1 -1000 -1000 -1000 -10 0.01585606
Car -1 -1 -10 1151.619 551.934 1207.848 614.238 -1 -1 -1 -1000 -1000 -1000 -10 0.00600954
Car -1 -1 -10 1044.788 560.192 1136.753 651.643 -1 -1 -1 -1000 -1000 -1000 -10 0.00519207
Car -1 -1 -10 1023.305 545.067 1103.507 627.228 -1 -1 -1 -1000 -1000 -1000 -10 0.00553188
Car -1 -1 -10 793.355 552.611 925.195 684.594 -1 -1 -1 -1000 -1000 -1000 -10 0.00243401
Car -1 -1 -10 864.677 0.000 1480.881 363.556 -1 -1 -1 -1000 -1000 -1000 -10 0.00197071
