Car -1 -1 -10 1249.959 498.558 1787.965 934.914 -1 -1 -1 -1000 -1000 -1000 -10 0.60812709
Car -1 -1 -10 144.390 295.248 1008.364 1167.954 -1 -1 -1 -1000 -1000 -1000 -10 0.34876638
Car -1 -1 -10 555.597 371.332 956.464 1080.567 -1 -1 -1 -1000 -1000 -1000 -10 0.02542292
Car -1 -1 -10 1341.045 497.488 1739.890 768.133 -1 -1 -1 -1000 -1000 -1000 -10 0.00961718
Car -1 -1 -10 369.423 697.157 1003.993 1140.351 -1 -1 -1 -1000 -1000 -1000 -10 0.00888482
Car -1 -1 -10 1371.851 503.940 1723.029 728.907 -1 -1 -1 -1000 -1000 -1000 -10 0.00925530
Car -1 -1 -10 674.659 267.201 963.150 1171.419 -1 -1 -1 -1000 -1000 -1000 -10 0.00432286
Car -1 -1 -10 194.520 386.278 583.818 1105.971 -1 -1 -1 -1000 -1000 -1000 -10 0.01211345
Car -1 -1 -10 367.777 58.144 676.574 1169.241 -1 -1 -1 -1000 -1000 -1000 -10 0.00637586
Car -1 -1 -10 1268.671 534.530 1555.240 828.556 -1 -1 -1 -1000 -1000 -1000 -10 0.00308841
Car -1 -1 -10 199.938 642.008 604.208 907.246 -1 -1 -1 -1000 -1000 -1000 -10 0.00300504
