Car -1 -1 -10 1446.709 537.933 1836.289 749.019 -1 -1 -1 -1000 -1000 -1000 -10 0.93928444
Car -1 -1 -10 1345.605 548.196 1679.949 763.335 -1 -1 -1 -1000 -1000 -1000 -10 0.08407289
Car -1 -1 -10 1575.108 538.013 1732.489 638.471 -1 -1 -1 -1000 -1000 -1000 -10 0.00470564
Car -1 -1 -10 1455.715 560.335 1616.062 665.474 -1 -1 -1 -1000 -1000 -1000 -10 0.00594462
Car -1 -1 -10 1528.567 540.372 1681.565 636.373 -1 -1 -1 -1000 -1000 -1000 -10 0.00211427
Car -1 -1 -10 1617.904 532.085 1753.181 649.148 -1 -1 -1 -1000 -1000 -1000 -10 0.00329906
Car -1 -1 -10 0.000 799.474 463.340 1200.000 -1 -1 -1 -1000 -1000 -1000 -10 0.00384093
Car -1 -1 -10 1593.369 533.079 1668.739 605.177 -1 -1 -1 -1000 -1000 -1000 -10 0.00305610
Car -1 -1 -10 0.000 548.531 351.712 1200.000 -1 -1 -1 -1000 -1000 -1000 -10 0.00335921
Car -1 -1 -10 1514.858 533.882 1642.498 649.434 -1 -1 -1 -1000 -1000 -1000 -10 0.00171920
Car -1 -1 -10 1500.358 540.420 1655.668 638.079 -1 -1 -1 -1000 -1000 -1000 -10 0.00290592
Car -1 -1 -10 1463.959 552.385 1596.276 676.616 -1 -1 -1 -1000 -1000 -1000 -10 0.00117701
