Car -1 -1 -10 0.000 489.219 1094.428 1191.584 -1 -1 -1 -1000 -1000 -1000 -10 0.02597534
Car -1 -1 -10 0.000 800.737 497.997 1197.424 -1 -1 -1 -1000 -1000 -1000 -10 0.01093511
Car -1 -1 -10 0.000 750.246 660.723 1193.858 -1 -1 -1 -1000 -1000 -1000 -10 0.00337015
Car -1 -1 -10 45.775 711.414 782.328 1175.604 -1 -1 -1 -1000 -1000 -1000 -10 0.00676115
Car -1 -1 -10 3.386 829.890 348.717 1200.000 -1 -1 -1 -1000 -1000 -1000 -10 0.00202633
Car -1 -1 -10 1262.862 628.443 1920.000 1056.617 -1 -1 -1 -1000 -1000 -1000 -10 0.00192819
Car -1 -1 -10 12.004 579.082 161.145 1195.639 -1 -1 -1 -1000 -1000 -1000 -10 0.00188516
Car -1 -1 -10 61.413 300.726 371.520 1200.000 -1 -1 -1 -1000 -1000 -1000 -10 0.00362119
Car -1 -1 -10 132.914 848.905 584.082 1099.273 -1 -1 -1 -1000 -1000 -1000 -10 0.00347134
Car -1 -1 -10 0.000 865.372 157.583 965.711 -1 -1 -1 -1000 -1000 -1000 -10 0.00176845
Car -1 -1 -10 285.563 112.002 586.127 1175.038 -1 -1 -1 -1000 -1000 -1000 -10 0.00176659
Car -1 -1 -10 0.000 433.971 515.891 1178.685 -1 -1 -1 -1000 -1000 -1000 -10 0.00176449
Car -1 -1 -10 804.276 483.767 1920.000 1190.371 -1 -1 -1 -1000 -1000 -1000 -10 0.00324454
Car -1 -1 -10 200.312 809.726 555.369 1135.351 -1 -1 -1 -1000 -1000 -1000 -10 0.00173682
Car -1 -1 -10 151.709 591.353 303.110 1200.000 -1 -1 -1 -1000 -1000 -1000 -10 0.00164740
Car -1 -1 -10 31.012 295.252 296.596 1198.040 -1 -1 -1 -1000 -1000 -1000 -10 0.00316069
Car -1 -1 -10 0.891 828.286 192.566 1042.786 -1 -1 -1 -1000 -1000 -1000 -10 0.00157458
Car -1 -1 -10 254.368 401.189 555.609 1200.000 -1 -1 -1 -1000 -1000 -1000 -10 0.00157055
Car -1 -1 -10 260.793 803.226 702.312 1050.150 -1 -1 -1 -1000 -1000 -1000 -10 0.00149033
Car -1 -1 -10 79.373 597.645 231.306 1200.000 -1 -1 -1 -1000 -1000 -1000 -10 0.00147373
