Car -1 -1 -10 0.000 573.331 361.364 1199.198 -1 -1 -1 -1000 -1000 -1000 -10 0.01130302
Car -1 -1 -10 638.998 12.771 1911.950 1163.106 -1 -1 -1 -1000 -1000 -1000 -10 0.00937658
Car -1 -1 -10 1405.155 542.017 1920.000 1197.825 -1 -1 -1 -1000 -1000 -1000 -10 0.01400871
Car -1 -1 -10 0.000 570.886 504.795 1200.000 -1 -1 -1 -1000 -1000 -1000 -10 0.00724852
Car -1 -1 -10 1032.893 460.826 1920.000 1200.000 -1 -1 -1 -1000 -1000 -1000 -10 0.00640334
Car -1 -1 -10 1340.257 33.510 1920.000 1166.113 -1 -1 -1 -1000 -1000 -1000 -10 0.00307626
Car -1 -1 -10 1563.575 818.576 1909.429 1200.000 -1 -1 -1 -1000 -1000 -1000 -10 0.00291541
Car -1 -1 -10 1599.453 458.766 1920.000 990.619 -1 -1 -1 -1000 -1000 -1000 -10 0.00264601
Car -1 -1 -10 1499.576 204.232 1911.760 691.677 -1 -1 -1 -1000 -1000 -1000 -10 0.00252985
Car -1 -1 -10 1530.086 665.180 1913.224 986.359 -1 -1 -1 -1000 -1000 -1000 -10 0.00436501
