Car -1 -1 -10 632.989 583.287 815.405 723.961 -1 -1 -1 -1000 -1000 -1000 -10 0.99989891
Car -1 -1 -10 637.799 585.424 726.613 671.276 -1 -1 -1 -1000 -1000 -1000 -10 0.05982286
Car -1 -1 -10 651.746 593.327 709.807 650.015 -1 -1 -1 -1000 -1000 -1000 -10 0.01645941
Car -1 -1 -10 624.440 594.255 691.608 665.134 -1 -1 -1 -1000 -1000 -1000 -10 0.01075859
Car -1 -1 -10 627.589 588.926 708.993 668.162 -1 -1 -1 -1000 -1000 -1000 -10 0.01038800
Car -1 -1 -10 631.165 583.532 679.321 637.190 -1 -1 -1 -1000 -1000 -1000 -10 0.00651187
Car -1 -1 -10 722.241 583.260 813.448 675.095 -1 -1 -1 -1000 -1000 -1000 -10 0.00351011
Car -1 -1 -10 722.695 587.997 831.197 697.354 -1 -1 -1 -1000 -1000 -1000 -10 0.00514940
Car -1 -1 -10 653.766 582.485 731.033 655.083 -1 -1 -1 -1000 -1000 -1000 -10 0.00381908
Car -1 -1 -10 0.000 795.619 455.123 1199.078 -1 -1 -1 -1000 -1000 -1000 -10 0.00567082
Car -1 -1 -10 732.127 590.744 805.695 667.384 -1 -1 -1 -1000 -1000 -1000 -10 0.00146973
Car -1 -1 -10 782.203 598.921 817.640 660.513 -1 -1 -1 -1000 -1000 -1000 -10 0.00245067
Car -1 -1 -10 267.308 685.907 501.092 1195.097 -1 -1 -1 -1000 -1000 -1000 -10 0.00278095
Car -1 -1 -10 736.599 593.408 791.819 647.414 -1 -1 -1 -1000 -1000 -1000 -10 0.00138747
Car -1 -1 -10 1476.692 537.365 1638.070 635.735 -1 -1 -1 -1000 -1000 -1000 -10 0.00258320
Car -1 -1 -10 147.987 1064.888 543.748 1200.000 -1 -1 -1 -1000 -1000 -1000 -10 0.00327579
Car -1 -1 -10 654.465 548.484 700.762 708.308 -1 -1 -1 -1000 -1000 -1000 -10 0.00252705
Car -1 -1 -10 781.125 582.144 827.052 635.269 -1 -1 -1 -1000 -1000 -1000 -10 0.00212571
Car -1 -1 -10 633.033 590.375 685.675 647.927 -1 -1 -1 -1000 -1000 -1000 -10 0.00121017
Car -1 -1 -10 236.775 641.167 412.740 1186.886 -1 -1 -1 -1000 -1000 -1000 -10 0.00119028
Car -1 -1 -10 396.235 643.337 586.959 1190.862 -1 -1 -1 -1000 -1000 -1000 -10 0.00113612
Car -1 -1 -10 25.189 473.071 513.769 1200.000 -1 -1 -1 -1000 -1000 -1000 -10 0.00111772
Car -1 -1 -10 267.565 1093.970 433.123 1189.355 -1 -1 -1 -1000 -1000 -1000 -10 0.00206227
Car -1 -1 -10 1422.984 564.989 1596.124 661.678 -1 -1 -1 -1000 -1000 -1000 -10 0.00196904
Car -1 -1 -10 378.828 661.049 553.374 1185.954 -1 -1 -1 -1000 -1000 -1000 -10 0.00101946
Car -1 -1 -10 467.474 589.713 661.923 1175.560 -1 -1 -1 -1000 -1000 -1000 -10 0.00100289
Car -1 -1 -10 114.932 779.437 721.955 1186.727 -1 -1 -1 -1000 -1000 -1000 -10 0.00099785
Car -1 -1 -10 666.701 582.641 694.795 676.036 -1 -1 -1 -1000 -1000 -1000 -10 0.00196912
Car -1 -1 -10 633.240 611.446 702.757 696.583 -1 -1 -1 -1000 -1000 -1000 -10 0.00097484
Car -1 -1 -10 111.628 574.061 507.222 1182.557 -1 -1 -1 -1000 -1000 -1000 -10 0.00096767
Car -1 -1 -10 619.321 1156.990 656.796 1200.000 -1 -1 -1 -1000 -1000 -1000 -10 0.00095711
Car -1 -1 -10 203.018 586.335 398.486 1176.360 -1 -1 -1 -1000 -1000 -1000 -10 0.00094315
Car -1 -1 -10 272.236 620.877 423.583 1194.237 -1 -1 -1 -1000 -1000 -1000 -10 0.00187178
Car -1 -1 -10 1380.852 546.595 1676.415 684.546 -1 -1 -1 -1000 -1000 -1000 -10 0.00178110
Car -1 -1 -10 519.490 673.232 753.176 1198.338 -1 -1 -1 -1000 -1000 -1000 -10 0.00092252
Car -1 -1 -10 1422.619 543.577 1586.616 631.348 -1 -1 -1 -1000 -1000 -1000 -10 0.00087661
Car -1 -1 -10 678.162 582.921 706.458 675.570 -1 -1 -1 -1000 -1000 -1000 -10 0.00086445
Car -1 -1 -10 654.932 585.521 683.203 670.318 -1 -1 -1 -1000 -1000 -1000 -10 0.00083975
Car -1 -1 -10 703.057 591.686 757.142 646.448 -1 -1 -1 -1000 -1000 -1000 -10 0.00082223
Car -1 -1 -10 325.467 595.224 517.528 1173.336 -1 -1 -1 -1000 -1000 -1000 -10 0.00079295
Car -1 -1 -10 704.729 580.100 801.639 662.473 -1 -1 -1 -1000 -1000 -1000 -10 0.00079152
Car -1 -1 -10 612.102 1104.531 854.634 1200.000 -1 -1 -1 -1000 -1000 -1000 -10 0.00076597
Car -1 -1 -10 180.694 709.736 562.628 1183.245 -1 -1 -1 -1000 -1000 -1000 -10 0.00075910
Car -1 -1 -10 343.611 654.290 496.114 1195.285 -1 -1 -1 -1000 -1000 -1000 -10 0.00075370
Car -1 -1 -10 0.000 935.389 317.972 1200.000 -1 -1 -1 -1000 -1000 -1000 -10 0.00075073
Car -1 -1 -10 581.867 677.693 822.860 1200.000 -1 -1 -1 -1000 -1000 -1000 -10 0.00073583
