Car -1 -1 -10 211.569 535.174 1333.941 1189.356 -1 -1 -1 -1000 -1000 -1000 -10 0.00704118
Car -1 -1 -10 0.000 513.466 1064.659 1194.047 -1 -1 -1 -1000 -1000 -1000 -10 0.00426418
Car -1 -1 -10 0.000 798.754 462.616 1197.865 -1 -1 -1 -1000 -1000 -1000 -10 0.00681469
Car -1 -1 -10 15.218 600.815 205.864 1184.399 -1 -1 -1 -1000 -1000 -1000 -10 0.00277984
Car -1 -1 -10 0.000 810.591 212.055 1193.818 -1 -1 -1 -1000 -1000 -1000 -10 0.00275482
Car -1 -1 -10 279.966 1086.582 604.022 1200.000 -1 -1 -1 -1000 -1000 -1000 -10 0.00141694
Car -1 -1 -10 0.000 1024.276 243.435 1200.000 -1 -1 -1 -1000 -1000 -1000 -10 0.00124944
Car -1 -1 -10 324.514 1105.114 576.331 1200.000 -1 -1 -1 -1000 -1000 -1000 -10 0.00354123
Car -1 -1 -10 9.284 1106.021 252.642 1200.000 -1 -1 -1 -1000 -1000 -1000 -10 0.00204913
Car -1 -1 -10 31.662 544.006 706.612 1200.000 -1 -1 -1 -1000 -1000 -1000 -10 0.00231031
Car -1 -1 -10 0.000 978.394 290.088 1200.000 -1 -1 -1 -1000 -1000 -1000 -10 0.00112148
Car -1 -1 -10 380.069 638.364 554.707 1193.678 -1 -1 -1 -1000 -1000 -1000 -10 0.00111590
Car -1 -1 -10 0.000 890.755 240.336 1200.000 -1 -1 -1 -1000 -1000 -1000 -10 0.00111144
Car -1 -1 -10 248.345 1043.562 695.534 1200.000 -1 -1 -1 -1000 -1000 -1000 -10 0.00363054
Car -1 -1 -10 98.835 1051.041 521.239 1200.000 -1 -1 -1 -1000 -1000 -1000 -10 0.00194071
Car -1 -1 -10 8.907 1086.008 291.608 1200.000 -1 -1 -1 -1000 -1000 -1000 -10 0.00104857
Car -1 -1 -10 136.806 779.621 962.416 1191.723 -1 -1 -1 -1000 -1000 -1000 -10 0.00195117
Car -1 -1 -10 298.450 682.206 538.971 1200.000 -1 -1 -1 -1000 -1000 -1000 -10 0.00101299
Car -1 -1 -10 1428.401 636.328 1920.000 1200.000 -1 -1 -1 -1000 -1000 -1000 -10 0.00184544
Car -1 -1 -10 203.557 1107.252 456.132 1200.000 -1 -1 -1 -1000 -1000 -1000 -10 0.00188484
Car -1 -1 -10 372.526 707.313 1059.184 1200.000 -1 -1 -1 -1000 -1000 -1000 -10 0.00097155
Car -1 -1 -10 420.311 645.942 606.799 1191.234 -1 -1 -1 -1000 -1000 -1000 -10 0.00095542
Car -1 -1 -10 0.000 1105.637 91.607 1200.000 -1 -1 -1 -1000 -1000 -1000 -10 0.00177556
Car -1 -1 -10 4.599 1105.325 176.208 1200.000 -1 -1 -1 -1000 -1000 -1000 -10 0.00094498
Car -1 -1 -10 469.345 690.573 1140.124 1173.708 -1 -1 -1 -1000 -1000 -1000 -10 0.00094475
Car -1 -1 -10 487.191 1157.540 527.630 1200.000 -1 -1 -1 -1000 -1000 -1000 -10 0.00093542
Car -1 -1 -10 220.415 822.148 380.179 1200.000 -1 -1 -1 -1000 -1000 -1000 -10 0.00093396
Car -1 -1 -10 472.664 1089.002 530.499 1200.000 -1 -1 -1 -1000 -1000 -1000 -10 0.00092410
Car -1 -1 -10 394.964 587.304 588.830 1180.621 -1 -1 -1 -1000 -1000 -1000 -10 0.00092374
Car -1 -1 -10 0.000 1046.197 324.094 1200.000 -1 -1 -1 -1000 -1000 -1000 -10 0.00091383
Car -1 -1 -10 445.501 641.911 634.567 1194.983 -1 -1 -1 -1000 -1000 -1000 -10 0.00091148
Car -1 -1 -10 64.758 1011.961 162.984 1200.000 -1 -1 -1 -1000 -1000 -1000 -10 0.00089377
Car -1 -1 -10 271.327 794.773 615.911 1198.145 -1 -1 -1 -1000 -1000 -1000 -10 0.00168938
Car -1 -1 -10 364.218 818.840 523.515 1200.000 -1 -1 -1 -1000 -1000 -1000 -10 0.00172649
Car -1 -1 -10 262.512 1087.601 320.847 1200.000 -1 -1 -1 -1000 -1000 -1000 -10 0.00087711
Car -1 -1 -10 272.973 1157.994 311.565 1200.000 -1 -1 -1 -1000 -1000 -1000 -10 0.00087456
Car -1 -1 -10 19.393 991.028 424.835 1200.000 -1 -1 -1 -1000 -1000 -1000 -10 0.00086935
Car -1 -1 -10 0.000 1104.613 49.113 1200.000 -1 -1 -1 -1000 -1000 -1000 -10 0.00086248
Car -1 -1 -10 394.626 1118.151 474.783 1200.000 -1 -1 -1 -1000 -1000 -1000 -10 0.00085666
Car -1 -1 -10 449.498 1084.142 509.802 1200.000 -1 -1 -1 -1000 -1000 -1000 -10 0.00161553
Car -1 -1 -10 93.593 1128.490 162.471 1200.000 -1 -1 -1 -1000 -1000 -1000 -10 0.00084664
Car -1 -1 -10 391.164 1021.958 485.777 1200.000 -1 -1 -1 -1000 -1000 -1000 -10 0.00084232
Car -1 -1 -10 48.369 849.053 171.007 1200.000 -1 -1 -1 -1000 -1000 -1000 -10 0.00160849
Car -1 -1 -10 235.693 650.257 411.749 1189.591 -1 -1 -1 -1000 -1000 -1000 -10 0.00083771
Car -1 -1 -10 327.695 942.705 559.120 1200.000 -1 -1 -1 -1000 -1000 -1000 -10 0.00083165
Car -1 -1 -10 358.782 1088.771 416.557 1200.000 -1 -1 -1 -1000 -1000 -1000 -10 0.00083016
Car -1 -1 -10 459.383 821.419 618.746 1200.000 -1 -1 -1 -1000 -1000 -1000 -10 0.00082412
Car -1 -1 -10 419.978 1080.999 480.627 1200.000 -1 -1 -1 -1000 -1000 -1000 -10 0.00161743
Car -1 -1 -10 15.011 364.242 311.693 1200.000 -1 -1 -1 -1000 -1000 -1000 -10 0.00155882
Car -1 -1 -10 320.529 590.275 516.139 1179.426 -1 -1 -1 -1000 -1000 -1000 -10 0.00081228
Car -1 -1 -10 1472.924 801.483 1920.000 1197.878 -1 -1 -1 -1000 -1000 -1000 -10 0.00161456
Car -1 -1 -10 376.813 250.775 678.905 1200.000 -1 -1 -1 -1000 -1000 -1000 -10 0.00080868
Car -1 -1 -10 436.953 824.801 596.266 1200.000 -1 -1 -1 -1000 -1000 -1000 -10 0.00080345
Car -1 -1 -10 215.676 345.418 507.652 1200.000 -1 -1 -1 -1000 -1000 -1000 -10 0.00080197
Car -1 -1 -10 320.804 511.330 682.367 1200.000 -1 -1 -1 -1000 -1000 -1000 -10 0.00079642
Car -1 -1 -10 0.000 997.115 192.931 1200.000 -1 -1 -1 -1000 -1000 -1000 -10 0.00079376
Car -1 -1 -10 434.245 1104.180 677.209 1200.000 -1 -1 -1 -1000 -1000 -1000 -10 0.00079096
Car -1 -1 -10 100.446 1088.325 158.867 1200.000 -1 -1 -1 -1000 -1000 -1000 -10 0.00078901
Car -1 -1 -10 369.186 647.588 1197.496 1200.000 -1 -1 -1 -1000 -1000 -1000 -10 0.00077935
Car -1 -1 -10 308.105 636.373 483.862 1193.994 -1 -1 -1 -1000 -1000 -1000 -10 0.00077257
Car -1 -1 -10 86.712 1087.372 145.821 1200.000 -1 -1 -1 -1000 -1000 -1000 -10 0.00077154
Car -1 -1 -10 17.351 1015.330 113.626 1200.000 -1 -1 -1 -1000 -1000 -1000 -10 0.00076916
Car -1 -1 -10 396.366 1077.829 528.493 1200.000 -1 -1 -1 -1000 -1000 -1000 -10 0.00076465
Car -1 -1 -10 150.211 1108.626 403.753 1200.000 -1 -1 -1 -1000 -1000 -1000 -10 0.00074430
