Car -1 -1 -10 177.727 788.418 864.398 1200.000 -1 -1 -1 -1000 -1000 -1000 -10 0.00896443
Car -1 -1 -10 1019.150 1089.916 1182.197 1190.109 -1 -1 -1 -1000 -1000 -1000 -10 0.00762884
Car -1 -1 -10 10.238 508.125 1177.473 1185.780 -1 -1 -1 -1000 -1000 -1000 -10 0.00748177
Car -1 -1 -10 840.333 568.975 886.309 615.336 -1 -1 -1 -1000 -1000 -1000 -10 0.00681960
Car -1 -1 -10 786.386 792.527 1435.242 1191.919 -1 -1 -1 -1000 -1000 -1000 -10 0.00833261
Car -1 -1 -10 1063.177 1068.218 1225.072 1167.088 -1 -1 -1 -1000 -1000 -1000 -10 0.00676420
Car -1 -1 -10 1470.185 645.365 1920.000 1197.759 -1 -1 -1 -1000 -1000 -1000 -10 0.00276016
Car -1 -1 -10 924.691 1038.934 1217.205 1191.627 -1 -1 -1 -1000 -1000 -1000 -10 0.00725846
Car -1 -1 -10 996.766 1082.763 1309.238 1200.000 -1 -1 -1 -1000 -1000 -1000 -10 0.00660178
Car -1 -1 -10 954.772 1089.529 1115.650 1191.097 -1 -1 -1 -1000 -1000 -1000 -10 0.00245542
Car -1 -1 -10 1456.443 801.277 1920.000 1200.000 -1 -1 -1 -1000 -1000 -1000 -10 0.00443324
Car -1 -1 -10 866.916 1008.053 1220.812 1191.259 -1 -1 -1 -1000 -1000 -1000 -10 0.00237456
Car -1 -1 -10 846.953 1081.342 1159.002 1200.000 -1 -1 -1 -1000 -1000 -1000 -10 0.00424185
Car -1 -1 -10 649.049 523.844 1811.546 1197.721 -1 -1 -1 -1000 -1000 -1000 -10 0.00461900
Car -1 -1 -10 928.444 1100.468 1099.402 1200.000 -1 -1 -1 -1000 -1000 -1000 -10 0.00231399
Car -1 -1 -10 635.999 874.391 1167.486 1197.110 -1 -1 -1 -1000 -1000 -1000 -10 0.00229171
Car -1 -1 -10 844.598 835.113 1178.576 1196.510 -1 -1 -1 -1000 -1000 -1000 -10 0.00452101
Car -1 -1 -10 986.031 1067.973 1152.530 1167.755 -1 -1 -1 -1000 -1000 -1000 -10 0.00617093
Car -1 -1 -10 524.052 782.644 1200.543 1200.000 -1 -1 -1 -1000 -1000 -1000 -10 0.00400056
Car -1 -1 -10 0.000 798.972 479.573 1198.339 -1 -1 -1 -1000 -1000 -1000 -10 0.00632948
Car -1 -1 -10 876.138 879.887 1162.862 1200.000 -1 -1 -1 -1000 -1000 -1000 -10 0.00220801
Car -1 -1 -10 249.307 1081.940 308.777 1200.000 -1 -1 -1 -1000 -1000 -1000 -10 0.00218971
Car -1 -1 -10 776.517 981.681 1317.536 1200.000 -1 -1 -1 -1000 -1000 -1000 -10 0.00627411
Car -1 -1 -10 605.321 1102.114 774.947 1200.000 -1 -1 -1 -1000 -1000 -1000 -10 0.00217160
Car -1 -1 -10 953.122 1060.764 1337.703 1200.000 -1 -1 -1 -1000 -1000 -1000 -10 0.00213106
Car -1 -1 -10 222.031 742.245 568.269 1185.797 -1 -1 -1 -1000 -1000 -1000 -10 0.00208894
Car -1 -1 -10 648.418 1101.343 891.659 1200.000 -1 -1 -1 -1000 -1000 -1000 -10 0.00386236
Car -1 -1 -10 997.514 776.310 1183.885 1195.821 -1 -1 -1 -1000 -1000 -1000 -10 0.00206663
Car -1 -1 -10 638.619 790.607 1312.292 1200.000 -1 -1 -1 -1000 -1000 -1000 -10 0.00205272
Car -1 -1 -10 581.929 1102.109 748.145 1200.000 -1 -1 -1 -1000 -1000 -1000 -10 0.00203720
Car -1 -1 -10 654.813 817.850 998.386 1193.693 -1 -1 -1 -1000 -1000 -1000 -10 0.00203517
Car -1 -1 -10 892.182 836.400 1052.788 1200.000 -1 -1 -1 -1000 -1000 -1000 -10 0.00201447
Car -1 -1 -10 0.000 671.124 461.724 1200.000 -1 -1 -1 -1000 -1000 -1000 -10 0.00201164
Car -1 -1 -10 16.515 358.131 311.696 1200.000 -1 -1 -1 -1000 -1000 -1000 -10 0.00199072
Car -1 -1 -10 914.674 864.259 1219.614 1194.838 -1 -1 -1 -1000 -1000 -1000 -10 0.00196758
Car -1 -1 -10 213.739 1033.590 646.432 1200.000 -1 -1 -1 -1000 -1000 -1000 -10 0.00195955
Car -1 -1 -10 961.929 780.374 1636.355 1200.000 -1 -1 -1 -1000 -1000 -1000 -10 0.00373322
Car -1 -1 -10 273.653 1083.489 590.650 1200.000 -1 -1 -1 -1000 -1000 -1000 -10 0.00195398
Car -1 -1 -10 1067.950 1091.233 1228.770 1189.827 -1 -1 -1 -1000 -1000 -1000 -10 0.00191246
Car -1 -1 -10 360.200 836.844 676.980 1194.856 -1 -1 -1 -1000 -1000 -1000 -10 0.00191205
Car -1 -1 -10 1034.765 1101.930 1209.222 1200.000 -1 -1 -1 -1000 -1000 -1000 -10 0.00190643
Car -1 -1 -10 519.555 639.176 785.646 1200.000 -1 -1 -1 -1000 -1000 -1000 -10 0.00357387
Car -1 -1 -10 541.690 1083.617 852.640 1200.000 -1 -1 -1 -1000 -1000 -1000 -10 0.00189451
Car -1 -1 -10 479.566 1035.860 905.984 1200.000 -1 -1 -1 -1000 -1000 -1000 -10 0.00188384
Car -1 -1 -10 306.155 1101.816 552.061 1200.000 -1 -1 -1 -1000 -1000 -1000 -10 0.00188362
Car -1 -1 -10 632.478 877.524 921.908 1200.000 -1 -1 -1 -1000 -1000 -1000 -10 0.00184600
Car -1 -1 -10 871.914 1102.094 1115.333 1200.000 -1 -1 -1 -1000 -1000 -1000 -10 0.00182230
Car -1 -1 -10 263.799 835.970 582.931 1197.932 -1 -1 -1 -1000 -1000 -1000 -10 0.00180695
Car -1 -1 -10 1117.970 1069.000 1275.243 1164.564 -1 -1 -1 -1000 -1000 -1000 -10 0.00178307
Car -1 -1 -10 955.482 761.155 1084.325 1200.000 -1 -1 -1 -1000 -1000 -1000 -10 0.00345472
Car -1 -1 -10 436.377 832.312 597.538 1200.000 -1 -1 -1 -1000 -1000 -1000 -10 0.00173538
Car -1 -1 -10 1024.737 767.073 1209.847 1198.625 -1 -1 -1 -1000 -1000 -1000 -10 0.00172953
Car -1 -1 -10 994.513 1088.637 1159.754 1190.520 -1 -1 -1 -1000 -1000 -1000 -10 0.00172336
Car -1 -1 -10 772.405 828.459 933.053 1200.000 -1 -1 -1 -1000 -1000 -1000 -10 0.00170306
Car -1 -1 -10 437.487 1102.838 682.116 1200.000 -1 -1 -1 -1000 -1000 -1000 -10 0.00169100
Car -1 -1 -10 580.456 825.457 740.662 1200.000 -1 -1 -1 -1000 -1000 -1000 -10 0.00167442
