Car -1 -1 -10 96.322 563.501 240.164 651.258 -1 -1 -1 -1000 -1000 -1000 -10 0.97208232
Car -1 -1 -10 402.040 554.046 504.421 630.601 -1 -1 -1 -1000 -1000 -1000 -10 0.65624261
Car -1 -1 -10 805.533 570.028 862.404 620.389 -1 -1 -1 -1000 -1000 -1000 -10 0.68023371
Car -1 -1 -10 486.297 559.117 567.722 626.951 -1 -1 -1 -1000 -1000 -1000 -10 0.06265355
Car -1 -1 -10 273.922 565.493 374.974 641.749 -1 -1 -1 -1000 -1000 -1000 -10 0.02303814
Car -1 -1 -10 0.000 570.353 506.315 1195.674 -1 -1 -1 -1000 -1000 -1000 -10 0.00746107
Car -1 -1 -10 0.000 806.716 491.199 1195.127 -1 -1 -1 -1000 -1000 -1000 -10 0.00527070
Car -1 -1 -10 448.991 561.878 533.033 627.421 -1 -1 -1 -1000 -1000 -1000 -10 0.00279676
Car -1 -1 -10 16.630 362.731 311.781 1200.000 -1 -1 -1 -1000 -1000 -1000 -10 0.00243801
Car -1 -1 -10 895.848 827.497 1521.094 1191.594 -1 -1 -1 -1000 -1000 -1000 -10 0.00231721
Car -1 -1 -10 77.536 1081.782 387.260 1200.000 -1 -1 -1 -1000 -1000 -1000 -10 0.00437748
Car -1 -1 -10 14.544 795.144 358.644 1198.189 -1 -1 -1 -1000 -1000 -1000 -10 0.00434869
Car -1 -1 -10 143.061 1101.465 311.900 1200.000 -1 -1 -1 -1000 -1000 -1000 -10 0.00437469
Car -1 -1 -10 69.812 346.565 362.935 1200.000 -1 -1 -1 -1000 -1000 -1000 -10 0.00209154
Car -1 -1 -10 147.522 832.575 308.626 1200.000 -1 -1 -1 -1000 -1000 -1000 -10 0.00207394
Car -1 -1 -10 16.280 694.592 250.858 1200.000 -1 -1 -1 -1000 -1000 -1000 -10 0.00204002
Car -1 -1 -10 208.240 571.004 340.412 1197.728 -1 -1 -1 -1000 -1000 -1000 -10 0.00200532
Car -1 -1 -10 0.000 851.352 674.677 1200.000 -1 -1 -1 -1000 -1000 -1000 -10 0.00200417
Car -1 -1 -10 22.803 986.799 438.130 1200.000 -1 -1 -1 -1000 -1000 -1000 -10 0.00197893
Car -1 -1 -10 1066.595 793.680 1357.728 1187.660 -1 -1 -1 -1000 -1000 -1000 -10 0.00196789
Car -1 -1 -10 293.502 569.237 353.639 624.460 -1 -1 -1 -1000 -1000 -1000 -10 0.00375518
Car -1 -1 -10 95.390 1101.181 265.943 1200.000 -1 -1 -1 -1000 -1000 -1000 -10 0.00387373
Car -1 -1 -10 75.052 830.535 235.629 1200.000 -1 -1 -1 -1000 -1000 -1000 -10 0.00192493
Car -1 -1 -10 0.000 506.842 978.604 1182.236 -1 -1 -1 -1000 -1000 -1000 -10 0.00190351
Car -1 -1 -10 15.811 762.972 198.580 1200.000 -1 -1 -1 -1000 -1000 -1000 -10 0.00189822
Car -1 -1 -10 774.621 843.215 1317.193 1194.885 -1 -1 -1 -1000 -1000 -1000 -10 0.00188469
Car -1 -1 -10 5.506 1057.452 393.224 1200.000 -1 -1 -1 -1000 -1000 -1000 -10 0.00188263
Car -1 -1 -10 123.044 828.292 282.950 1200.000 -1 -1 -1 -1000 -1000 -1000 -10 0.00187046
Car -1 -1 -10 2.488 1020.945 314.812 1200.000 -1 -1 -1 -1000 -1000 -1000 -10 0.00186165
Car -1 -1 -10 28.782 1102.328 274.356 1200.000 -1 -1 -1 -1000 -1000 -1000 -10 0.00185572
Car -1 -1 -10 121.397 647.365 396.485 1200.000 -1 -1 -1 -1000 -1000 -1000 -10 0.00184354
Car -1 -1 -10 62.689 1102.843 236.811 1200.000 -1 -1 -1 -1000 -1000 -1000 -10 0.00176900
Car -1 -1 -10 11.239 957.314 376.484 1200.000 -1 -1 -1 -1000 -1000 -1000 -10 0.00176643
Car -1 -1 -10 30.988 530.321 754.449 1200.000 -1 -1 -1 -1000 -1000 -1000 -10 0.00176374
Car -1 -1 -10 212.306 1077.926 274.033 1200.000 -1 -1 -1 -1000 -1000 -1000 -10 0.00173740
Car -1 -1 -10 157.213 813.307 790.372 1185.035 -1 -1 -1 -1000 -1000 -1000 -10 0.00173222
