Car -1 -1 -10 0.000 801.248 456.874 1198.360 -1 -1 -1 -1000 -1000 -1000 -10 0.00610153
Car -1 -1 -10 1069.807 528.656 1909.841 1200.000 -1 -1 -1 -1000 -1000 -1000 -10 0.00315253
Car -1 -1 -10 1453.712 530.911 1918.768 1200.000 -1 -1 -1 -1000 -1000 -1000 -10 0.00313951
Car -1 -1 -10 0.000 880.950 265.052 1200.000 -1 -1 -1 -1000 -1000 -1000 -10 0.00095741
Car -1 -1 -10 1422.368 542.113 1919.727 900.524 -1 -1 -1 -1000 -1000 -1000 -10 0.00157701
Car -1 -1 -10 1332.879 590.298 1655.861 732.288 -1 -1 -1 -1000 -1000 -1000 -10 0.00162242
Car -1 -1 -10 1302.380 544.252 1891.213 891.815 -1 -1 -1 -1000 -1000 -1000 -10 0.00082164
Car -1 -1 -10 1268.383 550.956 1763.441 807.904 -1 -1 -1 -1000 -1000 -1000 -10 0.00081718
Car -1 -1 -10 0.000 935.574 325.139 1200.000 -1 -1 -1 -1000 -1000 -1000 -10 0.00080514
Car -1 -1 -10 19.014 342.064 469.621 697.576 -1 -1 -1 -1000 -1000 -1000 -10 0.00074672
Car -1 -1 -10 1457.639 386.308 1895.788 934.831 -1 -1 -1 -1000 -1000 -1000 -10 0.00074495
Car -1 -1 -10 55.158 770.024 251.837 1200.000 -1 -1 -1 -1000 -1000 -1000 -10 0.00070164
Car -1 -1 -10 1686.290 459.637 1914.819 778.032 -1 -1 -1 -1000 -1000 -1000 -10 0.00068244
Car -1 -1 -10 1461.761 611.188 1775.789 763.659 -1 -1 -1 -1000 -1000 -1000 -10 0.00067290
Car -1 -1 -10 787.429 1157.889 824.772 1200.000 -1 -1 -1 -1000 -1000 -1000 -10 0.00066418
Car -1 -1 -10 1589.871 549.367 1914.158 900.923 -1 -1 -1 -1000 -1000 -1000 -10 0.00065045
Car -1 -1 -10 18.218 981.834 425.542 1200.000 -1 -1 -1 -1000 -1000 -1000 -10 0.00064271
Car -1 -1 -10 1241.131 562.867 1775.434 1118.502 -1 -1 -1 -1000 -1000 -1000 -10 0.00062863
Car -1 -1 -10 42.097 667.276 220.259 1196.043 -1 -1 -1 -1000 -1000 -1000 -10 0.00061034
Car -1 -1 -10 424.536 1107.872 680.565 1200.000 -1 -1 -1 -1000 -1000 -1000 -10 0.00059132
Car -1 -1 -10 1629.709 474.971 1900.251 995.921 -1 -1 -1 -1000 -1000 -1000 -10 0.00059083
Car -1 -1 -10 313.211 1109.195 570.900 1200.000 -1 -1 -1 -1000 -1000 -1000 -10 0.00058959
Car -1 -1 -10 0.000 506.597 830.460 1184.897 -1 -1 -1 -1000 -1000 -1000 -10 0.00058722
Car -1 -1 -10 1404.676 617.493 1573.191 708.051 -1 -1 -1 -1000 -1000 -1000 -10 0.00057898
