Car -1 -1 -10 186.880 582.677 488.947 750.473 -1 -1 -1 -1000 -1000 -1000 -10 0.99793382
Car -1 -1 -10 954.642 575.601 1059.347 651.704 -1 -1 -1 -1000 -1000 -1000 -10 0.87085000
Car -1 -1 -10 175.499 565.507 280.654 645.466 -1 -1 -1 -1000 -1000 -1000 -10 0.66659530
Car -1 -1 -10 509.963 562.409 615.773 645.861 -1 -1 -1 -1000 -1000 -1000 -10 0.68025941
Car -1 -1 -10 876.299 575.460 959.043 642.382 -1 -1 -1 -1000 -1000 -1000 -10 0.88026746
Car -1 -1 -10 735.790 570.643 845.902 645.197 -1 -1 -1 -1000 -1000 -1000 -10 0.39757098
Car -1 -1 -10 475.546 561.411 613.156 652.578 -1 -1 -1 -1000 -1000 -1000 -10 0.19599539
Car -1 -1 -10 50.755 551.197 152.656 634.430 -1 -1 -1 -1000 -1000 -1000 -10 0.45426600
Car -1 -1 -10 281.741 563.555 593.796 741.715 -1 -1 -1 -1000 -1000 -1000 -10 0.61249639
Car -1 -1 -10 749.188 573.858 838.651 639.453 -1 -1 -1 -1000 -1000 -1000 -10 0.25414455
Car -1 -1 -10 845.889 578.201 935.423 650.231 -1 -1 -1 -1000 -1000 -1000 -10 0.17984146
Car -1 -1 -10 1047.537 582.316 1114.596 637.437 -1 -1 -1 -1000 -1000 -1000 -10 0.16375358
Car -1 -1 -10 426.865 565.243 597.246 660.198 -1 -1 -1 -1000 -1000 -1000 -10 0.06663542
Car -1 -1 -10 1402.161 573.439 1557.678 637.010 -1 -1 -1 -1000 -1000 -1000 -10 0.11616300
Car -1 -1 -10 655.486 576.532 728.920 642.580 -1 -1 -1 -1000 -1000 -1000 -10 0.05099072
Car -1 -1 -10 628.451 576.678 712.601 640.404 -1 -1 -1 -1000 -1000 -1000 -10 0.04850240
Car -1 -1 -10 1040.285 584.548 1117.241 646.651 -1 -1 -1 -1000 -1000 -1000 -10 0.03493013
Car -1 -1 -10 720.373 575.065 802.811 642.332 -1 -1 -1 -1000 -1000 -1000 -10 0.03565063
Car -1 -1 -10 535.320 565.828 619.940 641.125 -1 -1 -1 -1000 -1000 -1000 -10 0.01776736
Car -1 -1 -10 4.998 550.596 90.349 647.947 -1 -1 -1 -1000 -1000 -1000 -10 0.01044029
