Car -1 -1 -10 794.158 526.369 908.979 641.080 -1 -1 -1 -1000 -1000 -1000 -10 0.99991503
Car -1 -1 -10 916.394 523.531 995.374 587.507 -1 -1 -1 -1000 -1000 -1000 -10 0.21809876
Car -1 -1 -10 837.516 531.640 934.539 623.113 -1 -1 -1 -1000 -1000 -1000 -10 0.26603917
Car -1 -1 -10 0.000 477.327 1135.046 1200.000 -1 -1 -1 -1000 -1000 -1000 -10 0.05392461
Car -1 -1 -10 14.382 478.160 643.553 1193.940 -1 -1 -1 -1000 -1000 -1000 -10 0.00964471
Car -1 -1 -10 279.687 96.247 582.875 1175.500 -1 -1 -1 -1000 -1000 -1000 -10 0.01216539
Car -1 -1 -10 197.199 497.464 704.196 762.880 -1 -1 -1 -1000 -1000 -1000 -10 0.00287941
Car -1 -1 -10 924.474 513.592 1920.000 1196.822 -1 -1 -1 -1000 -1000 -1000 -10 0.00567650
Car -1 -1 -10 19.636 461.762 673.566 849.122 -1 -1 -1 -1000 -1000 -1000 -10 0.00672383
Car -1 -1 -10 497.761 499.898 1771.868 1196.739 -1 -1 -1 -1000 -1000 -1000 -10 0.00493726
Car -1 -1 -10 881.268 532.753 956.173 601.948 -1 -1 -1 -1000 -1000 -1000 -10 0.00232121
Car -1 -1 -10 1403.499 582.981 1920.000 1200.000 -1 -1 -1 -1000 -1000 -1000 -10 0.00613985
Car -1 -1 -10 356.399 552.820 488.985 1196.513 -1 -1 -1 -1000 -1000 -1000 -10 0.00228792
Car -1 -1 -10 873.836 526.173 964.889 608.982 -1 -1 -1 -1000 -1000 -1000 -10 0.00224757
Car -1 -1 -10 868.873 517.689 1005.509 604.439 -1 -1 -1 -1000 -1000 -1000 -10 0.00437008
Car -1 -1 -10 348.800 311.662 534.553 1004.328 -1 -1 -1 -1000 -1000 -1000 -10 0.00211070
Car -1 -1 -10 1.430 735.473 863.516 1192.750 -1 -1 -1 -1000 -1000 -1000 -10 0.00353836
Car -1 -1 -10 424.275 555.882 555.322 1193.896 -1 -1 -1 -1000 -1000 -1000 -10 0.00206361
Car -1 -1 -10 84.460 503.252 638.195 836.176 -1 -1 -1 -1000 -1000 -1000 -10 0.00203164
Car -1 -1 -10 101.623 539.659 817.057 949.111 -1 -1 -1 -1000 -1000 -1000 -10 0.00202330
Car -1 -1 -10 191.551 196.091 400.012 919.816 -1 -1 -1 -1000 -1000 -1000 -10 0.00201981
Car -1 -1 -10 143.033 410.777 702.149 1153.297 -1 -1 -1 -1000 -1000 -1000 -10 0.00193034
Car -1 -1 -10 229.212 420.264 497.083 1200.000 -1 -1 -1 -1000 -1000 -1000 -10 0.00190813
Car -1 -1 -10 276.172 308.164 461.522 1000.410 -1 -1 -1 -1000 -1000 -1000 -10 0.00188534
Car -1 -1 -10 869.131 542.558 914.818 618.798 -1 -1 -1 -1000 -1000 -1000 -10 0.00307588
Car -1 -1 -10 120.648 44.017 408.303 1200.000 -1 -1 -1 -1000 -1000 -1000 -10 0.00171158
Car -1 -1 -10 0.000 805.835 468.179 1200.000 -1 -1 -1 -1000 -1000 -1000 -10 0.00168153
Car -1 -1 -10 0.000 594.238 511.728 1194.247 -1 -1 -1 -1000 -1000 -1000 -10 0.00164942
Car -1 -1 -10 370.195 406.377 634.324 1200.000 -1 -1 -1 -1000 -1000 -1000 -10 0.00164435
Car -1 -1 -10 367.848 496.978 516.115 1200.000 -1 -1 -1 -1000 -1000 -1000 -10 0.00164059
Car -1 -1 -10 474.511 609.379 604.276 1193.522 -1 -1 -1 -1000 -1000 -1000 -10 0.00155195
Car -1 -1 -10 163.623 386.319 768.383 760.825 -1 -1 -1 -1000 -1000 -1000 -10 0.00152853
Car -1 -1 -10 152.909 627.109 823.198 1070.623 -1 -1 -1 -1000 -1000 -1000 -10 0.00151904
Car -1 -1 -10 0.000 543.620 155.616 635.878 -1 -1 -1 -1000 -1000 -1000 -10 0.00146658
Car -1 -1 -10 262.635 518.417 699.206 742.922 -1 -1 -1 -1000 -1000 -1000 -10 0.00143516
Car -1 -1 -10 1465.938 793.168 1920.000 1200.000 -1 -1 -1 -1000 -1000 -1000 -10 0.00139185
Car -1 -1 -10 320.947 757.925 664.067 1085.378 -1 -1 -1 -1000 -1000 -1000 -10 0.00133205
