Car -1 -1 -10 362.125 547.828 471.101 620.667 -1 -1 -1 -1000 -1000 -1000 -10 0.01756822
Car -1 -1 -10 870.486 805.831 1491.814 1199.126 -1 -1 -1 -1000 -1000 -1000 -10 0.00387393
Car -1 -1 -10 746.098 795.819 1381.677 1190.809 -1 -1 -1 -1000 -1000 -1000 -10 0.00230701
Car -1 -1 -10 491.738 789.358 1323.973 1192.738 -1 -1 -1 -1000 -1000 -1000 -10 0.00534301
Car -1 -1 -10 130.044 522.153 1288.117 1196.936 -1 -1 -1 -1000 -1000 -1000 -10 0.00343314
Car -1 -1 -10 299.225 523.577 1461.413 1200.000 -1 -1 -1 -1000 -1000 -1000 -10 0.00322545
Car -1 -1 -10 327.907 789.447 1160.442 1193.114 -1 -1 -1 -1000 -1000 -1000 -10 0.00169301
Car -1 -1 -10 1466.814 802.355 1920.000 1198.542 -1 -1 -1 -1000 -1000 -1000 -10 0.00561490
Car -1 -1 -10 818.458 1031.525 1250.055 1200.000 -1 -1 -1 -1000 -1000 -1000 -10 0.00154939
Car -1 -1 -10 1109.715 776.080 1782.133 1200.000 -1 -1 -1 -1000 -1000 -1000 -10 0.00264842
Car -1 -1 -10 22.402 607.324 188.914 1198.355 -1 -1 -1 -1000 -1000 -1000 -10 0.00262430
Car -1 -1 -10 90.004 791.791 910.082 1192.945 -1 -1 -1 -1000 -1000 -1000 -10 0.00262952
Car -1 -1 -10 896.425 650.576 1166.200 1200.000 -1 -1 -1 -1000 -1000 -1000 -10 0.00382156
Car -1 -1 -10 914.544 726.879 1220.121 1190.950 -1 -1 -1 -1000 -1000 -1000 -10 0.00138508
Car -1 -1 -10 735.840 982.685 1275.599 1200.000 -1 -1 -1 -1000 -1000 -1000 -10 0.00136988
Car -1 -1 -10 939.977 832.338 1100.192 1200.000 -1 -1 -1 -1000 -1000 -1000 -10 0.00136252
Car -1 -1 -10 967.214 714.307 1353.962 1198.152 -1 -1 -1 -1000 -1000 -1000 -10 0.00131045
Car -1 -1 -10 720.064 927.540 1338.141 1200.000 -1 -1 -1 -1000 -1000 -1000 -10 0.00126714
Car -1 -1 -10 0.000 799.407 448.346 1197.028 -1 -1 -1 -1000 -1000 -1000 -10 0.00358672
Car -1 -1 -10 865.392 1081.589 1173.928 1200.000 -1 -1 -1 -1000 -1000 -1000 -10 0.00123489
Car -1 -1 -10 951.354 1065.021 1108.004 1167.290 -1 -1 -1 -1000 -1000 -1000 -10 0.00242911
Car -1 -1 -10 651.659 638.771 923.633 1200.000 -1 -1 -1 -1000 -1000 -1000 -10 0.00120961
Car -1 -1 -10 927.438 935.333 1157.017 1200.000 -1 -1 -1 -1000 -1000 -1000 -10 0.00116572
Car -1 -1 -10 991.801 593.661 1143.270 1199.528 -1 -1 -1 -1000 -1000 -1000 -10 0.00115617
Car -1 -1 -10 1.777 672.082 316.069 1191.987 -1 -1 -1 -1000 -1000 -1000 -10 0.00115325
Car -1 -1 -10 804.973 635.456 1076.222 1200.000 -1 -1 -1 -1000 -1000 -1000 -10 0.00114962
Car -1 -1 -10 761.062 255.172 1063.084 1200.000 -1 -1 -1 -1000 -1000 -1000 -10 0.00113441
Car -1 -1 -10 857.857 258.944 1160.300 1200.000 -1 -1 -1 -1000 -1000 -1000 -10 0.00113419
Car -1 -1 -10 487.825 929.413 1105.099 1200.000 -1 -1 -1 -1000 -1000 -1000 -10 0.00113071
Car -1 -1 -10 339.806 789.457 964.292 1194.063 -1 -1 -1 -1000 -1000 -1000 -10 0.00112037
Car -1 -1 -10 609.239 510.184 970.844 1200.000 -1 -1 -1 -1000 -1000 -1000 -10 0.00110957
Car -1 -1 -10 867.988 830.175 1027.875 1200.000 -1 -1 -1 -1000 -1000 -1000 -10 0.00205232
Car -1 -1 -10 756.747 512.260 1120.173 1200.000 -1 -1 -1 -1000 -1000 -1000 -10 0.00102262
Car -1 -1 -10 1003.546 746.466 1131.000 1200.000 -1 -1 -1 -1000 -1000 -1000 -10 0.00101399
Car -1 -1 -10 1038.336 632.860 1190.940 1193.138 -1 -1 -1 -1000 -1000 -1000 -10 0.00101275
Car -1 -1 -10 989.096 825.782 1149.088 1200.000 -1 -1 -1 -1000 -1000 -1000 -10 0.00101220
Car -1 -1 -10 723.684 829.522 882.969 1200.000 -1 -1 -1 -1000 -1000 -1000 -10 0.00100670
Car -1 -1 -10 750.267 646.705 1018.923 1200.000 -1 -1 -1 -1000 -1000 -1000 -10 0.00100422
Car -1 -1 -10 227.491 782.357 627.093 1162.642 -1 -1 -1 -1000 -1000 -1000 -10 0.00095244
Car -1 -1 -10 794.386 1082.224 1104.437 1200.000 -1 -1 -1 -1000 -1000 -1000 -10 0.00094655
Car -1 -1 -10 957.649 750.208 1084.254 1200.000 -1 -1 -1 -1000 -1000 -1000 -10 0.00094124
