Car -1 -1 -10 611.003 527.538 866.990 661.721 -1 -1 -1 -1000 -1000 -1000 -10 0.99470483
Car -1 -1 -10 1696.346 536.619 1918.519 728.983 -1 -1 -1 -1000 -1000 -1000 -10 0.87404348
Car -1 -1 -10 1401.336 493.798 1786.814 670.527 -1 -1 -1 -1000 -1000 -1000 -10 0.16166239
Car -1 -1 -10 0.000 467.927 1140.600 1175.206 -1 -1 -1 -1000 -1000 -1000 -10 0.12637606
Car -1 -1 -10 1420.358 497.092 1741.755 641.953 -1 -1 -1 -1000 -1000 -1000 -10 0.04279099
Car -1 -1 -10 970.485 502.892 1920.000 1186.611 -1 -1 -1 -1000 -1000 -1000 -10 0.02796637
Car -1 -1 -10 456.755 521.098 1756.472 1196.951 -1 -1 -1 -1000 -1000 -1000 -10 0.02944351
Car -1 -1 -10 543.664 532.815 772.917 646.597 -1 -1 -1 -1000 -1000 -1000 -10 0.01619581
Car -1 -1 -10 121.028 522.690 872.931 971.775 -1 -1 -1 -1000 -1000 -1000 -10 0.01457209
Car -1 -1 -10 1307.267 495.980 1890.632 844.457 -1 -1 -1 -1000 -1000 -1000 -10 0.00725903
Car -1 -1 -10 461.764 548.502 702.084 667.921 -1 -1 -1 -1000 -1000 -1000 -10 0.01287937
Car -1 -1 -10 123.530 536.350 431.398 681.017 -1 -1 -1 -1000 -1000 -1000 -10 0.01128209
Car -1 -1 -10 349.415 561.507 522.706 660.742 -1 -1 -1 -1000 -1000 -1000 -10 0.00585577
Car -1 -1 -10 0.000 711.540 830.795 1181.262 -1 -1 -1 -1000 -1000 -1000 -10 0.00563817
Car -1 -1 -10 1536.961 498.716 1920.000 1020.512 -1 -1 -1 -1000 -1000 -1000 -10 0.00499490
Car -1 -1 -10 1329.032 476.763 1799.063 735.681 -1 -1 -1 -1000 -1000 -1000 -10 0.00484209
Car -1 -1 -10 0.000 561.186 505.739 1200.000 -1 -1 -1 -1000 -1000 -1000 -10 0.00483982
