Car -1 -1 -10 274.966 614.601 422.403 719.954 -1 -1 -1 -1000 -1000 -1000 -10 0.99696307
Car -1 -1 -10 416.034 603.035 543.710 687.855 -1 -1 -1 -1000 -1000 -1000 -10 0.50844212
Car -1 -1 -10 744.773 486.157 1320.252 760.154 -1 -1 -1 -1000 -1000 -1000 -10 0.58991891
Car -1 -1 -10 257.352 618.752 361.868 718.756 -1 -1 -1 -1000 -1000 -1000 -10 0.30401628
Car -1 -1 -10 592.100 604.145 644.190 657.621 -1 -1 -1 -1000 -1000 -1000 -10 0.02835727
Car -1 -1 -10 7.765 494.146 138.459 637.043 -1 -1 -1 -1000 -1000 -1000 -10 0.01967504
Car -1 -1 -10 541.401 610.719 601.085 665.836 -1 -1 -1 -1000 -1000 -1000 -10 0.01522306
Car -1 -1 -10 1.612 466.791 167.370 651.468 -1 -1 -1 -1000 -1000 -1000 -10 0.01335181
Car -1 -1 -10 1019.179 495.763 1376.537 717.177 -1 -1 -1 -1000 -1000 -1000 -10 0.01965688
Car -1 -1 -10 1400.771 569.153 1920.000 1200.000 -1 -1 -1 -1000 -1000 -1000 -10 0.01573062
Car -1 -1 -10 715.007 508.897 1054.772 748.019 -1 -1 -1 -1000 -1000 -1000 -10 0.00795483
Car -1 -1 -10 1259.907 472.502 1375.384 587.636 -1 -1 -1 -1000 -1000 -1000 -10 0.00335216
Car -1 -1 -10 0.000 468.468 230.566 676.699 -1 -1 -1 -1000 -1000 -1000 -10 0.00321250
Car -1 -1 -10 895.583 419.923 941.885 719.728 -1 -1 -1 -1000 -1000 -1000 -10 0.00291288
Car -1 -1 -10 323.681 607.579 442.014 706.499 -1 -1 -1 -1000 -1000 -1000 -10 0.00285335
Car -1 -1 -10 0.000 648.199 434.848 1197.397 -1 -1 -1 -1000 -1000 -1000 -10 0.00492183
Car -1 -1 -10 26.076 482.027 109.902 647.587 -1 -1 -1 -1000 -1000 -1000 -10 0.00247743
Car -1 -1 -10 653.003 469.884 1104.879 718.901 -1 -1 -1 -1000 -1000 -1000 -10 0.00228326
Car -1 -1 -10 762.733 568.540 1034.424 742.681 -1 -1 -1 -1000 -1000 -1000 -10 0.00214413
