Car -1 -1 -10 527.384 440.839 1256.363 1187.299 -1 -1 -1 -1000 -1000 -1000 -10 0.39885336
Car -1 -1 -10 374.321 411.155 1440.399 1181.622 -1 -1 -1 -1000 -1000 -1000 -10 0.19119404
Car -1 -1 -10 235.186 424.056 927.500 1193.956 -1 -1 -1 -1000 -1000 -1000 -10 0.07201201
Car -1 -1 -10 358.636 570.700 437.755 641.629 -1 -1 -1 -1000 -1000 -1000 -10 0.05050795
Car -1 -1 -10 32.304 429.583 1070.017 1197.154 -1 -1 -1 -1000 -1000 -1000 -10 0.07155488
Car -1 -1 -10 160.158 554.575 327.405 659.042 -1 -1 -1 -1000 -1000 -1000 -10 0.04808713
Car -1 -1 -10 507.457 458.907 1230.912 938.874 -1 -1 -1 -1000 -1000 -1000 -10 0.01553538
Car -1 -1 -10 263.202 447.602 971.157 923.388 -1 -1 -1 -1000 -1000 -1000 -10 0.01451687
Car -1 -1 -10 665.000 455.522 1144.386 975.376 -1 -1 -1 -1000 -1000 -1000 -10 0.00627791
Car -1 -1 -10 285.724 239.217 584.209 1185.977 -1 -1 -1 -1000 -1000 -1000 -10 0.01489915
Car -1 -1 -10 806.850 412.854 1210.034 1170.291 -1 -1 -1 -1000 -1000 -1000 -10 0.00916817
Car -1 -1 -10 252.749 493.941 630.852 1199.582 -1 -1 -1 -1000 -1000 -1000 -10 0.00477899
Car -1 -1 -10 855.745 249.418 1164.808 1187.453 -1 -1 -1 -1000 -1000 -1000 -10 0.00904598
Car -1 -1 -10 281.435 448.426 745.382 932.516 -1 -1 -1 -1000 -1000 -1000 -10 0.00839416
Car -1 -1 -10 8.146 556.151 497.499 1197.344 -1 -1 -1 -1000 -1000 -1000 -10 0.00826032
Car -1 -1 -10 1204.840 574.952 1275.149 642.929 -1 -1 -1 -1000 -1000 -1000 -10 0.00735975
Car -1 -1 -10 0.000 577.566 634.705 1200.000 -1 -1 -1 -1000 -1000 -1000 -10 0.00362276
Car -1 -1 -10 247.448 607.629 784.825 1199.898 -1 -1 -1 -1000 -1000 -1000 -10 0.00332826
