Car -1 -1 -10 938.583 607.571 1024.822 677.563 -1 -1 -1 -1000 -1000 -1000 -10 0.94422998
Car -1 -1 -10 780.811 604.605 855.161 671.871 -1 -1 -1 -1000 -1000 -1000 -10 0.95699604
Car -1 -1 -10 220.930 621.500 381.969 701.317 -1 -1 -1 -1000 -1000 -1000 -10 0.02050808
Car -1 -1 -10 24.377 569.027 334.241 703.725 -1 -1 -1 -1000 -1000 -1000 -10 0.01454709
Car -1 -1 -10 363.548 622.938 511.887 694.728 -1 -1 -1 -1000 -1000 -1000 -10 0.01064634
Car -1 -1 -10 336.105 621.596 493.169 696.187 -1 -1 -1 -1000 -1000 -1000 -10 0.00521911
Car -1 -1 -10 121.810 614.768 300.859 703.374 -1 -1 -1 -1000 -1000 -1000 -10 0.01296846
Car -1 -1 -10 22.266 548.904 348.949 685.935 -1 -1 -1 -1000 -1000 -1000 -10 0.00417360
Car -1 -1 -10 339.793 607.016 504.201 682.170 -1 -1 -1 -1000 -1000 -1000 -10 0.00412748
Car -1 -1 -10 127.070 596.676 304.342 684.449 -1 -1 -1 -1000 -1000 -1000 -10 0.00386256
Car -1 -1 -10 70.344 580.439 327.272 694.480 -1 -1 -1 -1000 -1000 -1000 -10 0.00356631
Car -1 -1 -10 0.000 561.205 540.433 1196.300 -1 -1 -1 -1000 -1000 -1000 -10 0.00933225
Car -1 -1 -10 0.000 504.025 978.911 1192.835 -1 -1 -1 -1000 -1000 -1000 -10 0.00951919
Car -1 -1 -10 0.000 838.524 434.658 1198.317 -1 -1 -1 -1000 -1000 -1000 -10 0.00523542
Car -1 -1 -10 260.582 633.741 347.319 699.178 -1 -1 -1 -1000 -1000 -1000 -10 0.00218319
Car -1 -1 -10 10.489 547.379 161.176 1199.622 -1 -1 -1 -1000 -1000 -1000 -10 0.00199868
Car -1 -1 -10 160.757 591.017 332.285 685.760 -1 -1 -1 -1000 -1000 -1000 -10 0.00357186
Car -1 -1 -10 53.981 534.043 206.883 1200.000 -1 -1 -1 -1000 -1000 -1000 -10 0.00186041
Car -1 -1 -10 172.310 616.235 278.861 693.763 -1 -1 -1 -1000 -1000 -1000 -10 0.00180265
Car -1 -1 -10 10.444 529.073 428.503 911.154 -1 -1 -1 -1000 -1000 -1000 -10 0.00176036
Car -1 -1 -10 0.000 745.600 354.415 1182.055 -1 -1 -1 -1000 -1000 -1000 -10 0.00165076
Car -1 -1 -10 41.259 604.294 314.510 1149.332 -1 -1 -1 -1000 -1000 -1000 -10 0.00163810
Car -1 -1 -10 371.627 600.931 537.726 680.745 -1 -1 -1 -1000 -1000 -1000 -10 0.00154939
Car -1 -1 -10 79.637 570.704 259.624 660.333 -1 -1 -1 -1000 -1000 -1000 -10 0.00151307
Car -1 -1 -10 0.000 540.716 335.035 912.552 -1 -1 -1 -1000 -1000 -1000 -10 0.00146625
Car -1 -1 -10 28.249 236.656 302.207 1200.000 -1 -1 -1 -1000 -1000 -1000 -10 0.00143354
Car -1 -1 -10 0.000 748.880 221.288 1099.091 -1 -1 -1 -1000 -1000 -1000 -10 0.00143214
Car -1 -1 -10 0.181 926.471 233.308 1200.000 -1 -1 -1 -1000 -1000 -1000 -10 0.00138010
Car -1 -1 -10 61.316 187.120 367.917 1191.472 -1 -1 -1 -1000 -1000 -1000 -10 0.00136540
Car -1 -1 -10 0.000 549.771 399.507 803.785 -1 -1 -1 -1000 -1000 -1000 -10 0.00128609
Car -1 -1 -10 0.000 821.648 203.806 1191.021 -1 -1 -1 -1000 -1000 -1000 -10 0.00127719
Car -1 -1 -10 78.933 590.571 375.714 720.979 -1 -1 -1 -1000 -1000 -1000 -10 0.00127024
Car -1 -1 -10 80.963 615.902 253.363 702.729 -1 -1 -1 -1000 -1000 -1000 -10 0.00124702
