Car -1 -1 -10 741.855 557.081 814.613 632.516 -1 -1 -1 -1000 -1000 -1000 -10 0.99990506
Car -1 -1 -10 428.411 551.901 540.904 640.967 -1 -1 -1 -1000 -1000 -1000 -10 0.99911706
Car -1 -1 -10 1188.428 566.563 1438.504 746.143 -1 -1 -1 -1000 -1000 -1000 -10 0.99812399
Car -1 -1 -10 573.487 539.012 725.222 668.283 -1 -1 -1 -1000 -1000 -1000 -10 0.99906002
Car -1 -1 -10 997.053 573.956 1078.145 642.400 -1 -1 -1 -1000 -1000 -1000 -10 0.64756130
Car -1 -1 -10 1124.286 571.610 1281.977 699.385 -1 -1 -1 -1000 -1000 -1000 -10 0.62186486
Car -1 -1 -10 1081.149 566.581 1207.840 684.677 -1 -1 -1 -1000 -1000 -1000 -10 0.56580604
Car -1 -1 -10 359.920 557.818 459.782 636.050 -1 -1 -1 -1000 -1000 -1000 -10 0.15580921
Car -1 -1 -10 862.909 574.729 897.172 613.547 -1 -1 -1 -1000 -1000 -1000 -10 0.01777170
Car -1 -1 -10 352.400 566.348 456.007 642.222 -1 -1 -1 -1000 -1000 -1000 -10 0.00790611
Car -1 -1 -10 238.792 579.010 339.348 655.819 -1 -1 -1 -1000 -1000 -1000 -10 0.01188821
