Car -1 -1 -10 825.274 592.093 1021.196 740.890 -1 -1 -1 -1000 -1000 -1000 -10 0.99999580
Car -1 -1 -10 1197.461 551.145 1367.421 728.819 -1 -1 -1 -1000 -1000 -1000 -10 0.99967386
Car -1 -1 -10 441.955 555.201 698.692 753.370 -1 -1 -1 -1000 -1000 -1000 -10 0.99832983
Car -1 -1 -10 651.529 579.286 779.553 707.281 -1 -1 -1 -1000 -1000 -1000 -10 0.49221443
Car -1 -1 -10 613.317 571.599 786.494 714.314 -1 -1 -1 -1000 -1000 -1000 -10 0.40950464
Car -1 -1 -10 1058.168 584.323 1109.893 635.207 -1 -1 -1 -1000 -1000 -1000 -10 0.50387945
Car -1 -1 -10 1293.667 514.822 1676.554 808.664 -1 -1 -1 -1000 -1000 -1000 -10 0.27930136
Car -1 -1 -10 759.095 597.876 851.743 688.451 -1 -1 -1 -1000 -1000 -1000 -10 0.17788792
Car -1 -1 -10 532.495 564.883 731.330 717.030 -1 -1 -1 -1000 -1000 -1000 -10 0.10180405
Car -1 -1 -10 1138.529 543.080 1315.654 694.581 -1 -1 -1 -1000 -1000 -1000 -10 0.10066722
Car -1 -1 -10 735.399 591.877 844.160 691.732 -1 -1 -1 -1000 -1000 -1000 -10 0.05927833
