Car -1 -1 -10 707.763 576.299 811.281 654.344 -1 -1 -1 -1000 -1000 -1000 -10 0.97937755
Car -1 -1 -10 0.000 800.215 460.936 1200.000 -1 -1 -1 -1000 -1000 -1000 -10 0.00535776
Car -1 -1 -10 0.000 795.859 312.685 1197.890 -1 -1 -1 -1000 -1000 -1000 -10 0.00188829
Car -1 -1 -10 0.000 819.465 212.875 1194.514 -1 -1 -1 -1000 -1000 -1000 -10 0.00149461
Car -1 -1 -10 18.768 511.633 189.055 1175.108 -1 -1 -1 -1000 -1000 -1000 -10 0.00128772
Car -1 -1 -10 1580.799 563.450 1920.000 1200.000 -1 -1 -1 -1000 -1000 -1000 -10 0.00197833
Car -1 -1 -10 1410.480 588.232 1916.490 1162.216 -1 -1 -1 -1000 -1000 -1000 -10 0.00158899
Car -1 -1 -10 1451.905 500.019 1920.000 1011.898 -1 -1 -1 -1000 -1000 -1000 -10 0.00099653
Car -1 -1 -10 739.371 576.678 766.742 666.370 -1 -1 -1 -1000 -1000 -1000 -10 0.00095343
Car -1 -1 -10 66.884 749.358 194.993 1200.000 -1 -1 -1 -1000 -1000 -1000 -10 0.00091073
Car -1 -1 -10 6.502 1034.500 369.367 1200.000 -1 -1 -1 -1000 -1000 -1000 -10 0.00090940
Car -1 -1 -10 1367.824 438.194 1913.698 879.099 -1 -1 -1 -1000 -1000 -1000 -10 0.00219328
Car -1 -1 -10 1.312 960.295 211.609 1200.000 -1 -1 -1 -1000 -1000 -1000 -10 0.00174518
Car -1 -1 -10 6.121 986.638 350.773 1200.000 -1 -1 -1 -1000 -1000 -1000 -10 0.00087245
Car -1 -1 -10 1395.689 351.553 1897.925 1200.000 -1 -1 -1 -1000 -1000 -1000 -10 0.00075458
Car -1 -1 -10 0.000 1166.592 25.338 1200.000 -1 -1 -1 -1000 -1000 -1000 -10 0.00072751
Car -1 -1 -10 741.989 529.022 789.665 693.613 -1 -1 -1 -1000 -1000 -1000 -10 0.00072633
Car -1 -1 -10 728.210 571.359 786.586 626.445 -1 -1 -1 -1000 -1000 -1000 -10 0.00070620
Car -1 -1 -10 1632.716 844.625 1920.000 1200.000 -1 -1 -1 -1000 -1000 -1000 -10 0.00070122
Car -1 -1 -10 722.022 541.049 1326.661 1184.999 -1 -1 -1 -1000 -1000 -1000 -10 0.00069849
Car -1 -1 -10 751.017 575.079 778.904 666.851 -1 -1 -1 -1000 -1000 -1000 -10 0.00069441
Car -1 -1 -10 1465.881 336.173 1912.066 709.449 -1 -1 -1 -1000 -1000 -1000 -10 0.00069180
Car -1 -1 -10 1477.627 805.628 1920.000 1200.000 -1 -1 -1 -1000 -1000 -1000 -10 0.00068793
Car -1 -1 -10 0.921 684.897 326.252 1087.522 -1 -1 -1 -1000 -1000 -1000 -10 0.00120998
Car -1 -1 -10 873.724 656.035 1067.838 1192.921 -1 -1 -1 -1000 -1000 -1000 -10 0.00066818
Car -1 -1 -10 0.000 1058.468 201.332 1200.000 -1 -1 -1 -1000 -1000 -1000 -10 0.00065354
Car -1 -1 -10 829.857 570.286 1230.961 1180.635 -1 -1 -1 -1000 -1000 -1000 -10 0.00063028
Car -1 -1 -10 42.840 597.946 172.382 1200.000 -1 -1 -1 -1000 -1000 -1000 -10 0.00063022
Car -1 -1 -10 745.955 567.411 773.384 667.395 -1 -1 -1 -1000 -1000 -1000 -10 0.00062787
Car -1 -1 -10 1553.781 627.145 1911.557 925.219 -1 -1 -1 -1000 -1000 -1000 -10 0.00060614
Car -1 -1 -10 1271.511 579.920 1822.895 964.629 -1 -1 -1 -1000 -1000 -1000 -10 0.00060609
Car -1 -1 -10 446.268 512.798 1492.246 1199.688 -1 -1 -1 -1000 -1000 -1000 -10 0.00052504
