Car -1 -1 -10 970.551 593.456 1139.945 722.910 -1 -1 -1 -1000 -1000 -1000 -10 0.99972440
Car -1 -1 -10 1605.963 526.186 1870.161 638.308 -1 -1 -1 -1000 -1000 -1000 -10 0.02235514
Car -1 -1 -10 1588.966 518.641 1824.934 648.233 -1 -1 -1 -1000 -1000 -1000 -10 0.00731369
Car -1 -1 -10 1563.192 511.203 1862.934 659.921 -1 -1 -1 -1000 -1000 -1000 -10 0.00516459
Car -1 -1 -10 1037.283 592.151 1139.151 691.369 -1 -1 -1 -1000 -1000 -1000 -10 0.00643467
Car -1 -1 -10 1616.992 536.996 1793.323 637.072 -1 -1 -1 -1000 -1000 -1000 -10 0.00371130
Car -1 -1 -10 1494.238 481.187 1920.000 732.161 -1 -1 -1 -1000 -1000 -1000 -10 0.00524840
Car -1 -1 -10 0.000 766.470 593.582 1200.000 -1 -1 -1 -1000 -1000 -1000 -10 0.00299366
Car -1 -1 -10 0.000 791.560 461.384 1200.000 -1 -1 -1 -1000 -1000 -1000 -10 0.00758481
Car -1 -1 -10 1449.073 647.666 1920.000 1200.000 -1 -1 -1 -1000 -1000 -1000 -10 0.00505209
Car -1 -1 -10 795.632 490.590 1920.000 1199.321 -1 -1 -1 -1000 -1000 -1000 -10 0.00522548
Car -1 -1 -10 1562.790 492.957 1920.000 682.014 -1 -1 -1 -1000 -1000 -1000 -10 0.00465327
Car -1 -1 -10 1073.210 510.401 1920.000 1196.490 -1 -1 -1 -1000 -1000 -1000 -10 0.00430599
Car -1 -1 -10 88.120 509.903 1284.316 1197.067 -1 -1 -1 -1000 -1000 -1000 -10 0.00737592
Car -1 -1 -10 30.270 306.516 396.580 1200.000 -1 -1 -1 -1000 -1000 -1000 -10 0.00218799
Car -1 -1 -10 63.224 154.648 364.900 1200.000 -1 -1 -1 -1000 -1000 -1000 -10 0.00191668
Car -1 -1 -10 1418.972 534.419 1920.000 909.952 -1 -1 -1 -1000 -1000 -1000 -10 0.00340042
Car -1 -1 -10 1626.870 544.339 1769.242 668.028 -1 -1 -1 -1000 -1000 -1000 -10 0.00183277
Car -1 -1 -10 288.955 1122.516 328.669 1200.000 -1 -1 -1 -1000 -1000 -1000 -10 0.00170309
Car -1 -1 -10 273.565 1117.621 355.401 1200.000 -1 -1 -1 -1000 -1000 -1000 -10 0.00298091
Car -1 -1 -10 669.381 650.934 839.825 1187.021 -1 -1 -1 -1000 -1000 -1000 -10 0.00169613
Car -1 -1 -10 304.405 617.804 489.644 1185.392 -1 -1 -1 -1000 -1000 -1000 -10 0.00280115
Car -1 -1 -10 285.286 653.435 457.761 1191.036 -1 -1 -1 -1000 -1000 -1000 -10 0.00159320
Car -1 -1 -10 1488.310 183.950 1920.000 737.838 -1 -1 -1 -1000 -1000 -1000 -10 0.00153836
Car -1 -1 -10 538.216 1067.015 935.807 1200.000 -1 -1 -1 -1000 -1000 -1000 -10 0.00152825
Car -1 -1 -10 1263.274 636.920 1920.000 1070.225 -1 -1 -1 -1000 -1000 -1000 -10 0.00151912
Car -1 -1 -10 151.047 533.791 302.624 1200.000 -1 -1 -1 -1000 -1000 -1000 -10 0.00146004
Car -1 -1 -10 213.510 1063.374 612.118 1200.000 -1 -1 -1 -1000 -1000 -1000 -10 0.00264356
Car -1 -1 -10 289.541 1157.406 327.442 1200.000 -1 -1 -1 -1000 -1000 -1000 -10 0.00145001
Car -1 -1 -10 1661.146 516.707 1839.823 610.657 -1 -1 -1 -1000 -1000 -1000 -10 0.00143536
Car -1 -1 -10 236.829 640.155 412.127 1191.412 -1 -1 -1 -1000 -1000 -1000 -10 0.00139768
Car -1 -1 -10 1283.577 437.147 1916.068 1119.228 -1 -1 -1 -1000 -1000 -1000 -10 0.00131020
Car -1 -1 -10 183.883 1107.252 440.690 1200.000 -1 -1 -1 -1000 -1000 -1000 -10 0.00128633
Car -1 -1 -10 0.000 931.299 323.650 1200.000 -1 -1 -1 -1000 -1000 -1000 -10 0.00128408
Car -1 -1 -10 650.813 619.226 870.123 1184.215 -1 -1 -1 -1000 -1000 -1000 -10 0.00127896
Car -1 -1 -10 295.668 1156.849 333.626 1200.000 -1 -1 -1 -1000 -1000 -1000 -10 0.00118411
Car -1 -1 -10 292.090 1105.672 547.862 1200.000 -1 -1 -1 -1000 -1000 -1000 -10 0.00117536
