Car -1 -1 -10 1106.786 549.272 1220.759 640.093 -1 -1 -1 -1000 -1000 -1000 -10 0.99992025
Car -1 -1 -10 805.459 1056.935 1206.709 1200.000 -1 -1 -1 -1000 -1000 -1000 -10 0.01429577
Car -1 -1 -10 601.184 1030.411 1077.778 1200.000 -1 -1 -1 -1000 -1000 -1000 -10 0.01455392
Car -1 -1 -10 769.678 1087.842 927.648 1188.577 -1 -1 -1 -1000 -1000 -1000 -10 0.00799361
Car -1 -1 -10 667.757 1078.735 995.566 1200.000 -1 -1 -1 -1000 -1000 -1000 -10 0.00794704
Car -1 -1 -10 768.772 1068.981 930.583 1165.631 -1 -1 -1 -1000 -1000 -1000 -10 0.00762967
Car -1 -1 -10 934.611 338.269 1220.294 1193.073 -1 -1 -1 -1000 -1000 -1000 -10 0.00388815
Car -1 -1 -10 1119.072 1157.181 1156.408 1200.000 -1 -1 -1 -1000 -1000 -1000 -10 0.00675587
Car -1 -1 -10 872.062 843.474 1213.748 1193.031 -1 -1 -1 -1000 -1000 -1000 -10 0.00753680
Car -1 -1 -10 708.425 1096.295 963.007 1200.000 -1 -1 -1 -1000 -1000 -1000 -10 0.00380593
Car -1 -1 -10 985.415 1100.903 1240.140 1200.000 -1 -1 -1 -1000 -1000 -1000 -10 0.00874266
Car -1 -1 -10 948.002 681.107 1191.922 1196.896 -1 -1 -1 -1000 -1000 -1000 -10 0.00540063
Car -1 -1 -10 914.092 1086.479 1079.653 1189.979 -1 -1 -1 -1000 -1000 -1000 -10 0.00857806
Car -1 -1 -10 889.268 337.257 1177.671 1199.006 -1 -1 -1 -1000 -1000 -1000 -10 0.00316564
Car -1 -1 -10 814.570 629.240 1316.949 1199.356 -1 -1 -1 -1000 -1000 -1000 -10 0.00627192
Car -1 -1 -10 909.863 673.593 1084.536 1190.095 -1 -1 -1 -1000 -1000 -1000 -10 0.00309834
Car -1 -1 -10 727.108 915.803 1414.240 1200.000 -1 -1 -1 -1000 -1000 -1000 -10 0.00302170
Car -1 -1 -10 1130.557 1093.328 1290.103 1188.816 -1 -1 -1 -1000 -1000 -1000 -10 0.00588193
Car -1 -1 -10 791.648 732.458 1339.734 1183.132 -1 -1 -1 -1000 -1000 -1000 -10 0.00300039
Car -1 -1 -10 683.815 900.714 973.774 1200.000 -1 -1 -1 -1000 -1000 -1000 -10 0.00555846
Car -1 -1 -10 903.724 953.845 1142.878 1200.000 -1 -1 -1 -1000 -1000 -1000 -10 0.00287375
Car -1 -1 -10 659.911 1098.632 917.859 1200.000 -1 -1 -1 -1000 -1000 -1000 -10 0.00283902
Car -1 -1 -10 1097.315 1116.562 1176.260 1200.000 -1 -1 -1 -1000 -1000 -1000 -10 0.00473413
Car -1 -1 -10 979.674 684.242 1158.748 1190.430 -1 -1 -1 -1000 -1000 -1000 -10 0.00275492
Car -1 -1 -10 1054.431 1083.372 1372.703 1200.000 -1 -1 -1 -1000 -1000 -1000 -10 0.00535691
Car -1 -1 -10 736.142 1069.667 900.045 1164.853 -1 -1 -1 -1000 -1000 -1000 -10 0.00271190
Car -1 -1 -10 934.233 676.832 1108.779 1196.731 -1 -1 -1 -1000 -1000 -1000 -10 0.00270004
Car -1 -1 -10 980.696 1052.966 1409.733 1200.000 -1 -1 -1 -1000 -1000 -1000 -10 0.00479600
Car -1 -1 -10 643.250 861.498 1480.191 1200.000 -1 -1 -1 -1000 -1000 -1000 -10 0.00267154
Car -1 -1 -10 846.668 1082.661 1171.356 1200.000 -1 -1 -1 -1000 -1000 -1000 -10 0.00262951
Car -1 -1 -10 1132.924 1116.730 1213.210 1200.000 -1 -1 -1 -1000 -1000 -1000 -10 0.00451041
Car -1 -1 -10 1003.577 763.021 1132.554 1200.000 -1 -1 -1 -1000 -1000 -1000 -10 0.00244806
Car -1 -1 -10 1154.101 1156.635 1192.567 1200.000 -1 -1 -1 -1000 -1000 -1000 -10 0.00451884
Car -1 -1 -10 932.346 1079.364 1070.356 1199.591 -1 -1 -1 -1000 -1000 -1000 -10 0.00230917
Car -1 -1 -10 721.784 1099.228 898.648 1200.000 -1 -1 -1 -1000 -1000 -1000 -10 0.00230286
Car -1 -1 -10 775.506 1021.315 868.880 1200.000 -1 -1 -1 -1000 -1000 -1000 -10 0.00228610
Car -1 -1 -10 1123.408 1121.802 1162.057 1200.000 -1 -1 -1 -1000 -1000 -1000 -10 0.00225771
Car -1 -1 -10 741.390 679.268 914.583 1193.990 -1 -1 -1 -1000 -1000 -1000 -10 0.00415792
Car -1 -1 -10 802.812 1085.148 895.824 1175.856 -1 -1 -1 -1000 -1000 -1000 -10 0.00212787
Car -1 -1 -10 760.195 941.686 907.513 1200.000 -1 -1 -1 -1000 -1000 -1000 -10 0.00205134
