Car -1 -1 -10 655.070 548.843 785.484 660.417 -1 -1 -1 -1000 -1000 -1000 -10 0.99986011
Car -1 -1 -10 802.889 562.113 867.077 620.006 -1 -1 -1 -1000 -1000 -1000 -10 0.94294152
Car -1 -1 -10 303.972 574.232 421.846 651.754 -1 -1 -1 -1000 -1000 -1000 -10 0.77588892
Car -1 -1 -10 1385.772 553.859 1879.921 896.639 -1 -1 -1 -1000 -1000 -1000 -10 0.23228170
Car -1 -1 -10 6.073 561.367 153.018 660.045 -1 -1 -1 -1000 -1000 -1000 -10 0.03720931
Car -1 -1 -10 1486.176 508.951 1914.194 1127.035 -1 -1 -1 -1000 -1000 -1000 -10 0.00949698
Car -1 -1 -10 1604.371 493.915 1920.000 874.397 -1 -1 -1 -1000 -1000 -1000 -10 0.00526335
Car -1 -1 -10 0.000 834.045 494.735 1197.904 -1 -1 -1 -1000 -1000 -1000 -10 0.00809559
Car -1 -1 -10 452.667 815.386 1084.619 1187.797 -1 -1 -1 -1000 -1000 -1000 -10 0.00515886
Car -1 -1 -10 778.864 799.308 1376.339 1190.402 -1 -1 -1 -1000 -1000 -1000 -10 0.00691309
Car -1 -1 -10 104.037 834.405 695.961 1197.059 -1 -1 -1 -1000 -1000 -1000 -10 0.00393321
Car -1 -1 -10 206.316 779.643 879.451 1200.000 -1 -1 -1 -1000 -1000 -1000 -10 0.00235326
Car -1 -1 -10 0.000 710.608 455.415 1200.000 -1 -1 -1 -1000 -1000 -1000 -10 0.00219166
Car -1 -1 -10 0.000 562.305 361.768 1200.000 -1 -1 -1 -1000 -1000 -1000 -10 0.00216993
Car -1 -1 -10 1498.545 748.171 1902.469 1096.248 -1 -1 -1 -1000 -1000 -1000 -10 0.00212786
Car -1 -1 -10 610.684 542.303 665.522 600.549 -1 -1 -1 -1000 -1000 -1000 -10 0.00201781
Car -1 -1 -10 227.068 778.028 525.379 1191.104 -1 -1 -1 -1000 -1000 -1000 -10 0.00184044
Car -1 -1 -10 601.547 544.491 673.516 613.829 -1 -1 -1 -1000 -1000 -1000 -10 0.00181997
Car -1 -1 -10 241.584 1055.481 635.556 1200.000 -1 -1 -1 -1000 -1000 -1000 -10 0.00147013
Car -1 -1 -10 362.375 832.870 523.618 1200.000 -1 -1 -1 -1000 -1000 -1000 -10 0.00146910
Car -1 -1 -10 579.629 565.380 635.721 618.916 -1 -1 -1 -1000 -1000 -1000 -10 0.00145362
