Car -1 -1 -10 1675.646 528.818 1919.705 677.908 -1 -1 -1 -1000 -1000 -1000 -10 0.98844224
Car -1 -1 -10 748.590 566.347 872.027 672.847 -1 -1 -1 -1000 -1000 -1000 -10 0.97104147
Car -1 -1 -10 1753.949 547.900 1920.000 747.457 -1 -1 -1 -1000 -1000 -1000 -10 0.00932355
Car -1 -1 -10 782.103 556.445 883.861 638.709 -1 -1 -1 -1000 -1000 -1000 -10 0.00521431
Car -1 -1 -10 834.060 569.804 880.573 619.802 -1 -1 -1 -1000 -1000 -1000 -10 0.00313880
Car -1 -1 -10 8.517 669.460 624.905 1186.876 -1 -1 -1 -1000 -1000 -1000 -10 0.00508150
Car -1 -1 -10 1447.817 486.263 1895.402 864.354 -1 -1 -1 -1000 -1000 -1000 -10 0.00263485
Car -1 -1 -10 0.000 796.200 473.294 1200.000 -1 -1 -1 -1000 -1000 -1000 -10 0.00494082
Car -1 -1 -10 1818.840 535.530 1907.646 696.789 -1 -1 -1 -1000 -1000 -1000 -10 0.00504245
Car -1 -1 -10 1521.313 495.682 1920.000 1031.471 -1 -1 -1 -1000 -1000 -1000 -10 0.00466624
Car -1 -1 -10 839.032 566.369 890.232 623.903 -1 -1 -1 -1000 -1000 -1000 -10 0.00244498
Car -1 -1 -10 0.000 534.141 934.375 1200.000 -1 -1 -1 -1000 -1000 -1000 -10 0.00223737
Car -1 -1 -10 1674.996 538.978 1842.475 645.423 -1 -1 -1 -1000 -1000 -1000 -10 0.00220526
Car -1 -1 -10 1624.573 208.270 1920.000 760.740 -1 -1 -1 -1000 -1000 -1000 -10 0.00200955
Car -1 -1 -10 554.291 782.908 1149.212 1194.748 -1 -1 -1 -1000 -1000 -1000 -10 0.00195925
Car -1 -1 -10 1635.851 519.286 1793.107 606.385 -1 -1 -1 -1000 -1000 -1000 -10 0.00191032
Car -1 -1 -10 343.753 0.000 929.969 214.016 -1 -1 -1 -1000 -1000 -1000 -10 0.00150021
Car -1 -1 -10 1630.982 524.337 1920.000 820.838 -1 -1 -1 -1000 -1000 -1000 -10 0.00279967
Car -1 -1 -10 842.375 566.770 880.655 623.542 -1 -1 -1 -1000 -1000 -1000 -10 0.00146387
Car -1 -1 -10 1653.737 537.557 1818.110 640.621 -1 -1 -1 -1000 -1000 -1000 -10 0.00141661
Car -1 -1 -10 1790.961 545.884 1920.000 674.330 -1 -1 -1 -1000 -1000 -1000 -10 0.00119116
