Car -1 -1 -10 0.000 795.207 458.847 1198.526 -1 -1 -1 -1000 -1000 -1000 -10 0.00779833
Car -1 -1 -10 10.169 650.777 399.371 1061.967 -1 -1 -1 -1000 -1000 -1000 -10 0.00120883
Car -1 -1 -10 27.837 587.793 551.645 1134.371 -1 -1 -1 -1000 -1000 -1000 -10 0.00111299
Car -1 -1 -10 0.000 880.685 264.019 1200.000 -1 -1 -1 -1000 -1000 -1000 -10 0.00109630
Car -1 -1 -10 0.000 720.975 267.503 1128.472 -1 -1 -1 -1000 -1000 -1000 -10 0.00146873
Car -1 -1 -10 1577.637 578.821 1920.000 1200.000 -1 -1 -1 -1000 -1000 -1000 -10 0.00168612
Car -1 -1 -10 0.000 935.450 321.693 1200.000 -1 -1 -1 -1000 -1000 -1000 -10 0.00149566
Car -1 -1 -10 1473.274 807.602 1920.000 1200.000 -1 -1 -1 -1000 -1000 -1000 -10 0.00157650
Car -1 -1 -10 2.775 635.302 298.698 1121.883 -1 -1 -1 -1000 -1000 -1000 -10 0.00131357
Car -1 -1 -10 713.710 647.826 897.327 1186.927 -1 -1 -1 -1000 -1000 -1000 -10 0.00071310
Car -1 -1 -10 865.114 1158.519 902.302 1200.000 -1 -1 -1 -1000 -1000 -1000 -10 0.00071304
Car -1 -1 -10 0.000 0.000 291.709 212.161 -1 -1 -1 -1000 -1000 -1000 -10 0.00134299
Car -1 -1 -10 1452.962 533.391 1920.000 905.706 -1 -1 -1 -1000 -1000 -1000 -10 0.00069737
Car -1 -1 -10 0.000 1166.564 25.227 1200.000 -1 -1 -1 -1000 -1000 -1000 -10 0.00067471
Car -1 -1 -10 1196.327 546.768 1889.222 1200.000 -1 -1 -1 -1000 -1000 -1000 -10 0.00128460
Car -1 -1 -10 786.923 638.978 968.042 1188.587 -1 -1 -1 -1000 -1000 -1000 -10 0.00062927
Car -1 -1 -10 722.699 594.070 936.804 1194.667 -1 -1 -1 -1000 -1000 -1000 -10 0.00060348
Car -1 -1 -10 599.615 633.379 770.285 1188.567 -1 -1 -1 -1000 -1000 -1000 -10 0.00059553
Car -1 -1 -10 0.000 0.000 123.555 145.987 -1 -1 -1 -1000 -1000 -1000 -10 0.00056905
Car -1 -1 -10 3.999 959.633 211.339 1200.000 -1 -1 -1 -1000 -1000 -1000 -10 0.00055402
Car -1 -1 -10 639.456 575.399 1032.556 1179.367 -1 -1 -1 -1000 -1000 -1000 -10 0.00052194
Car -1 -1 -10 0.000 0.000 416.983 316.876 -1 -1 -1 -1000 -1000 -1000 -10 0.00101521
Car -1 -1 -10 1607.191 941.197 1920.000 1200.000 -1 -1 -1 -1000 -1000 -1000 -10 0.00051387
Car -1 -1 -10 1477.354 289.314 1914.910 653.203 -1 -1 -1 -1000 -1000 -1000 -10 0.00051030
Car -1 -1 -10 825.477 577.778 977.014 1190.673 -1 -1 -1 -1000 -1000 -1000 -10 0.00049588
Car -1 -1 -10 1356.829 334.172 1910.678 772.651 -1 -1 -1 -1000 -1000 -1000 -10 0.00047981
Car -1 -1 -10 583.567 700.465 1068.721 1197.612 -1 -1 -1 -1000 -1000 -1000 -10 0.00046793
