Car -1 -1 -10 888.334 566.831 997.825 646.398 -1 -1 -1 -1000 -1000 -1000 -10 0.48979724
Car -1 -1 -10 0.000 544.824 1148.406 1196.933 -1 -1 -1 -1000 -1000 -1000 -10 0.03859164
Car -1 -1 -10 772.299 520.745 1920.000 1199.008 -1 -1 -1 -1000 -1000 -1000 -10 0.03152991
Car -1 -1 -10 836.778 775.901 1771.087 1194.239 -1 -1 -1 -1000 -1000 -1000 -10 0.01946816
Car -1 -1 -10 1208.854 785.187 1920.000 1197.696 -1 -1 -1 -1000 -1000 -1000 -10 0.01582349
Car -1 -1 -10 368.136 754.821 1281.968 1196.922 -1 -1 -1 -1000 -1000 -1000 -10 0.02033947
Car -1 -1 -10 160.987 711.014 896.255 1198.768 -1 -1 -1 -1000 -1000 -1000 -10 0.01640282
Car -1 -1 -10 601.465 752.508 1534.700 1198.519 -1 -1 -1 -1000 -1000 -1000 -10 0.00489222
Car -1 -1 -10 0.000 814.233 537.931 1196.292 -1 -1 -1 -1000 -1000 -1000 -10 0.00919737
Car -1 -1 -10 3.017 779.098 797.312 1188.522 -1 -1 -1 -1000 -1000 -1000 -10 0.00480393
Car -1 -1 -10 0.000 628.336 494.137 1200.000 -1 -1 -1 -1000 -1000 -1000 -10 0.00779620
Car -1 -1 -10 1426.014 681.377 1920.000 1200.000 -1 -1 -1 -1000 -1000 -1000 -10 0.00377695
