Car -1 -1 -10 1433.641 558.922 1920.000 764.982 -1 -1 -1 -1000 -1000 -1000 -10 0.70093895
Car -1 -1 -10 40.307 297.671 947.382 1163.200 -1 -1 -1 -1000 -1000 -1000 -10 0.27581537
Car -1 -1 -10 1767.066 562.417 1917.828 669.560 -1 -1 -1 -1000 -1000 -1000 -10 0.04040189
Car -1 -1 -10 1631.066 540.279 1920.000 736.334 -1 -1 -1 -1000 -1000 -1000 -10 0.03603377
Car -1 -1 -10 1354.219 562.915 1716.690 778.151 -1 -1 -1 -1000 -1000 -1000 -10 0.02191524
Car -1 -1 -10 1672.508 558.784 1919.701 722.131 -1 -1 -1 -1000 -1000 -1000 -10 0.02315494
Car -1 -1 -10 1395.723 571.198 1711.860 749.323 -1 -1 -1 -1000 -1000 -1000 -10 0.01942853
Car -1 -1 -10 1810.555 562.637 1920.000 666.437 -1 -1 -1 -1000 -1000 -1000 -10 0.02025266
Car -1 -1 -10 1742.571 555.258 1874.063 679.869 -1 -1 -1 -1000 -1000 -1000 -10 0.01037898
Car -1 -1 -10 201.174 222.728 1067.716 911.194 -1 -1 -1 -1000 -1000 -1000 -10 0.01525936
Car -1 -1 -10 1502.162 501.757 1920.000 1003.842 -1 -1 -1 -1000 -1000 -1000 -10 0.01261385
Car -1 -1 -10 0.000 545.882 504.489 1198.836 -1 -1 -1 -1000 -1000 -1000 -10 0.01347000
Car -1 -1 -10 1760.616 553.982 1897.910 677.605 -1 -1 -1 -1000 -1000 -1000 -10 0.00688872
Car -1 -1 -10 78.292 378.814 475.037 1155.227 -1 -1 -1 -1000 -1000 -1000 -10 0.00669044
Car -1 -1 -10 1380.411 564.035 1540.945 657.289 -1 -1 -1 -1000 -1000 -1000 -10 0.00664785
Car -1 -1 -10 1843.373 548.288 1920.000 666.834 -1 -1 -1 -1000 -1000 -1000 -10 0.00629040
Car -1 -1 -10 36.089 357.468 626.805 968.255 -1 -1 -1 -1000 -1000 -1000 -10 0.00614105
Car -1 -1 -10 1765.618 590.840 1898.167 727.453 -1 -1 -1 -1000 -1000 -1000 -10 0.01176194
Car -1 -1 -10 16.760 413.005 328.665 1081.084 -1 -1 -1 -1000 -1000 -1000 -10 0.00588100
Car -1 -1 -10 1828.079 537.517 1920.000 689.489 -1 -1 -1 -1000 -1000 -1000 -10 0.00544730
