Car -1 -1 -10 505.431 636.731 595.710 700.642 -1 -1 -1 -1000 -1000 -1000 -10 0.95010267
Car -1 -1 -10 571.595 646.456 627.188 698.078 -1 -1 -1 -1000 -1000 -1000 -10 0.07976024
Car -1 -1 -10 954.994 629.893 1037.460 688.544 -1 -1 -1 -1000 -1000 -1000 -10 0.05284088
Car -1 -1 -10 866.137 631.049 912.516 677.682 -1 -1 -1 -1000 -1000 -1000 -10 0.01108646
Car -1 -1 -10 623.094 636.686 671.123 682.756 -1 -1 -1 -1000 -1000 -1000 -10 0.00874241
Car -1 -1 -10 537.458 5.217 1115.997 252.574 -1 -1 -1 -1000 -1000 -1000 -10 0.00727240
Car -1 -1 -10 648.566 10.912 954.282 165.588 -1 -1 -1 -1000 -1000 -1000 -10 0.00765063
Car -1 -1 -10 727.761 37.789 884.447 136.058 -1 -1 -1 -1000 -1000 -1000 -10 0.00645722
Car -1 -1 -10 366.554 0.000 1246.206 317.887 -1 -1 -1 -1000 -1000 -1000 -10 0.00293265
Car -1 -1 -10 611.493 6.156 984.507 400.722 -1 -1 -1 -1000 -1000 -1000 -10 0.00284444
Car -1 -1 -10 694.967 636.430 746.538 684.201 -1 -1 -1 -1000 -1000 -1000 -10 0.00609865
Car -1 -1 -10 647.062 37.245 939.993 853.072 -1 -1 -1 -1000 -1000 -1000 -10 0.00424657
Car -1 -1 -10 575.479 1.409 1100.488 543.876 -1 -1 -1 -1000 -1000 -1000 -10 0.00216198
Car -1 -1 -10 764.499 15.884 915.349 114.504 -1 -1 -1 -1000 -1000 -1000 -10 0.00414670
Car -1 -1 -10 760.245 0.000 1033.585 258.760 -1 -1 -1 -1000 -1000 -1000 -10 0.00204670
Car -1 -1 -10 366.478 0.000 703.204 117.066 -1 -1 -1 -1000 -1000 -1000 -10 0.00634081
Car -1 -1 -10 698.201 14.355 854.149 114.689 -1 -1 -1 -1000 -1000 -1000 -10 0.00200818
Car -1 -1 -10 419.513 0.000 649.698 210.967 -1 -1 -1 -1000 -1000 -1000 -10 0.00408536
Car -1 -1 -10 806.466 38.394 961.365 134.612 -1 -1 -1 -1000 -1000 -1000 -10 0.00189511
Car -1 -1 -10 269.424 0.000 825.492 200.400 -1 -1 -1 -1000 -1000 -1000 -10 0.00241315
Car -1 -1 -10 645.298 633.883 701.105 682.462 -1 -1 -1 -1000 -1000 -1000 -10 0.00241336
Car -1 -1 -10 538.936 8.126 915.112 370.176 -1 -1 -1 -1000 -1000 -1000 -10 0.00130674
Car -1 -1 -10 646.539 14.836 801.167 111.834 -1 -1 -1 -1000 -1000 -1000 -10 0.00239509
Car -1 -1 -10 575.584 10.452 875.135 142.920 -1 -1 -1 -1000 -1000 -1000 -10 0.00217513
Car -1 -1 -10 452.571 35.025 629.072 513.154 -1 -1 -1 -1000 -1000 -1000 -10 0.00208737
Car -1 -1 -10 0.000 562.552 403.090 1143.838 -1 -1 -1 -1000 -1000 -1000 -10 0.00219154
Car -1 -1 -10 488.405 24.386 744.344 474.562 -1 -1 -1 -1000 -1000 -1000 -10 0.00112690
Car -1 -1 -10 0.000 0.000 301.466 231.995 -1 -1 -1 -1000 -1000 -1000 -10 0.00211189
Car -1 -1 -10 477.137 0.000 567.711 98.887 -1 -1 -1 -1000 -1000 -1000 -10 0.00103154
Car -1 -1 -10 509.191 0.000 971.685 180.917 -1 -1 -1 -1000 -1000 -1000 -10 0.00101587
Car -1 -1 -10 454.488 0.000 589.344 135.916 -1 -1 -1 -1000 -1000 -1000 -10 0.00191511
Car -1 -1 -10 530.160 0.000 632.302 113.567 -1 -1 -1 -1000 -1000 -1000 -10 0.00094953
Car -1 -1 -10 435.827 6.960 1015.902 264.774 -1 -1 -1 -1000 -1000 -1000 -10 0.00092461
Car -1 -1 -10 635.945 2.547 886.408 244.842 -1 -1 -1 -1000 -1000 -1000 -10 0.00092125
Car -1 -1 -10 1512.302 476.801 1916.062 977.991 -1 -1 -1 -1000 -1000 -1000 -10 0.00091564
Car -1 -1 -10 554.579 0.000 656.275 112.227 -1 -1 -1 -1000 -1000 -1000 -10 0.00091369
Car -1 -1 -10 0.000 0.000 418.018 318.182 -1 -1 -1 -1000 -1000 -1000 -10 0.00091017
Car -1 -1 -10 688.554 34.202 871.158 511.018 -1 -1 -1 -1000 -1000 -1000 -10 0.00090563
Car -1 -1 -10 709.954 3.419 836.974 120.616 -1 -1 -1 -1000 -1000 -1000 -10 0.00090440
Car -1 -1 -10 65.435 34.761 245.137 510.296 -1 -1 -1 -1000 -1000 -1000 -10 0.00090371
Car -1 -1 -10 157.205 682.451 394.758 1195.974 -1 -1 -1 -1000 -1000 -1000 -10 0.00089822
Car -1 -1 -10 525.255 0.000 616.222 100.291 -1 -1 -1 -1000 -1000 -1000 -10 0.00088879
Car -1 -1 -10 505.685 0.961 768.975 251.848 -1 -1 -1 -1000 -1000 -1000 -10 0.00088264
Car -1 -1 -10 520.315 20.085 653.235 415.616 -1 -1 -1 -1000 -1000 -1000 -10 0.00087611
Car -1 -1 -10 683.008 15.796 792.253 283.058 -1 -1 -1 -1000 -1000 -1000 -10 0.00083600
Car -1 -1 -10 524.155 37.248 699.926 510.075 -1 -1 -1 -1000 -1000 -1000 -10 0.00082522
Car -1 -1 -10 482.108 3.828 772.824 126.465 -1 -1 -1 -1000 -1000 -1000 -10 0.00082188
Car -1 -1 -10 462.835 18.394 579.548 335.766 -1 -1 -1 -1000 -1000 -1000 -10 0.00082108
Car -1 -1 -10 0.000 0.000 125.264 145.640 -1 -1 -1 -1000 -1000 -1000 -10 0.00081831
