Car -1 -1 -10 680.640 594.516 771.465 680.925 -1 -1 -1 -1000 -1000 -1000 -10 0.99951021
Car -1 -1 -10 1151.499 533.233 1476.545 692.243 -1 -1 -1 -1000 -1000 -1000 -10 0.96017703
Car -1 -1 -10 820.866 589.428 912.970 677.247 -1 -1 -1 -1000 -1000 -1000 -10 0.95934601
Car -1 -1 -10 1304.250 533.263 1591.623 689.189 -1 -1 -1 -1000 -1000 -1000 -10 0.06876390
Car -1 -1 -10 836.787 580.032 894.535 637.789 -1 -1 -1 -1000 -1000 -1000 -10 0.00706858
Car -1 -1 -10 1402.097 558.676 1563.474 667.484 -1 -1 -1 -1000 -1000 -1000 -10 0.00422038
Car -1 -1 -10 839.048 589.021 894.968 652.203 -1 -1 -1 -1000 -1000 -1000 -10 0.00240444
Car -1 -1 -10 0.000 607.392 504.042 1200.000 -1 -1 -1 -1000 -1000 -1000 -10 0.00223084
Car -1 -1 -10 0.000 795.781 452.792 1198.503 -1 -1 -1 -1000 -1000 -1000 -10 0.00511897
Car -1 -1 -10 1399.499 509.248 1767.479 698.163 -1 -1 -1 -1000 -1000 -1000 -10 0.00704737
Car -1 -1 -10 1167.239 560.372 1342.522 666.708 -1 -1 -1 -1000 -1000 -1000 -10 0.00619752
Car -1 -1 -10 852.718 585.825 881.195 686.426 -1 -1 -1 -1000 -1000 -1000 -10 0.00305672
Car -1 -1 -10 843.249 540.132 890.601 701.134 -1 -1 -1 -1000 -1000 -1000 -10 0.00273797
Car -1 -1 -10 1279.708 537.395 1401.543 651.467 -1 -1 -1 -1000 -1000 -1000 -10 0.00140992
Car -1 -1 -10 1385.297 544.197 1523.927 669.975 -1 -1 -1 -1000 -1000 -1000 -10 0.00231512
Car -1 -1 -10 1293.285 543.375 1436.394 677.002 -1 -1 -1 -1000 -1000 -1000 -10 0.00121092
