Car -1 -1 -10 0.000 515.974 1151.557 1196.553 -1 -1 -1 -1000 -1000 -1000 -10 0.03693967
Car -1 -1 -10 418.310 516.215 1625.923 1199.214 -1 -1 -1 -1000 -1000 -1000 -10 0.01329875
Car -1 -1 -10 0.000 708.994 649.826 1167.139 -1 -1 -1 -1000 -1000 -1000 -10 0.00705509
Car -1 -1 -10 411.773 571.241 579.592 658.593 -1 -1 -1 -1000 -1000 -1000 -10 0.01015731
Car -1 -1 -10 168.957 688.294 909.581 1175.540 -1 -1 -1 -1000 -1000 -1000 -10 0.00891579
Car -1 -1 -10 476.430 686.387 1219.566 1176.077 -1 -1 -1 -1000 -1000 -1000 -10 0.00306171
Car -1 -1 -10 399.072 772.282 1261.383 1188.880 -1 -1 -1 -1000 -1000 -1000 -10 0.00300268
Car -1 -1 -10 134.520 598.803 213.552 663.959 -1 -1 -1 -1000 -1000 -1000 -10 0.00554209
Car -1 -1 -10 0.000 593.340 508.302 1198.231 -1 -1 -1 -1000 -1000 -1000 -10 0.00509279
Car -1 -1 -10 13.506 475.547 426.818 1200.000 -1 -1 -1 -1000 -1000 -1000 -10 0.00254302
Car -1 -1 -10 0.000 560.132 339.713 1200.000 -1 -1 -1 -1000 -1000 -1000 -10 0.00221566
Car -1 -1 -10 325.315 369.919 636.059 1200.000 -1 -1 -1 -1000 -1000 -1000 -10 0.00422434
Car -1 -1 -10 109.907 383.219 424.321 1200.000 -1 -1 -1 -1000 -1000 -1000 -10 0.00205372
Car -1 -1 -10 205.277 560.851 788.523 1169.170 -1 -1 -1 -1000 -1000 -1000 -10 0.00205276
Car -1 -1 -10 386.023 592.528 549.481 680.424 -1 -1 -1 -1000 -1000 -1000 -10 0.00204850
Car -1 -1 -10 491.451 568.860 660.077 659.161 -1 -1 -1 -1000 -1000 -1000 -10 0.00358329
Car -1 -1 -10 730.173 383.872 1037.424 1200.000 -1 -1 -1 -1000 -1000 -1000 -10 0.00178446
Car -1 -1 -10 297.934 477.972 714.696 1200.000 -1 -1 -1 -1000 -1000 -1000 -10 0.00174783
Car -1 -1 -10 226.977 201.056 496.489 1200.000 -1 -1 -1 -1000 -1000 -1000 -10 0.00174639
Car -1 -1 -10 470.833 379.784 778.232 1200.000 -1 -1 -1 -1000 -1000 -1000 -10 0.00332172
Car -1 -1 -10 272.749 779.675 1128.431 1191.490 -1 -1 -1 -1000 -1000 -1000 -10 0.00162826
Car -1 -1 -10 563.862 599.267 1119.211 1136.721 -1 -1 -1 -1000 -1000 -1000 -10 0.00156495
Car -1 -1 -10 1368.322 840.920 1527.308 940.310 -1 -1 -1 -1000 -1000 -1000 -10 0.00156348
Car -1 -1 -10 275.419 112.764 583.461 1175.728 -1 -1 -1 -1000 -1000 -1000 -10 0.00156114
Car -1 -1 -10 583.385 649.501 779.137 1191.824 -1 -1 -1 -1000 -1000 -1000 -10 0.00148581
