Car -1 -1 -10 887.727 565.605 999.591 647.006 -1 -1 -1 -1000 -1000 -1000 -10 0.52375378
Car -1 -1 -10 0.000 547.101 1125.286 1197.979 -1 -1 -1 -1000 -1000 -1000 -10 0.03326532
Car -1 -1 -10 766.126 517.648 1920.000 1198.151 -1 -1 -1 -1000 -1000 -1000 -10 0.03378957
Car -1 -1 -10 1161.576 782.490 1920.000 1196.364 -1 -1 -1 -1000 -1000 -1000 -10 0.01583918
Car -1 -1 -10 840.126 774.919 1771.727 1194.081 -1 -1 -1 -1000 -1000 -1000 -10 0.01795189
Car -1 -1 -10 181.002 774.173 1084.902 1192.305 -1 -1 -1 -1000 -1000 -1000 -10 0.01342841
Car -1 -1 -10 164.590 713.562 897.428 1198.424 -1 -1 -1 -1000 -1000 -1000 -10 0.01176810
Car -1 -1 -10 447.538 750.586 1376.466 1199.612 -1 -1 -1 -1000 -1000 -1000 -10 0.01340376
Car -1 -1 -10 2.670 807.370 542.464 1197.556 -1 -1 -1 -1000 -1000 -1000 -10 0.01376024
Car -1 -1 -10 1313.255 722.987 1901.700 1200.000 -1 -1 -1 -1000 -1000 -1000 -10 0.00406243
Car -1 -1 -10 0.000 752.611 651.173 1200.000 -1 -1 -1 -1000 -1000 -1000 -10 0.00391874
Car -1 -1 -10 934.342 716.178 1664.200 1200.000 -1 -1 -1 -1000 -1000 -1000 -10 0.00384283
Car -1 -1 -10 1424.393 683.588 1920.000 1200.000 -1 -1 -1 -1000 -1000 -1000 -10 0.00375207
Car -1 -1 -10 565.124 718.128 1263.682 1200.000 -1 -1 -1 -1000 -1000 -1000 -10 0.00262852
