Car -1 -1 -10 773.184 556.783 870.701 643.176 -1 -1 -1 -1000 -1000 -1000 -10 0.99998158
Car -1 -1 -10 834.062 565.674 901.071 627.123 -1 -1 -1 -1000 -1000 -1000 -10 0.11936904
Car -1 -1 -10 1246.549 776.401 1907.408 1200.000 -1 -1 -1 -1000 -1000 -1000 -10 0.01417095
Car -1 -1 -10 1046.721 1080.592 1377.383 1200.000 -1 -1 -1 -1000 -1000 -1000 -10 0.00576758
Car -1 -1 -10 678.065 523.316 1854.881 1190.228 -1 -1 -1 -1000 -1000 -1000 -10 0.01913581
Car -1 -1 -10 1080.881 1101.459 1340.532 1200.000 -1 -1 -1 -1000 -1000 -1000 -10 0.00555009
Car -1 -1 -10 1276.276 1101.530 1541.209 1200.000 -1 -1 -1 -1000 -1000 -1000 -10 0.01262769
Car -1 -1 -10 1440.431 1103.201 1702.513 1200.000 -1 -1 -1 -1000 -1000 -1000 -10 0.01000625
Car -1 -1 -10 859.344 1069.754 1209.310 1196.401 -1 -1 -1 -1000 -1000 -1000 -10 0.01033890
Car -1 -1 -10 1119.525 1103.427 1296.098 1200.000 -1 -1 -1 -1000 -1000 -1000 -10 0.00508995
Car -1 -1 -10 909.806 1078.625 1248.507 1200.000 -1 -1 -1 -1000 -1000 -1000 -10 0.00933181
Car -1 -1 -10 1224.661 1084.269 1561.791 1200.000 -1 -1 -1 -1000 -1000 -1000 -10 0.00458939
Car -1 -1 -10 902.116 851.994 1232.587 1193.676 -1 -1 -1 -1000 -1000 -1000 -10 0.00783041
Car -1 -1 -10 898.103 898.995 1193.753 1199.504 -1 -1 -1 -1000 -1000 -1000 -10 0.00792137
Car -1 -1 -10 757.038 995.204 1325.118 1200.000 -1 -1 -1 -1000 -1000 -1000 -10 0.01087415
Car -1 -1 -10 1133.994 1061.178 1278.947 1200.000 -1 -1 -1 -1000 -1000 -1000 -10 0.00398054
Car -1 -1 -10 943.640 1101.813 1129.036 1200.000 -1 -1 -1 -1000 -1000 -1000 -10 0.00397025
Car -1 -1 -10 938.669 1091.469 1104.703 1187.958 -1 -1 -1 -1000 -1000 -1000 -10 0.00392268
Car -1 -1 -10 582.599 1081.116 919.970 1200.000 -1 -1 -1 -1000 -1000 -1000 -10 0.01368147
Car -1 -1 -10 1122.925 928.294 1266.078 1200.000 -1 -1 -1 -1000 -1000 -1000 -10 0.00730957
Car -1 -1 -10 966.275 1029.471 1440.075 1200.000 -1 -1 -1 -1000 -1000 -1000 -10 0.00716409
Car -1 -1 -10 957.518 676.219 1131.067 1199.060 -1 -1 -1 -1000 -1000 -1000 -10 0.00359695
Car -1 -1 -10 986.374 1082.148 1314.830 1200.000 -1 -1 -1 -1000 -1000 -1000 -10 0.00349361
Car -1 -1 -10 1343.687 1060.327 1750.623 1200.000 -1 -1 -1 -1000 -1000 -1000 -10 0.00967143
Car -1 -1 -10 1073.222 1094.246 1233.628 1188.600 -1 -1 -1 -1000 -1000 -1000 -10 0.00338885
Car -1 -1 -10 1125.166 1134.265 1288.351 1200.000 -1 -1 -1 -1000 -1000 -1000 -10 0.00338815
Car -1 -1 -10 1022.525 1101.987 1282.286 1200.000 -1 -1 -1 -1000 -1000 -1000 -10 0.00336424
Car -1 -1 -10 780.392 771.484 1448.519 1200.000 -1 -1 -1 -1000 -1000 -1000 -10 0.00943401
Car -1 -1 -10 247.658 1103.787 519.502 1200.000 -1 -1 -1 -1000 -1000 -1000 -10 0.00335992
Car -1 -1 -10 1476.073 1094.859 1636.059 1188.715 -1 -1 -1 -1000 -1000 -1000 -10 0.00596215
Car -1 -1 -10 1031.232 1102.762 1211.256 1200.000 -1 -1 -1 -1000 -1000 -1000 -10 0.00629305
Car -1 -1 -10 1053.650 655.003 1226.033 1192.275 -1 -1 -1 -1000 -1000 -1000 -10 0.00330787
Car -1 -1 -10 979.909 770.222 1107.210 1200.000 -1 -1 -1 -1000 -1000 -1000 -10 0.00321843
Car -1 -1 -10 1169.100 1010.026 1676.660 1200.000 -1 -1 -1 -1000 -1000 -1000 -10 0.00319283
Car -1 -1 -10 1069.651 883.087 1354.872 1200.000 -1 -1 -1 -1000 -1000 -1000 -10 0.00318389
Car -1 -1 -10 1501.570 1076.563 1629.777 1199.780 -1 -1 -1 -1000 -1000 -1000 -10 0.00312928
Car -1 -1 -10 1505.388 921.025 1650.592 1200.000 -1 -1 -1 -1000 -1000 -1000 -10 0.00312223
Car -1 -1 -10 1245.730 803.488 1616.973 1193.539 -1 -1 -1 -1000 -1000 -1000 -10 0.00311794
Car -1 -1 -10 661.484 1103.033 839.628 1200.000 -1 -1 -1 -1000 -1000 -1000 -10 0.00599902
Car -1 -1 -10 1437.498 653.420 1920.000 1200.000 -1 -1 -1 -1000 -1000 -1000 -10 0.00298252
Car -1 -1 -10 224.538 1083.806 567.272 1200.000 -1 -1 -1 -1000 -1000 -1000 -10 0.00297541
Car -1 -1 -10 1000.160 987.649 1223.480 1200.000 -1 -1 -1 -1000 -1000 -1000 -10 0.00297426
Car -1 -1 -10 1296.354 1102.755 1478.534 1200.000 -1 -1 -1 -1000 -1000 -1000 -10 0.00290714
Car -1 -1 -10 1381.252 1084.966 1709.126 1200.000 -1 -1 -1 -1000 -1000 -1000 -10 0.00282061
Car -1 -1 -10 1309.877 848.530 1640.889 1196.316 -1 -1 -1 -1000 -1000 -1000 -10 0.00281701
Car -1 -1 -10 1368.516 1105.216 1630.941 1200.000 -1 -1 -1 -1000 -1000 -1000 -10 0.00278811
Car -1 -1 -10 1003.382 1020.754 1095.343 1200.000 -1 -1 -1 -1000 -1000 -1000 -10 0.00267588
