Car -1 -1 -10 470.635 550.458 647.297 744.295 -1 -1 -1 -1000 -1000 -1000 -10 0.62226109
Car -1 -1 -10 720.991 576.311 767.400 624.771 -1 -1 -1 -1000 -1000 -1000 -10 0.12433435
Car -1 -1 -10 854.312 1157.300 891.774 1200.000 -1 -1 -1 -1000 -1000 -1000 -10 0.00504998
Car -1 -1 -10 782.215 1127.686 848.439 1200.000 -1 -1 -1 -1000 -1000 -1000 -10 0.00181621
Car -1 -1 -10 637.488 542.138 780.744 632.352 -1 -1 -1 -1000 -1000 -1000 -10 0.00208207
Car -1 -1 -10 833.537 1122.612 908.478 1200.000 -1 -1 -1 -1000 -1000 -1000 -10 0.00350670
Car -1 -1 -10 792.437 1157.671 831.673 1200.000 -1 -1 -1 -1000 -1000 -1000 -10 0.00104246
Car -1 -1 -10 836.044 1157.576 874.185 1200.000 -1 -1 -1 -1000 -1000 -1000 -10 0.00246771
Car -1 -1 -10 0.000 800.992 454.835 1199.008 -1 -1 -1 -1000 -1000 -1000 -10 0.00278250
Car -1 -1 -10 682.349 535.993 716.517 589.999 -1 -1 -1 -1000 -1000 -1000 -10 0.00096494
Car -1 -1 -10 891.449 1157.182 928.489 1200.000 -1 -1 -1 -1000 -1000 -1000 -10 0.00094907
Car -1 -1 -10 1575.123 563.533 1920.000 1200.000 -1 -1 -1 -1000 -1000 -1000 -10 0.00094657
Car -1 -1 -10 884.536 1156.186 921.967 1200.000 -1 -1 -1 -1000 -1000 -1000 -10 0.00094050
Car -1 -1 -10 1494.435 187.058 1920.000 727.911 -1 -1 -1 -1000 -1000 -1000 -10 0.00184023
Car -1 -1 -10 750.571 1127.815 817.556 1200.000 -1 -1 -1 -1000 -1000 -1000 -10 0.00092589
Car -1 -1 -10 687.894 688.543 923.762 1197.649 -1 -1 -1 -1000 -1000 -1000 -10 0.00238084
Car -1 -1 -10 1453.752 339.920 1913.829 744.143 -1 -1 -1 -1000 -1000 -1000 -10 0.00159500
Car -1 -1 -10 597.767 1037.724 1029.503 1200.000 -1 -1 -1 -1000 -1000 -1000 -10 0.00090022
Car -1 -1 -10 1605.493 259.136 1916.825 590.597 -1 -1 -1 -1000 -1000 -1000 -10 0.00161473
Car -1 -1 -10 1766.041 323.675 1920.000 545.947 -1 -1 -1 -1000 -1000 -1000 -10 0.00162049
Car -1 -1 -10 873.969 1085.269 933.219 1200.000 -1 -1 -1 -1000 -1000 -1000 -10 0.00145849
Car -1 -1 -10 0.000 562.867 352.974 1200.000 -1 -1 -1 -1000 -1000 -1000 -10 0.00085981
Car -1 -1 -10 722.030 1093.363 880.929 1189.990 -1 -1 -1 -1000 -1000 -1000 -10 0.00165724
Car -1 -1 -10 561.070 1158.533 597.837 1200.000 -1 -1 -1 -1000 -1000 -1000 -10 0.00142639
Car -1 -1 -10 800.936 1156.644 838.480 1200.000 -1 -1 -1 -1000 -1000 -1000 -10 0.00147316
Car -1 -1 -10 604.406 541.164 751.302 634.022 -1 -1 -1 -1000 -1000 -1000 -10 0.00153286
Car -1 -1 -10 1803.569 389.388 1920.000 489.721 -1 -1 -1 -1000 -1000 -1000 -10 0.00150532
Car -1 -1 -10 737.879 1126.377 803.645 1200.000 -1 -1 -1 -1000 -1000 -1000 -10 0.00079552
Car -1 -1 -10 0.000 1166.670 25.107 1200.000 -1 -1 -1 -1000 -1000 -1000 -10 0.00078862
Car -1 -1 -10 786.687 1143.776 837.931 1200.000 -1 -1 -1 -1000 -1000 -1000 -10 0.00078280
Car -1 -1 -10 1437.187 602.691 1920.000 1200.000 -1 -1 -1 -1000 -1000 -1000 -10 0.00077747
Car -1 -1 -10 783.790 611.238 968.272 1187.364 -1 -1 -1 -1000 -1000 -1000 -10 0.00272625
Car -1 -1 -10 633.035 1086.703 951.172 1200.000 -1 -1 -1 -1000 -1000 -1000 -10 0.00075706
Car -1 -1 -10 463.312 553.930 585.311 680.040 -1 -1 -1 -1000 -1000 -1000 -10 0.00143173
Car -1 -1 -10 1605.380 407.107 1910.477 742.681 -1 -1 -1 -1000 -1000 -1000 -10 0.00075013
Car -1 -1 -10 485.060 1157.833 523.693 1200.000 -1 -1 -1 -1000 -1000 -1000 -10 0.00130617
Car -1 -1 -10 877.296 1121.881 917.234 1200.000 -1 -1 -1 -1000 -1000 -1000 -10 0.00074243
Car -1 -1 -10 461.759 1130.054 531.379 1200.000 -1 -1 -1 -1000 -1000 -1000 -10 0.00074028
Car -1 -1 -10 770.490 1157.391 808.824 1200.000 -1 -1 -1 -1000 -1000 -1000 -10 0.00134035
Car -1 -1 -10 757.426 1157.328 795.040 1200.000 -1 -1 -1 -1000 -1000 -1000 -10 0.00071537
Car -1 -1 -10 1472.807 804.952 1920.000 1200.000 -1 -1 -1 -1000 -1000 -1000 -10 0.00142223
Car -1 -1 -10 345.753 1086.933 660.528 1200.000 -1 -1 -1 -1000 -1000 -1000 -10 0.00071176
Car -1 -1 -10 466.586 1089.101 524.615 1200.000 -1 -1 -1 -1000 -1000 -1000 -10 0.00070661
Car -1 -1 -10 1426.117 479.247 1916.283 865.254 -1 -1 -1 -1000 -1000 -1000 -10 0.00070651
Car -1 -1 -10 1840.468 360.192 1920.000 468.390 -1 -1 -1 -1000 -1000 -1000 -10 0.00069984
Car -1 -1 -10 722.234 879.288 871.670 1200.000 -1 -1 -1 -1000 -1000 -1000 -10 0.00068701
Car -1 -1 -10 1538.892 397.940 1920.000 908.580 -1 -1 -1 -1000 -1000 -1000 -10 0.00068140
Car -1 -1 -10 1461.249 383.797 1849.491 1148.734 -1 -1 -1 -1000 -1000 -1000 -10 0.00068111
Car -1 -1 -10 1832.405 405.767 1907.172 479.832 -1 -1 -1 -1000 -1000 -1000 -10 0.00067937
Car -1 -1 -10 604.534 1066.531 995.122 1200.000 -1 -1 -1 -1000 -1000 -1000 -10 0.00065950
Car -1 -1 -10 723.499 546.853 757.988 599.578 -1 -1 -1 -1000 -1000 -1000 -10 0.00126697
Car -1 -1 -10 750.635 1107.519 1001.220 1200.000 -1 -1 -1 -1000 -1000 -1000 -10 0.00124496
Car -1 -1 -10 783.016 1089.047 841.322 1200.000 -1 -1 -1 -1000 -1000 -1000 -10 0.00064335
Car -1 -1 -10 475.629 1125.368 514.779 1200.000 -1 -1 -1 -1000 -1000 -1000 -10 0.00062192
Car -1 -1 -10 22.812 740.060 146.438 1200.000 -1 -1 -1 -1000 -1000 -1000 -10 0.00061599
Car -1 -1 -10 0.000 937.149 318.500 1200.000 -1 -1 -1 -1000 -1000 -1000 -10 0.00060657
Car -1 -1 -10 462.366 1159.202 531.238 1200.000 -1 -1 -1 -1000 -1000 -1000 -10 0.00060550
Car -1 -1 -10 708.364 590.131 901.670 1179.450 -1 -1 -1 -1000 -1000 -1000 -10 0.00059417
Car -1 -1 -10 1378.518 418.494 1907.251 1125.437 -1 -1 -1 -1000 -1000 -1000 -10 0.00057086
Car -1 -1 -10 727.609 855.826 845.694 1199.039 -1 -1 -1 -1000 -1000 -1000 -10 0.00054838
Car -1 -1 -10 762.958 1142.463 814.240 1200.000 -1 -1 -1 -1000 -1000 -1000 -10 0.00054565
Car -1 -1 -10 751.910 1156.294 789.715 1200.000 -1 -1 -1 -1000 -1000 -1000 -10 0.00054167
