Car -1 -1 -10 0.000 1.612 1678.571 1194.099 -1 -1 -1 -1000 -1000 -1000 -10 0.07208772
Car -1 -1 -10 0.000 14.035 1067.253 1168.726 -1 -1 -1 -1000 -1000 -1000 -10 0.03545506
Car -1 -1 -10 0.000 108.163 609.972 1200.000 -1 -1 -1 -1000 -1000 -1000 -10 0.01955795
Car -1 -1 -10 3.847 398.723 1453.077 1190.449 -1 -1 -1 -1000 -1000 -1000 -10 0.01417538
Car -1 -1 -10 38.785 0.000 1251.517 703.871 -1 -1 -1 -1000 -1000 -1000 -10 0.01337669
Car -1 -1 -10 6.583 0.000 531.504 989.998 -1 -1 -1 -1000 -1000 -1000 -10 0.01206907
Car -1 -1 -10 51.314 12.752 382.195 1185.168 -1 -1 -1 -1000 -1000 -1000 -10 0.01148925
Car -1 -1 -10 380.680 34.954 676.092 1196.533 -1 -1 -1 -1000 -1000 -1000 -10 0.01815915
Car -1 -1 -10 94.325 0.000 873.354 705.083 -1 -1 -1 -1000 -1000 -1000 -10 0.01082992
Car -1 -1 -10 210.715 10.333 886.644 357.707 -1 -1 -1 -1000 -1000 -1000 -10 0.01349001
Car -1 -1 -10 151.592 90.908 1194.229 941.189 -1 -1 -1 -1000 -1000 -1000 -10 0.01063566
Car -1 -1 -10 426.739 87.503 1463.309 922.642 -1 -1 -1 -1000 -1000 -1000 -10 0.00936318
Car -1 -1 -10 0.000 337.327 582.033 757.394 -1 -1 -1 -1000 -1000 -1000 -10 0.00914621
Car -1 -1 -10 2.604 463.048 639.844 1031.414 -1 -1 -1 -1000 -1000 -1000 -10 0.00845943
Car -1 -1 -10 137.798 17.011 392.415 1200.000 -1 -1 -1 -1000 -1000 -1000 -10 0.00895508
Car -1 -1 -10 153.516 233.294 819.682 657.233 -1 -1 -1 -1000 -1000 -1000 -10 0.00452177
Car -1 -1 -10 234.200 175.668 366.271 911.588 -1 -1 -1 -1000 -1000 -1000 -10 0.00819463
Car -1 -1 -10 135.251 173.616 269.415 915.423 -1 -1 -1 -1000 -1000 -1000 -10 0.00432840
Car -1 -1 -10 281.929 249.204 701.395 684.363 -1 -1 -1 -1000 -1000 -1000 -10 0.00431416
Car -1 -1 -10 568.446 162.551 700.333 921.891 -1 -1 -1 -1000 -1000 -1000 -10 0.00430058
Car -1 -1 -10 8.157 227.260 648.568 667.375 -1 -1 -1 -1000 -1000 -1000 -10 0.00427592
Car -1 -1 -10 287.753 341.176 966.678 751.336 -1 -1 -1 -1000 -1000 -1000 -10 0.00424944
Car -1 -1 -10 198.485 98.614 908.585 585.693 -1 -1 -1 -1000 -1000 -1000 -10 0.00840946
Car -1 -1 -10 399.108 122.160 532.033 873.006 -1 -1 -1 -1000 -1000 -1000 -10 0.00418827
Car -1 -1 -10 429.471 305.075 847.821 732.831 -1 -1 -1 -1000 -1000 -1000 -10 0.00414145
Car -1 -1 -10 429.374 466.506 1706.869 1200.000 -1 -1 -1 -1000 -1000 -1000 -10 0.00412418
Car -1 -1 -10 91.730 322.973 485.128 725.595 -1 -1 -1 -1000 -1000 -1000 -10 0.00755242
Car -1 -1 -10 0.000 106.432 586.351 568.927 -1 -1 -1 -1000 -1000 -1000 -10 0.00401247
Car -1 -1 -10 332.528 7.800 761.692 252.370 -1 -1 -1 -1000 -1000 -1000 -10 0.00739109
Car -1 -1 -10 525.427 5.300 768.576 1200.000 -1 -1 -1 -1000 -1000 -1000 -10 0.00393479
Car -1 -1 -10 23.230 34.668 299.049 1200.000 -1 -1 -1 -1000 -1000 -1000 -10 0.00753854
Car -1 -1 -10 192.770 37.364 485.774 1200.000 -1 -1 -1 -1000 -1000 -1000 -10 0.00774278
Car -1 -1 -10 331.856 172.598 463.943 914.222 -1 -1 -1 -1000 -1000 -1000 -10 0.00386029
Car -1 -1 -10 163.649 35.640 825.159 455.417 -1 -1 -1 -1000 -1000 -1000 -10 0.00383078
Car -1 -1 -10 429.591 346.266 1141.487 760.052 -1 -1 -1 -1000 -1000 -1000 -10 0.00745229
Car -1 -1 -10 261.027 0.000 645.964 718.468 -1 -1 -1 -1000 -1000 -1000 -10 0.00378594
Car -1 -1 -10 569.761 48.223 866.214 1194.537 -1 -1 -1 -1000 -1000 -1000 -10 0.00376519
Car -1 -1 -10 472.291 173.193 604.831 912.922 -1 -1 -1 -1000 -1000 -1000 -10 0.00376118
Car -1 -1 -10 616.613 230.461 748.298 968.351 -1 -1 -1 -1000 -1000 -1000 -10 0.00371225
Car -1 -1 -10 313.066 27.543 623.215 610.045 -1 -1 -1 -1000 -1000 -1000 -10 0.00368273
Car -1 -1 -10 184.465 228.469 315.949 967.417 -1 -1 -1 -1000 -1000 -1000 -10 0.00359577
Car -1 -1 -10 0.000 550.718 547.340 1200.000 -1 -1 -1 -1000 -1000 -1000 -10 0.00359416
Car -1 -1 -10 520.509 231.412 652.826 969.425 -1 -1 -1 -1000 -1000 -1000 -10 0.00358789
Car -1 -1 -10 273.453 10.028 545.400 1165.894 -1 -1 -1 -1000 -1000 -1000 -10 0.00688985
Car -1 -1 -10 280.088 0.000 822.863 937.867 -1 -1 -1 -1000 -1000 -1000 -10 0.00344222
Car -1 -1 -10 399.314 7.920 729.871 596.726 -1 -1 -1 -1000 -1000 -1000 -10 0.00338403
Car -1 -1 -10 27.016 293.582 924.048 1132.075 -1 -1 -1 -1000 -1000 -1000 -10 0.00673907
Car -1 -1 -10 360.806 118.830 567.389 876.855 -1 -1 -1 -1000 -1000 -1000 -10 0.00336870
Car -1 -1 -10 0.000 30.596 590.507 463.267 -1 -1 -1 -1000 -1000 -1000 -10 0.00325933
Car -1 -1 -10 445.524 13.145 684.846 348.843 -1 -1 -1 -1000 -1000 -1000 -10 0.00323444
Car -1 -1 -10 46.762 209.662 210.886 851.286 -1 -1 -1 -1000 -1000 -1000 -10 0.00320134
