Car -1 -1 -10 546.627 562.232 762.479 762.026 -1 -1 -1 -1000 -1000 -1000 -10 0.99964148
Car -1 -1 -10 0.000 613.850 102.926 730.747 -1 -1 -1 -1000 -1000 -1000 -10 0.99185197
Car -1 -1 -10 811.949 566.024 1020.102 707.490 -1 -1 -1 -1000 -1000 -1000 -10 0.74026710
Car -1 -1 -10 822.721 565.283 1079.826 722.638 -1 -1 -1 -1000 -1000 -1000 -10 0.24846147
Car -1 -1 -10 1024.519 594.092 1267.361 755.702 -1 -1 -1 -1000 -1000 -1000 -10 0.89234047
Car -1 -1 -10 1274.011 478.269 1874.472 864.544 -1 -1 -1 -1000 -1000 -1000 -10 0.92291306
Car -1 -1 -10 451.765 606.418 527.817 675.473 -1 -1 -1 -1000 -1000 -1000 -10 0.77230932
Car -1 -1 -10 722.867 589.810 827.965 689.988 -1 -1 -1 -1000 -1000 -1000 -10 0.19724639
Car -1 -1 -10 1588.230 513.393 1919.616 1021.424 -1 -1 -1 -1000 -1000 -1000 -10 0.24317153
Car -1 -1 -10 953.119 578.707 1142.468 708.667 -1 -1 -1 -1000 -1000 -1000 -10 0.20072126
Car -1 -1 -10 806.079 573.407 976.127 694.065 -1 -1 -1 -1000 -1000 -1000 -10 0.07264056
Car -1 -1 -10 1035.425 558.832 1445.150 797.290 -1 -1 -1 -1000 -1000 -1000 -10 0.14630373
Car -1 -1 -10 48.520 607.754 149.894 709.744 -1 -1 -1 -1000 -1000 -1000 -10 0.12307639
Car -1 -1 -10 517.693 603.861 569.483 660.815 -1 -1 -1 -1000 -1000 -1000 -10 0.07340414
