Car -1 -1 -10 286.024 599.162 477.491 736.988 -1 -1 -1 -1000 -1000 -1000 -10 0.99994382
Car -1 -1 -10 19.311 652.530 119.613 717.002 -1 -1 -1 -1000 -1000 -1000 -10 0.62271924
Car -1 -1 -10 268.775 621.029 327.473 670.351 -1 -1 -1 -1000 -1000 -1000 -10 0.01657452
Car -1 -1 -10 693.580 611.728 730.507 670.886 -1 -1 -1 -1000 -1000 -1000 -10 0.00968664
Car -1 -1 -10 0.000 652.234 463.101 1200.000 -1 -1 -1 -1000 -1000 -1000 -10 0.01084219
Car -1 -1 -10 291.092 981.610 820.806 1200.000 -1 -1 -1 -1000 -1000 -1000 -10 0.01093526
Car -1 -1 -10 260.563 615.391 352.566 695.301 -1 -1 -1 -1000 -1000 -1000 -10 0.00632401
Car -1 -1 -10 636.273 1030.457 1090.160 1200.000 -1 -1 -1 -1000 -1000 -1000 -10 0.00343263
Car -1 -1 -10 9.364 782.162 572.533 1200.000 -1 -1 -1 -1000 -1000 -1000 -10 0.00325055
Car -1 -1 -10 574.763 994.068 1152.932 1200.000 -1 -1 -1 -1000 -1000 -1000 -10 0.00305648
Car -1 -1 -10 448.015 904.584 731.455 1200.000 -1 -1 -1 -1000 -1000 -1000 -10 0.00533093
Car -1 -1 -10 478.723 808.048 1126.349 1191.968 -1 -1 -1 -1000 -1000 -1000 -10 0.00724487
Car -1 -1 -10 280.822 823.469 911.999 1197.583 -1 -1 -1 -1000 -1000 -1000 -10 0.00256334
Car -1 -1 -10 725.130 892.726 1023.471 1200.000 -1 -1 -1 -1000 -1000 -1000 -10 0.00630604
Car -1 -1 -10 358.835 837.388 712.584 1195.679 -1 -1 -1 -1000 -1000 -1000 -10 0.00228312
Car -1 -1 -10 23.438 785.388 863.570 1188.912 -1 -1 -1 -1000 -1000 -1000 -10 0.00228029
Car -1 -1 -10 0.000 810.943 212.662 1193.935 -1 -1 -1 -1000 -1000 -1000 -10 0.00410334
Car -1 -1 -10 126.784 867.987 990.485 1200.000 -1 -1 -1 -1000 -1000 -1000 -10 0.00213785
Car -1 -1 -10 270.844 605.433 360.148 681.404 -1 -1 -1 -1000 -1000 -1000 -10 0.00207521
Car -1 -1 -10 388.997 510.752 1522.785 1185.891 -1 -1 -1 -1000 -1000 -1000 -10 0.00398244
Car -1 -1 -10 549.241 1032.135 981.028 1200.000 -1 -1 -1 -1000 -1000 -1000 -10 0.00203350
Car -1 -1 -10 17.789 371.039 308.902 1200.000 -1 -1 -1 -1000 -1000 -1000 -10 0.00390264
Car -1 -1 -10 683.872 1055.367 1082.193 1200.000 -1 -1 -1 -1000 -1000 -1000 -10 0.00201200
Car -1 -1 -10 0.000 522.784 834.808 1179.211 -1 -1 -1 -1000 -1000 -1000 -10 0.00200098
Car -1 -1 -10 698.681 1075.833 1028.091 1200.000 -1 -1 -1 -1000 -1000 -1000 -10 0.00198329
Car -1 -1 -10 2.300 827.723 299.473 1200.000 -1 -1 -1 -1000 -1000 -1000 -10 0.00377165
Car -1 -1 -10 281.814 609.613 358.931 674.664 -1 -1 -1 -1000 -1000 -1000 -10 0.00196354
Car -1 -1 -10 529.111 1054.949 922.374 1200.000 -1 -1 -1 -1000 -1000 -1000 -10 0.00194151
Car -1 -1 -10 421.818 783.690 616.261 1200.000 -1 -1 -1 -1000 -1000 -1000 -10 0.00189999
Car -1 -1 -10 531.701 961.055 930.109 1200.000 -1 -1 -1 -1000 -1000 -1000 -10 0.00188890
Car -1 -1 -10 463.694 790.085 658.228 1200.000 -1 -1 -1 -1000 -1000 -1000 -10 0.00186533
Car -1 -1 -10 19.713 752.820 147.215 1196.184 -1 -1 -1 -1000 -1000 -1000 -10 0.00183670
Car -1 -1 -10 523.785 777.083 654.705 1200.000 -1 -1 -1 -1000 -1000 -1000 -10 0.00181587
Car -1 -1 -10 457.734 844.906 620.255 1200.000 -1 -1 -1 -1000 -1000 -1000 -10 0.00181196
Car -1 -1 -10 222.601 1002.160 576.892 1193.672 -1 -1 -1 -1000 -1000 -1000 -10 0.00180681
Car -1 -1 -10 562.099 884.436 852.942 1200.000 -1 -1 -1 -1000 -1000 -1000 -10 0.00349489
Car -1 -1 -10 411.576 840.785 573.852 1200.000 -1 -1 -1 -1000 -1000 -1000 -10 0.00177638
Car -1 -1 -10 0.000 1061.057 373.475 1200.000 -1 -1 -1 -1000 -1000 -1000 -10 0.00175749
Car -1 -1 -10 758.601 1099.544 1012.019 1200.000 -1 -1 -1 -1000 -1000 -1000 -10 0.00172412
Car -1 -1 -10 587.435 1034.308 877.629 1190.636 -1 -1 -1 -1000 -1000 -1000 -10 0.00171331
Car -1 -1 -10 15.740 990.183 423.549 1200.000 -1 -1 -1 -1000 -1000 -1000 -10 0.00170879
