Car -1 -1 -10 715.655 602.715 863.776 719.975 -1 -1 -1 -1000 -1000 -1000 -10 0.99979278
Car -1 -1 -10 0.000 674.360 602.311 1200.000 -1 -1 -1 -1000 -1000 -1000 -10 0.00605810
Car -1 -1 -10 0.000 534.197 1034.303 1189.279 -1 -1 -1 -1000 -1000 -1000 -10 0.01616735
Car -1 -1 -10 0.000 795.082 467.000 1198.008 -1 -1 -1 -1000 -1000 -1000 -10 0.00890539
Car -1 -1 -10 0.000 926.039 231.389 1200.000 -1 -1 -1 -1000 -1000 -1000 -10 0.00290706
Car -1 -1 -10 0.000 790.317 352.185 1200.000 -1 -1 -1 -1000 -1000 -1000 -10 0.00276225
Car -1 -1 -10 1028.651 502.542 1920.000 1193.129 -1 -1 -1 -1000 -1000 -1000 -10 0.00925140
Car -1 -1 -10 0.425 980.629 300.049 1200.000 -1 -1 -1 -1000 -1000 -1000 -10 0.00470754
Car -1 -1 -10 1269.208 765.160 1920.000 1200.000 -1 -1 -1 -1000 -1000 -1000 -10 0.00335974
Car -1 -1 -10 0.000 1105.509 92.709 1200.000 -1 -1 -1 -1000 -1000 -1000 -10 0.00185218
Car -1 -1 -10 1412.603 574.992 1920.000 1196.117 -1 -1 -1 -1000 -1000 -1000 -10 0.00334078
Car -1 -1 -10 428.308 1082.911 744.468 1200.000 -1 -1 -1 -1000 -1000 -1000 -10 0.00168379
Car -1 -1 -10 0.000 1102.504 49.737 1200.000 -1 -1 -1 -1000 -1000 -1000 -10 0.00165139
Car -1 -1 -10 0.000 1104.206 135.028 1200.000 -1 -1 -1 -1000 -1000 -1000 -10 0.00163370
Car -1 -1 -10 167.081 756.956 842.405 1200.000 -1 -1 -1 -1000 -1000 -1000 -10 0.00289740
Car -1 -1 -10 77.842 300.169 377.659 1198.719 -1 -1 -1 -1000 -1000 -1000 -10 0.00285983
Car -1 -1 -10 1603.944 516.075 1915.448 839.829 -1 -1 -1 -1000 -1000 -1000 -10 0.00155811
Car -1 -1 -10 0.000 1080.568 163.519 1200.000 -1 -1 -1 -1000 -1000 -1000 -10 0.00152527
Car -1 -1 -10 1439.308 491.455 1920.000 846.571 -1 -1 -1 -1000 -1000 -1000 -10 0.00146165
Car -1 -1 -10 715.274 387.037 860.218 857.630 -1 -1 -1 -1000 -1000 -1000 -10 0.00145899
Car -1 -1 -10 698.030 604.511 795.067 708.641 -1 -1 -1 -1000 -1000 -1000 -10 0.00253659
Car -1 -1 -10 507.727 834.140 668.441 1200.000 -1 -1 -1 -1000 -1000 -1000 -10 0.00141207
Car -1 -1 -10 465.084 1101.712 711.378 1200.000 -1 -1 -1 -1000 -1000 -1000 -10 0.00137430
Car -1 -1 -10 384.667 1033.128 814.302 1200.000 -1 -1 -1 -1000 -1000 -1000 -10 0.00134892
Car -1 -1 -10 14.561 726.492 228.798 1195.411 -1 -1 -1 -1000 -1000 -1000 -10 0.00259010
Car -1 -1 -10 678.830 481.669 892.828 811.327 -1 -1 -1 -1000 -1000 -1000 -10 0.00242820
Car -1 -1 -10 321.161 986.980 867.654 1200.000 -1 -1 -1 -1000 -1000 -1000 -10 0.00129605
Car -1 -1 -10 640.467 1112.605 722.333 1200.000 -1 -1 -1 -1000 -1000 -1000 -10 0.00121879
Car -1 -1 -10 454.180 858.122 757.565 1200.000 -1 -1 -1 -1000 -1000 -1000 -10 0.00120740
Car -1 -1 -10 527.831 1074.018 661.071 1200.000 -1 -1 -1 -1000 -1000 -1000 -10 0.00116803
Car -1 -1 -10 363.323 664.154 580.317 1183.732 -1 -1 -1 -1000 -1000 -1000 -10 0.00108536
Car -1 -1 -10 463.390 645.760 730.454 1200.000 -1 -1 -1 -1000 -1000 -1000 -10 0.00107114
Car -1 -1 -10 555.077 1104.104 729.646 1200.000 -1 -1 -1 -1000 -1000 -1000 -10 0.00105952
Car -1 -1 -10 580.433 829.113 739.209 1200.000 -1 -1 -1 -1000 -1000 -1000 -10 0.00105046
Car -1 -1 -10 1474.155 605.085 1920.000 952.043 -1 -1 -1 -1000 -1000 -1000 -10 0.00104753
