Car -1 -1 -10 1240.629 561.117 1456.778 708.035 -1 -1 -1 -1000 -1000 -1000 -10 0.99996561
Car -1 -1 -10 434.545 505.715 1676.124 1177.136 -1 -1 -1 -1000 -1000 -1000 -10 0.04469178
Car -1 -1 -10 0.000 528.357 1104.906 1197.496 -1 -1 -1 -1000 -1000 -1000 -10 0.01863512
Car -1 -1 -10 1031.367 1076.079 1228.835 1200.000 -1 -1 -1 -1000 -1000 -1000 -10 0.00746123
Car -1 -1 -10 1320.338 558.950 1440.384 665.090 -1 -1 -1 -1000 -1000 -1000 -10 0.00944565
Car -1 -1 -10 1018.048 1057.607 1259.770 1200.000 -1 -1 -1 -1000 -1000 -1000 -10 0.00536529
Car -1 -1 -10 0.000 780.194 761.892 1195.339 -1 -1 -1 -1000 -1000 -1000 -10 0.00496023
Car -1 -1 -10 0.000 875.720 498.427 1191.985 -1 -1 -1 -1000 -1000 -1000 -10 0.00892554
Car -1 -1 -10 1395.600 580.571 1920.000 1199.767 -1 -1 -1 -1000 -1000 -1000 -10 0.01237709
Car -1 -1 -10 977.383 1045.693 1405.639 1200.000 -1 -1 -1 -1000 -1000 -1000 -10 0.01041420
Car -1 -1 -10 1014.725 947.003 1085.604 1021.975 -1 -1 -1 -1000 -1000 -1000 -10 0.00368572
Car -1 -1 -10 0.000 790.206 470.669 1200.000 -1 -1 -1 -1000 -1000 -1000 -10 0.00700064
Car -1 -1 -10 1064.953 1091.026 1229.888 1192.314 -1 -1 -1 -1000 -1000 -1000 -10 0.00689410
Car -1 -1 -10 79.122 710.303 791.414 1198.599 -1 -1 -1 -1000 -1000 -1000 -10 0.00349991
Car -1 -1 -10 1144.172 1085.603 1251.634 1200.000 -1 -1 -1 -1000 -1000 -1000 -10 0.00312692
Car -1 -1 -10 1077.711 1088.422 1190.611 1200.000 -1 -1 -1 -1000 -1000 -1000 -10 0.00567609
Car -1 -1 -10 1090.556 1100.877 1349.010 1200.000 -1 -1 -1 -1000 -1000 -1000 -10 0.00598240
Car -1 -1 -10 897.676 827.040 1233.780 1191.860 -1 -1 -1 -1000 -1000 -1000 -10 0.00567610
Car -1 -1 -10 0.000 545.876 351.426 1200.000 -1 -1 -1 -1000 -1000 -1000 -10 0.00787630
Car -1 -1 -10 1204.628 1157.359 1241.423 1200.000 -1 -1 -1 -1000 -1000 -1000 -10 0.00741261
Car -1 -1 -10 1359.168 570.968 1442.733 640.437 -1 -1 -1 -1000 -1000 -1000 -10 0.00516146
Car -1 -1 -10 936.890 1056.073 1222.505 1194.189 -1 -1 -1 -1000 -1000 -1000 -10 0.00258840
Car -1 -1 -10 1133.497 1060.630 1278.381 1200.000 -1 -1 -1 -1000 -1000 -1000 -10 0.00253369
Car -1 -1 -10 918.813 1080.761 1240.159 1200.000 -1 -1 -1 -1000 -1000 -1000 -10 0.00252533
Car -1 -1 -10 788.363 932.765 1443.247 1200.000 -1 -1 -1 -1000 -1000 -1000 -10 0.00461995
Car -1 -1 -10 1163.796 1138.117 1276.654 1200.000 -1 -1 -1 -1000 -1000 -1000 -10 0.00247068
Car -1 -1 -10 103.261 641.071 256.417 1200.000 -1 -1 -1 -1000 -1000 -1000 -10 0.00477870
Car -1 -1 -10 825.963 1015.275 1313.536 1200.000 -1 -1 -1 -1000 -1000 -1000 -10 0.00243515
Car -1 -1 -10 865.519 540.408 1272.358 1200.000 -1 -1 -1 -1000 -1000 -1000 -10 0.00241867
Car -1 -1 -10 1001.236 788.857 1185.554 1197.504 -1 -1 -1 -1000 -1000 -1000 -10 0.00233667
Car -1 -1 -10 974.523 716.806 1212.286 1196.759 -1 -1 -1 -1000 -1000 -1000 -10 0.00232623
Car -1 -1 -10 1136.247 1090.728 1294.189 1190.345 -1 -1 -1 -1000 -1000 -1000 -10 0.00426766
Car -1 -1 -10 948.184 1101.097 1200.992 1200.000 -1 -1 -1 -1000 -1000 -1000 -10 0.00224407
Car -1 -1 -10 999.130 1101.734 1175.509 1200.000 -1 -1 -1 -1000 -1000 -1000 -10 0.00224231
Car -1 -1 -10 848.744 1056.372 1234.893 1200.000 -1 -1 -1 -1000 -1000 -1000 -10 0.00217520
Car -1 -1 -10 1025.736 970.143 1241.253 1187.930 -1 -1 -1 -1000 -1000 -1000 -10 0.00213683
Car -1 -1 -10 1195.590 1122.827 1234.397 1200.000 -1 -1 -1 -1000 -1000 -1000 -10 0.00211100
Car -1 -1 -10 819.678 653.595 1326.149 1200.000 -1 -1 -1 -1000 -1000 -1000 -10 0.00207841
Car -1 -1 -10 743.014 1083.464 1054.132 1200.000 -1 -1 -1 -1000 -1000 -1000 -10 0.00197844
Car -1 -1 -10 834.639 1103.597 1004.133 1200.000 -1 -1 -1 -1000 -1000 -1000 -10 0.00195694
