Car -1 -1 -10 457.114 559.477 634.871 668.744 -1 -1 -1 -1000 -1000 -1000 -10 0.99649543
Car -1 -1 -10 73.554 545.681 278.832 697.773 -1 -1 -1 -1000 -1000 -1000 -10 0.80256067
Car -1 -1 -10 438.179 571.021 537.617 650.381 -1 -1 -1 -1000 -1000 -1000 -10 0.05857285
Car -1 -1 -10 821.473 554.850 881.034 605.721 -1 -1 -1 -1000 -1000 -1000 -10 0.01113648
Car -1 -1 -10 304.890 568.578 450.159 655.727 -1 -1 -1 -1000 -1000 -1000 -10 0.00747966
Car -1 -1 -10 367.682 571.985 445.458 643.902 -1 -1 -1 -1000 -1000 -1000 -10 0.00288696
Car -1 -1 -10 493.064 416.488 588.198 757.995 -1 -1 -1 -1000 -1000 -1000 -10 0.00231052
Car -1 -1 -10 492.074 394.018 609.006 807.557 -1 -1 -1 -1000 -1000 -1000 -10 0.00141336
Car -1 -1 -10 837.494 554.914 895.308 607.691 -1 -1 -1 -1000 -1000 -1000 -10 0.00136496
Car -1 -1 -10 663.436 0.000 733.453 37.394 -1 -1 -1 -1000 -1000 -1000 -10 0.00123864
Car -1 -1 -10 0.000 561.717 418.295 1129.036 -1 -1 -1 -1000 -1000 -1000 -10 0.00218829
Car -1 -1 -10 515.282 330.688 604.286 854.528 -1 -1 -1 -1000 -1000 -1000 -10 0.00120465
Car -1 -1 -10 0.000 796.298 443.052 1196.632 -1 -1 -1 -1000 -1000 -1000 -10 0.00227301
Car -1 -1 -10 443.156 422.423 654.165 755.599 -1 -1 -1 -1000 -1000 -1000 -10 0.00285585
Car -1 -1 -10 522.806 0.000 857.151 114.752 -1 -1 -1 -1000 -1000 -1000 -10 0.00218206
Car -1 -1 -10 660.119 0.000 738.249 73.548 -1 -1 -1 -1000 -1000 -1000 -10 0.00113311
Car -1 -1 -10 13.625 558.986 202.364 711.638 -1 -1 -1 -1000 -1000 -1000 -10 0.00205322
Car -1 -1 -10 12.590 534.470 290.185 794.202 -1 -1 -1 -1000 -1000 -1000 -10 0.00201427
Car -1 -1 -10 534.757 457.957 581.296 771.848 -1 -1 -1 -1000 -1000 -1000 -10 0.00108450
Car -1 -1 -10 502.578 329.719 591.150 866.227 -1 -1 -1 -1000 -1000 -1000 -10 0.00107151
Car -1 -1 -10 453.018 571.841 514.714 623.773 -1 -1 -1 -1000 -1000 -1000 -10 0.00201737
Car -1 -1 -10 521.026 463.304 571.164 774.381 -1 -1 -1 -1000 -1000 -1000 -10 0.00283740
Car -1 -1 -10 538.140 558.987 645.721 655.409 -1 -1 -1 -1000 -1000 -1000 -10 0.00185564
Car -1 -1 -10 693.128 0.000 762.965 37.382 -1 -1 -1 -1000 -1000 -1000 -10 0.00095549
Car -1 -1 -10 589.230 0.000 658.783 37.457 -1 -1 -1 -1000 -1000 -1000 -10 0.00176945
Car -1 -1 -10 637.747 0.000 740.041 108.885 -1 -1 -1 -1000 -1000 -1000 -10 0.00094231
Car -1 -1 -10 633.396 13.428 745.330 339.655 -1 -1 -1 -1000 -1000 -1000 -10 0.00177052
Car -1 -1 -10 152.821 561.571 272.203 675.194 -1 -1 -1 -1000 -1000 -1000 -10 0.00092362
Car -1 -1 -10 586.647 0.000 791.004 190.368 -1 -1 -1 -1000 -1000 -1000 -10 0.00090511
Car -1 -1 -10 608.859 0.000 772.905 156.128 -1 -1 -1 -1000 -1000 -1000 -10 0.00088354
Car -1 -1 -10 688.004 0.000 745.882 108.575 -1 -1 -1 -1000 -1000 -1000 -10 0.00087777
Car -1 -1 -10 275.358 656.440 466.189 1193.727 -1 -1 -1 -1000 -1000 -1000 -10 0.00087750
Car -1 -1 -10 0.000 556.284 295.641 907.570 -1 -1 -1 -1000 -1000 -1000 -10 0.00154392
Car -1 -1 -10 595.410 21.153 774.754 512.394 -1 -1 -1 -1000 -1000 -1000 -10 0.00082906
Car -1 -1 -10 487.024 272.759 599.649 944.763 -1 -1 -1 -1000 -1000 -1000 -10 0.00080936
Car -1 -1 -10 14.549 598.305 205.464 1184.174 -1 -1 -1 -1000 -1000 -1000 -10 0.00080796
Car -1 -1 -10 582.391 0.000 659.439 72.895 -1 -1 -1 -1000 -1000 -1000 -10 0.00078984
Car -1 -1 -10 669.279 5.666 712.286 180.872 -1 -1 -1 -1000 -1000 -1000 -10 0.00078495
Car -1 -1 -10 652.421 0.000 710.151 108.042 -1 -1 -1 -1000 -1000 -1000 -10 0.00076026
Car -1 -1 -10 676.712 0.000 768.345 46.073 -1 -1 -1 -1000 -1000 -1000 -10 0.00075691
Car -1 -1 -10 186.348 611.370 405.467 1178.292 -1 -1 -1 -1000 -1000 -1000 -10 0.00074733
Car -1 -1 -10 684.540 0.000 713.791 51.288 -1 -1 -1 -1000 -1000 -1000 -10 0.00074683
Car -1 -1 -10 373.544 656.492 560.135 1191.484 -1 -1 -1 -1000 -1000 -1000 -10 0.00074560
Car -1 -1 -10 590.870 0.000 692.051 109.874 -1 -1 -1 -1000 -1000 -1000 -10 0.00071891
Car -1 -1 -10 633.501 0.000 703.393 37.586 -1 -1 -1 -1000 -1000 -1000 -10 0.00071560
Car -1 -1 -10 1476.234 802.868 1920.000 1200.000 -1 -1 -1 -1000 -1000 -1000 -10 0.00070339
Car -1 -1 -10 487.181 400.604 557.287 804.754 -1 -1 -1 -1000 -1000 -1000 -10 0.00067464
Car -1 -1 -10 0.000 939.198 318.351 1200.000 -1 -1 -1 -1000 -1000 -1000 -10 0.00065796
