Car -1 -1 -10 517.037 487.442 843.965 802.659 -1 -1 -1 -1000 -1000 -1000 -10 0.99978516
Car -1 -1 -10 121.772 594.034 265.564 683.178 -1 -1 -1 -1000 -1000 -1000 -10 0.98424767
Car -1 -1 -10 793.068 561.352 960.348 689.944 -1 -1 -1 -1000 -1000 -1000 -10 0.98151606
Car -1 -1 -10 288.988 604.023 377.894 668.667 -1 -1 -1 -1000 -1000 -1000 -10 0.39625908
Car -1 -1 -10 254.989 608.080 354.856 673.486 -1 -1 -1 -1000 -1000 -1000 -10 0.39609227
Car -1 -1 -10 388.359 592.531 449.291 646.809 -1 -1 -1 -1000 -1000 -1000 -10 0.21241451
Car -1 -1 -10 1160.185 541.107 1301.894 620.631 -1 -1 -1 -1000 -1000 -1000 -10 0.09343072
Car -1 -1 -10 469.392 565.983 573.026 646.755 -1 -1 -1 -1000 -1000 -1000 -10 0.03571678
Car -1 -1 -10 463.868 565.287 608.268 654.167 -1 -1 -1 -1000 -1000 -1000 -10 0.00759398
Car -1 -1 -10 484.042 557.939 633.428 662.450 -1 -1 -1 -1000 -1000 -1000 -10 0.00439954
