Car -1 -1 -10 1219.155 581.974 1411.133 705.700 -1 -1 -1 -1000 -1000 -1000 -10 0.99949186
Car -1 -1 -10 788.294 574.935 875.376 654.472 -1 -1 -1 -1000 -1000 -1000 -10 0.99966781
Car -1 -1 -10 973.195 588.407 1072.051 662.621 -1 -1 -1 -1000 -1000 -1000 -10 0.99840136
Car -1 -1 -10 1672.818 558.234 1914.962 878.984 -1 -1 -1 -1000 -1000 -1000 -10 0.98821416
Car -1 -1 -10 277.816 596.894 426.103 707.687 -1 -1 -1 -1000 -1000 -1000 -10 0.99619736
Car -1 -1 -10 1083.196 565.668 1175.366 660.212 -1 -1 -1 -1000 -1000 -1000 -10 0.99565543
Car -1 -1 -10 1158.660 578.966 1271.069 684.922 -1 -1 -1 -1000 -1000 -1000 -10 0.49523094
Car -1 -1 -10 1128.400 578.366 1218.409 669.975 -1 -1 -1 -1000 -1000 -1000 -10 0.98658317
Car -1 -1 -10 3.065 545.661 204.707 798.013 -1 -1 -1 -1000 -1000 -1000 -10 0.95751576
Car -1 -1 -10 441.421 584.735 553.644 671.347 -1 -1 -1 -1000 -1000 -1000 -10 0.71280795
Car -1 -1 -10 677.467 595.102 755.875 652.174 -1 -1 -1 -1000 -1000 -1000 -10 0.87325701
Car -1 -1 -10 1161.920 575.385 1298.864 689.564 -1 -1 -1 -1000 -1000 -1000 -10 0.45121589
Car -1 -1 -10 390.411 591.504 489.511 684.935 -1 -1 -1 -1000 -1000 -1000 -10 0.84771329
Car -1 -1 -10 528.827 584.583 626.033 667.184 -1 -1 -1 -1000 -1000 -1000 -10 0.41217092
