Car -1 -1 -10 0.000 526.373 853.241 1193.593 -1 -1 -1 -1000 -1000 -1000 -10 0.09446213
Car -1 -1 -10 3.809 615.124 515.033 1199.443 -1 -1 -1 -1000 -1000 -1000 -10 0.02215947
Car -1 -1 -10 17.326 169.528 1263.139 1200.000 -1 -1 -1 -1000 -1000 -1000 -10 0.01043465
Car -1 -1 -10 0.000 609.586 494.699 995.741 -1 -1 -1 -1000 -1000 -1000 -10 0.01140438
Car -1 -1 -10 0.000 600.947 386.593 857.732 -1 -1 -1 -1000 -1000 -1000 -10 0.01017083
Car -1 -1 -10 20.737 226.512 215.085 1200.000 -1 -1 -1 -1000 -1000 -1000 -10 0.01051680
Car -1 -1 -10 0.000 772.749 467.203 1197.506 -1 -1 -1 -1000 -1000 -1000 -10 0.00386776
Car -1 -1 -10 0.000 744.709 353.333 1004.474 -1 -1 -1 -1000 -1000 -1000 -10 0.00348355
Car -1 -1 -10 79.853 244.828 385.589 1190.386 -1 -1 -1 -1000 -1000 -1000 -10 0.00301104
Car -1 -1 -10 115.552 343.298 242.651 1076.836 -1 -1 -1 -1000 -1000 -1000 -10 0.00294077
Car -1 -1 -10 0.000 492.563 563.228 838.094 -1 -1 -1 -1000 -1000 -1000 -10 0.00458841
Car -1 -1 -10 110.989 304.867 310.238 1024.535 -1 -1 -1 -1000 -1000 -1000 -10 0.00237245
Car -1 -1 -10 0.000 624.859 433.877 918.945 -1 -1 -1 -1000 -1000 -1000 -10 0.00204675
Car -1 -1 -10 31.581 108.298 299.352 1200.000 -1 -1 -1 -1000 -1000 -1000 -10 0.00199145
Car -1 -1 -10 0.000 521.682 386.617 738.424 -1 -1 -1 -1000 -1000 -1000 -10 0.00181517
Car -1 -1 -10 137.243 385.242 736.601 753.436 -1 -1 -1 -1000 -1000 -1000 -10 0.00180977
Car -1 -1 -10 182.586 257.853 378.776 974.474 -1 -1 -1 -1000 -1000 -1000 -10 0.00177788
Car -1 -1 -10 59.047 76.546 359.428 1200.000 -1 -1 -1 -1000 -1000 -1000 -10 0.00169215
Car -1 -1 -10 8.402 648.900 301.540 1194.968 -1 -1 -1 -1000 -1000 -1000 -10 0.00161460
Car -1 -1 -10 188.391 119.478 489.191 1182.723 -1 -1 -1 -1000 -1000 -1000 -10 0.00313623
Car -1 -1 -10 81.910 323.124 284.111 1021.624 -1 -1 -1 -1000 -1000 -1000 -10 0.00156951
Car -1 -1 -10 0.000 746.226 331.429 1094.554 -1 -1 -1 -1000 -1000 -1000 -10 0.00153003
Car -1 -1 -10 0.000 795.817 392.676 1051.173 -1 -1 -1 -1000 -1000 -1000 -10 0.00145226
