Car -1 -1 -10 1632.693 525.889 1743.391 596.257 -1 -1 -1 -1000 -1000 -1000 -10 0.02329941
Car -1 -1 -10 452.007 0.000 1133.651 277.639 -1 -1 -1 -1000 -1000 -1000 -10 0.00290487
Car -1 -1 -10 705.567 4.669 1085.167 345.811 -1 -1 -1 -1000 -1000 -1000 -10 0.00233795
Car -1 -1 -10 358.301 0.000 1228.652 323.359 -1 -1 -1 -1000 -1000 -1000 -10 0.00252368
Car -1 -1 -10 563.953 37.664 862.349 926.184 -1 -1 -1 -1000 -1000 -1000 -10 0.00311273
Car -1 -1 -10 673.590 37.433 973.134 925.031 -1 -1 -1 -1000 -1000 -1000 -10 0.00315886
Car -1 -1 -10 593.570 7.506 940.691 387.192 -1 -1 -1 -1000 -1000 -1000 -10 0.00327383
Car -1 -1 -10 0.000 0.000 291.946 210.310 -1 -1 -1 -1000 -1000 -1000 -10 0.00350298
Car -1 -1 -10 867.718 677.693 1225.308 1186.578 -1 -1 -1 -1000 -1000 -1000 -10 0.00118898
Car -1 -1 -10 0.000 0.000 125.721 145.341 -1 -1 -1 -1000 -1000 -1000 -10 0.00116773
Car -1 -1 -10 0.000 0.000 402.688 684.798 -1 -1 -1 -1000 -1000 -1000 -10 0.00220263
Car -1 -1 -10 0.000 0.000 433.807 324.193 -1 -1 -1 -1000 -1000 -1000 -10 0.00301749
Car -1 -1 -10 532.882 1.747 1050.865 551.593 -1 -1 -1 -1000 -1000 -1000 -10 0.00204614
Car -1 -1 -10 1143.366 1157.691 1180.953 1200.000 -1 -1 -1 -1000 -1000 -1000 -10 0.00105445
Car -1 -1 -10 605.973 2.505 994.111 316.985 -1 -1 -1 -1000 -1000 -1000 -10 0.00103108
Car -1 -1 -10 0.000 0.000 339.085 279.373 -1 -1 -1 -1000 -1000 -1000 -10 0.00100914
Car -1 -1 -10 0.000 0.000 155.853 119.239 -1 -1 -1 -1000 -1000 -1000 -10 0.00098178
Car -1 -1 -10 517.717 38.539 881.501 719.024 -1 -1 -1 -1000 -1000 -1000 -10 0.00097510
Car -1 -1 -10 708.350 0.000 1172.115 178.548 -1 -1 -1 -1000 -1000 -1000 -10 0.00096711
Car -1 -1 -10 798.120 56.088 951.771 591.254 -1 -1 -1 -1000 -1000 -1000 -10 0.00178378
Car -1 -1 -10 656.980 38.738 1018.128 717.566 -1 -1 -1 -1000 -1000 -1000 -10 0.00094790
Car -1 -1 -10 453.414 0.000 1002.642 200.959 -1 -1 -1 -1000 -1000 -1000 -10 0.00170837
Car -1 -1 -10 0.000 566.624 349.035 1200.000 -1 -1 -1 -1000 -1000 -1000 -10 0.00092307
Car -1 -1 -10 1794.271 0.000 1920.000 145.537 -1 -1 -1 -1000 -1000 -1000 -10 0.00090350
Car -1 -1 -10 0.000 805.134 453.729 1200.000 -1 -1 -1 -1000 -1000 -1000 -10 0.00261166
Car -1 -1 -10 730.374 62.818 879.825 593.748 -1 -1 -1 -1000 -1000 -1000 -10 0.00087961
Car -1 -1 -10 1627.298 0.000 1920.000 209.035 -1 -1 -1 -1000 -1000 -1000 -10 0.00259487
Car -1 -1 -10 751.771 51.220 904.875 587.367 -1 -1 -1 -1000 -1000 -1000 -10 0.00086487
Car -1 -1 -10 516.754 0.000 976.350 176.581 -1 -1 -1 -1000 -1000 -1000 -10 0.00086405
Car -1 -1 -10 467.849 2.833 840.807 375.664 -1 -1 -1 -1000 -1000 -1000 -10 0.00086250
Car -1 -1 -10 664.800 35.609 846.673 513.968 -1 -1 -1 -1000 -1000 -1000 -10 0.00085466
Car -1 -1 -10 679.970 62.036 829.938 594.425 -1 -1 -1 -1000 -1000 -1000 -10 0.00084453
Car -1 -1 -10 700.189 29.622 861.940 461.292 -1 -1 -1 -1000 -1000 -1000 -10 0.00082747
Car -1 -1 -10 605.202 0.000 1069.366 177.477 -1 -1 -1 -1000 -1000 -1000 -10 0.00080905
Car -1 -1 -10 1885.723 0.000 1920.000 40.505 -1 -1 -1 -1000 -1000 -1000 -10 0.00080767
Car -1 -1 -10 658.266 62.197 808.134 593.998 -1 -1 -1 -1000 -1000 -1000 -10 0.00080486
