Car -1 -1 -10 446.878 587.916 668.968 737.798 -1 -1 -1 -1000 -1000 -1000 -10 0.99998948
Car -1 -1 -10 656.251 584.793 787.050 683.564 -1 -1 -1 -1000 -1000 -1000 -10 0.99994349
Car -1 -1 -10 856.899 593.125 953.460 677.543 -1 -1 -1 -1000 -1000 -1000 -10 0.99937582
Car -1 -1 -10 3.131 606.856 92.138 728.846 -1 -1 -1 -1000 -1000 -1000 -10 0.15162933
Car -1 -1 -10 841.078 597.972 888.590 648.377 -1 -1 -1 -1000 -1000 -1000 -10 0.01142511
Car -1 -1 -10 843.802 595.254 911.700 665.520 -1 -1 -1 -1000 -1000 -1000 -10 0.01252962
Car -1 -1 -10 844.548 603.204 876.928 654.257 -1 -1 -1 -1000 -1000 -1000 -10 0.00715560
Car -1 -1 -10 15.504 573.933 64.092 742.521 -1 -1 -1 -1000 -1000 -1000 -10 0.00345938
Car -1 -1 -10 24.563 610.019 63.843 683.516 -1 -1 -1 -1000 -1000 -1000 -10 0.00323185
Car -1 -1 -10 0.000 608.430 72.301 682.626 -1 -1 -1 -1000 -1000 -1000 -10 0.00270849
Car -1 -1 -10 918.568 601.612 974.780 660.906 -1 -1 -1 -1000 -1000 -1000 -10 0.00262267
Car -1 -1 -10 540.997 587.932 663.894 699.305 -1 -1 -1 -1000 -1000 -1000 -10 0.00259789
Car -1 -1 -10 0.000 979.735 290.039 1200.000 -1 -1 -1 -1000 -1000 -1000 -10 0.00242040
Car -1 -1 -10 14.247 625.425 67.985 689.310 -1 -1 -1 -1000 -1000 -1000 -10 0.00238834
Car -1 -1 -10 24.011 582.939 75.841 752.764 -1 -1 -1 -1000 -1000 -1000 -10 0.00216453
Car -1 -1 -10 1431.919 374.356 1909.812 748.015 -1 -1 -1 -1000 -1000 -1000 -10 0.00209623
Car -1 -1 -10 0.000 1104.420 91.545 1200.000 -1 -1 -1 -1000 -1000 -1000 -10 0.00203667
Car -1 -1 -10 0.000 1056.778 202.455 1200.000 -1 -1 -1 -1000 -1000 -1000 -10 0.00199456
