Car -1 -1 -10 0.000 792.398 464.422 1196.991 -1 -1 -1 -1000 -1000 -1000 -10 0.00663288
Car -1 -1 -10 394.446 489.799 1630.931 1199.528 -1 -1 -1 -1000 -1000 -1000 -10 0.00651875
Car -1 -1 -10 0.000 596.557 512.872 1200.000 -1 -1 -1 -1000 -1000 -1000 -10 0.00180924
Car -1 -1 -10 0.000 506.923 900.650 1191.926 -1 -1 -1 -1000 -1000 -1000 -10 0.00582296
Car -1 -1 -10 1418.651 521.179 1916.399 916.408 -1 -1 -1 -1000 -1000 -1000 -10 0.00276690
Car -1 -1 -10 1412.403 422.299 1903.797 883.924 -1 -1 -1 -1000 -1000 -1000 -10 0.00219576
Car -1 -1 -10 1579.330 568.933 1920.000 1200.000 -1 -1 -1 -1000 -1000 -1000 -10 0.00196763
Car -1 -1 -10 10.219 481.871 446.103 798.847 -1 -1 -1 -1000 -1000 -1000 -10 0.00110638
Car -1 -1 -10 0.000 933.772 326.516 1200.000 -1 -1 -1 -1000 -1000 -1000 -10 0.00199686
Car -1 -1 -10 11.646 730.827 242.188 1197.265 -1 -1 -1 -1000 -1000 -1000 -10 0.00108672
Car -1 -1 -10 0.000 387.634 489.140 1200.000 -1 -1 -1 -1000 -1000 -1000 -10 0.00106973
Car -1 -1 -10 1414.418 362.091 1914.731 756.931 -1 -1 -1 -1000 -1000 -1000 -10 0.00176873
Car -1 -1 -10 1345.194 285.051 1855.608 1200.000 -1 -1 -1 -1000 -1000 -1000 -10 0.00098290
Car -1 -1 -10 1145.604 488.427 1711.242 847.848 -1 -1 -1 -1000 -1000 -1000 -10 0.00097131
Car -1 -1 -10 44.695 659.654 212.535 1198.851 -1 -1 -1 -1000 -1000 -1000 -10 0.00094000
Car -1 -1 -10 83.735 239.960 387.896 1197.641 -1 -1 -1 -1000 -1000 -1000 -10 0.00092104
Car -1 -1 -10 0.000 894.237 212.637 1125.122 -1 -1 -1 -1000 -1000 -1000 -10 0.00091639
Car -1 -1 -10 855.763 646.399 1040.764 1193.382 -1 -1 -1 -1000 -1000 -1000 -10 0.00081083
Car -1 -1 -10 13.743 428.413 604.373 882.692 -1 -1 -1 -1000 -1000 -1000 -10 0.00080543
Car -1 -1 -10 63.419 449.319 526.818 723.121 -1 -1 -1 -1000 -1000 -1000 -10 0.00078689
Car -1 -1 -10 681.541 637.476 1358.667 1071.671 -1 -1 -1 -1000 -1000 -1000 -10 0.00076504
Car -1 -1 -10 1280.564 394.345 1912.887 1109.936 -1 -1 -1 -1000 -1000 -1000 -10 0.00076212
Car -1 -1 -10 212.719 259.337 392.638 942.043 -1 -1 -1 -1000 -1000 -1000 -10 0.00075681
Car -1 -1 -10 1022.839 573.840 1162.616 1194.848 -1 -1 -1 -1000 -1000 -1000 -10 0.00144666
Car -1 -1 -10 856.203 119.270 1160.967 1168.045 -1 -1 -1 -1000 -1000 -1000 -10 0.00140070
Car -1 -1 -10 1467.566 805.671 1920.000 1200.000 -1 -1 -1 -1000 -1000 -1000 -10 0.00140332
Car -1 -1 -10 0.000 492.578 430.537 1030.180 -1 -1 -1 -1000 -1000 -1000 -10 0.00070728
Car -1 -1 -10 760.990 646.812 944.987 1196.694 -1 -1 -1 -1000 -1000 -1000 -10 0.00069901
Car -1 -1 -10 873.099 578.295 1025.262 1196.798 -1 -1 -1 -1000 -1000 -1000 -10 0.00065390
Car -1 -1 -10 1555.847 505.776 1851.259 669.565 -1 -1 -1 -1000 -1000 -1000 -10 0.00063697
Car -1 -1 -10 682.565 677.606 1385.740 1181.687 -1 -1 -1 -1000 -1000 -1000 -10 0.00062010
Car -1 -1 -10 9.352 339.850 535.972 775.487 -1 -1 -1 -1000 -1000 -1000 -10 0.00058703
