Car -1 -1 -10 1129.705 591.744 1603.263 781.712 -1 -1 -1 -1000 -1000 -1000 -10 0.91741590
Car -1 -1 -10 1.280 621.733 134.801 843.048 -1 -1 -1 -1000 -1000 -1000 -10 0.06472722
Car -1 -1 -10 101.449 594.695 407.577 753.075 -1 -1 -1 -1000 -1000 -1000 -10 0.03675434
Car -1 -1 -10 351.806 619.303 525.405 698.996 -1 -1 -1 -1000 -1000 -1000 -10 0.04206909
Car -1 -1 -10 1097.917 607.880 1409.788 776.145 -1 -1 -1 -1000 -1000 -1000 -10 0.02606700
Car -1 -1 -10 1318.631 614.724 1657.207 794.414 -1 -1 -1 -1000 -1000 -1000 -10 0.01997781
Car -1 -1 -10 271.833 617.974 438.905 707.790 -1 -1 -1 -1000 -1000 -1000 -10 0.02121830
Car -1 -1 -10 144.195 602.182 392.949 723.685 -1 -1 -1 -1000 -1000 -1000 -10 0.01227919
Car -1 -1 -10 982.337 565.735 1630.697 871.744 -1 -1 -1 -1000 -1000 -1000 -10 0.00548679
Car -1 -1 -10 1125.304 585.136 1699.785 921.965 -1 -1 -1 -1000 -1000 -1000 -10 0.00791368
Car -1 -1 -10 267.773 505.199 1454.028 1196.123 -1 -1 -1 -1000 -1000 -1000 -10 0.00901236
Car -1 -1 -10 218.159 603.042 441.527 720.385 -1 -1 -1 -1000 -1000 -1000 -10 0.00474197
Car -1 -1 -10 1434.667 629.521 1631.242 785.445 -1 -1 -1 -1000 -1000 -1000 -10 0.00375491
Car -1 -1 -10 8.251 1101.359 167.420 1200.000 -1 -1 -1 -1000 -1000 -1000 -10 0.00321947
Car -1 -1 -10 0.000 1105.104 91.289 1200.000 -1 -1 -1 -1000 -1000 -1000 -10 0.00497892
Car -1 -1 -10 969.410 616.924 1716.338 1123.927 -1 -1 -1 -1000 -1000 -1000 -10 0.00251251
Car -1 -1 -10 0.000 798.503 361.090 1194.173 -1 -1 -1 -1000 -1000 -1000 -10 0.00240310
Car -1 -1 -10 0.000 996.823 273.712 1200.000 -1 -1 -1 -1000 -1000 -1000 -10 0.00415982
Car -1 -1 -10 567.877 523.995 962.455 1200.000 -1 -1 -1 -1000 -1000 -1000 -10 0.00218960
Car -1 -1 -10 1458.117 657.429 1625.476 764.676 -1 -1 -1 -1000 -1000 -1000 -10 0.00214632
Car -1 -1 -10 1101.711 609.374 1362.188 756.243 -1 -1 -1 -1000 -1000 -1000 -10 0.00205081
Car -1 -1 -10 1426.081 623.377 1565.617 753.992 -1 -1 -1 -1000 -1000 -1000 -10 0.00200787
Car -1 -1 -10 3.952 1084.876 208.157 1200.000 -1 -1 -1 -1000 -1000 -1000 -10 0.00196847
Car -1 -1 -10 431.426 621.477 592.136 698.420 -1 -1 -1 -1000 -1000 -1000 -10 0.00194325
Car -1 -1 -10 0.998 638.109 167.954 821.890 -1 -1 -1 -1000 -1000 -1000 -10 0.00192851
