Car -1 -1 -10 0.000 491.215 623.513 1200.000 -1 -1 -1 -1000 -1000 -1000 -10 0.00616583
Car -1 -1 -10 1049.716 522.891 1920.000 1200.000 -1 -1 -1 -1000 -1000 -1000 -10 0.01106749
Car -1 -1 -10 0.000 659.647 829.336 1200.000 -1 -1 -1 -1000 -1000 -1000 -10 0.00565103
Car -1 -1 -10 1406.497 447.249 1912.710 1200.000 -1 -1 -1 -1000 -1000 -1000 -10 0.01679848
Car -1 -1 -10 1477.227 650.274 1714.082 1099.800 -1 -1 -1 -1000 -1000 -1000 -10 0.00451245
Car -1 -1 -10 0.000 501.743 946.850 1182.397 -1 -1 -1 -1000 -1000 -1000 -10 0.01144283
Car -1 -1 -10 1343.328 729.062 1872.977 1112.835 -1 -1 -1 -1000 -1000 -1000 -10 0.00607908
Car -1 -1 -10 0.000 599.429 521.977 1198.162 -1 -1 -1 -1000 -1000 -1000 -10 0.00383470
Car -1 -1 -10 25.648 416.998 497.600 1200.000 -1 -1 -1 -1000 -1000 -1000 -10 0.00369604
Car -1 -1 -10 1258.274 638.483 1852.833 1034.001 -1 -1 -1 -1000 -1000 -1000 -10 0.00822353
Car -1 -1 -10 1416.952 589.570 1726.518 1183.557 -1 -1 -1 -1000 -1000 -1000 -10 0.00569773
Car -1 -1 -10 1443.638 736.962 1814.361 1113.572 -1 -1 -1 -1000 -1000 -1000 -10 0.00312728
Car -1 -1 -10 114.719 76.573 410.878 1200.000 -1 -1 -1 -1000 -1000 -1000 -10 0.00312509
Car -1 -1 -10 0.000 797.533 466.995 1195.115 -1 -1 -1 -1000 -1000 -1000 -10 0.00601675
Car -1 -1 -10 152.560 247.027 378.488 1197.054 -1 -1 -1 -1000 -1000 -1000 -10 0.00281339
Car -1 -1 -10 1487.966 572.386 1920.000 873.797 -1 -1 -1 -1000 -1000 -1000 -10 0.00235231
Car -1 -1 -10 987.909 330.402 1871.160 1193.222 -1 -1 -1 -1000 -1000 -1000 -10 0.00406566
Car -1 -1 -10 1421.147 550.202 1920.000 901.724 -1 -1 -1 -1000 -1000 -1000 -10 0.00210339
Car -1 -1 -10 1370.956 696.211 1764.523 953.651 -1 -1 -1 -1000 -1000 -1000 -10 0.00201950
