Car -1 -1 -10 22.682 166.541 1320.371 1200.000 -1 -1 -1 -1000 -1000 -1000 -10 0.00329896
Car -1 -1 -10 1.499 792.805 436.194 1174.202 -1 -1 -1 -1000 -1000 -1000 -10 0.00457634
Car -1 -1 -10 0.000 477.670 956.205 1188.496 -1 -1 -1 -1000 -1000 -1000 -10 0.00833168
Car -1 -1 -10 0.000 568.243 518.306 1199.157 -1 -1 -1 -1000 -1000 -1000 -10 0.00796768
Car -1 -1 -10 0.000 489.808 708.057 1200.000 -1 -1 -1 -1000 -1000 -1000 -10 0.00191791
Car -1 -1 -10 61.217 176.072 365.360 1192.098 -1 -1 -1 -1000 -1000 -1000 -10 0.00281394
Car -1 -1 -10 46.207 634.225 211.143 1195.127 -1 -1 -1 -1000 -1000 -1000 -10 0.00274525
Car -1 -1 -10 0.000 935.181 323.911 1200.000 -1 -1 -1 -1000 -1000 -1000 -10 0.00128288
Car -1 -1 -10 553.818 685.462 1055.821 1195.309 -1 -1 -1 -1000 -1000 -1000 -10 0.00126175
Car -1 -1 -10 0.000 859.913 285.249 1200.000 -1 -1 -1 -1000 -1000 -1000 -10 0.00198748
Car -1 -1 -10 497.765 569.290 868.081 1200.000 -1 -1 -1 -1000 -1000 -1000 -10 0.00188653
Car -1 -1 -10 629.749 579.082 790.484 1187.356 -1 -1 -1 -1000 -1000 -1000 -10 0.00097569
Car -1 -1 -10 1.568 453.562 548.866 868.916 -1 -1 -1 -1000 -1000 -1000 -10 0.00189776
Car -1 -1 -10 726.206 582.923 885.844 1185.568 -1 -1 -1 -1000 -1000 -1000 -10 0.00092055
Car -1 -1 -10 0.000 771.456 350.903 1200.000 -1 -1 -1 -1000 -1000 -1000 -10 0.00090318
Car -1 -1 -10 5.869 533.892 300.267 913.230 -1 -1 -1 -1000 -1000 -1000 -10 0.00175795
Car -1 -1 -10 272.719 202.551 479.481 918.225 -1 -1 -1 -1000 -1000 -1000 -10 0.00080459
Car -1 -1 -10 0.000 661.145 347.079 1088.698 -1 -1 -1 -1000 -1000 -1000 -10 0.00075514
