Car -1 -1 -10 874.433 587.035 973.764 656.407 -1 -1 -1 -1000 -1000 -1000 -10 0.99657375
Car -1 -1 -10 436.711 594.461 491.868 646.203 -1 -1 -1 -1000 -1000 -1000 -10 0.08355934
Car -1 -1 -10 808.098 576.974 842.489 625.254 -1 -1 -1 -1000 -1000 -1000 -10 0.05031632
Car -1 -1 -10 803.756 583.770 840.083 629.440 -1 -1 -1 -1000 -1000 -1000 -10 0.04341108
Car -1 -1 -10 0.000 796.229 463.758 1199.197 -1 -1 -1 -1000 -1000 -1000 -10 0.00875032
Car -1 -1 -10 793.602 591.485 827.798 639.248 -1 -1 -1 -1000 -1000 -1000 -10 0.00343088
Car -1 -1 -10 0.000 1019.564 245.009 1200.000 -1 -1 -1 -1000 -1000 -1000 -10 0.00191359
Car -1 -1 -10 14.747 727.089 153.766 1199.435 -1 -1 -1 -1000 -1000 -1000 -10 0.00356193
Car -1 -1 -10 820.648 584.818 855.041 629.262 -1 -1 -1 -1000 -1000 -1000 -10 0.00296189
Car -1 -1 -10 0.000 967.258 210.480 1200.000 -1 -1 -1 -1000 -1000 -1000 -10 0.00165934
Car -1 -1 -10 0.000 956.475 307.250 1200.000 -1 -1 -1 -1000 -1000 -1000 -10 0.00320267
Car -1 -1 -10 35.102 691.507 271.597 1199.577 -1 -1 -1 -1000 -1000 -1000 -10 0.00403470
Car -1 -1 -10 0.000 1105.767 90.688 1200.000 -1 -1 -1 -1000 -1000 -1000 -10 0.00392471
Car -1 -1 -10 6.456 1105.192 180.096 1200.000 -1 -1 -1 -1000 -1000 -1000 -10 0.00291879
Car -1 -1 -10 0.765 1156.333 33.295 1200.000 -1 -1 -1 -1000 -1000 -1000 -10 0.00243433
Car -1 -1 -10 41.527 648.077 217.273 1189.000 -1 -1 -1 -1000 -1000 -1000 -10 0.00135036
Car -1 -1 -10 0.000 1123.146 104.753 1200.000 -1 -1 -1 -1000 -1000 -1000 -10 0.00130400
Car -1 -1 -10 67.471 347.975 364.199 1200.000 -1 -1 -1 -1000 -1000 -1000 -10 0.00238992
Car -1 -1 -10 5.765 1063.050 368.524 1200.000 -1 -1 -1 -1000 -1000 -1000 -10 0.00235172
Car -1 -1 -10 0.000 1057.603 201.124 1200.000 -1 -1 -1 -1000 -1000 -1000 -10 0.00238103
Car -1 -1 -10 159.206 1080.346 219.366 1200.000 -1 -1 -1 -1000 -1000 -1000 -10 0.00117776
Car -1 -1 -10 123.063 820.240 284.298 1200.000 -1 -1 -1 -1000 -1000 -1000 -10 0.00225869
Car -1 -1 -10 1234.777 570.254 1387.691 659.803 -1 -1 -1 -1000 -1000 -1000 -10 0.00114497
Car -1 -1 -10 40.604 1040.291 479.923 1200.000 -1 -1 -1 -1000 -1000 -1000 -10 0.00112253
Car -1 -1 -10 40.393 1010.094 138.624 1200.000 -1 -1 -1 -1000 -1000 -1000 -10 0.00111697
Car -1 -1 -10 63.606 1104.481 313.646 1200.000 -1 -1 -1 -1000 -1000 -1000 -10 0.00109336
Car -1 -1 -10 25.392 1122.752 64.951 1200.000 -1 -1 -1 -1000 -1000 -1000 -10 0.00108956
Car -1 -1 -10 93.181 745.887 220.540 1200.000 -1 -1 -1 -1000 -1000 -1000 -10 0.00105909
