Car -1 -1 -10 164.025 599.602 309.381 722.925 -1 -1 -1 -1000 -1000 -1000 -10 0.99974726
Car -1 -1 -10 685.414 722.980 1633.434 1200.000 -1 -1 -1 -1000 -1000 -1000 -10 0.01570030
Car -1 -1 -10 1.398 866.525 736.837 1200.000 -1 -1 -1 -1000 -1000 -1000 -10 0.03115087
Car -1 -1 -10 5.553 993.679 486.047 1199.315 -1 -1 -1 -1000 -1000 -1000 -10 0.02383252
Car -1 -1 -10 555.353 779.506 1431.903 1182.613 -1 -1 -1 -1000 -1000 -1000 -10 0.00616425
Car -1 -1 -10 90.493 618.187 192.796 695.086 -1 -1 -1 -1000 -1000 -1000 -10 0.02261398
Car -1 -1 -10 480.553 558.553 1670.219 1200.000 -1 -1 -1 -1000 -1000 -1000 -10 0.00573913
Car -1 -1 -10 0.000 840.195 320.082 1196.956 -1 -1 -1 -1000 -1000 -1000 -10 0.02041486
Car -1 -1 -10 279.523 832.952 956.941 1189.841 -1 -1 -1 -1000 -1000 -1000 -10 0.01773941
Car -1 -1 -10 137.395 522.754 1379.633 1199.286 -1 -1 -1 -1000 -1000 -1000 -10 0.01113232
Car -1 -1 -10 141.594 1017.577 648.028 1200.000 -1 -1 -1 -1000 -1000 -1000 -10 0.00780724
Car -1 -1 -10 219.264 599.024 319.407 690.582 -1 -1 -1 -1000 -1000 -1000 -10 0.00386759
Car -1 -1 -10 192.906 857.309 560.099 1192.907 -1 -1 -1 -1000 -1000 -1000 -10 0.00369088
Car -1 -1 -10 122.248 855.378 285.080 1200.000 -1 -1 -1 -1000 -1000 -1000 -10 0.00347094
Car -1 -1 -10 535.837 815.265 1179.042 1189.234 -1 -1 -1 -1000 -1000 -1000 -10 0.00320659
Car -1 -1 -10 400.855 614.011 531.880 1200.000 -1 -1 -1 -1000 -1000 -1000 -10 0.00313200
Car -1 -1 -10 28.756 574.845 393.334 1200.000 -1 -1 -1 -1000 -1000 -1000 -10 0.00310842
Car -1 -1 -10 160.624 1055.814 568.223 1200.000 -1 -1 -1 -1000 -1000 -1000 -10 0.00306522
Car -1 -1 -10 127.625 894.135 420.475 1200.000 -1 -1 -1 -1000 -1000 -1000 -10 0.00300332
