Car -1 -1 -10 1412.042 524.892 1812.445 698.831 -1 -1 -1 -1000 -1000 -1000 -10 0.57426840
Car -1 -1 -10 1590.115 526.776 1915.474 694.203 -1 -1 -1 -1000 -1000 -1000 -10 0.02576366
Car -1 -1 -10 331.164 477.642 843.677 783.727 -1 -1 -1 -1000 -1000 -1000 -10 0.01296791
Car -1 -1 -10 931.767 574.894 1016.892 665.359 -1 -1 -1 -1000 -1000 -1000 -10 0.01562253
Car -1 -1 -10 1371.540 500.066 1920.000 805.012 -1 -1 -1 -1000 -1000 -1000 -10 0.01642318
Car -1 -1 -10 598.048 613.957 882.313 758.399 -1 -1 -1 -1000 -1000 -1000 -10 0.00512622
Car -1 -1 -10 544.014 555.249 891.110 760.781 -1 -1 -1 -1000 -1000 -1000 -10 0.00808129
Car -1 -1 -10 1341.242 524.496 1639.085 699.400 -1 -1 -1 -1000 -1000 -1000 -10 0.00617395
Car -1 -1 -10 0.000 735.724 591.750 1172.798 -1 -1 -1 -1000 -1000 -1000 -10 0.00527459
Car -1 -1 -10 1324.359 471.454 1920.000 725.362 -1 -1 -1 -1000 -1000 -1000 -10 0.00308107
Car -1 -1 -10 358.710 434.059 919.164 807.524 -1 -1 -1 -1000 -1000 -1000 -10 0.00440814
Car -1 -1 -10 636.479 620.033 862.387 749.770 -1 -1 -1 -1000 -1000 -1000 -10 0.00455295
Car -1 -1 -10 1328.000 552.985 1610.776 720.002 -1 -1 -1 -1000 -1000 -1000 -10 0.00481781
Car -1 -1 -10 0.000 585.185 510.030 1200.000 -1 -1 -1 -1000 -1000 -1000 -10 0.00494240
Car -1 -1 -10 660.680 636.129 838.767 737.423 -1 -1 -1 -1000 -1000 -1000 -10 0.00232696
Car -1 -1 -10 641.843 443.723 686.770 756.424 -1 -1 -1 -1000 -1000 -1000 -10 0.00217733
Car -1 -1 -10 1483.927 547.090 1619.664 674.050 -1 -1 -1 -1000 -1000 -1000 -10 0.00212752
Car -1 -1 -10 1214.479 487.893 1904.875 1021.715 -1 -1 -1 -1000 -1000 -1000 -10 0.00362092
Car -1 -1 -10 648.630 575.638 835.411 745.183 -1 -1 -1 -1000 -1000 -1000 -10 0.00211073
Car -1 -1 -10 626.845 562.612 779.201 659.849 -1 -1 -1 -1000 -1000 -1000 -10 0.00325321
Car -1 -1 -10 665.598 439.026 710.313 757.153 -1 -1 -1 -1000 -1000 -1000 -10 0.00191221
Car -1 -1 -10 554.047 507.820 840.601 672.620 -1 -1 -1 -1000 -1000 -1000 -10 0.00171644
Car -1 -1 -10 82.665 863.267 546.973 1100.161 -1 -1 -1 -1000 -1000 -1000 -10 0.00155151
Car -1 -1 -10 506.823 522.707 850.836 1137.078 -1 -1 -1 -1000 -1000 -1000 -10 0.00155020
Car -1 -1 -10 517.923 519.930 926.861 746.922 -1 -1 -1 -1000 -1000 -1000 -10 0.00154680
Car -1 -1 -10 876.840 595.228 945.520 667.422 -1 -1 -1 -1000 -1000 -1000 -10 0.00153821
Car -1 -1 -10 1297.250 332.213 1854.745 737.926 -1 -1 -1 -1000 -1000 -1000 -10 0.00152561
Car -1 -1 -10 773.923 617.036 886.376 722.007 -1 -1 -1 -1000 -1000 -1000 -10 0.00152038
Car -1 -1 -10 1487.563 539.304 1656.207 638.907 -1 -1 -1 -1000 -1000 -1000 -10 0.00150575
Car -1 -1 -10 712.894 738.564 1048.605 1188.604 -1 -1 -1 -1000 -1000 -1000 -10 0.00144784
Car -1 -1 -10 1623.621 0.000 1920.000 212.534 -1 -1 -1 -1000 -1000 -1000 -10 0.00264024
Car -1 -1 -10 0.000 545.617 351.016 1200.000 -1 -1 -1 -1000 -1000 -1000 -10 0.00136931
Car -1 -1 -10 0.000 181.200 419.757 727.074 -1 -1 -1 -1000 -1000 -1000 -10 0.00247312
Car -1 -1 -10 1434.307 529.265 1547.969 634.372 -1 -1 -1 -1000 -1000 -1000 -10 0.00135320
Car -1 -1 -10 1378.632 548.335 1513.496 677.994 -1 -1 -1 -1000 -1000 -1000 -10 0.00130502
Car -1 -1 -10 1403.331 548.805 1534.943 678.335 -1 -1 -1 -1000 -1000 -1000 -10 0.00111543
Car -1 -1 -10 790.024 625.927 882.912 712.228 -1 -1 -1 -1000 -1000 -1000 -10 0.00101940
