Car -1 -1 -10 788.338 607.556 869.288 674.161 -1 -1 -1 -1000 -1000 -1000 -10 0.99556504
Car -1 -1 -10 0.000 795.217 478.342 1198.862 -1 -1 -1 -1000 -1000 -1000 -10 0.01663114
Car -1 -1 -10 28.754 637.259 303.416 1200.000 -1 -1 -1 -1000 -1000 -1000 -10 0.00268031
Car -1 -1 -10 0.000 871.809 282.843 1200.000 -1 -1 -1 -1000 -1000 -1000 -10 0.00253030
Car -1 -1 -10 0.347 945.969 333.155 1200.000 -1 -1 -1 -1000 -1000 -1000 -10 0.00323800
Car -1 -1 -10 55.124 531.909 205.515 1199.475 -1 -1 -1 -1000 -1000 -1000 -10 0.00224553
Car -1 -1 -10 3.415 1035.258 370.252 1200.000 -1 -1 -1 -1000 -1000 -1000 -10 0.00188484
Car -1 -1 -10 731.125 1113.711 812.136 1200.000 -1 -1 -1 -1000 -1000 -1000 -10 0.00092393
Car -1 -1 -10 1586.473 557.862 1912.186 1200.000 -1 -1 -1 -1000 -1000 -1000 -10 0.00087390
Car -1 -1 -10 0.000 513.425 855.892 1190.349 -1 -1 -1 -1000 -1000 -1000 -10 0.00168967
Car -1 -1 -10 790.966 1128.026 857.382 1200.000 -1 -1 -1 -1000 -1000 -1000 -10 0.00085936
Car -1 -1 -10 588.771 1104.263 833.187 1200.000 -1 -1 -1 -1000 -1000 -1000 -10 0.00080908
Car -1 -1 -10 755.425 580.603 948.876 1176.570 -1 -1 -1 -1000 -1000 -1000 -10 0.00144297
Car -1 -1 -10 670.918 1126.541 737.188 1200.000 -1 -1 -1 -1000 -1000 -1000 -10 0.00079135
Car -1 -1 -10 663.380 672.023 895.718 1198.182 -1 -1 -1 -1000 -1000 -1000 -10 0.00078003
Car -1 -1 -10 745.129 1122.469 784.649 1200.000 -1 -1 -1 -1000 -1000 -1000 -10 0.00076403
Car -1 -1 -10 713.020 1125.781 778.899 1200.000 -1 -1 -1 -1000 -1000 -1000 -10 0.00075395
Car -1 -1 -10 727.021 1157.317 764.993 1200.000 -1 -1 -1 -1000 -1000 -1000 -10 0.00073224
Car -1 -1 -10 712.546 1117.988 793.376 1200.000 -1 -1 -1 -1000 -1000 -1000 -10 0.00071998
Car -1 -1 -10 8.803 684.410 314.420 1066.603 -1 -1 -1 -1000 -1000 -1000 -10 0.00071134
Car -1 -1 -10 840.765 628.857 1008.852 1186.383 -1 -1 -1 -1000 -1000 -1000 -10 0.00070799
Car -1 -1 -10 444.358 685.271 680.590 1198.235 -1 -1 -1 -1000 -1000 -1000 -10 0.00069634
Car -1 -1 -10 105.679 547.934 256.889 1200.000 -1 -1 -1 -1000 -1000 -1000 -10 0.00068512
Car -1 -1 -10 61.107 583.057 247.034 1200.000 -1 -1 -1 -1000 -1000 -1000 -10 0.00068229
Car -1 -1 -10 680.545 1087.925 739.755 1200.000 -1 -1 -1 -1000 -1000 -1000 -10 0.00068196
Car -1 -1 -10 2.842 959.918 211.588 1200.000 -1 -1 -1 -1000 -1000 -1000 -10 0.00067753
Car -1 -1 -10 478.911 1104.485 726.138 1200.000 -1 -1 -1 -1000 -1000 -1000 -10 0.00067127
Car -1 -1 -10 744.894 1142.431 796.356 1200.000 -1 -1 -1 -1000 -1000 -1000 -10 0.00067073
Car -1 -1 -10 472.306 1113.806 553.697 1200.000 -1 -1 -1 -1000 -1000 -1000 -10 0.00066997
Car -1 -1 -10 367.452 1065.727 754.059 1200.000 -1 -1 -1 -1000 -1000 -1000 -10 0.00066843
Car -1 -1 -10 661.135 583.361 853.147 1179.317 -1 -1 -1 -1000 -1000 -1000 -10 0.00064693
Car -1 -1 -10 0.000 616.129 327.558 1139.957 -1 -1 -1 -1000 -1000 -1000 -10 0.00061914
Car -1 -1 -10 526.352 1117.615 607.597 1200.000 -1 -1 -1 -1000 -1000 -1000 -10 0.00060841
