Car -1 -1 -10 439.428 521.447 1722.354 1188.771 -1 -1 -1 -1000 -1000 -1000 -10 0.02973930
Car -1 -1 -10 29.825 493.917 1282.035 1184.631 -1 -1 -1 -1000 -1000 -1000 -10 0.02607922
Car -1 -1 -10 0.000 796.282 461.180 1199.093 -1 -1 -1 -1000 -1000 -1000 -10 0.00667701
Car -1 -1 -10 420.649 629.889 1127.060 1091.189 -1 -1 -1 -1000 -1000 -1000 -10 0.00306074
Car -1 -1 -10 651.807 617.472 1396.397 1106.199 -1 -1 -1 -1000 -1000 -1000 -10 0.00602075
Car -1 -1 -10 418.134 691.260 1168.380 1179.645 -1 -1 -1 -1000 -1000 -1000 -10 0.00268542
Car -1 -1 -10 943.588 291.742 1090.945 1164.981 -1 -1 -1 -1000 -1000 -1000 -10 0.00259478
Car -1 -1 -10 0.000 621.740 296.148 1020.828 -1 -1 -1 -1000 -1000 -1000 -10 0.00262319
Car -1 -1 -10 665.804 122.810 969.426 1174.664 -1 -1 -1 -1000 -1000 -1000 -10 0.00298551
Car -1 -1 -10 856.243 128.439 1156.704 1171.108 -1 -1 -1 -1000 -1000 -1000 -10 0.00369070
Car -1 -1 -10 833.024 328.159 967.448 1098.143 -1 -1 -1 -1000 -1000 -1000 -10 0.00262575
Car -1 -1 -10 312.037 1049.484 742.681 1200.000 -1 -1 -1 -1000 -1000 -1000 -10 0.00355959
Car -1 -1 -10 881.285 338.794 1014.521 1101.596 -1 -1 -1 -1000 -1000 -1000 -10 0.00251278
Car -1 -1 -10 753.232 450.651 1022.381 1200.000 -1 -1 -1 -1000 -1000 -1000 -10 0.00236575
Car -1 -1 -10 421.455 1104.865 670.405 1200.000 -1 -1 -1 -1000 -1000 -1000 -10 0.00241512
Car -1 -1 -10 465.264 644.495 638.557 1191.017 -1 -1 -1 -1000 -1000 -1000 -10 0.00231690
Car -1 -1 -10 601.655 427.777 888.439 1200.000 -1 -1 -1 -1000 -1000 -1000 -10 0.00213468
Car -1 -1 -10 714.145 585.368 843.179 1198.464 -1 -1 -1 -1000 -1000 -1000 -10 0.00223571
Car -1 -1 -10 383.216 830.703 693.624 1199.270 -1 -1 -1 -1000 -1000 -1000 -10 0.00126431
Car -1 -1 -10 3.641 464.743 537.799 1200.000 -1 -1 -1 -1000 -1000 -1000 -10 0.00124520
Car -1 -1 -10 230.991 768.989 990.042 1194.696 -1 -1 -1 -1000 -1000 -1000 -10 0.00224956
Car -1 -1 -10 335.266 1105.521 586.552 1200.000 -1 -1 -1 -1000 -1000 -1000 -10 0.00226577
Car -1 -1 -10 809.382 569.120 939.218 1195.814 -1 -1 -1 -1000 -1000 -1000 -10 0.00114511
Car -1 -1 -10 667.836 607.197 796.565 1192.139 -1 -1 -1 -1000 -1000 -1000 -10 0.00212414
Car -1 -1 -10 459.860 821.127 618.873 1200.000 -1 -1 -1 -1000 -1000 -1000 -10 0.00113275
Car -1 -1 -10 405.895 647.011 578.560 1192.385 -1 -1 -1 -1000 -1000 -1000 -10 0.00111664
Car -1 -1 -10 740.436 605.212 868.733 1192.117 -1 -1 -1 -1000 -1000 -1000 -10 0.00109931
Car -1 -1 -10 523.152 745.036 650.948 1199.741 -1 -1 -1 -1000 -1000 -1000 -10 0.00212477
Car -1 -1 -10 309.403 787.228 666.299 1199.186 -1 -1 -1 -1000 -1000 -1000 -10 0.00201389
Car -1 -1 -10 0.000 797.842 211.397 1192.228 -1 -1 -1 -1000 -1000 -1000 -10 0.00107851
Car -1 -1 -10 728.329 605.865 1076.376 1200.000 -1 -1 -1 -1000 -1000 -1000 -10 0.00107243
Car -1 -1 -10 410.029 793.643 764.875 1200.000 -1 -1 -1 -1000 -1000 -1000 -10 0.00107089
Car -1 -1 -10 734.905 623.371 1172.336 835.451 -1 -1 -1 -1000 -1000 -1000 -10 0.00106547
Car -1 -1 -10 0.000 935.342 324.779 1200.000 -1 -1 -1 -1000 -1000 -1000 -10 0.00105905
Car -1 -1 -10 21.583 562.973 582.841 1168.904 -1 -1 -1 -1000 -1000 -1000 -10 0.00104442
Car -1 -1 -10 645.709 564.147 1151.615 812.692 -1 -1 -1 -1000 -1000 -1000 -10 0.00104327
Car -1 -1 -10 841.630 646.911 1007.710 1200.000 -1 -1 -1 -1000 -1000 -1000 -10 0.00103138
Car -1 -1 -10 537.403 1087.766 595.418 1200.000 -1 -1 -1 -1000 -1000 -1000 -10 0.00101730
Car -1 -1 -10 1489.629 588.387 1920.000 1145.381 -1 -1 -1 -1000 -1000 -1000 -10 0.00190515
Car -1 -1 -10 762.052 606.820 891.379 1188.765 -1 -1 -1 -1000 -1000 -1000 -10 0.00100589
Car -1 -1 -10 538.084 1128.292 606.332 1200.000 -1 -1 -1 -1000 -1000 -1000 -10 0.00100555
Car -1 -1 -10 427.137 744.731 555.113 1200.000 -1 -1 -1 -1000 -1000 -1000 -10 0.00197510
Car -1 -1 -10 474.814 251.850 777.091 1199.721 -1 -1 -1 -1000 -1000 -1000 -10 0.00099591
Car -1 -1 -10 549.583 641.648 722.309 1190.911 -1 -1 -1 -1000 -1000 -1000 -10 0.00192908
Car -1 -1 -10 405.434 744.081 531.719 1200.000 -1 -1 -1 -1000 -1000 -1000 -10 0.00097973
Car -1 -1 -10 780.665 626.340 966.238 1199.267 -1 -1 -1 -1000 -1000 -1000 -10 0.00097708
Car -1 -1 -10 835.784 603.454 964.036 1200.000 -1 -1 -1 -1000 -1000 -1000 -10 0.00182140
Car -1 -1 -10 555.590 805.443 996.844 1049.740 -1 -1 -1 -1000 -1000 -1000 -10 0.00096772
Car -1 -1 -10 272.430 1066.146 679.375 1200.000 -1 -1 -1 -1000 -1000 -1000 -10 0.00096560
Car -1 -1 -10 651.342 6.022 1019.194 372.363 -1 -1 -1 -1000 -1000 -1000 -10 0.00096217
Car -1 -1 -10 362.674 814.466 526.092 1200.000 -1 -1 -1 -1000 -1000 -1000 -10 0.00094875
Car -1 -1 -10 509.530 1105.534 759.352 1200.000 -1 -1 -1 -1000 -1000 -1000 -10 0.00094462
Car -1 -1 -10 366.237 680.026 611.669 1198.943 -1 -1 -1 -1000 -1000 -1000 -10 0.00094069
Car -1 -1 -10 680.204 543.968 828.985 1200.000 -1 -1 -1 -1000 -1000 -1000 -10 0.00093855
Car -1 -1 -10 64.784 338.399 368.111 1200.000 -1 -1 -1 -1000 -1000 -1000 -10 0.00090150
Car -1 -1 -10 453.885 741.055 579.484 1200.000 -1 -1 -1 -1000 -1000 -1000 -10 0.00084032
Car -1 -1 -10 701.733 7.027 985.167 177.575 -1 -1 -1 -1000 -1000 -1000 -10 0.00083139
Car -1 -1 -10 501.538 742.416 627.495 1200.000 -1 -1 -1 -1000 -1000 -1000 -10 0.00081691
