Car -1 -1 -10 626.818 542.227 731.858 631.255 -1 -1 -1 -1000 -1000 -1000 -10 0.99649566
Car -1 -1 -10 478.344 2.830 846.745 374.456 -1 -1 -1 -1000 -1000 -1000 -10 0.00299288
Car -1 -1 -10 631.691 1.938 1000.468 373.146 -1 -1 -1 -1000 -1000 -1000 -10 0.00380951
Car -1 -1 -10 1021.519 653.986 1210.085 1190.442 -1 -1 -1 -1000 -1000 -1000 -10 0.00195516
Car -1 -1 -10 519.101 0.000 1101.336 211.586 -1 -1 -1 -1000 -1000 -1000 -10 0.00370642
Car -1 -1 -10 0.000 805.757 450.400 1199.206 -1 -1 -1 -1000 -1000 -1000 -10 0.00352875
Car -1 -1 -10 822.250 785.525 1401.063 1188.085 -1 -1 -1 -1000 -1000 -1000 -10 0.00104296
Car -1 -1 -10 909.239 791.247 1515.033 1177.867 -1 -1 -1 -1000 -1000 -1000 -10 0.00101023
Car -1 -1 -10 997.614 1043.293 1443.113 1200.000 -1 -1 -1 -1000 -1000 -1000 -10 0.00185497
Car -1 -1 -10 816.780 24.681 1073.850 472.527 -1 -1 -1 -1000 -1000 -1000 -10 0.00093806
Car -1 -1 -10 324.170 3.028 694.449 378.147 -1 -1 -1 -1000 -1000 -1000 -10 0.00090822
Car -1 -1 -10 720.632 37.589 899.358 510.549 -1 -1 -1 -1000 -1000 -1000 -10 0.00321771
Car -1 -1 -10 570.244 37.363 749.941 511.605 -1 -1 -1 -1000 -1000 -1000 -10 0.00247321
Car -1 -1 -10 1573.097 565.806 1920.000 1200.000 -1 -1 -1 -1000 -1000 -1000 -10 0.00088926
Car -1 -1 -10 642.240 37.612 821.868 511.198 -1 -1 -1 -1000 -1000 -1000 -10 0.00235829
Car -1 -1 -10 248.064 0.000 835.101 214.022 -1 -1 -1 -1000 -1000 -1000 -10 0.00085783
Car -1 -1 -10 418.062 0.000 877.430 173.803 -1 -1 -1 -1000 -1000 -1000 -10 0.00154547
Car -1 -1 -10 633.865 390.426 701.555 720.392 -1 -1 -1 -1000 -1000 -1000 -10 0.00083637
Car -1 -1 -10 533.532 0.838 778.615 245.283 -1 -1 -1 -1000 -1000 -1000 -10 0.00082045
Car -1 -1 -10 426.323 36.687 605.431 511.859 -1 -1 -1 -1000 -1000 -1000 -10 0.00150421
Car -1 -1 -10 786.848 38.319 964.761 509.353 -1 -1 -1 -1000 -1000 -1000 -10 0.00219410
Car -1 -1 -10 693.182 1.019 939.204 244.537 -1 -1 -1 -1000 -1000 -1000 -10 0.00155469
Car -1 -1 -10 482.565 37.978 781.091 918.793 -1 -1 -1 -1000 -1000 -1000 -10 0.00217743
Car -1 -1 -10 562.088 33.886 926.678 716.772 -1 -1 -1 -1000 -1000 -1000 -10 0.00151173
Car -1 -1 -10 1467.485 806.162 1920.000 1200.000 -1 -1 -1 -1000 -1000 -1000 -10 0.00223694
Car -1 -1 -10 654.257 391.472 722.776 718.985 -1 -1 -1 -1000 -1000 -1000 -10 0.00073373
Car -1 -1 -10 319.904 4.460 897.921 272.390 -1 -1 -1 -1000 -1000 -1000 -10 0.00073351
Car -1 -1 -10 291.706 0.000 1155.198 319.835 -1 -1 -1 -1000 -1000 -1000 -10 0.00073200
Car -1 -1 -10 498.696 39.043 677.320 510.060 -1 -1 -1 -1000 -1000 -1000 -10 0.00133961
Car -1 -1 -10 860.276 38.015 1036.485 508.223 -1 -1 -1 -1000 -1000 -1000 -10 0.00070519
Car -1 -1 -10 537.234 18.942 789.012 474.435 -1 -1 -1 -1000 -1000 -1000 -10 0.00070411
Car -1 -1 -10 872.554 918.157 1560.826 1200.000 -1 -1 -1 -1000 -1000 -1000 -10 0.00069543
Car -1 -1 -10 789.598 0.000 1113.369 182.760 -1 -1 -1 -1000 -1000 -1000 -10 0.00069457
Car -1 -1 -10 595.045 42.183 896.863 845.746 -1 -1 -1 -1000 -1000 -1000 -10 0.00068528
Car -1 -1 -10 661.586 553.276 689.061 642.553 -1 -1 -1 -1000 -1000 -1000 -10 0.00066435
Car -1 -1 -10 1017.165 739.422 1427.428 1200.000 -1 -1 -1 -1000 -1000 -1000 -10 0.00066296
Car -1 -1 -10 352.730 0.000 674.022 181.055 -1 -1 -1 -1000 -1000 -1000 -10 0.00065993
Car -1 -1 -10 497.854 0.000 818.422 181.107 -1 -1 -1 -1000 -1000 -1000 -10 0.00063539
Car -1 -1 -10 639.123 44.758 940.391 845.301 -1 -1 -1 -1000 -1000 -1000 -10 0.00061943
Car -1 -1 -10 380.763 46.169 675.173 971.401 -1 -1 -1 -1000 -1000 -1000 -10 0.00061727
Car -1 -1 -10 388.843 0.000 900.462 564.752 -1 -1 -1 -1000 -1000 -1000 -10 0.00059345
