Car -1 -1 -10 0.000 797.848 462.493 1197.163 -1 -1 -1 -1000 -1000 -1000 -10 0.01028406
Car -1 -1 -10 0.000 968.527 294.392 1200.000 -1 -1 -1 -1000 -1000 -1000 -10 0.00395503
Car -1 -1 -10 0.000 1007.140 258.862 1200.000 -1 -1 -1 -1000 -1000 -1000 -10 0.00131308
Car -1 -1 -10 844.966 293.988 1432.781 650.997 -1 -1 -1 -1000 -1000 -1000 -10 0.00230099
Car -1 -1 -10 0.032 1108.667 123.712 1200.000 -1 -1 -1 -1000 -1000 -1000 -10 0.00221333
Car -1 -1 -10 0.000 1063.859 195.805 1200.000 -1 -1 -1 -1000 -1000 -1000 -10 0.00109780
Car -1 -1 -10 46.939 633.770 209.535 1191.467 -1 -1 -1 -1000 -1000 -1000 -10 0.00105025
Car -1 -1 -10 87.671 1158.321 124.090 1200.000 -1 -1 -1 -1000 -1000 -1000 -10 0.00102286
Car -1 -1 -10 0.000 1103.927 48.953 1200.000 -1 -1 -1 -1000 -1000 -1000 -10 0.00101075
Car -1 -1 -10 0.000 1065.905 67.082 1200.000 -1 -1 -1 -1000 -1000 -1000 -10 0.00088443
Car -1 -1 -10 1029.447 163.498 1207.014 849.726 -1 -1 -1 -1000 -1000 -1000 -10 0.00087067
Car -1 -1 -10 0.000 1156.413 31.197 1200.000 -1 -1 -1 -1000 -1000 -1000 -10 0.00086823
Car -1 -1 -10 1048.833 413.953 1211.459 513.640 -1 -1 -1 -1000 -1000 -1000 -10 0.00081216
Car -1 -1 -10 81.690 545.128 233.250 1199.482 -1 -1 -1 -1000 -1000 -1000 -10 0.00149029
Car -1 -1 -10 0.000 519.454 826.318 1197.402 -1 -1 -1 -1000 -1000 -1000 -10 0.00071865
Car -1 -1 -10 982.262 380.191 1271.221 544.595 -1 -1 -1 -1000 -1000 -1000 -10 0.00071356
Car -1 -1 -10 966.791 405.161 1260.029 571.927 -1 -1 -1 -1000 -1000 -1000 -10 0.00061698
Car -1 -1 -10 0.000 747.070 319.774 1102.330 -1 -1 -1 -1000 -1000 -1000 -10 0.00059056
