Car -1 -1 -10 552.022 554.992 675.909 648.434 -1 -1 -1 -1000 -1000 -1000 -10 0.99982324
Car -1 -1 -10 800.048 552.744 924.385 652.399 -1 -1 -1 -1000 -1000 -1000 -10 0.99901851
Car -1 -1 -10 1716.604 509.017 1920.000 637.260 -1 -1 -1 -1000 -1000 -1000 -10 0.30189727
Car -1 -1 -10 1731.027 516.008 1895.940 619.495 -1 -1 -1 -1000 -1000 -1000 -10 0.07788949
Car -1 -1 -10 1770.255 503.746 1920.000 656.887 -1 -1 -1 -1000 -1000 -1000 -10 0.00862640
Car -1 -1 -10 1689.730 481.190 1920.000 650.924 -1 -1 -1 -1000 -1000 -1000 -10 0.00662095
Car -1 -1 -10 1801.596 514.502 1920.000 649.430 -1 -1 -1 -1000 -1000 -1000 -10 0.00538937
Car -1 -1 -10 701.873 813.035 1337.661 1195.311 -1 -1 -1 -1000 -1000 -1000 -10 0.01083086
Car -1 -1 -10 1269.825 759.402 1920.000 1200.000 -1 -1 -1 -1000 -1000 -1000 -10 0.00882444
Car -1 -1 -10 1837.815 530.053 1920.000 636.883 -1 -1 -1 -1000 -1000 -1000 -10 0.00758923
Car -1 -1 -10 1836.579 510.813 1920.000 618.280 -1 -1 -1 -1000 -1000 -1000 -10 0.00487005
Car -1 -1 -10 1678.476 520.662 1836.004 613.571 -1 -1 -1 -1000 -1000 -1000 -10 0.00432070
Car -1 -1 -10 1681.085 535.639 1835.008 629.844 -1 -1 -1 -1000 -1000 -1000 -10 0.00377258
Car -1 -1 -10 637.582 7.705 1060.647 252.553 -1 -1 -1 -1000 -1000 -1000 -10 0.00659269
Car -1 -1 -10 1437.803 657.332 1920.000 1200.000 -1 -1 -1 -1000 -1000 -1000 -10 0.00695996
Car -1 -1 -10 5.882 623.477 590.216 1200.000 -1 -1 -1 -1000 -1000 -1000 -10 0.00622237
Car -1 -1 -10 733.610 15.727 970.331 350.316 -1 -1 -1 -1000 -1000 -1000 -10 0.00320973
Car -1 -1 -10 1646.956 459.669 1920.000 785.754 -1 -1 -1 -1000 -1000 -1000 -10 0.00861946
Car -1 -1 -10 1309.703 819.711 1665.550 1195.275 -1 -1 -1 -1000 -1000 -1000 -10 0.00565220
Car -1 -1 -10 753.954 45.527 950.447 709.970 -1 -1 -1 -1000 -1000 -1000 -10 0.00294842
Car -1 -1 -10 790.338 1030.429 1233.526 1200.000 -1 -1 -1 -1000 -1000 -1000 -10 0.00290619
Car -1 -1 -10 621.297 6.359 1068.151 333.619 -1 -1 -1 -1000 -1000 -1000 -10 0.00286467
Car -1 -1 -10 447.684 817.082 1074.988 1190.096 -1 -1 -1 -1000 -1000 -1000 -10 0.00282202
Car -1 -1 -10 1806.386 481.110 1920.000 612.974 -1 -1 -1 -1000 -1000 -1000 -10 0.00265369
Car -1 -1 -10 557.061 5.352 1151.117 281.577 -1 -1 -1 -1000 -1000 -1000 -10 0.00261665
Car -1 -1 -10 832.593 1078.559 1141.680 1200.000 -1 -1 -1 -1000 -1000 -1000 -10 0.00261243
Car -1 -1 -10 786.836 565.416 839.977 619.545 -1 -1 -1 -1000 -1000 -1000 -10 0.00485413
Car -1 -1 -10 1777.033 430.972 1920.000 655.006 -1 -1 -1 -1000 -1000 -1000 -10 0.00255511
Car -1 -1 -10 1520.175 838.240 1838.771 1200.000 -1 -1 -1 -1000 -1000 -1000 -10 0.00476800
Car -1 -1 -10 1688.785 460.036 1920.000 692.403 -1 -1 -1 -1000 -1000 -1000 -10 0.00247106
Car -1 -1 -10 1558.462 539.871 1920.000 1200.000 -1 -1 -1 -1000 -1000 -1000 -10 0.00239344
Car -1 -1 -10 783.603 23.544 907.701 251.341 -1 -1 -1 -1000 -1000 -1000 -10 0.00225838
