Car -1 -1 -10 790.635 567.740 884.734 654.404 -1 -1 -1 -1000 -1000 -1000 -10 0.99911082
Car -1 -1 -10 770.417 578.104 819.941 637.046 -1 -1 -1 -1000 -1000 -1000 -10 0.06999821
Car -1 -1 -10 1408.032 570.645 1920.000 1199.947 -1 -1 -1 -1000 -1000 -1000 -10 0.01322104
Car -1 -1 -10 0.000 789.894 456.685 1197.775 -1 -1 -1 -1000 -1000 -1000 -10 0.00546953
Car -1 -1 -10 0.000 537.807 878.462 1199.459 -1 -1 -1 -1000 -1000 -1000 -10 0.00586743
Car -1 -1 -10 1489.000 555.567 1918.812 898.555 -1 -1 -1 -1000 -1000 -1000 -10 0.00728044
Car -1 -1 -10 0.000 587.460 504.013 1200.000 -1 -1 -1 -1000 -1000 -1000 -10 0.00541166
Car -1 -1 -10 865.846 1159.048 903.052 1200.000 -1 -1 -1 -1000 -1000 -1000 -10 0.00450034
Car -1 -1 -10 1507.633 656.288 1917.507 997.366 -1 -1 -1 -1000 -1000 -1000 -10 0.00241407
Car -1 -1 -10 1555.681 516.715 1920.000 741.096 -1 -1 -1 -1000 -1000 -1000 -10 0.00237693
Car -1 -1 -10 22.393 177.762 1335.702 1200.000 -1 -1 -1 -1000 -1000 -1000 -10 0.00229418
Car -1 -1 -10 74.201 63.364 360.441 1200.000 -1 -1 -1 -1000 -1000 -1000 -10 0.00227254
Car -1 -1 -10 1569.925 705.476 1914.761 952.465 -1 -1 -1 -1000 -1000 -1000 -10 0.00222915
Car -1 -1 -10 1473.486 331.374 1920.000 700.755 -1 -1 -1 -1000 -1000 -1000 -10 0.00220370
Car -1 -1 -10 1655.962 604.583 1920.000 767.212 -1 -1 -1 -1000 -1000 -1000 -10 0.00413237
Car -1 -1 -10 1614.265 755.799 1918.717 1096.772 -1 -1 -1 -1000 -1000 -1000 -10 0.00211783
Car -1 -1 -10 1618.292 670.557 1920.000 978.371 -1 -1 -1 -1000 -1000 -1000 -10 0.00394224
Car -1 -1 -10 1509.906 491.900 1920.000 764.381 -1 -1 -1 -1000 -1000 -1000 -10 0.00206957
Car -1 -1 -10 5.752 550.655 555.900 961.449 -1 -1 -1 -1000 -1000 -1000 -10 0.00204008
Car -1 -1 -10 1664.230 634.744 1909.776 1118.844 -1 -1 -1 -1000 -1000 -1000 -10 0.00202736
Car -1 -1 -10 1500.776 277.768 1920.000 824.740 -1 -1 -1 -1000 -1000 -1000 -10 0.00198479
Car -1 -1 -10 0.373 439.233 523.250 877.254 -1 -1 -1 -1000 -1000 -1000 -10 0.00191231
Car -1 -1 -10 1506.893 514.642 1919.569 848.499 -1 -1 -1 -1000 -1000 -1000 -10 0.00184950
Car -1 -1 -10 1712.529 365.744 1920.000 770.703 -1 -1 -1 -1000 -1000 -1000 -10 0.00180893
