Car -1 -1 -10 320.477 602.444 433.681 678.258 -1 -1 -1 -1000 -1000 -1000 -10 0.99486658
Car -1 -1 -10 0.000 794.401 459.780 1198.504 -1 -1 -1 -1000 -1000 -1000 -10 0.00897656
Car -1 -1 -10 15.610 694.326 250.574 1200.000 -1 -1 -1 -1000 -1000 -1000 -10 0.00513814
Car -1 -1 -10 13.647 607.549 206.629 1193.559 -1 -1 -1 -1000 -1000 -1000 -10 0.00169065
Car -1 -1 -10 0.000 1022.729 269.279 1200.000 -1 -1 -1 -1000 -1000 -1000 -10 0.00293209
Car -1 -1 -10 26.221 1104.711 237.634 1200.000 -1 -1 -1 -1000 -1000 -1000 -10 0.00261804
Car -1 -1 -10 1004.502 603.595 1055.639 653.859 -1 -1 -1 -1000 -1000 -1000 -10 0.00273799
Car -1 -1 -10 16.179 376.980 311.686 1200.000 -1 -1 -1 -1000 -1000 -1000 -10 0.00142665
Car -1 -1 -10 7.175 1060.407 328.447 1200.000 -1 -1 -1 -1000 -1000 -1000 -10 0.00138965
Car -1 -1 -10 0.000 1105.465 91.412 1200.000 -1 -1 -1 -1000 -1000 -1000 -10 0.00138952
Car -1 -1 -10 70.525 825.047 237.080 1200.000 -1 -1 -1 -1000 -1000 -1000 -10 0.00132389
Car -1 -1 -10 0.000 938.917 322.899 1200.000 -1 -1 -1 -1000 -1000 -1000 -10 0.00130397
Car -1 -1 -10 3.529 1104.747 150.657 1200.000 -1 -1 -1 -1000 -1000 -1000 -10 0.00332362
Car -1 -1 -10 666.702 1158.150 705.404 1200.000 -1 -1 -1 -1000 -1000 -1000 -10 0.00119524
Car -1 -1 -10 646.562 1113.017 727.789 1200.000 -1 -1 -1 -1000 -1000 -1000 -10 0.00118020
Car -1 -1 -10 496.564 656.832 681.580 1196.128 -1 -1 -1 -1000 -1000 -1000 -10 0.00117232
Car -1 -1 -10 8.864 1084.624 288.899 1200.000 -1 -1 -1 -1000 -1000 -1000 -10 0.00116566
Car -1 -1 -10 120.679 614.488 285.376 1195.233 -1 -1 -1 -1000 -1000 -1000 -10 0.00204697
Car -1 -1 -10 138.957 748.177 266.457 1200.000 -1 -1 -1 -1000 -1000 -1000 -10 0.00109761
Car -1 -1 -10 0.000 1103.259 49.234 1200.000 -1 -1 -1 -1000 -1000 -1000 -10 0.00109668
Car -1 -1 -10 0.000 1075.485 132.842 1200.000 -1 -1 -1 -1000 -1000 -1000 -10 0.00106101
Car -1 -1 -10 38.650 917.955 190.791 1200.000 -1 -1 -1 -1000 -1000 -1000 -10 0.00105676
Car -1 -1 -10 64.568 1012.444 162.732 1200.000 -1 -1 -1 -1000 -1000 -1000 -10 0.00105046
Car -1 -1 -10 65.799 357.376 363.959 1200.000 -1 -1 -1 -1000 -1000 -1000 -10 0.00102496
Car -1 -1 -10 39.423 929.691 272.984 1200.000 -1 -1 -1 -1000 -1000 -1000 -10 0.00098002
Car -1 -1 -10 442.023 1085.470 757.700 1200.000 -1 -1 -1 -1000 -1000 -1000 -10 0.00097856
Car -1 -1 -10 68.922 745.238 196.295 1200.000 -1 -1 -1 -1000 -1000 -1000 -10 0.00097195
Car -1 -1 -10 76.940 908.655 327.133 1200.000 -1 -1 -1 -1000 -1000 -1000 -10 0.00097115
