Car -1 -1 -10 0.000 795.963 464.769 1198.686 -1 -1 -1 -1000 -1000 -1000 -10 0.01091062
Car -1 -1 -10 14.991 733.536 239.712 1197.097 -1 -1 -1 -1000 -1000 -1000 -10 0.00304014
Car -1 -1 -10 7.766 1032.237 369.982 1200.000 -1 -1 -1 -1000 -1000 -1000 -10 0.00153915
Car -1 -1 -10 0.000 936.254 323.821 1200.000 -1 -1 -1 -1000 -1000 -1000 -10 0.00241927
Car -1 -1 -10 774.068 0.000 1394.111 368.685 -1 -1 -1 -1000 -1000 -1000 -10 0.00137717
Car -1 -1 -10 884.013 0.000 1305.343 305.010 -1 -1 -1 -1000 -1000 -1000 -10 0.00131950
Car -1 -1 -10 623.265 0.000 1505.246 322.993 -1 -1 -1 -1000 -1000 -1000 -10 0.00128545
Car -1 -1 -10 790.437 4.609 1369.003 280.078 -1 -1 -1 -1000 -1000 -1000 -10 0.00252129
Car -1 -1 -10 858.149 36.837 1156.978 956.897 -1 -1 -1 -1000 -1000 -1000 -10 0.00200179
Car -1 -1 -10 751.709 1.623 1257.754 531.791 -1 -1 -1 -1000 -1000 -1000 -10 0.00185935
Car -1 -1 -10 920.842 18.317 1257.797 398.089 -1 -1 -1 -1000 -1000 -1000 -10 0.00101421
Car -1 -1 -10 990.028 28.048 1150.708 457.604 -1 -1 -1 -1000 -1000 -1000 -10 0.00095988
Car -1 -1 -10 995.563 61.008 1144.152 590.533 -1 -1 -1 -1000 -1000 -1000 -10 0.00095965
Car -1 -1 -10 546.536 35.637 728.787 513.129 -1 -1 -1 -1000 -1000 -1000 -10 0.00094567
Car -1 -1 -10 342.930 0.000 931.356 212.759 -1 -1 -1 -1000 -1000 -1000 -10 0.00092996
Car -1 -1 -10 3.144 701.515 277.036 1164.296 -1 -1 -1 -1000 -1000 -1000 -10 0.00091352
Car -1 -1 -10 832.794 7.359 1111.066 389.014 -1 -1 -1 -1000 -1000 -1000 -10 0.00174070
Car -1 -1 -10 923.689 64.843 1071.940 591.623 -1 -1 -1 -1000 -1000 -1000 -10 0.00088189
Car -1 -1 -10 2.271 960.679 210.967 1200.000 -1 -1 -1 -1000 -1000 -1000 -10 0.00087608
Car -1 -1 -10 505.114 1.777 768.090 253.613 -1 -1 -1 -1000 -1000 -1000 -10 0.00086131
Car -1 -1 -10 1045.092 6.438 1411.598 369.711 -1 -1 -1 -1000 -1000 -1000 -10 0.00082150
Car -1 -1 -10 851.781 64.586 999.844 589.551 -1 -1 -1 -1000 -1000 -1000 -10 0.00080679
