Car -1 -1 -10 171.875 6.195 1920.000 1181.020 -1 -1 -1 -1000 -1000 -1000 -10 0.11228353
Car -1 -1 -10 0.000 406.562 1412.192 1195.203 -1 -1 -1 -1000 -1000 -1000 -10 0.11364964
Car -1 -1 -10 533.888 364.969 1920.000 1134.689 -1 -1 -1 -1000 -1000 -1000 -10 0.08532428
Car -1 -1 -10 0.347 130.529 1732.919 1200.000 -1 -1 -1 -1000 -1000 -1000 -10 0.03764234
Car -1 -1 -10 0.000 65.077 766.905 1186.529 -1 -1 -1 -1000 -1000 -1000 -10 0.04644877
Car -1 -1 -10 1063.793 6.519 1920.000 1172.093 -1 -1 -1 -1000 -1000 -1000 -10 0.04571745
Car -1 -1 -10 25.771 138.222 589.965 1175.768 -1 -1 -1 -1000 -1000 -1000 -10 0.02343759
Car -1 -1 -10 148.574 481.899 1148.285 1003.967 -1 -1 -1 -1000 -1000 -1000 -10 0.03591492
Car -1 -1 -10 0.000 0.000 474.076 946.031 -1 -1 -1 -1000 -1000 -1000 -10 0.01531710
Car -1 -1 -10 0.000 480.754 1118.388 1200.000 -1 -1 -1 -1000 -1000 -1000 -10 0.01448985
Car -1 -1 -10 398.240 82.066 1595.509 963.131 -1 -1 -1 -1000 -1000 -1000 -10 0.01434263
Car -1 -1 -10 80.123 71.070 1222.495 958.619 -1 -1 -1 -1000 -1000 -1000 -10 0.02075913
Car -1 -1 -10 425.135 396.426 1485.575 930.275 -1 -1 -1 -1000 -1000 -1000 -10 0.02417326
Car -1 -1 -10 383.252 461.192 1476.924 1018.186 -1 -1 -1 -1000 -1000 -1000 -10 0.01205158
Car -1 -1 -10 0.000 544.920 698.028 985.200 -1 -1 -1 -1000 -1000 -1000 -10 0.02383394
Car -1 -1 -10 948.076 305.263 1915.836 1161.816 -1 -1 -1 -1000 -1000 -1000 -10 0.01139916
Car -1 -1 -10 1415.608 6.556 1919.608 1002.556 -1 -1 -1 -1000 -1000 -1000 -10 0.02109421
Car -1 -1 -10 1196.065 392.571 1919.972 911.881 -1 -1 -1 -1000 -1000 -1000 -10 0.02806645
Car -1 -1 -10 0.000 270.036 472.434 765.171 -1 -1 -1 -1000 -1000 -1000 -10 0.00999216
Car -1 -1 -10 0.000 572.907 666.890 1141.232 -1 -1 -1 -1000 -1000 -1000 -10 0.01906570
Car -1 -1 -10 39.000 9.490 379.437 1096.248 -1 -1 -1 -1000 -1000 -1000 -10 0.00945815
Car -1 -1 -10 252.973 4.851 1450.724 688.066 -1 -1 -1 -1000 -1000 -1000 -10 0.01668921
Car -1 -1 -10 343.275 454.674 967.448 811.444 -1 -1 -1 -1000 -1000 -1000 -10 0.00900164
Car -1 -1 -10 1075.582 0.000 1920.000 677.027 -1 -1 -1 -1000 -1000 -1000 -10 0.01664592
Car -1 -1 -10 586.559 362.128 1286.229 747.861 -1 -1 -1 -1000 -1000 -1000 -10 0.01664252
Car -1 -1 -10 1134.701 450.154 1920.000 1200.000 -1 -1 -1 -1000 -1000 -1000 -10 0.00882647
Car -1 -1 -10 794.596 461.677 1821.022 1017.196 -1 -1 -1 -1000 -1000 -1000 -10 0.01707021
Car -1 -1 -10 67.050 284.545 440.726 662.105 -1 -1 -1 -1000 -1000 -1000 -10 0.00866725
Car -1 -1 -10 0.000 335.473 586.652 760.404 -1 -1 -1 -1000 -1000 -1000 -10 0.00861446
Car -1 -1 -10 460.341 286.047 1374.529 818.204 -1 -1 -1 -1000 -1000 -1000 -10 0.00857956
Car -1 -1 -10 332.902 376.220 1031.747 745.848 -1 -1 -1 -1000 -1000 -1000 -10 0.00821046
Car -1 -1 -10 660.651 148.126 1920.000 893.869 -1 -1 -1 -1000 -1000 -1000 -10 0.00812666
Car -1 -1 -10 651.484 459.966 1612.217 1188.522 -1 -1 -1 -1000 -1000 -1000 -10 0.00802984
Car -1 -1 -10 13.526 39.703 306.539 1200.000 -1 -1 -1 -1000 -1000 -1000 -10 0.01537433
Car -1 -1 -10 1322.917 272.776 1898.624 1200.000 -1 -1 -1 -1000 -1000 -1000 -10 0.00788848
Car -1 -1 -10 0.000 418.308 459.489 738.713 -1 -1 -1 -1000 -1000 -1000 -10 0.00784792
Car -1 -1 -10 1328.912 350.621 1920.000 749.548 -1 -1 -1 -1000 -1000 -1000 -10 0.00772943
Car -1 -1 -10 224.672 528.918 773.925 837.207 -1 -1 -1 -1000 -1000 -1000 -10 0.00771971
Car -1 -1 -10 0.000 455.504 502.517 855.431 -1 -1 -1 -1000 -1000 -1000 -10 0.00766482
Car -1 -1 -10 0.000 375.165 688.935 914.872 -1 -1 -1 -1000 -1000 -1000 -10 0.00762225
Car -1 -1 -10 60.917 0.000 578.566 942.416 -1 -1 -1 -1000 -1000 -1000 -10 0.00761835
Car -1 -1 -10 675.699 463.442 1227.106 785.835 -1 -1 -1 -1000 -1000 -1000 -10 0.00756288
Car -1 -1 -10 126.328 469.242 814.098 850.808 -1 -1 -1 -1000 -1000 -1000 -10 0.00740921
Car -1 -1 -10 538.933 426.435 1315.278 1098.763 -1 -1 -1 -1000 -1000 -1000 -10 0.00739891
Car -1 -1 -10 757.857 21.817 1053.789 1200.000 -1 -1 -1 -1000 -1000 -1000 -10 0.00739588
Car -1 -1 -10 150.696 144.705 494.151 796.083 -1 -1 -1 -1000 -1000 -1000 -10 0.00736606
Car -1 -1 -10 852.339 262.952 1039.400 949.215 -1 -1 -1 -1000 -1000 -1000 -10 0.00735649
Car -1 -1 -10 1109.655 370.074 1794.053 740.810 -1 -1 -1 -1000 -1000 -1000 -10 0.00730943
Car -1 -1 -10 0.000 717.519 609.642 1169.024 -1 -1 -1 -1000 -1000 -1000 -10 0.00689019
Car -1 -1 -10 0.000 644.824 811.062 1200.000 -1 -1 -1 -1000 -1000 -1000 -10 0.00684949
Car -1 -1 -10 136.702 44.903 395.717 1077.243 -1 -1 -1 -1000 -1000 -1000 -10 0.00683965
Car -1 -1 -10 903.680 91.589 1920.000 963.632 -1 -1 -1 -1000 -1000 -1000 -10 0.00678268
Car -1 -1 -10 1591.482 241.853 1920.000 840.364 -1 -1 -1 -1000 -1000 -1000 -10 0.00672290
Car -1 -1 -10 416.594 0.000 1660.210 696.476 -1 -1 -1 -1000 -1000 -1000 -10 0.00670774
Car -1 -1 -10 1.027 540.891 398.261 816.376 -1 -1 -1 -1000 -1000 -1000 -10 0.00666158
