Car -1 -1 -10 154.582 567.622 301.932 661.024 -1 -1 -1 -1000 -1000 -1000 -10 0.99309182
Car -1 -1 -10 1187.742 470.209 1602.413 695.849 -1 -1 -1 -1000 -1000 -1000 -10 0.98741280
Car -1 -1 -10 261.764 560.077 480.023 691.256 -1 -1 -1 -1000 -1000 -1000 -10 0.99800082
Car -1 -1 -10 519.074 443.091 1243.011 1187.438 -1 -1 -1 -1000 -1000 -1000 -10 0.48743477
Car -1 -1 -10 371.216 412.823 1445.370 1181.645 -1 -1 -1 -1000 -1000 -1000 -10 0.08914898
Car -1 -1 -10 74.369 466.607 1066.273 1192.332 -1 -1 -1 -1000 -1000 -1000 -10 0.08022776
Car -1 -1 -10 246.852 408.345 897.537 1175.838 -1 -1 -1 -1000 -1000 -1000 -10 0.06734062
Car -1 -1 -10 235.187 562.700 387.005 667.449 -1 -1 -1 -1000 -1000 -1000 -10 0.03604661
Car -1 -1 -10 498.181 484.095 1196.113 1007.767 -1 -1 -1 -1000 -1000 -1000 -10 0.01677500
Car -1 -1 -10 4.993 581.265 583.304 1198.794 -1 -1 -1 -1000 -1000 -1000 -10 0.01177649
Car -1 -1 -10 942.379 491.311 1266.587 695.953 -1 -1 -1 -1000 -1000 -1000 -10 0.00613199
Car -1 -1 -10 284.907 251.646 584.616 1185.989 -1 -1 -1 -1000 -1000 -1000 -10 0.00493168
