Car -1 -1 -10 194.185 583.736 475.296 747.885 -1 -1 -1 -1000 -1000 -1000 -10 0.99961494
Car -1 -1 -10 943.012 592.592 1051.015 684.936 -1 -1 -1 -1000 -1000 -1000 -10 0.99626340
Car -1 -1 -10 110.628 595.777 380.922 769.100 -1 -1 -1 -1000 -1000 -1000 -10 0.53119335
Car -1 -1 -10 544.473 606.020 606.970 656.972 -1 -1 -1 -1000 -1000 -1000 -10 0.49883319
Car -1 -1 -10 382.835 593.461 497.255 700.043 -1 -1 -1 -1000 -1000 -1000 -10 0.15598672
Car -1 -1 -10 425.351 610.888 501.294 682.447 -1 -1 -1 -1000 -1000 -1000 -10 0.03138686
Car -1 -1 -10 912.756 589.346 1008.199 673.043 -1 -1 -1 -1000 -1000 -1000 -10 0.07022596
Car -1 -1 -10 1606.500 531.658 1857.306 633.061 -1 -1 -1 -1000 -1000 -1000 -10 0.06985959
Car -1 -1 -10 416.765 607.768 504.891 693.261 -1 -1 -1 -1000 -1000 -1000 -10 0.02295514
Car -1 -1 -10 1643.826 541.045 1832.994 628.309 -1 -1 -1 -1000 -1000 -1000 -10 0.01778400
Car -1 -1 -10 769.661 586.101 806.084 627.715 -1 -1 -1 -1000 -1000 -1000 -10 0.03781016
Car -1 -1 -10 0.559 975.433 486.171 1196.817 -1 -1 -1 -1000 -1000 -1000 -10 0.02474679
Car -1 -1 -10 901.165 586.152 991.671 669.491 -1 -1 -1 -1000 -1000 -1000 -10 0.01222916
Car -1 -1 -10 516.513 608.301 574.036 659.711 -1 -1 -1 -1000 -1000 -1000 -10 0.01526006
Car -1 -1 -10 317.357 594.111 480.837 722.407 -1 -1 -1 -1000 -1000 -1000 -10 0.01610119
Car -1 -1 -10 524.679 608.553 588.949 659.401 -1 -1 -1 -1000 -1000 -1000 -10 0.01340974
Car -1 -1 -10 0.000 634.655 446.495 1200.000 -1 -1 -1 -1000 -1000 -1000 -10 0.00449150
