Car -1 -1 -10 1465.368 583.197 1920.000 919.549 -1 -1 -1 -1000 -1000 -1000 -10 0.00685110
Car -1 -1 -10 1467.351 404.617 1914.089 778.080 -1 -1 -1 -1000 -1000 -1000 -10 0.00383724
Car -1 -1 -10 1554.008 438.344 1879.440 1029.243 -1 -1 -1 -1000 -1000 -1000 -10 0.00144897
Car -1 -1 -10 1545.678 630.290 1835.356 795.398 -1 -1 -1 -1000 -1000 -1000 -10 0.00142631
Car -1 -1 -10 1536.719 679.579 1918.090 970.283 -1 -1 -1 -1000 -1000 -1000 -10 0.00245635
Car -1 -1 -10 143.623 507.341 1346.622 1200.000 -1 -1 -1 -1000 -1000 -1000 -10 0.00253501
Car -1 -1 -10 1625.810 664.864 1788.277 763.959 -1 -1 -1 -1000 -1000 -1000 -10 0.00130935
Car -1 -1 -10 1076.452 537.407 1908.356 1200.000 -1 -1 -1 -1000 -1000 -1000 -10 0.00318159
Car -1 -1 -10 1418.414 623.726 1920.000 1200.000 -1 -1 -1 -1000 -1000 -1000 -10 0.00242202
Car -1 -1 -10 1632.772 617.301 1918.888 783.230 -1 -1 -1 -1000 -1000 -1000 -10 0.00200942
Car -1 -1 -10 0.000 800.693 455.108 1198.556 -1 -1 -1 -1000 -1000 -1000 -10 0.00208469
Car -1 -1 -10 1381.960 329.233 1913.914 1000.212 -1 -1 -1 -1000 -1000 -1000 -10 0.00110300
Car -1 -1 -10 1500.112 605.507 1789.660 771.078 -1 -1 -1 -1000 -1000 -1000 -10 0.00173949
Car -1 -1 -10 1390.522 612.189 1820.113 844.074 -1 -1 -1 -1000 -1000 -1000 -10 0.00096157
Car -1 -1 -10 1622.447 518.338 1857.518 942.809 -1 -1 -1 -1000 -1000 -1000 -10 0.00094730
Car -1 -1 -10 1699.069 638.545 1861.305 739.997 -1 -1 -1 -1000 -1000 -1000 -10 0.00165157
Car -1 -1 -10 1585.133 653.074 1920.000 999.052 -1 -1 -1 -1000 -1000 -1000 -10 0.00083796
Car -1 -1 -10 1612.873 442.165 1865.888 916.845 -1 -1 -1 -1000 -1000 -1000 -10 0.00067790
