Car -1 -1 -10 255.471 591.170 465.615 696.667 -1 -1 -1 -1000 -1000 -1000 -10 0.98670878
Car -1 -1 -10 344.933 589.362 519.958 688.351 -1 -1 -1 -1000 -1000 -1000 -10 0.12307725
Car -1 -1 -10 838.319 604.523 951.303 670.310 -1 -1 -1 -1000 -1000 -1000 -10 0.06043738
Car -1 -1 -10 813.100 601.231 954.842 667.897 -1 -1 -1 -1000 -1000 -1000 -10 0.04835485
Car -1 -1 -10 79.405 518.378 1222.256 1186.219 -1 -1 -1 -1000 -1000 -1000 -10 0.01847540
Car -1 -1 -10 717.205 618.730 868.095 691.488 -1 -1 -1 -1000 -1000 -1000 -10 0.01133282
Car -1 -1 -10 748.130 602.278 912.284 672.478 -1 -1 -1 -1000 -1000 -1000 -10 0.00684702
Car -1 -1 -10 739.980 614.114 832.946 671.240 -1 -1 -1 -1000 -1000 -1000 -10 0.00781314
Car -1 -1 -10 862.191 608.560 935.525 658.452 -1 -1 -1 -1000 -1000 -1000 -10 0.00476072
Car -1 -1 -10 1425.029 480.566 1920.000 854.455 -1 -1 -1 -1000 -1000 -1000 -10 0.00607799
Car -1 -1 -10 646.802 1087.385 800.254 1195.887 -1 -1 -1 -1000 -1000 -1000 -10 0.00483647
Car -1 -1 -10 446.275 1097.913 695.924 1200.000 -1 -1 -1 -1000 -1000 -1000 -10 0.00456040
Car -1 -1 -10 419.956 1076.304 689.790 1196.210 -1 -1 -1 -1000 -1000 -1000 -10 0.00215130
Car -1 -1 -10 376.515 1056.177 795.719 1200.000 -1 -1 -1 -1000 -1000 -1000 -10 0.00330283
Car -1 -1 -10 360.583 1103.129 621.554 1200.000 -1 -1 -1 -1000 -1000 -1000 -10 0.00368646
Car -1 -1 -10 522.337 1090.862 678.340 1194.930 -1 -1 -1 -1000 -1000 -1000 -10 0.00187482
Car -1 -1 -10 1367.119 547.880 1912.786 955.116 -1 -1 -1 -1000 -1000 -1000 -10 0.00180398
Car -1 -1 -10 17.459 595.368 211.901 1188.272 -1 -1 -1 -1000 -1000 -1000 -10 0.00590027
Car -1 -1 -10 331.125 450.914 423.975 794.656 -1 -1 -1 -1000 -1000 -1000 -10 0.00405683
Car -1 -1 -10 0.000 797.141 459.169 1198.441 -1 -1 -1 -1000 -1000 -1000 -10 0.00426560
Car -1 -1 -10 489.831 610.539 677.841 1186.172 -1 -1 -1 -1000 -1000 -1000 -10 0.00539982
Car -1 -1 -10 8.989 1105.544 198.922 1200.000 -1 -1 -1 -1000 -1000 -1000 -10 0.00257323
Car -1 -1 -10 1544.201 625.112 1911.194 919.746 -1 -1 -1 -1000 -1000 -1000 -10 0.00148520
Car -1 -1 -10 363.655 1024.516 844.398 1200.000 -1 -1 -1 -1000 -1000 -1000 -10 0.00147040
Car -1 -1 -10 0.000 1024.440 244.069 1200.000 -1 -1 -1 -1000 -1000 -1000 -10 0.00144625
Car -1 -1 -10 543.743 1099.759 645.613 1200.000 -1 -1 -1 -1000 -1000 -1000 -10 0.00142686
Car -1 -1 -10 585.388 1078.680 885.375 1200.000 -1 -1 -1 -1000 -1000 -1000 -10 0.00142026
Car -1 -1 -10 1575.173 562.562 1920.000 1200.000 -1 -1 -1 -1000 -1000 -1000 -10 0.00140144
Car -1 -1 -10 529.778 1055.975 905.398 1200.000 -1 -1 -1 -1000 -1000 -1000 -10 0.00138649
Car -1 -1 -10 1464.644 342.357 1920.000 706.799 -1 -1 -1 -1000 -1000 -1000 -10 0.00137492
Car -1 -1 -10 405.432 644.787 579.890 1192.348 -1 -1 -1 -1000 -1000 -1000 -10 0.00136989
Car -1 -1 -10 0.000 967.819 208.787 1200.000 -1 -1 -1 -1000 -1000 -1000 -10 0.00133333
Car -1 -1 -10 661.873 1104.862 736.879 1182.545 -1 -1 -1 -1000 -1000 -1000 -10 0.00252627
Car -1 -1 -10 750.342 619.583 822.518 669.425 -1 -1 -1 -1000 -1000 -1000 -10 0.00130911
Car -1 -1 -10 295.216 1046.823 753.698 1200.000 -1 -1 -1 -1000 -1000 -1000 -10 0.00127388
Car -1 -1 -10 533.567 830.209 691.025 1199.440 -1 -1 -1 -1000 -1000 -1000 -10 0.00125426
Car -1 -1 -10 1429.817 603.271 1920.000 1200.000 -1 -1 -1 -1000 -1000 -1000 -10 0.00123414
Car -1 -1 -10 551.047 655.554 718.063 1180.708 -1 -1 -1 -1000 -1000 -1000 -10 0.00122592
Car -1 -1 -10 1483.805 162.328 1915.593 973.615 -1 -1 -1 -1000 -1000 -1000 -10 0.00121339
Car -1 -1 -10 526.053 1101.785 702.316 1200.000 -1 -1 -1 -1000 -1000 -1000 -10 0.00120801
Car -1 -1 -10 0.000 940.801 322.203 1200.000 -1 -1 -1 -1000 -1000 -1000 -10 0.00110472
Car -1 -1 -10 598.366 1119.339 679.512 1200.000 -1 -1 -1 -1000 -1000 -1000 -10 0.00107937
Car -1 -1 -10 574.304 749.456 698.535 1200.000 -1 -1 -1 -1000 -1000 -1000 -10 0.00107623
