Car -1 -1 -10 376.832 498.506 1583.503 1199.072 -1 -1 -1 -1000 -1000 -1000 -10 0.00849074
Car -1 -1 -10 57.634 778.490 740.968 1200.000 -1 -1 -1 -1000 -1000 -1000 -10 0.00995837
Car -1 -1 -10 7.676 537.500 853.822 1196.403 -1 -1 -1 -1000 -1000 -1000 -10 0.01283764
Car -1 -1 -10 1053.638 652.603 1227.084 1192.139 -1 -1 -1 -1000 -1000 -1000 -10 0.00332753
Car -1 -1 -10 257.893 1137.721 370.404 1200.000 -1 -1 -1 -1000 -1000 -1000 -10 0.00320020
Car -1 -1 -10 180.849 1083.691 515.503 1200.000 -1 -1 -1 -1000 -1000 -1000 -10 0.00595602
Car -1 -1 -10 1047.813 1092.442 1213.594 1188.113 -1 -1 -1 -1000 -1000 -1000 -10 0.00554328
Car -1 -1 -10 623.903 809.753 987.713 1194.627 -1 -1 -1 -1000 -1000 -1000 -10 0.00532300
Car -1 -1 -10 903.924 1062.570 1310.850 1200.000 -1 -1 -1 -1000 -1000 -1000 -10 0.00518863
Car -1 -1 -10 248.406 750.924 1157.153 1196.486 -1 -1 -1 -1000 -1000 -1000 -10 0.00263807
Car -1 -1 -10 617.732 582.415 749.792 1196.073 -1 -1 -1 -1000 -1000 -1000 -10 0.00460659
Car -1 -1 -10 358.998 788.130 1023.938 1197.420 -1 -1 -1 -1000 -1000 -1000 -10 0.00445063
Car -1 -1 -10 1011.864 1070.284 1176.779 1162.039 -1 -1 -1 -1000 -1000 -1000 -10 0.00462683
Car -1 -1 -10 323.349 1083.585 652.651 1200.000 -1 -1 -1 -1000 -1000 -1000 -10 0.00705035
Car -1 -1 -10 788.401 558.412 919.448 1196.986 -1 -1 -1 -1000 -1000 -1000 -10 0.00245312
Car -1 -1 -10 236.223 1016.791 724.865 1200.000 -1 -1 -1 -1000 -1000 -1000 -10 0.00837326
Car -1 -1 -10 276.440 883.926 571.369 1200.000 -1 -1 -1 -1000 -1000 -1000 -10 0.00235648
Car -1 -1 -10 9.922 908.589 713.984 1200.000 -1 -1 -1 -1000 -1000 -1000 -10 0.00235511
Car -1 -1 -10 257.996 1104.840 437.339 1200.000 -1 -1 -1 -1000 -1000 -1000 -10 0.00450235
Car -1 -1 -10 310.558 1101.850 570.610 1200.000 -1 -1 -1 -1000 -1000 -1000 -10 0.00229191
Car -1 -1 -10 826.175 786.976 1490.072 1200.000 -1 -1 -1 -1000 -1000 -1000 -10 0.00593817
Car -1 -1 -10 284.129 760.517 411.641 1200.000 -1 -1 -1 -1000 -1000 -1000 -10 0.00226940
Car -1 -1 -10 176.203 814.927 521.206 1196.444 -1 -1 -1 -1000 -1000 -1000 -10 0.00551106
Car -1 -1 -10 1253.954 1137.741 1365.699 1200.000 -1 -1 -1 -1000 -1000 -1000 -10 0.00223895
Car -1 -1 -10 773.209 1081.691 1101.190 1200.000 -1 -1 -1 -1000 -1000 -1000 -10 0.00425733
Car -1 -1 -10 331.261 664.311 508.193 1193.704 -1 -1 -1 -1000 -1000 -1000 -10 0.00408909
Car -1 -1 -10 1043.236 670.568 1190.812 1200.000 -1 -1 -1 -1000 -1000 -1000 -10 0.00217134
Car -1 -1 -10 269.322 921.738 413.942 1200.000 -1 -1 -1 -1000 -1000 -1000 -10 0.00216272
Car -1 -1 -10 982.699 663.588 1177.703 1187.418 -1 -1 -1 -1000 -1000 -1000 -10 0.00408104
Car -1 -1 -10 736.659 552.613 867.543 1196.622 -1 -1 -1 -1000 -1000 -1000 -10 0.00215594
Car -1 -1 -10 539.679 1059.104 937.161 1200.000 -1 -1 -1 -1000 -1000 -1000 -10 0.00210771
Car -1 -1 -10 409.492 830.559 572.201 1200.000 -1 -1 -1 -1000 -1000 -1000 -10 0.00209846
Car -1 -1 -10 97.348 728.656 527.845 1200.000 -1 -1 -1 -1000 -1000 -1000 -10 0.00206979
Car -1 -1 -10 636.132 1069.231 799.345 1162.346 -1 -1 -1 -1000 -1000 -1000 -10 0.00206849
Car -1 -1 -10 356.446 759.973 484.802 1200.000 -1 -1 -1 -1000 -1000 -1000 -10 0.00204401
Car -1 -1 -10 0.000 662.663 472.326 1200.000 -1 -1 -1 -1000 -1000 -1000 -10 0.00370532
Car -1 -1 -10 1215.157 1105.494 1472.495 1200.000 -1 -1 -1 -1000 -1000 -1000 -10 0.00403065
Car -1 -1 -10 607.277 1058.549 1020.737 1200.000 -1 -1 -1 -1000 -1000 -1000 -10 0.00202111
Car -1 -1 -10 260.084 677.245 434.719 1193.788 -1 -1 -1 -1000 -1000 -1000 -10 0.00201141
Car -1 -1 -10 1681.778 1157.602 1719.356 1200.000 -1 -1 -1 -1000 -1000 -1000 -10 0.00375824
Car -1 -1 -10 1155.646 1071.293 1319.472 1163.978 -1 -1 -1 -1000 -1000 -1000 -10 0.00195961
Car -1 -1 -10 931.903 602.282 1062.540 1195.859 -1 -1 -1 -1000 -1000 -1000 -10 0.00194754
Car -1 -1 -10 325.862 829.854 658.057 1196.338 -1 -1 -1 -1000 -1000 -1000 -10 0.00576805
Car -1 -1 -10 685.357 937.015 924.539 1200.000 -1 -1 -1 -1000 -1000 -1000 -10 0.00193381
Car -1 -1 -10 269.566 1107.832 525.720 1200.000 -1 -1 -1 -1000 -1000 -1000 -10 0.00375561
Car -1 -1 -10 639.309 1082.351 963.610 1200.000 -1 -1 -1 -1000 -1000 -1000 -10 0.00381769
Car -1 -1 -10 1729.944 1158.967 1766.577 1200.000 -1 -1 -1 -1000 -1000 -1000 -10 0.00344635
Car -1 -1 -10 859.070 558.648 991.250 1196.342 -1 -1 -1 -1000 -1000 -1000 -10 0.00192170
Car -1 -1 -10 274.878 1120.051 355.952 1200.000 -1 -1 -1 -1000 -1000 -1000 -10 0.00192130
Car -1 -1 -10 1141.136 1139.189 1254.400 1200.000 -1 -1 -1 -1000 -1000 -1000 -10 0.00192036
Car -1 -1 -10 268.459 855.256 1114.350 1200.000 -1 -1 -1 -1000 -1000 -1000 -10 0.00190902
Car -1 -1 -10 1287.260 1157.381 1324.680 1200.000 -1 -1 -1 -1000 -1000 -1000 -10 0.00188624
Car -1 -1 -10 401.927 652.292 581.415 1195.279 -1 -1 -1 -1000 -1000 -1000 -10 0.00187125
Car -1 -1 -10 1387.503 1158.195 1424.415 1200.000 -1 -1 -1 -1000 -1000 -1000 -10 0.00186266
Car -1 -1 -10 380.140 750.280 506.738 1200.000 -1 -1 -1 -1000 -1000 -1000 -10 0.00185951
Car -1 -1 -10 1117.488 1070.666 1277.671 1161.449 -1 -1 -1 -1000 -1000 -1000 -10 0.00182729
Car -1 -1 -10 723.199 830.505 886.461 1200.000 -1 -1 -1 -1000 -1000 -1000 -10 0.00181845
Car -1 -1 -10 334.290 1091.030 500.980 1191.035 -1 -1 -1 -1000 -1000 -1000 -10 0.00178465
Car -1 -1 -10 142.373 511.374 1327.366 1200.000 -1 -1 -1 -1000 -1000 -1000 -10 0.00335288
Car -1 -1 -10 199.662 920.003 451.570 1200.000 -1 -1 -1 -1000 -1000 -1000 -10 0.00176632
Car -1 -1 -10 289.210 1143.154 341.303 1200.000 -1 -1 -1 -1000 -1000 -1000 -10 0.00175575
Car -1 -1 -10 399.329 772.029 589.972 1199.390 -1 -1 -1 -1000 -1000 -1000 -10 0.00175557
Car -1 -1 -10 682.320 1102.075 944.223 1200.000 -1 -1 -1 -1000 -1000 -1000 -10 0.00174261
Car -1 -1 -10 664.689 602.856 796.204 1197.102 -1 -1 -1 -1000 -1000 -1000 -10 0.00172458
Car -1 -1 -10 561.466 727.082 1244.529 1163.978 -1 -1 -1 -1000 -1000 -1000 -10 0.00171652
Car -1 -1 -10 447.975 851.807 895.409 1098.401 -1 -1 -1 -1000 -1000 -1000 -10 0.00161868
Car -1 -1 -10 817.381 936.963 1441.868 1200.000 -1 -1 -1 -1000 -1000 -1000 -10 0.00161195
Car -1 -1 -10 331.978 747.699 459.155 1200.000 -1 -1 -1 -1000 -1000 -1000 -10 0.00156087
Car -1 -1 -10 482.291 832.342 643.708 1200.000 -1 -1 -1 -1000 -1000 -1000 -10 0.00154338
