Car -1 -1 -10 0.000 795.620 457.301 1198.522 -1 -1 -1 -1000 -1000 -1000 -10 0.00707178
Car -1 -1 -10 967.503 512.267 1373.077 1200.000 -1 -1 -1 -1000 -1000 -1000 -10 0.00287428
Car -1 -1 -10 580.510 508.351 1614.577 1178.690 -1 -1 -1 -1000 -1000 -1000 -10 0.00300628
Car -1 -1 -10 766.127 675.167 1274.928 1200.000 -1 -1 -1 -1000 -1000 -1000 -10 0.00111454
Car -1 -1 -10 1577.159 579.668 1920.000 1200.000 -1 -1 -1 -1000 -1000 -1000 -10 0.00180767
Car -1 -1 -10 0.000 935.201 321.569 1200.000 -1 -1 -1 -1000 -1000 -1000 -10 0.00254409
Car -1 -1 -10 15.537 577.560 557.755 1148.996 -1 -1 -1 -1000 -1000 -1000 -10 0.00099017
Car -1 -1 -10 0.000 558.641 451.270 894.128 -1 -1 -1 -1000 -1000 -1000 -10 0.00093586
Car -1 -1 -10 707.799 799.899 1520.073 1200.000 -1 -1 -1 -1000 -1000 -1000 -10 0.00089449
Car -1 -1 -10 44.050 621.409 209.273 1188.978 -1 -1 -1 -1000 -1000 -1000 -10 0.00085427
Car -1 -1 -10 1474.717 806.792 1920.000 1200.000 -1 -1 -1 -1000 -1000 -1000 -10 0.00152761
Car -1 -1 -10 66.292 575.561 194.372 1200.000 -1 -1 -1 -1000 -1000 -1000 -10 0.00077836
Car -1 -1 -10 4.551 586.261 331.557 1121.711 -1 -1 -1 -1000 -1000 -1000 -10 0.00075877
Car -1 -1 -10 867.430 761.452 1555.247 1192.132 -1 -1 -1 -1000 -1000 -1000 -10 0.00069646
Car -1 -1 -10 856.562 247.511 1160.715 1198.248 -1 -1 -1 -1000 -1000 -1000 -10 0.00065218
Car -1 -1 -10 0.000 711.820 287.178 1131.635 -1 -1 -1 -1000 -1000 -1000 -10 0.00063928
