Car -1 -1 -10 1053.263 564.296 1164.326 660.361 -1 -1 -1 -1000 -1000 -1000 -10 0.99945240
Car -1 -1 -10 0.000 805.291 472.716 1200.000 -1 -1 -1 -1000 -1000 -1000 -10 0.00993111
Car -1 -1 -10 0.000 798.121 653.495 1200.000 -1 -1 -1 -1000 -1000 -1000 -10 0.00796287
Car -1 -1 -10 0.000 565.583 374.011 1200.000 -1 -1 -1 -1000 -1000 -1000 -10 0.00516156
Car -1 -1 -10 1030.627 562.402 1125.071 649.674 -1 -1 -1 -1000 -1000 -1000 -10 0.00471421
Car -1 -1 -10 45.096 840.785 363.725 1198.189 -1 -1 -1 -1000 -1000 -1000 -10 0.00493396
Car -1 -1 -10 3.252 1038.694 417.356 1200.000 -1 -1 -1 -1000 -1000 -1000 -10 0.00614812
Car -1 -1 -10 14.097 981.102 513.572 1200.000 -1 -1 -1 -1000 -1000 -1000 -10 0.00207765
Car -1 -1 -10 206.855 776.872 395.830 1198.619 -1 -1 -1 -1000 -1000 -1000 -10 0.00207582
Car -1 -1 -10 176.464 662.680 449.894 1200.000 -1 -1 -1 -1000 -1000 -1000 -10 0.00205829
Car -1 -1 -10 128.271 642.412 278.423 1200.000 -1 -1 -1 -1000 -1000 -1000 -10 0.00204802
Car -1 -1 -10 123.089 953.813 523.962 1200.000 -1 -1 -1 -1000 -1000 -1000 -10 0.00197658
Car -1 -1 -10 24.079 729.902 239.107 1197.672 -1 -1 -1 -1000 -1000 -1000 -10 0.00190218
Car -1 -1 -10 106.407 778.967 297.257 1200.000 -1 -1 -1 -1000 -1000 -1000 -10 0.00375310
Car -1 -1 -10 21.027 399.515 308.159 1200.000 -1 -1 -1 -1000 -1000 -1000 -10 0.00179063
