Car -1 -1 -10 660.583 620.144 721.190 669.585 -1 -1 -1 -1000 -1000 -1000 -10 0.11273689
Car -1 -1 -10 487.314 627.910 530.959 671.532 -1 -1 -1 -1000 -1000 -1000 -10 0.07278524
Car -1 -1 -10 1025.594 535.224 1906.263 1200.000 -1 -1 -1 -1000 -1000 -1000 -10 0.00685760
Car -1 -1 -10 0.000 797.181 456.648 1199.171 -1 -1 -1 -1000 -1000 -1000 -10 0.00929051
Car -1 -1 -10 1525.396 674.359 1918.610 970.504 -1 -1 -1 -1000 -1000 -1000 -10 0.00376865
Car -1 -1 -10 1302.898 550.679 1919.623 962.610 -1 -1 -1 -1000 -1000 -1000 -10 0.00512132
Car -1 -1 -10 1570.874 619.994 1914.001 1036.945 -1 -1 -1 -1000 -1000 -1000 -10 0.00203568
Car -1 -1 -10 1463.469 796.663 1920.000 1200.000 -1 -1 -1 -1000 -1000 -1000 -10 0.00354193
Car -1 -1 -10 0.931 927.350 234.860 1200.000 -1 -1 -1 -1000 -1000 -1000 -10 0.00185105
Car -1 -1 -10 1404.689 565.469 1830.321 979.855 -1 -1 -1 -1000 -1000 -1000 -10 0.00178620
Car -1 -1 -10 0.000 1021.068 245.108 1200.000 -1 -1 -1 -1000 -1000 -1000 -10 0.00168774
Car -1 -1 -10 1576.131 569.585 1920.000 1200.000 -1 -1 -1 -1000 -1000 -1000 -10 0.00164081
Car -1 -1 -10 13.137 1104.921 239.519 1200.000 -1 -1 -1 -1000 -1000 -1000 -10 0.00149289
Car -1 -1 -10 487.950 1156.996 526.623 1200.000 -1 -1 -1 -1000 -1000 -1000 -10 0.00274915
Car -1 -1 -10 0.000 1108.860 123.708 1200.000 -1 -1 -1 -1000 -1000 -1000 -10 0.00144457
Car -1 -1 -10 1434.185 605.380 1920.000 1200.000 -1 -1 -1 -1000 -1000 -1000 -10 0.00141887
Car -1 -1 -10 0.000 955.599 306.183 1200.000 -1 -1 -1 -1000 -1000 -1000 -10 0.00257002
Car -1 -1 -10 473.261 1130.625 541.030 1200.000 -1 -1 -1 -1000 -1000 -1000 -10 0.00119832
Car -1 -1 -10 224.440 578.920 422.311 1183.582 -1 -1 -1 -1000 -1000 -1000 -10 0.00117884
Car -1 -1 -10 478.466 1089.528 536.594 1200.000 -1 -1 -1 -1000 -1000 -1000 -10 0.00112563
Car -1 -1 -10 1391.115 639.736 1859.921 919.345 -1 -1 -1 -1000 -1000 -1000 -10 0.00108468
Car -1 -1 -10 67.789 581.256 195.012 1200.000 -1 -1 -1 -1000 -1000 -1000 -10 0.00102949
