Car -1 -1 -10 909.420 530.029 1099.901 710.152 -1 -1 -1 -1000 -1000 -1000 -10 0.99983765
Car -1 -1 -10 10.444 580.689 255.958 750.093 -1 -1 -1 -1000 -1000 -1000 -10 0.96864757
Car -1 -1 -10 1305.287 531.574 1595.017 789.885 -1 -1 -1 -1000 -1000 -1000 -10 0.60674437
Car -1 -1 -10 1072.761 571.648 1155.448 642.086 -1 -1 -1 -1000 -1000 -1000 -10 0.75977583
Car -1 -1 -10 551.151 573.200 631.976 641.865 -1 -1 -1 -1000 -1000 -1000 -10 0.13390368
Car -1 -1 -10 600.104 568.315 674.939 640.107 -1 -1 -1 -1000 -1000 -1000 -10 0.01718104
Car -1 -1 -10 785.567 891.389 1304.287 1199.906 -1 -1 -1 -1000 -1000 -1000 -10 0.00352544
Car -1 -1 -10 874.769 827.422 1215.716 1194.526 -1 -1 -1 -1000 -1000 -1000 -10 0.00544601
Car -1 -1 -10 911.291 1033.435 1189.326 1193.905 -1 -1 -1 -1000 -1000 -1000 -10 0.00552845
Car -1 -1 -10 1121.781 771.745 1807.549 1200.000 -1 -1 -1 -1000 -1000 -1000 -10 0.00291336
Car -1 -1 -10 822.832 1028.595 1250.461 1200.000 -1 -1 -1 -1000 -1000 -1000 -10 0.00266403
Car -1 -1 -10 556.290 565.188 657.931 643.502 -1 -1 -1 -1000 -1000 -1000 -10 0.00253633
