Car -1 -1 -10 1731.828 560.459 1919.796 695.022 -1 -1 -1 -1000 -1000 -1000 -10 0.75736116
Car -1 -1 -10 605.453 562.002 891.516 853.488 -1 -1 -1 -1000 -1000 -1000 -10 0.80958293
Car -1 -1 -10 1624.108 575.432 1871.185 698.636 -1 -1 -1 -1000 -1000 -1000 -10 0.14692206
Car -1 -1 -10 0.000 185.311 784.299 1200.000 -1 -1 -1 -1000 -1000 -1000 -10 0.03092045
Car -1 -1 -10 169.273 325.316 702.273 1186.024 -1 -1 -1 -1000 -1000 -1000 -10 0.01047557
Car -1 -1 -10 381.359 240.629 688.579 1182.978 -1 -1 -1 -1000 -1000 -1000 -10 0.01602886
Car -1 -1 -10 0.000 547.392 612.898 1197.623 -1 -1 -1 -1000 -1000 -1000 -10 0.01907561
Car -1 -1 -10 334.050 353.344 712.486 1179.266 -1 -1 -1 -1000 -1000 -1000 -10 0.00499219
Car -1 -1 -10 1830.722 554.202 1920.000 692.057 -1 -1 -1 -1000 -1000 -1000 -10 0.00851993
Car -1 -1 -10 936.820 604.912 1003.539 665.706 -1 -1 -1 -1000 -1000 -1000 -10 0.00705880
Car -1 -1 -10 0.000 783.752 474.680 1199.812 -1 -1 -1 -1000 -1000 -1000 -10 0.00691815
Car -1 -1 -10 77.315 55.058 394.081 1173.374 -1 -1 -1 -1000 -1000 -1000 -10 0.00342909
