Car -1 -1 -10 225.052 574.382 582.289 1198.315 -1 -1 -1 -1000 -1000 -1000 -10 0.01361141
Car -1 -1 -10 0.000 546.044 780.057 1183.005 -1 -1 -1 -1000 -1000 -1000 -10 0.00924302
Car -1 -1 -10 1466.533 559.420 1899.937 962.692 -1 -1 -1 -1000 -1000 -1000 -10 0.01197123
Car -1 -1 -10 10.937 553.008 503.322 1198.273 -1 -1 -1 -1000 -1000 -1000 -10 0.00716970
Car -1 -1 -10 1658.936 605.480 1920.000 937.985 -1 -1 -1 -1000 -1000 -1000 -10 0.00202061
Car -1 -1 -10 1506.951 473.465 1737.582 907.976 -1 -1 -1 -1000 -1000 -1000 -10 0.00354762
Car -1 -1 -10 1683.093 702.404 1918.029 879.148 -1 -1 -1 -1000 -1000 -1000 -10 0.00346466
Car -1 -1 -10 1578.543 0.000 1920.000 281.022 -1 -1 -1 -1000 -1000 -1000 -10 0.00181401
Car -1 -1 -10 1585.464 631.063 1911.851 1178.899 -1 -1 -1 -1000 -1000 -1000 -10 0.00179568
Car -1 -1 -10 1519.124 500.546 1685.618 672.076 -1 -1 -1 -1000 -1000 -1000 -10 0.00175767
Car -1 -1 -10 1642.635 663.845 1920.000 899.825 -1 -1 -1 -1000 -1000 -1000 -10 0.00173383
Car -1 -1 -10 180.495 681.450 655.834 1200.000 -1 -1 -1 -1000 -1000 -1000 -10 0.00171094
Car -1 -1 -10 1522.149 416.913 1906.740 731.271 -1 -1 -1 -1000 -1000 -1000 -10 0.00161537
Car -1 -1 -10 1739.912 724.367 1875.222 851.524 -1 -1 -1 -1000 -1000 -1000 -10 0.00153896
Car -1 -1 -10 1706.761 575.096 1920.000 973.710 -1 -1 -1 -1000 -1000 -1000 -10 0.00135460
