Car -1 -1 -10 722.056 589.973 908.826 736.248 -1 -1 -1 -1000 -1000 -1000 -10 0.99959205
Car -1 -1 -10 585.901 582.639 683.801 675.021 -1 -1 -1 -1000 -1000 -1000 -10 0.99978399
Car -1 -1 -10 672.187 598.265 725.224 645.725 -1 -1 -1 -1000 -1000 -1000 -10 0.19096799
Car -1 -1 -10 713.681 588.200 825.184 700.528 -1 -1 -1 -1000 -1000 -1000 -10 0.01306748
Car -1 -1 -10 710.110 1157.838 746.885 1200.000 -1 -1 -1 -1000 -1000 -1000 -10 0.00822162
Car -1 -1 -10 651.311 1127.273 716.918 1200.000 -1 -1 -1 -1000 -1000 -1000 -10 0.00369944
Car -1 -1 -10 524.960 1158.544 561.818 1200.000 -1 -1 -1 -1000 -1000 -1000 -10 0.00372036
Car -1 -1 -10 0.000 796.832 458.189 1198.540 -1 -1 -1 -1000 -1000 -1000 -10 0.00732160
Car -1 -1 -10 0.000 997.735 271.265 1200.000 -1 -1 -1 -1000 -1000 -1000 -10 0.00601465
Car -1 -1 -10 562.401 1064.703 674.321 1171.930 -1 -1 -1 -1000 -1000 -1000 -10 0.00323418
Car -1 -1 -10 689.192 1115.825 768.289 1200.000 -1 -1 -1 -1000 -1000 -1000 -10 0.00345045
Car -1 -1 -10 728.265 594.411 803.839 668.784 -1 -1 -1 -1000 -1000 -1000 -10 0.00432290
Car -1 -1 -10 667.130 1157.071 705.652 1200.000 -1 -1 -1 -1000 -1000 -1000 -10 0.00333939
Car -1 -1 -10 0.000 1105.587 90.289 1200.000 -1 -1 -1 -1000 -1000 -1000 -10 0.00321933
Car -1 -1 -10 486.816 1138.961 597.501 1200.000 -1 -1 -1 -1000 -1000 -1000 -10 0.00169885
Car -1 -1 -10 1580.384 454.384 1920.000 787.515 -1 -1 -1 -1000 -1000 -1000 -10 0.00288716
Car -1 -1 -10 596.846 1100.239 715.219 1199.955 -1 -1 -1 -1000 -1000 -1000 -10 0.00166446
Car -1 -1 -10 540.123 1099.197 654.584 1200.000 -1 -1 -1 -1000 -1000 -1000 -10 0.00165546
Car -1 -1 -10 809.167 590.029 920.146 695.466 -1 -1 -1 -1000 -1000 -1000 -10 0.00163642
Car -1 -1 -10 33.561 1158.666 70.159 1200.000 -1 -1 -1 -1000 -1000 -1000 -10 0.00162416
Car -1 -1 -10 467.729 1059.458 845.205 1200.000 -1 -1 -1 -1000 -1000 -1000 -10 0.00158891
Car -1 -1 -10 1609.437 296.767 1920.000 703.271 -1 -1 -1 -1000 -1000 -1000 -10 0.00424979
Car -1 -1 -10 466.821 1083.611 780.432 1200.000 -1 -1 -1 -1000 -1000 -1000 -10 0.00297926
Car -1 -1 -10 554.138 1156.109 592.296 1200.000 -1 -1 -1 -1000 -1000 -1000 -10 0.00292940
Car -1 -1 -10 539.755 1125.890 610.862 1200.000 -1 -1 -1 -1000 -1000 -1000 -10 0.00384178
Car -1 -1 -10 715.203 1120.657 754.121 1200.000 -1 -1 -1 -1000 -1000 -1000 -10 0.00149755
Car -1 -1 -10 0.000 1062.367 198.757 1200.000 -1 -1 -1 -1000 -1000 -1000 -10 0.00255746
Car -1 -1 -10 399.796 1039.424 835.541 1200.000 -1 -1 -1 -1000 -1000 -1000 -10 0.00148441
Car -1 -1 -10 567.306 1096.614 736.223 1196.758 -1 -1 -1 -1000 -1000 -1000 -10 0.00276955
Car -1 -1 -10 637.793 1156.234 676.965 1200.000 -1 -1 -1 -1000 -1000 -1000 -10 0.00143998
Car -1 -1 -10 1419.516 597.086 1920.000 1200.000 -1 -1 -1 -1000 -1000 -1000 -10 0.00282677
Car -1 -1 -10 494.738 1057.395 718.430 1193.996 -1 -1 -1 -1000 -1000 -1000 -10 0.00140561
Car -1 -1 -10 789.033 588.417 907.572 696.591 -1 -1 -1 -1000 -1000 -1000 -10 0.00137773
Car -1 -1 -10 506.157 1102.510 678.717 1200.000 -1 -1 -1 -1000 -1000 -1000 -10 0.00136929
Car -1 -1 -10 540.995 694.696 773.084 1198.185 -1 -1 -1 -1000 -1000 -1000 -10 0.00135911
Car -1 -1 -10 535.966 1123.147 574.389 1200.000 -1 -1 -1 -1000 -1000 -1000 -10 0.00133653
Car -1 -1 -10 0.000 1082.777 165.082 1200.000 -1 -1 -1 -1000 -1000 -1000 -10 0.00129121
Car -1 -1 -10 542.280 1142.416 593.415 1200.000 -1 -1 -1 -1000 -1000 -1000 -10 0.00128681
Car -1 -1 -10 647.316 1119.307 726.685 1200.000 -1 -1 -1 -1000 -1000 -1000 -10 0.00127157
Car -1 -1 -10 43.796 1158.700 80.480 1200.000 -1 -1 -1 -1000 -1000 -1000 -10 0.00126942
Car -1 -1 -10 697.639 1124.191 736.381 1200.000 -1 -1 -1 -1000 -1000 -1000 -10 0.00239436
Car -1 -1 -10 559.838 1104.921 636.634 1181.923 -1 -1 -1 -1000 -1000 -1000 -10 0.00123295
Car -1 -1 -10 616.217 1127.700 683.200 1200.000 -1 -1 -1 -1000 -1000 -1000 -10 0.00122321
Car -1 -1 -10 602.021 1081.003 662.738 1200.000 -1 -1 -1 -1000 -1000 -1000 -10 0.00118934
Car -1 -1 -10 0.000 1109.831 124.763 1200.000 -1 -1 -1 -1000 -1000 -1000 -10 0.00118932
Car -1 -1 -10 502.872 1122.641 583.563 1200.000 -1 -1 -1 -1000 -1000 -1000 -10 0.00117040
Car -1 -1 -10 516.889 1157.663 555.519 1200.000 -1 -1 -1 -1000 -1000 -1000 -10 0.00115299
Car -1 -1 -10 550.385 1088.609 608.596 1200.000 -1 -1 -1 -1000 -1000 -1000 -10 0.00115025
Car -1 -1 -10 625.612 1143.203 677.243 1200.000 -1 -1 -1 -1000 -1000 -1000 -10 0.00115021
Car -1 -1 -10 673.340 1124.253 712.109 1200.000 -1 -1 -1 -1000 -1000 -1000 -10 0.00105448
