Car -1 -1 -10 306.511 579.871 445.718 669.244 -1 -1 -1 -1000 -1000 -1000 -10 0.99714111
Car -1 -1 -10 1798.319 506.369 1919.978 650.232 -1 -1 -1 -1000 -1000 -1000 -10 0.03856571
Car -1 -1 -10 156.168 956.707 694.274 1199.720 -1 -1 -1 -1000 -1000 -1000 -10 0.01025312
Car -1 -1 -10 1730.431 496.287 1915.105 632.770 -1 -1 -1 -1000 -1000 -1000 -10 0.00413207
Car -1 -1 -10 1720.754 468.803 1916.623 674.694 -1 -1 -1 -1000 -1000 -1000 -10 0.00609003
Car -1 -1 -10 677.887 570.535 737.449 621.532 -1 -1 -1 -1000 -1000 -1000 -10 0.00621567
Car -1 -1 -10 3.771 648.008 492.141 1199.763 -1 -1 -1 -1000 -1000 -1000 -10 0.00558539
Car -1 -1 -10 1474.471 642.795 1920.000 1200.000 -1 -1 -1 -1000 -1000 -1000 -10 0.00299773
Car -1 -1 -10 314.358 929.478 578.205 1200.000 -1 -1 -1 -1000 -1000 -1000 -10 0.00283711
Car -1 -1 -10 0.000 868.625 851.014 1200.000 -1 -1 -1 -1000 -1000 -1000 -10 0.00282736
Car -1 -1 -10 1455.900 796.015 1920.000 1200.000 -1 -1 -1 -1000 -1000 -1000 -10 0.00789789
Car -1 -1 -10 0.000 794.526 467.848 1200.000 -1 -1 -1 -1000 -1000 -1000 -10 0.00493847
Car -1 -1 -10 813.800 1036.540 1259.222 1200.000 -1 -1 -1 -1000 -1000 -1000 -10 0.00224620
Car -1 -1 -10 1787.980 431.898 1920.000 693.184 -1 -1 -1 -1000 -1000 -1000 -10 0.00221044
Car -1 -1 -10 196.646 885.528 506.340 1200.000 -1 -1 -1 -1000 -1000 -1000 -10 0.00218318
Car -1 -1 -10 679.342 1157.845 716.063 1200.000 -1 -1 -1 -1000 -1000 -1000 -10 0.00216916
Car -1 -1 -10 351.847 812.083 540.430 1200.000 -1 -1 -1 -1000 -1000 -1000 -10 0.00215873
Car -1 -1 -10 1003.062 1086.690 1114.438 1200.000 -1 -1 -1 -1000 -1000 -1000 -10 0.00211576
Car -1 -1 -10 1696.208 447.798 1920.000 702.307 -1 -1 -1 -1000 -1000 -1000 -10 0.00204064
Car -1 -1 -10 199.662 817.747 454.411 1191.823 -1 -1 -1 -1000 -1000 -1000 -10 0.00197811
Car -1 -1 -10 879.066 824.428 1217.394 1195.315 -1 -1 -1 -1000 -1000 -1000 -10 0.00196944
Car -1 -1 -10 151.317 997.782 475.667 1199.659 -1 -1 -1 -1000 -1000 -1000 -10 0.00368928
Car -1 -1 -10 1841.600 529.604 1920.000 640.461 -1 -1 -1 -1000 -1000 -1000 -10 0.00362752
Car -1 -1 -10 645.035 1083.625 704.678 1200.000 -1 -1 -1 -1000 -1000 -1000 -10 0.00182545
Car -1 -1 -10 963.567 1088.291 1129.503 1189.312 -1 -1 -1 -1000 -1000 -1000 -10 0.00180788
Car -1 -1 -10 801.836 493.854 1920.000 1182.665 -1 -1 -1 -1000 -1000 -1000 -10 0.00178385
Car -1 -1 -10 943.863 1083.214 1263.664 1200.000 -1 -1 -1 -1000 -1000 -1000 -10 0.00178031
Car -1 -1 -10 95.204 647.050 267.254 1191.313 -1 -1 -1 -1000 -1000 -1000 -10 0.00175134
Car -1 -1 -10 277.213 854.824 600.831 1198.611 -1 -1 -1 -1000 -1000 -1000 -10 0.00175087
Car -1 -1 -10 195.699 749.376 410.102 1198.953 -1 -1 -1 -1000 -1000 -1000 -10 0.00174376
Car -1 -1 -10 1634.514 448.771 1920.000 804.396 -1 -1 -1 -1000 -1000 -1000 -10 0.00172700
Car -1 -1 -10 35.212 680.792 275.069 1199.610 -1 -1 -1 -1000 -1000 -1000 -10 0.00158796
Car -1 -1 -10 666.725 1087.393 826.479 1193.043 -1 -1 -1 -1000 -1000 -1000 -10 0.00158414
