Car -1 -1 -10 1332.689 642.358 1916.566 1060.708 -1 -1 -1 -1000 -1000 -1000 -10 0.02125584
Car -1 -1 -10 0.000 530.061 1137.019 1200.000 -1 -1 -1 -1000 -1000 -1000 -10 0.01211249
Car -1 -1 -10 0.000 784.229 722.644 1198.465 -1 -1 -1 -1000 -1000 -1000 -10 0.01242350
Car -1 -1 -10 0.000 551.728 868.187 1197.248 -1 -1 -1 -1000 -1000 -1000 -10 0.00682180
Car -1 -1 -10 1334.958 712.331 1801.905 943.493 -1 -1 -1 -1000 -1000 -1000 -10 0.00822002
Car -1 -1 -10 86.884 553.204 226.893 1200.000 -1 -1 -1 -1000 -1000 -1000 -10 0.00647634
Car -1 -1 -10 482.432 693.430 521.461 752.983 -1 -1 -1 -1000 -1000 -1000 -10 0.00259470
Car -1 -1 -10 0.000 703.364 611.129 1193.295 -1 -1 -1 -1000 -1000 -1000 -10 0.00255313
Car -1 -1 -10 1354.927 606.855 1849.427 868.193 -1 -1 -1 -1000 -1000 -1000 -10 0.00238643
Car -1 -1 -10 1458.696 654.775 1760.142 818.665 -1 -1 -1 -1000 -1000 -1000 -10 0.00378418
Car -1 -1 -10 1300.209 447.722 1918.529 887.543 -1 -1 -1 -1000 -1000 -1000 -10 0.00420498
Car -1 -1 -10 999.070 534.418 1920.000 1173.794 -1 -1 -1 -1000 -1000 -1000 -10 0.00355238
Car -1 -1 -10 0.000 686.633 453.768 1068.300 -1 -1 -1 -1000 -1000 -1000 -10 0.00197521
Car -1 -1 -10 393.904 436.001 598.364 1168.534 -1 -1 -1 -1000 -1000 -1000 -10 0.00195739
Car -1 -1 -10 0.000 575.255 373.462 1200.000 -1 -1 -1 -1000 -1000 -1000 -10 0.00353150
Car -1 -1 -10 31.802 237.020 300.848 1200.000 -1 -1 -1 -1000 -1000 -1000 -10 0.00369726
Car -1 -1 -10 212.958 580.853 339.547 1200.000 -1 -1 -1 -1000 -1000 -1000 -10 0.00191579
Car -1 -1 -10 0.550 674.858 613.589 1072.852 -1 -1 -1 -1000 -1000 -1000 -10 0.00191086
Car -1 -1 -10 1517.194 704.749 1915.890 966.726 -1 -1 -1 -1000 -1000 -1000 -10 0.00366153
Car -1 -1 -10 164.183 575.174 291.390 1199.645 -1 -1 -1 -1000 -1000 -1000 -10 0.00189506
Car -1 -1 -10 2.547 826.309 402.773 1137.349 -1 -1 -1 -1000 -1000 -1000 -10 0.00343472
Car -1 -1 -10 1339.586 805.295 1882.735 1146.255 -1 -1 -1 -1000 -1000 -1000 -10 0.00187664
Car -1 -1 -10 165.070 599.145 742.799 950.850 -1 -1 -1 -1000 -1000 -1000 -10 0.00185734
Car -1 -1 -10 1338.621 626.164 1785.790 845.688 -1 -1 -1 -1000 -1000 -1000 -10 0.00182961
Car -1 -1 -10 74.817 893.047 240.474 986.599 -1 -1 -1 -1000 -1000 -1000 -10 0.00181432
Car -1 -1 -10 156.948 275.859 371.279 1187.346 -1 -1 -1 -1000 -1000 -1000 -10 0.00353746
Car -1 -1 -10 1528.492 664.268 1690.793 763.400 -1 -1 -1 -1000 -1000 -1000 -10 0.00309633
Car -1 -1 -10 14.705 862.425 310.864 1016.554 -1 -1 -1 -1000 -1000 -1000 -10 0.00321404
Car -1 -1 -10 141.246 588.549 267.030 1196.720 -1 -1 -1 -1000 -1000 -1000 -10 0.00167005
Car -1 -1 -10 451.133 683.568 549.414 759.741 -1 -1 -1 -1000 -1000 -1000 -10 0.00165872
Car -1 -1 -10 1415.916 733.349 1797.223 938.488 -1 -1 -1 -1000 -1000 -1000 -10 0.00161304
Car -1 -1 -10 469.751 705.109 523.207 757.864 -1 -1 -1 -1000 -1000 -1000 -10 0.00159291
Car -1 -1 -10 1453.663 801.559 1920.000 1200.000 -1 -1 -1 -1000 -1000 -1000 -10 0.00159211
Car -1 -1 -10 0.000 825.759 396.098 1046.107 -1 -1 -1 -1000 -1000 -1000 -10 0.00157643
Car -1 -1 -10 260.559 585.092 388.794 1200.000 -1 -1 -1 -1000 -1000 -1000 -10 0.00156512
Car -1 -1 -10 106.360 534.915 249.424 1200.000 -1 -1 -1 -1000 -1000 -1000 -10 0.00129824
Car -1 -1 -10 218.393 414.485 508.918 1200.000 -1 -1 -1 -1000 -1000 -1000 -10 0.00129175
