Car -1 -1 -10 336.161 550.421 644.229 794.958 -1 -1 -1 -1000 -1000 -1000 -10 0.99967504
Car -1 -1 -10 723.679 599.775 795.859 661.518 -1 -1 -1 -1000 -1000 -1000 -10 0.99098055
Car -1 -1 -10 548.281 583.343 649.285 678.520 -1 -1 -1 -1000 -1000 -1000 -10 0.07614832
Car -1 -1 -10 448.577 563.717 652.866 714.539 -1 -1 -1 -1000 -1000 -1000 -10 0.05163411
Car -1 -1 -10 590.077 605.154 658.690 677.166 -1 -1 -1 -1000 -1000 -1000 -10 0.00633779
Car -1 -1 -10 580.048 599.823 658.374 669.410 -1 -1 -1 -1000 -1000 -1000 -10 0.00616365
Car -1 -1 -10 662.537 596.865 716.095 647.417 -1 -1 -1 -1000 -1000 -1000 -10 0.00833178
Car -1 -1 -10 504.875 563.994 624.380 675.862 -1 -1 -1 -1000 -1000 -1000 -10 0.00348341
Car -1 -1 -10 25.774 1157.672 62.524 1200.000 -1 -1 -1 -1000 -1000 -1000 -10 0.00239246
Car -1 -1 -10 1605.307 607.353 1913.933 765.526 -1 -1 -1 -1000 -1000 -1000 -10 0.00203193
Car -1 -1 -10 641.996 593.178 694.660 647.652 -1 -1 -1 -1000 -1000 -1000 -10 0.00200966
Car -1 -1 -10 0.000 803.911 466.458 1200.000 -1 -1 -1 -1000 -1000 -1000 -10 0.00200547
