Car -1 -1 -10 660.187 583.177 905.704 776.929 -1 -1 -1 -1000 -1000 -1000 -10 0.99063657
Car -1 -1 -10 1416.494 510.501 1904.092 1057.121 -1 -1 -1 -1000 -1000 -1000 -10 0.11930974
Car -1 -1 -10 581.602 616.799 642.571 666.234 -1 -1 -1 -1000 -1000 -1000 -10 0.06822388
Car -1 -1 -10 1435.654 632.200 1920.000 1023.139 -1 -1 -1 -1000 -1000 -1000 -10 0.03479193
Car -1 -1 -10 655.145 620.686 700.220 668.703 -1 -1 -1 -1000 -1000 -1000 -10 0.02380300
Car -1 -1 -10 1526.581 723.336 1920.000 991.163 -1 -1 -1 -1000 -1000 -1000 -10 0.00436253
Car -1 -1 -10 1483.850 512.133 1920.000 842.283 -1 -1 -1 -1000 -1000 -1000 -10 0.00426199
Car -1 -1 -10 0.000 786.234 466.410 1197.354 -1 -1 -1 -1000 -1000 -1000 -10 0.01355864
Car -1 -1 -10 1568.160 654.358 1920.000 978.069 -1 -1 -1 -1000 -1000 -1000 -10 0.00375071
Car -1 -1 -10 667.801 587.407 817.309 694.215 -1 -1 -1 -1000 -1000 -1000 -10 0.00372717
Car -1 -1 -10 1528.995 498.579 1918.305 776.822 -1 -1 -1 -1000 -1000 -1000 -10 0.00662039
Car -1 -1 -10 1484.985 685.557 1920.000 1009.624 -1 -1 -1 -1000 -1000 -1000 -10 0.00360586
Car -1 -1 -10 744.022 586.697 893.334 694.461 -1 -1 -1 -1000 -1000 -1000 -10 0.00265722
