Car -1 -1 -10 819.011 578.569 931.287 676.160 -1 -1 -1 -1000 -1000 -1000 -10 0.99999344
Car -1 -1 -10 668.950 584.117 777.222 670.347 -1 -1 -1 -1000 -1000 -1000 -10 0.96935512
Car -1 -1 -10 0.000 791.699 463.242 1196.965 -1 -1 -1 -1000 -1000 -1000 -10 0.00874112
Car -1 -1 -10 0.000 646.885 437.833 1194.895 -1 -1 -1 -1000 -1000 -1000 -10 0.00255790
Car -1 -1 -10 788.773 577.745 883.175 660.774 -1 -1 -1 -1000 -1000 -1000 -10 0.00309847
Car -1 -1 -10 1621.258 562.924 1920.000 938.031 -1 -1 -1 -1000 -1000 -1000 -10 0.00299129
Car -1 -1 -10 800.788 591.754 855.135 645.915 -1 -1 -1 -1000 -1000 -1000 -10 0.00317883
Car -1 -1 -10 0.000 996.146 274.975 1200.000 -1 -1 -1 -1000 -1000 -1000 -10 0.00290723
Car -1 -1 -10 0.000 968.942 211.418 1200.000 -1 -1 -1 -1000 -1000 -1000 -10 0.00156939
Car -1 -1 -10 0.000 521.432 858.580 1190.051 -1 -1 -1 -1000 -1000 -1000 -10 0.00424246
Car -1 -1 -10 0.000 1107.239 124.016 1200.000 -1 -1 -1 -1000 -1000 -1000 -10 0.00268086
Car -1 -1 -10 0.000 1106.060 91.073 1200.000 -1 -1 -1 -1000 -1000 -1000 -10 0.00145171
Car -1 -1 -10 23.560 419.201 510.984 1200.000 -1 -1 -1 -1000 -1000 -1000 -10 0.00144232
Car -1 -1 -10 21.938 713.056 241.709 1191.870 -1 -1 -1 -1000 -1000 -1000 -10 0.00134992
Car -1 -1 -10 800.063 1158.856 836.233 1200.000 -1 -1 -1 -1000 -1000 -1000 -10 0.00134354
Car -1 -1 -10 0.000 937.853 322.587 1200.000 -1 -1 -1 -1000 -1000 -1000 -10 0.00134272
Car -1 -1 -10 0.000 1103.794 49.209 1200.000 -1 -1 -1 -1000 -1000 -1000 -10 0.00130622
Car -1 -1 -10 1577.429 643.720 1918.315 1007.008 -1 -1 -1 -1000 -1000 -1000 -10 0.00124801
Car -1 -1 -10 46.922 625.987 211.379 1200.000 -1 -1 -1 -1000 -1000 -1000 -10 0.00124031
Car -1 -1 -10 17.766 523.183 330.484 1158.234 -1 -1 -1 -1000 -1000 -1000 -10 0.00123474
Car -1 -1 -10 1454.337 572.829 1920.000 1168.287 -1 -1 -1 -1000 -1000 -1000 -10 0.00228500
Car -1 -1 -10 0.000 1061.308 71.564 1200.000 -1 -1 -1 -1000 -1000 -1000 -10 0.00224869
Car -1 -1 -10 32.404 696.068 184.542 1200.000 -1 -1 -1 -1000 -1000 -1000 -10 0.00111009
Car -1 -1 -10 0.000 1066.099 304.430 1200.000 -1 -1 -1 -1000 -1000 -1000 -10 0.00104595
