Car -1 -1 -10 939.053 566.663 987.631 616.130 -1 -1 -1 -1000 -1000 -1000 -10 0.35067211
Car -1 -1 -10 773.993 520.835 1920.000 1186.175 -1 -1 -1 -1000 -1000 -1000 -10 0.02969620
Car -1 -1 -10 7.335 508.605 1094.069 1193.131 -1 -1 -1 -1000 -1000 -1000 -10 0.03490578
Car -1 -1 -10 2.205 640.812 654.493 1200.000 -1 -1 -1 -1000 -1000 -1000 -10 0.01361213
Car -1 -1 -10 1330.032 524.064 1490.244 613.188 -1 -1 -1 -1000 -1000 -1000 -10 0.01269671
Car -1 -1 -10 843.708 1023.243 1210.365 1191.420 -1 -1 -1 -1000 -1000 -1000 -10 0.00855751
Car -1 -1 -10 818.619 1053.995 1225.675 1200.000 -1 -1 -1 -1000 -1000 -1000 -10 0.00711072
Car -1 -1 -10 0.000 800.412 464.190 1199.567 -1 -1 -1 -1000 -1000 -1000 -10 0.00613785
Car -1 -1 -10 0.000 591.981 476.295 1198.901 -1 -1 -1 -1000 -1000 -1000 -10 0.00362040
Car -1 -1 -10 860.903 886.880 1167.338 1198.865 -1 -1 -1 -1000 -1000 -1000 -10 0.00849505
Car -1 -1 -10 870.922 836.412 1219.308 1190.804 -1 -1 -1 -1000 -1000 -1000 -10 0.00327517
Car -1 -1 -10 51.328 766.459 932.837 1185.450 -1 -1 -1 -1000 -1000 -1000 -10 0.00535447
Car -1 -1 -10 1121.865 704.802 1826.117 1196.292 -1 -1 -1 -1000 -1000 -1000 -10 0.00287695
Car -1 -1 -10 622.277 1046.260 1045.712 1200.000 -1 -1 -1 -1000 -1000 -1000 -10 0.00997781
Car -1 -1 -10 899.417 1098.919 1157.061 1200.000 -1 -1 -1 -1000 -1000 -1000 -10 0.01020632
Car -1 -1 -10 654.021 826.901 1000.631 1192.683 -1 -1 -1 -1000 -1000 -1000 -10 0.00264611
Car -1 -1 -10 74.327 237.243 388.181 1200.000 -1 -1 -1 -1000 -1000 -1000 -10 0.00260536
Car -1 -1 -10 933.307 685.275 1107.363 1192.491 -1 -1 -1 -1000 -1000 -1000 -10 0.00253793
Car -1 -1 -10 927.758 1065.570 1091.909 1165.593 -1 -1 -1 -1000 -1000 -1000 -10 0.00674131
Car -1 -1 -10 933.623 1105.389 981.406 1200.000 -1 -1 -1 -1000 -1000 -1000 -10 0.00248586
Car -1 -1 -10 692.069 821.198 1346.211 1188.719 -1 -1 -1 -1000 -1000 -1000 -10 0.00245527
Car -1 -1 -10 262.367 685.645 1001.992 1195.906 -1 -1 -1 -1000 -1000 -1000 -10 0.00470922
Car -1 -1 -10 1046.493 1068.159 1204.297 1167.629 -1 -1 -1 -1000 -1000 -1000 -10 0.00241242
Car -1 -1 -10 1025.571 1100.844 1275.174 1200.000 -1 -1 -1 -1000 -1000 -1000 -10 0.00239648
Car -1 -1 -10 955.336 774.155 1083.595 1200.000 -1 -1 -1 -1000 -1000 -1000 -10 0.00236016
Car -1 -1 -10 20.863 592.921 242.288 1194.199 -1 -1 -1 -1000 -1000 -1000 -10 0.00235611
Car -1 -1 -10 683.316 886.424 975.477 1200.000 -1 -1 -1 -1000 -1000 -1000 -10 0.00232752
Car -1 -1 -10 693.897 939.410 1319.060 1200.000 -1 -1 -1 -1000 -1000 -1000 -10 0.00443929
Car -1 -1 -10 180.577 244.779 486.637 1200.000 -1 -1 -1 -1000 -1000 -1000 -10 0.00232028
Car -1 -1 -10 676.145 1099.419 929.293 1200.000 -1 -1 -1 -1000 -1000 -1000 -10 0.00852170
Car -1 -1 -10 533.911 821.817 1180.796 1189.663 -1 -1 -1 -1000 -1000 -1000 -10 0.00422143
Car -1 -1 -10 992.096 1083.215 1313.650 1200.000 -1 -1 -1 -1000 -1000 -1000 -10 0.00227101
Car -1 -1 -10 1056.329 1087.840 1216.088 1191.577 -1 -1 -1 -1000 -1000 -1000 -10 0.00223327
Car -1 -1 -10 954.383 1057.281 1345.801 1200.000 -1 -1 -1 -1000 -1000 -1000 -10 0.00440405
Car -1 -1 -10 926.979 1082.734 986.465 1200.000 -1 -1 -1 -1000 -1000 -1000 -10 0.00222465
Car -1 -1 -10 567.099 236.176 868.910 1200.000 -1 -1 -1 -1000 -1000 -1000 -10 0.00219337
Car -1 -1 -10 925.958 1158.159 963.337 1200.000 -1 -1 -1 -1000 -1000 -1000 -10 0.00213497
Car -1 -1 -10 180.939 691.946 421.941 1195.374 -1 -1 -1 -1000 -1000 -1000 -10 0.00212509
Car -1 -1 -10 907.980 765.655 1034.688 1199.697 -1 -1 -1 -1000 -1000 -1000 -10 0.00188074
