Car -1 -1 -10 459.863 529.691 835.470 825.975 -1 -1 -1 -1000 -1000 -1000 -10 0.99922609
Car -1 -1 -10 418.838 574.483 527.828 654.584 -1 -1 -1 -1000 -1000 -1000 -10 0.54800443
Car -1 -1 -10 432.472 562.894 579.259 662.303 -1 -1 -1 -1000 -1000 -1000 -10 0.01282704
Car -1 -1 -10 461.408 565.566 574.921 671.871 -1 -1 -1 -1000 -1000 -1000 -10 0.00249803
Car -1 -1 -10 613.435 537.359 837.313 764.004 -1 -1 -1 -1000 -1000 -1000 -10 0.00226425
Car -1 -1 -10 598.031 534.829 753.961 636.697 -1 -1 -1 -1000 -1000 -1000 -10 0.00428734
Car -1 -1 -10 473.785 559.805 620.802 663.139 -1 -1 -1 -1000 -1000 -1000 -10 0.00212105
Car -1 -1 -10 492.659 548.709 620.262 671.794 -1 -1 -1 -1000 -1000 -1000 -10 0.00205534
Car -1 -1 -10 505.371 1142.599 557.237 1200.000 -1 -1 -1 -1000 -1000 -1000 -10 0.00203164
Car -1 -1 -10 415.748 1105.953 589.132 1200.000 -1 -1 -1 -1000 -1000 -1000 -10 0.00397500
Car -1 -1 -10 346.097 1088.267 669.263 1200.000 -1 -1 -1 -1000 -1000 -1000 -10 0.00379258
Car -1 -1 -10 369.953 587.903 562.039 1181.719 -1 -1 -1 -1000 -1000 -1000 -10 0.00195360
Car -1 -1 -10 508.017 1082.334 566.716 1200.000 -1 -1 -1 -1000 -1000 -1000 -10 0.00195224
Car -1 -1 -10 555.406 554.472 710.858 664.599 -1 -1 -1 -1000 -1000 -1000 -10 0.00192750
Car -1 -1 -10 475.982 1136.583 584.011 1200.000 -1 -1 -1 -1000 -1000 -1000 -10 0.00183110
Car -1 -1 -10 539.329 542.724 751.503 680.872 -1 -1 -1 -1000 -1000 -1000 -10 0.00180069
Car -1 -1 -10 0.000 793.395 444.045 1195.909 -1 -1 -1 -1000 -1000 -1000 -10 0.00177807
