Car -1 -1 -10 1362.065 511.210 1643.010 730.350 -1 -1 -1 -1000 -1000 -1000 -10 0.99984135
Car -1 -1 -10 758.481 520.112 937.958 616.527 -1 -1 -1 -1000 -1000 -1000 -10 0.47088845
Car -1 -1 -10 1310.299 506.851 1526.914 708.403 -1 -1 -1 -1000 -1000 -1000 -10 0.21981883
Car -1 -1 -10 588.639 546.269 713.056 675.853 -1 -1 -1 -1000 -1000 -1000 -10 0.10949728
Car -1 -1 -10 769.616 536.740 937.292 629.555 -1 -1 -1 -1000 -1000 -1000 -10 0.03897689
Car -1 -1 -10 888.003 802.380 1494.389 1192.906 -1 -1 -1 -1000 -1000 -1000 -10 0.01071276
Car -1 -1 -10 66.033 812.794 703.235 1197.083 -1 -1 -1 -1000 -1000 -1000 -10 0.00726529
Car -1 -1 -10 0.000 632.569 474.539 1199.426 -1 -1 -1 -1000 -1000 -1000 -10 0.00502175
Car -1 -1 -10 1466.460 510.771 1623.957 616.113 -1 -1 -1 -1000 -1000 -1000 -10 0.00477155
Car -1 -1 -10 0.000 803.558 589.920 1198.933 -1 -1 -1 -1000 -1000 -1000 -10 0.00230885
Car -1 -1 -10 212.012 817.621 838.099 1200.000 -1 -1 -1 -1000 -1000 -1000 -10 0.00160850
