Car -1 -1 -10 0.000 533.418 967.271 1187.871 -1 -1 -1 -1000 -1000 -1000 -10 0.03102574
Car -1 -1 -10 6.489 779.619 752.420 1195.054 -1 -1 -1 -1000 -1000 -1000 -10 0.01113374
Car -1 -1 -10 0.000 603.962 517.372 1198.659 -1 -1 -1 -1000 -1000 -1000 -10 0.01126175
Car -1 -1 -10 7.589 172.771 1388.764 1200.000 -1 -1 -1 -1000 -1000 -1000 -10 0.01075044
Car -1 -1 -10 1534.447 653.396 1920.000 906.146 -1 -1 -1 -1000 -1000 -1000 -10 0.01032006
Car -1 -1 -10 1456.034 276.988 1920.000 1192.470 -1 -1 -1 -1000 -1000 -1000 -10 0.00416286
Car -1 -1 -10 1041.066 534.622 1920.000 1200.000 -1 -1 -1 -1000 -1000 -1000 -10 0.00803423
Car -1 -1 -10 1374.598 576.659 1917.474 956.910 -1 -1 -1 -1000 -1000 -1000 -10 0.00739952
Car -1 -1 -10 1453.223 515.521 1920.000 1009.477 -1 -1 -1 -1000 -1000 -1000 -10 0.00364014
Car -1 -1 -10 0.000 180.179 597.871 1200.000 -1 -1 -1 -1000 -1000 -1000 -10 0.00330713
Car -1 -1 -10 0.000 450.813 552.378 849.895 -1 -1 -1 -1000 -1000 -1000 -10 0.01104051
Car -1 -1 -10 11.932 72.374 303.928 1189.034 -1 -1 -1 -1000 -1000 -1000 -10 0.00533064
Car -1 -1 -10 1392.862 564.206 1920.000 1200.000 -1 -1 -1 -1000 -1000 -1000 -10 0.00270009
Car -1 -1 -10 28.614 88.304 433.201 1200.000 -1 -1 -1 -1000 -1000 -1000 -10 0.00269289
Car -1 -1 -10 1642.025 449.626 1920.000 999.854 -1 -1 -1 -1000 -1000 -1000 -10 0.00260704
Car -1 -1 -10 1462.132 485.469 1920.000 863.227 -1 -1 -1 -1000 -1000 -1000 -10 0.00250735
Car -1 -1 -10 0.000 436.090 80.348 540.882 -1 -1 -1 -1000 -1000 -1000 -10 0.00249315
Car -1 -1 -10 13.611 282.758 417.139 1033.917 -1 -1 -1 -1000 -1000 -1000 -10 0.00225662
Car -1 -1 -10 1353.978 152.082 1920.000 1200.000 -1 -1 -1 -1000 -1000 -1000 -10 0.00217887
Car -1 -1 -10 592.918 494.290 1794.233 1200.000 -1 -1 -1 -1000 -1000 -1000 -10 0.00215278
Car -1 -1 -10 0.000 440.618 105.178 538.534 -1 -1 -1 -1000 -1000 -1000 -10 0.00211741
Car -1 -1 -10 1449.252 803.310 1920.000 1200.000 -1 -1 -1 -1000 -1000 -1000 -10 0.00206740
