Car -1 -1 -10 556.284 573.906 859.490 811.675 -1 -1 -1 -1000 -1000 -1000 -10 0.99539512
Car -1 -1 -10 985.209 531.735 1274.821 699.919 -1 -1 -1 -1000 -1000 -1000 -10 0.86997342
Car -1 -1 -10 1104.242 546.571 1259.886 681.466 -1 -1 -1 -1000 -1000 -1000 -10 0.01116665
Car -1 -1 -10 986.681 578.753 1174.313 690.933 -1 -1 -1 -1000 -1000 -1000 -10 0.01051986
Car -1 -1 -10 410.454 637.574 1264.156 1187.788 -1 -1 -1 -1000 -1000 -1000 -10 0.00296196
Car -1 -1 -10 539.521 807.556 873.929 1196.050 -1 -1 -1 -1000 -1000 -1000 -10 0.00635843
Car -1 -1 -10 584.539 645.061 1090.929 1008.961 -1 -1 -1 -1000 -1000 -1000 -10 0.00241490
Car -1 -1 -10 0.000 662.901 462.873 1200.000 -1 -1 -1 -1000 -1000 -1000 -10 0.00238309
Car -1 -1 -10 700.084 611.796 867.355 801.622 -1 -1 -1 -1000 -1000 -1000 -10 0.00412597
Car -1 -1 -10 524.644 1122.780 598.736 1200.000 -1 -1 -1 -1000 -1000 -1000 -10 0.00396790
Car -1 -1 -10 462.124 675.663 1142.758 1193.660 -1 -1 -1 -1000 -1000 -1000 -10 0.00212839
Car -1 -1 -10 621.253 568.461 778.469 659.625 -1 -1 -1 -1000 -1000 -1000 -10 0.00211849
Car -1 -1 -10 608.480 586.529 770.781 690.107 -1 -1 -1 -1000 -1000 -1000 -10 0.00205843
Car -1 -1 -10 681.274 632.912 919.144 1104.555 -1 -1 -1 -1000 -1000 -1000 -10 0.00202684
Car -1 -1 -10 600.216 1104.046 769.039 1200.000 -1 -1 -1 -1000 -1000 -1000 -10 0.00388244
Car -1 -1 -10 558.532 591.433 697.643 821.440 -1 -1 -1 -1000 -1000 -1000 -10 0.00386751
Car -1 -1 -10 547.130 1083.608 861.600 1200.000 -1 -1 -1 -1000 -1000 -1000 -10 0.00381292
Car -1 -1 -10 785.213 600.126 877.460 687.583 -1 -1 -1 -1000 -1000 -1000 -10 0.00187180
Car -1 -1 -10 373.870 513.984 1519.088 1200.000 -1 -1 -1 -1000 -1000 -1000 -10 0.00174474
Car -1 -1 -10 429.038 982.444 968.629 1200.000 -1 -1 -1 -1000 -1000 -1000 -10 0.00162819
Car -1 -1 -10 684.308 1084.488 996.523 1200.000 -1 -1 -1 -1000 -1000 -1000 -10 0.00318894
Car -1 -1 -10 698.484 832.873 1006.946 1197.637 -1 -1 -1 -1000 -1000 -1000 -10 0.00154951
Car -1 -1 -10 520.951 1018.213 840.332 1200.000 -1 -1 -1 -1000 -1000 -1000 -10 0.00149672
Car -1 -1 -10 575.773 728.766 791.886 1195.932 -1 -1 -1 -1000 -1000 -1000 -10 0.00148904
Car -1 -1 -10 597.217 654.350 771.145 1190.592 -1 -1 -1 -1000 -1000 -1000 -10 0.00142659
Car -1 -1 -10 415.501 787.922 1072.178 1200.000 -1 -1 -1 -1000 -1000 -1000 -10 0.00139284
Car -1 -1 -10 743.409 725.749 958.886 1197.361 -1 -1 -1 -1000 -1000 -1000 -10 0.00128188
Car -1 -1 -10 1469.139 797.959 1920.000 1200.000 -1 -1 -1 -1000 -1000 -1000 -10 0.00125415
Car -1 -1 -10 779.920 1075.225 911.322 1200.000 -1 -1 -1 -1000 -1000 -1000 -10 0.00122830
