Car -1 -1 -10 794.485 566.501 868.172 628.025 -1 -1 -1 -1000 -1000 -1000 -10 0.99783997
Car -1 -1 -10 991.036 1079.349 1330.828 1199.975 -1 -1 -1 -1000 -1000 -1000 -10 0.05779632
Car -1 -1 -10 1050.416 1091.867 1220.906 1189.586 -1 -1 -1 -1000 -1000 -1000 -10 0.02357520
Car -1 -1 -10 1137.309 1095.246 1305.364 1188.167 -1 -1 -1 -1000 -1000 -1000 -10 0.01976275
Car -1 -1 -10 860.288 1067.092 1192.286 1198.741 -1 -1 -1 -1000 -1000 -1000 -10 0.02565799
Car -1 -1 -10 304.554 1058.913 659.379 1197.279 -1 -1 -1 -1000 -1000 -1000 -10 0.02256292
Car -1 -1 -10 591.205 1073.262 881.843 1199.618 -1 -1 -1 -1000 -1000 -1000 -10 0.01250507
Car -1 -1 -10 438.525 1089.342 600.622 1189.896 -1 -1 -1 -1000 -1000 -1000 -10 0.01311261
Car -1 -1 -10 1086.458 1103.885 1258.649 1199.797 -1 -1 -1 -1000 -1000 -1000 -10 0.02027556
Car -1 -1 -10 946.842 1087.916 1108.642 1190.286 -1 -1 -1 -1000 -1000 -1000 -10 0.01424103
Car -1 -1 -10 564.341 1089.643 723.147 1189.818 -1 -1 -1 -1000 -1000 -1000 -10 0.01267246
Car -1 -1 -10 976.187 1088.587 1141.069 1191.858 -1 -1 -1 -1000 -1000 -1000 -10 0.00615389
Car -1 -1 -10 289.731 1076.612 620.697 1200.000 -1 -1 -1 -1000 -1000 -1000 -10 0.00606728
Car -1 -1 -10 1102.821 1120.989 1236.995 1200.000 -1 -1 -1 -1000 -1000 -1000 -10 0.00596865
Car -1 -1 -10 1115.625 1022.894 1206.703 1200.000 -1 -1 -1 -1000 -1000 -1000 -10 0.01969966
Car -1 -1 -10 908.768 1016.300 1446.926 1198.384 -1 -1 -1 -1000 -1000 -1000 -10 0.01895455
Car -1 -1 -10 1027.349 822.285 1206.959 1200.000 -1 -1 -1 -1000 -1000 -1000 -10 0.00535785
Car -1 -1 -10 508.689 1080.787 832.589 1200.000 -1 -1 -1 -1000 -1000 -1000 -10 0.01022648
Car -1 -1 -10 1177.378 1080.182 1516.325 1200.000 -1 -1 -1 -1000 -1000 -1000 -10 0.00501286
Car -1 -1 -10 466.709 1090.218 631.097 1191.214 -1 -1 -1 -1000 -1000 -1000 -10 0.00499449
Car -1 -1 -10 1057.474 673.777 1224.678 1189.681 -1 -1 -1 -1000 -1000 -1000 -10 0.00494513
Car -1 -1 -10 1101.690 1066.589 1165.754 1200.000 -1 -1 -1 -1000 -1000 -1000 -10 0.00487717
Car -1 -1 -10 1055.833 995.225 1273.674 1200.000 -1 -1 -1 -1000 -1000 -1000 -10 0.00931926
Car -1 -1 -10 1126.993 1083.766 1465.809 1200.000 -1 -1 -1 -1000 -1000 -1000 -10 0.00482813
Car -1 -1 -10 363.434 1090.319 528.782 1191.090 -1 -1 -1 -1000 -1000 -1000 -10 0.00909590
Car -1 -1 -10 419.300 1095.714 677.575 1200.000 -1 -1 -1 -1000 -1000 -1000 -10 0.00457932
Car -1 -1 -10 180.634 1010.614 726.816 1199.872 -1 -1 -1 -1000 -1000 -1000 -10 0.00843859
Car -1 -1 -10 631.356 1089.110 792.420 1194.182 -1 -1 -1 -1000 -1000 -1000 -10 0.00811962
Car -1 -1 -10 1127.593 1115.758 1207.511 1200.000 -1 -1 -1 -1000 -1000 -1000 -10 0.00405342
Car -1 -1 -10 1143.660 1082.479 1203.409 1200.000 -1 -1 -1 -1000 -1000 -1000 -10 0.00392378
Car -1 -1 -10 397.999 1019.579 885.474 1200.000 -1 -1 -1 -1000 -1000 -1000 -10 0.00392231
Car -1 -1 -10 112.937 803.362 793.462 1200.000 -1 -1 -1 -1000 -1000 -1000 -10 0.00381735
Car -1 -1 -10 1111.369 869.228 1225.894 1200.000 -1 -1 -1 -1000 -1000 -1000 -10 0.00375818
Car -1 -1 -10 654.066 522.664 1830.964 1195.565 -1 -1 -1 -1000 -1000 -1000 -10 0.00370831
Car -1 -1 -10 1249.077 1141.696 1301.740 1200.000 -1 -1 -1 -1000 -1000 -1000 -10 0.00355744
Car -1 -1 -10 1187.981 1103.168 1365.584 1200.000 -1 -1 -1 -1000 -1000 -1000 -10 0.00354741
Car -1 -1 -10 1252.722 1086.486 1310.314 1200.000 -1 -1 -1 -1000 -1000 -1000 -10 0.00347969
