Car -1 -1 -10 1156.603 558.391 1307.979 682.333 -1 -1 -1 -1000 -1000 -1000 -10 0.78462784
Car -1 -1 -10 1226.524 541.765 1430.270 695.234 -1 -1 -1 -1000 -1000 -1000 -10 0.32626624
Car -1 -1 -10 1198.095 536.646 1384.575 691.472 -1 -1 -1 -1000 -1000 -1000 -10 0.32391022
Car -1 -1 -10 828.660 565.189 882.374 614.333 -1 -1 -1 -1000 -1000 -1000 -10 0.29484331
Car -1 -1 -10 1351.144 550.290 1457.539 661.595 -1 -1 -1 -1000 -1000 -1000 -10 0.16931100
Car -1 -1 -10 1129.379 554.498 1245.391 666.884 -1 -1 -1 -1000 -1000 -1000 -10 0.01806521
Car -1 -1 -10 1324.545 544.563 1459.013 674.834 -1 -1 -1 -1000 -1000 -1000 -10 0.00476436
Car -1 -1 -10 1110.847 567.521 1184.829 641.668 -1 -1 -1 -1000 -1000 -1000 -10 0.00773576
Car -1 -1 -10 1227.362 558.609 1347.233 676.327 -1 -1 -1 -1000 -1000 -1000 -10 0.00205388
Car -1 -1 -10 1055.511 540.047 1202.943 639.589 -1 -1 -1 -1000 -1000 -1000 -10 0.00332612
Car -1 -1 -10 1276.131 527.489 1444.647 693.336 -1 -1 -1 -1000 -1000 -1000 -10 0.00339857
Car -1 -1 -10 1218.402 572.337 1342.715 685.568 -1 -1 -1 -1000 -1000 -1000 -10 0.00155366
Car -1 -1 -10 772.647 3.358 1139.202 377.277 -1 -1 -1 -1000 -1000 -1000 -10 0.00125520
Car -1 -1 -10 1214.015 586.801 1335.275 698.984 -1 -1 -1 -1000 -1000 -1000 -10 0.00124911
Car -1 -1 -10 38.687 473.255 610.859 860.566 -1 -1 -1 -1000 -1000 -1000 -10 0.00124877
Car -1 -1 -10 1380.434 558.413 1422.716 629.807 -1 -1 -1 -1000 -1000 -1000 -10 0.00123955
Car -1 -1 -10 0.000 514.060 1051.854 1200.000 -1 -1 -1 -1000 -1000 -1000 -10 0.00328715
Car -1 -1 -10 1477.164 0.000 1920.000 328.782 -1 -1 -1 -1000 -1000 -1000 -10 0.00230856
Car -1 -1 -10 794.470 777.917 1376.366 1186.629 -1 -1 -1 -1000 -1000 -1000 -10 0.00111857
Car -1 -1 -10 1374.904 559.077 1416.740 628.645 -1 -1 -1 -1000 -1000 -1000 -10 0.00111365
Car -1 -1 -10 41.416 410.307 482.894 1200.000 -1 -1 -1 -1000 -1000 -1000 -10 0.00105131
Car -1 -1 -10 180.980 585.740 338.376 687.872 -1 -1 -1 -1000 -1000 -1000 -10 0.00101763
Car -1 -1 -10 656.724 0.000 1238.162 216.214 -1 -1 -1 -1000 -1000 -1000 -10 0.00099387
Car -1 -1 -10 856.790 31.116 1039.023 514.408 -1 -1 -1 -1000 -1000 -1000 -10 0.00095478
Car -1 -1 -10 194.265 450.267 358.555 1090.927 -1 -1 -1 -1000 -1000 -1000 -10 0.00092763
Car -1 -1 -10 11.404 492.850 560.164 989.174 -1 -1 -1 -1000 -1000 -1000 -10 0.00090495
Car -1 -1 -10 1293.943 546.372 1412.447 662.871 -1 -1 -1 -1000 -1000 -1000 -10 0.00088580
Car -1 -1 -10 618.254 3.445 1192.902 279.309 -1 -1 -1 -1000 -1000 -1000 -10 0.00084973
Car -1 -1 -10 795.496 17.405 1047.280 475.143 -1 -1 -1 -1000 -1000 -1000 -10 0.00081043
Car -1 -1 -10 1146.014 459.164 1318.556 727.191 -1 -1 -1 -1000 -1000 -1000 -10 0.00078988
Car -1 -1 -10 791.591 0.000 1111.360 182.620 -1 -1 -1 -1000 -1000 -1000 -10 0.00077337
Car -1 -1 -10 1458.825 807.947 1920.000 1200.000 -1 -1 -1 -1000 -1000 -1000 -10 0.00076137
