Car -1 -1 -10 402.009 560.958 612.405 726.995 -1 -1 -1 -1000 -1000 -1000 -10 0.99996477
Car -1 -1 -10 794.750 597.824 876.473 664.287 -1 -1 -1 -1000 -1000 -1000 -10 0.98084649
Car -1 -1 -10 760.781 593.525 802.937 639.355 -1 -1 -1 -1000 -1000 -1000 -10 0.00795764
Car -1 -1 -10 0.000 789.292 466.432 1197.925 -1 -1 -1 -1000 -1000 -1000 -10 0.01412394
Car -1 -1 -10 758.026 585.386 808.925 635.753 -1 -1 -1 -1000 -1000 -1000 -10 0.00299486
Car -1 -1 -10 61.280 187.195 367.103 1197.915 -1 -1 -1 -1000 -1000 -1000 -10 0.00279422
Car -1 -1 -10 133.677 586.366 275.212 1198.039 -1 -1 -1 -1000 -1000 -1000 -10 0.00418441
Car -1 -1 -10 146.133 1058.482 566.243 1200.000 -1 -1 -1 -1000 -1000 -1000 -10 0.00528773
Car -1 -1 -10 54.451 532.882 206.701 1200.000 -1 -1 -1 -1000 -1000 -1000 -10 0.00218080
Car -1 -1 -10 284.901 659.827 458.315 1189.046 -1 -1 -1 -1000 -1000 -1000 -10 0.00348745
Car -1 -1 -10 245.785 1103.481 493.922 1200.000 -1 -1 -1 -1000 -1000 -1000 -10 0.00185893
Car -1 -1 -10 0.000 1018.941 244.112 1200.000 -1 -1 -1 -1000 -1000 -1000 -10 0.00181550
Car -1 -1 -10 26.079 706.205 256.847 1195.134 -1 -1 -1 -1000 -1000 -1000 -10 0.00324821
Car -1 -1 -10 4.590 1104.827 166.997 1200.000 -1 -1 -1 -1000 -1000 -1000 -10 0.00321236
Car -1 -1 -10 0.000 984.162 279.240 1200.000 -1 -1 -1 -1000 -1000 -1000 -10 0.00166872
Car -1 -1 -10 334.492 1061.986 732.774 1200.000 -1 -1 -1 -1000 -1000 -1000 -10 0.00159805
Car -1 -1 -10 575.239 636.537 746.500 1189.065 -1 -1 -1 -1000 -1000 -1000 -10 0.00155981
