Car -1 -1 -10 723.274 598.558 862.718 716.096 -1 -1 -1 -1000 -1000 -1000 -10 0.99996185
Car -1 -1 -10 993.118 592.749 1191.344 686.306 -1 -1 -1 -1000 -1000 -1000 -10 0.94443271
Car -1 -1 -10 139.218 620.837 325.133 714.855 -1 -1 -1 -1000 -1000 -1000 -10 0.21901673
Car -1 -1 -10 95.582 617.057 336.875 717.964 -1 -1 -1 -1000 -1000 -1000 -10 0.12264184
Car -1 -1 -10 0.000 615.574 152.973 755.430 -1 -1 -1 -1000 -1000 -1000 -10 0.11860429
Car -1 -1 -10 6.848 626.782 171.304 738.367 -1 -1 -1 -1000 -1000 -1000 -10 0.05617852
Car -1 -1 -10 245.735 617.438 403.931 705.174 -1 -1 -1 -1000 -1000 -1000 -10 0.01829989
Car -1 -1 -10 0.000 595.562 286.117 736.739 -1 -1 -1 -1000 -1000 -1000 -10 0.00625714
Car -1 -1 -10 37.021 599.987 329.013 730.228 -1 -1 -1 -1000 -1000 -1000 -10 0.00564365
Car -1 -1 -10 0.000 540.533 204.287 749.860 -1 -1 -1 -1000 -1000 -1000 -10 0.01008338
Car -1 -1 -10 194.437 601.538 429.169 714.201 -1 -1 -1 -1000 -1000 -1000 -10 0.00463702
Car -1 -1 -10 0.000 572.296 115.016 754.107 -1 -1 -1 -1000 -1000 -1000 -10 0.00448339
Car -1 -1 -10 1114.042 621.387 1194.724 687.558 -1 -1 -1 -1000 -1000 -1000 -10 0.00778831
Car -1 -1 -10 712.330 621.006 756.351 667.406 -1 -1 -1 -1000 -1000 -1000 -10 0.00673012
Car -1 -1 -10 0.000 577.854 120.750 716.161 -1 -1 -1 -1000 -1000 -1000 -10 0.00395643
Car -1 -1 -10 0.000 630.309 82.977 740.159 -1 -1 -1 -1000 -1000 -1000 -10 0.00737422
Car -1 -1 -10 0.000 576.195 409.679 1141.339 -1 -1 -1 -1000 -1000 -1000 -10 0.00484000
Car -1 -1 -10 0.000 781.229 593.154 1200.000 -1 -1 -1 -1000 -1000 -1000 -10 0.00267895
Car -1 -1 -10 42.308 637.013 217.935 735.479 -1 -1 -1 -1000 -1000 -1000 -10 0.00477396
Car -1 -1 -10 66.795 637.838 239.911 730.994 -1 -1 -1 -1000 -1000 -1000 -10 0.00250205
Car -1 -1 -10 293.331 622.526 369.295 694.261 -1 -1 -1 -1000 -1000 -1000 -10 0.00237127
Car -1 -1 -10 940.084 591.435 1095.565 674.863 -1 -1 -1 -1000 -1000 -1000 -10 0.00451200
Car -1 -1 -10 33.115 557.535 96.560 789.393 -1 -1 -1 -1000 -1000 -1000 -10 0.00196774
Car -1 -1 -10 783.230 593.745 883.663 693.228 -1 -1 -1 -1000 -1000 -1000 -10 0.00195442
Car -1 -1 -10 711.894 613.013 744.641 659.689 -1 -1 -1 -1000 -1000 -1000 -10 0.00375450
