Car -1 -1 -10 193.908 7.053 1920.000 1181.683 -1 -1 -1 -1000 -1000 -1000 -10 0.08252380
Car -1 -1 -10 1344.641 122.273 1896.624 1168.225 -1 -1 -1 -1000 -1000 -1000 -10 0.01535906
Car -1 -1 -10 967.406 99.996 1920.000 959.453 -1 -1 -1 -1000 -1000 -1000 -10 0.01114669
Car -1 -1 -10 1169.713 7.644 1920.000 1178.221 -1 -1 -1 -1000 -1000 -1000 -10 0.01801926
Car -1 -1 -10 1499.496 321.756 1920.000 813.670 -1 -1 -1 -1000 -1000 -1000 -10 0.00786051
Car -1 -1 -10 1516.489 647.018 1681.806 734.992 -1 -1 -1 -1000 -1000 -1000 -10 0.01351823
Car -1 -1 -10 1298.294 233.176 1916.603 665.245 -1 -1 -1 -1000 -1000 -1000 -10 0.01383957
Car -1 -1 -10 1547.360 764.490 1703.751 865.671 -1 -1 -1 -1000 -1000 -1000 -10 0.01211127
Car -1 -1 -10 1041.194 0.000 1920.000 690.497 -1 -1 -1 -1000 -1000 -1000 -10 0.01446688
Car -1 -1 -10 1551.891 326.627 1920.000 721.301 -1 -1 -1 -1000 -1000 -1000 -10 0.00592502
Car -1 -1 -10 1252.807 121.982 1828.116 514.504 -1 -1 -1 -1000 -1000 -1000 -10 0.00578154
Car -1 -1 -10 1613.341 138.753 1909.895 704.367 -1 -1 -1 -1000 -1000 -1000 -10 0.00571890
Car -1 -1 -10 1257.118 424.144 1903.507 871.694 -1 -1 -1 -1000 -1000 -1000 -10 0.01413314
Car -1 -1 -10 1390.689 612.578 1797.742 846.098 -1 -1 -1 -1000 -1000 -1000 -10 0.00536267
Car -1 -1 -10 1553.410 170.066 1919.650 580.074 -1 -1 -1 -1000 -1000 -1000 -10 0.00959436
Car -1 -1 -10 0.000 495.791 984.342 1198.106 -1 -1 -1 -1000 -1000 -1000 -10 0.00865360
Car -1 -1 -10 1570.492 95.721 1914.181 770.368 -1 -1 -1 -1000 -1000 -1000 -10 0.00429926
Car -1 -1 -10 1524.695 318.599 1920.000 630.082 -1 -1 -1 -1000 -1000 -1000 -10 0.00384702
Car -1 -1 -10 1268.585 110.004 1920.000 577.622 -1 -1 -1 -1000 -1000 -1000 -10 0.00377031
Car -1 -1 -10 999.905 480.700 1920.000 1200.000 -1 -1 -1 -1000 -1000 -1000 -10 0.00740505
Car -1 -1 -10 1282.280 42.340 1920.000 453.581 -1 -1 -1 -1000 -1000 -1000 -10 0.00355629
Car -1 -1 -10 1609.315 637.225 1920.000 921.502 -1 -1 -1 -1000 -1000 -1000 -10 0.00348889
Car -1 -1 -10 1338.243 644.029 1809.952 919.023 -1 -1 -1 -1000 -1000 -1000 -10 0.00348179
Car -1 -1 -10 1522.383 176.506 1920.000 477.678 -1 -1 -1 -1000 -1000 -1000 -10 0.00333588
Car -1 -1 -10 1196.049 173.072 1778.367 552.295 -1 -1 -1 -1000 -1000 -1000 -10 0.00333058
Car -1 -1 -10 1619.922 352.195 1920.000 925.493 -1 -1 -1 -1000 -1000 -1000 -10 0.00329735
Car -1 -1 -10 1314.097 250.664 1920.000 830.209 -1 -1 -1 -1000 -1000 -1000 -10 0.00321485
Car -1 -1 -10 1422.827 0.000 1804.615 708.570 -1 -1 -1 -1000 -1000 -1000 -10 0.00316078
Car -1 -1 -10 1428.326 589.912 1920.000 1200.000 -1 -1 -1 -1000 -1000 -1000 -10 0.00294024
