Car -1 -1 -10 0.000 799.281 460.539 1198.068 -1 -1 -1 -1000 -1000 -1000 -10 0.00578717
Car -1 -1 -10 12.786 707.582 238.998 1194.503 -1 -1 -1 -1000 -1000 -1000 -10 0.00259853
Car -1 -1 -10 254.108 518.454 1449.922 1196.914 -1 -1 -1 -1000 -1000 -1000 -10 0.00213434
Car -1 -1 -10 561.799 511.201 1778.072 1195.101 -1 -1 -1 -1000 -1000 -1000 -10 0.00218135
Car -1 -1 -10 4.085 1058.945 311.078 1200.000 -1 -1 -1 -1000 -1000 -1000 -10 0.00101813
Car -1 -1 -10 685.857 681.104 923.697 1197.260 -1 -1 -1 -1000 -1000 -1000 -10 0.00090715
Car -1 -1 -10 0.000 935.716 321.360 1200.000 -1 -1 -1 -1000 -1000 -1000 -10 0.00082687
Car -1 -1 -10 663.847 1107.750 911.285 1200.000 -1 -1 -1 -1000 -1000 -1000 -10 0.00135752
Car -1 -1 -10 597.362 1069.155 996.357 1200.000 -1 -1 -1 -1000 -1000 -1000 -10 0.00135559
Car -1 -1 -10 1024.011 661.686 1207.448 1193.499 -1 -1 -1 -1000 -1000 -1000 -10 0.00133921
Car -1 -1 -10 622.224 640.584 794.051 1191.640 -1 -1 -1 -1000 -1000 -1000 -10 0.00072512
Car -1 -1 -10 708.633 592.404 901.740 1176.356 -1 -1 -1 -1000 -1000 -1000 -10 0.00068823
Car -1 -1 -10 790.217 628.155 963.037 1188.133 -1 -1 -1 -1000 -1000 -1000 -10 0.00067640
Car -1 -1 -10 0.000 610.585 368.318 1105.320 -1 -1 -1 -1000 -1000 -1000 -10 0.00126486
Car -1 -1 -10 753.312 574.097 950.199 1177.860 -1 -1 -1 -1000 -1000 -1000 -10 0.00066106
Car -1 -1 -10 1469.671 628.862 1910.179 1017.545 -1 -1 -1 -1000 -1000 -1000 -10 0.00062785
Car -1 -1 -10 63.919 362.618 363.909 1200.000 -1 -1 -1 -1000 -1000 -1000 -10 0.00113187
Car -1 -1 -10 558.535 1108.380 810.361 1200.000 -1 -1 -1 -1000 -1000 -1000 -10 0.00062573
Car -1 -1 -10 881.955 654.419 1063.474 1200.000 -1 -1 -1 -1000 -1000 -1000 -10 0.00062061
Car -1 -1 -10 709.958 1157.605 746.560 1200.000 -1 -1 -1 -1000 -1000 -1000 -10 0.00061208
Car -1 -1 -10 0.000 530.128 768.749 1192.785 -1 -1 -1 -1000 -1000 -1000 -10 0.00111040
Car -1 -1 -10 500.739 793.202 843.777 1198.799 -1 -1 -1 -1000 -1000 -1000 -10 0.00104097
Car -1 -1 -10 1476.073 806.693 1920.000 1200.000 -1 -1 -1 -1000 -1000 -1000 -10 0.00108810
Car -1 -1 -10 954.852 654.160 1135.101 1194.481 -1 -1 -1 -1000 -1000 -1000 -10 0.00056111
Car -1 -1 -10 693.035 734.516 818.199 1200.000 -1 -1 -1 -1000 -1000 -1000 -10 0.00054840
Car -1 -1 -10 630.561 779.902 980.475 1200.000 -1 -1 -1 -1000 -1000 -1000 -10 0.00054611
Car -1 -1 -10 740.178 853.003 858.878 1200.000 -1 -1 -1 -1000 -1000 -1000 -10 0.00053938
Car -1 -1 -10 706.435 1127.152 773.318 1200.000 -1 -1 -1 -1000 -1000 -1000 -10 0.00053400
Car -1 -1 -10 604.012 814.094 763.177 1200.000 -1 -1 -1 -1000 -1000 -1000 -10 0.00052980
Car -1 -1 -10 678.677 933.830 903.649 1200.000 -1 -1 -1 -1000 -1000 -1000 -10 0.00099853
Car -1 -1 -10 595.298 734.049 723.506 1200.000 -1 -1 -1 -1000 -1000 -1000 -10 0.00052767
Car -1 -1 -10 582.256 649.456 1083.232 1200.000 -1 -1 -1 -1000 -1000 -1000 -10 0.00052172
Car -1 -1 -10 0.000 1167.162 24.584 1200.000 -1 -1 -1 -1000 -1000 -1000 -10 0.00050959
Car -1 -1 -10 433.903 1012.454 927.535 1200.000 -1 -1 -1 -1000 -1000 -1000 -10 0.00050085
Car -1 -1 -10 45.925 725.875 169.793 1200.000 -1 -1 -1 -1000 -1000 -1000 -10 0.00049984
Car -1 -1 -10 643.052 361.885 936.443 1200.000 -1 -1 -1 -1000 -1000 -1000 -10 0.00049775
Car -1 -1 -10 715.855 1156.895 753.029 1200.000 -1 -1 -1 -1000 -1000 -1000 -10 0.00047480
Car -1 -1 -10 704.973 1088.799 763.822 1200.000 -1 -1 -1 -1000 -1000 -1000 -10 0.00047163
Car -1 -1 -10 789.185 728.964 914.073 1200.000 -1 -1 -1 -1000 -1000 -1000 -10 0.00047137
Car -1 -1 -10 0.000 638.622 256.919 1016.920 -1 -1 -1 -1000 -1000 -1000 -10 0.00046773
Car -1 -1 -10 484.258 934.449 1095.351 1200.000 -1 -1 -1 -1000 -1000 -1000 -10 0.00046502
Car -1 -1 -10 749.513 1016.047 845.144 1200.000 -1 -1 -1 -1000 -1000 -1000 -10 0.00046231
Car -1 -1 -10 804.070 589.852 997.102 1172.364 -1 -1 -1 -1000 -1000 -1000 -10 0.00045640
