Car -1 -1 -10 1321.694 580.712 1505.307 723.137 -1 -1 -1 -1000 -1000 -1000 -10 0.99751167
Car -1 -1 -10 1752.535 585.028 1846.302 644.979 -1 -1 -1 -1000 -1000 -1000 -10 0.04126165
Car -1 -1 -10 0.000 530.544 908.440 1196.942 -1 -1 -1 -1000 -1000 -1000 -10 0.01112106
Car -1 -1 -10 1876.429 582.480 1919.620 630.825 -1 -1 -1 -1000 -1000 -1000 -10 0.00394826
Car -1 -1 -10 0.000 783.995 407.939 1198.756 -1 -1 -1 -1000 -1000 -1000 -10 0.00548574
Car -1 -1 -10 3.659 624.323 565.840 1123.593 -1 -1 -1 -1000 -1000 -1000 -10 0.00631311
Car -1 -1 -10 67.559 242.957 377.202 1192.131 -1 -1 -1 -1000 -1000 -1000 -10 0.00488186
Car -1 -1 -10 88.914 680.931 271.564 1200.000 -1 -1 -1 -1000 -1000 -1000 -10 0.00143180
Car -1 -1 -10 777.753 570.112 949.497 655.429 -1 -1 -1 -1000 -1000 -1000 -10 0.00140260
Car -1 -1 -10 18.799 691.331 274.834 1200.000 -1 -1 -1 -1000 -1000 -1000 -10 0.00251167
Car -1 -1 -10 1308.398 585.747 1424.825 699.729 -1 -1 -1 -1000 -1000 -1000 -10 0.00136698
Car -1 -1 -10 0.000 826.408 213.421 1195.682 -1 -1 -1 -1000 -1000 -1000 -10 0.00134513
Car -1 -1 -10 102.945 735.948 795.846 1152.487 -1 -1 -1 -1000 -1000 -1000 -10 0.00131463
Car -1 -1 -10 13.350 988.836 424.588 1200.000 -1 -1 -1 -1000 -1000 -1000 -10 0.00243428
Car -1 -1 -10 160.647 677.369 344.419 1200.000 -1 -1 -1 -1000 -1000 -1000 -10 0.00121534
Car -1 -1 -10 20.699 608.908 147.154 1198.056 -1 -1 -1 -1000 -1000 -1000 -10 0.00120736
Car -1 -1 -10 6.265 1084.638 290.921 1200.000 -1 -1 -1 -1000 -1000 -1000 -10 0.00119972
Car -1 -1 -10 0.000 1104.505 48.906 1200.000 -1 -1 -1 -1000 -1000 -1000 -10 0.00114953
Car -1 -1 -10 140.524 619.483 269.330 1196.977 -1 -1 -1 -1000 -1000 -1000 -10 0.00113423
Car -1 -1 -10 0.000 1106.963 90.148 1200.000 -1 -1 -1 -1000 -1000 -1000 -10 0.00111726
Car -1 -1 -10 17.691 931.570 487.982 1200.000 -1 -1 -1 -1000 -1000 -1000 -10 0.00110690
Car -1 -1 -10 0.000 1027.041 291.228 1200.000 -1 -1 -1 -1000 -1000 -1000 -10 0.00107378
Car -1 -1 -10 160.888 414.233 457.754 1200.000 -1 -1 -1 -1000 -1000 -1000 -10 0.00106473
Car -1 -1 -10 9.591 1105.723 261.436 1200.000 -1 -1 -1 -1000 -1000 -1000 -10 0.00105625
Car -1 -1 -10 305.979 420.463 602.980 1200.000 -1 -1 -1 -1000 -1000 -1000 -10 0.00103455
Car -1 -1 -10 1401.625 588.446 1516.790 699.198 -1 -1 -1 -1000 -1000 -1000 -10 0.00101807
Car -1 -1 -10 45.452 752.448 170.439 1200.000 -1 -1 -1 -1000 -1000 -1000 -10 0.00100634
