Car -1 -1 -10 759.524 544.449 864.913 642.474 -1 -1 -1 -1000 -1000 -1000 -10 0.99997777
Car -1 -1 -10 1193.201 526.983 1356.687 607.880 -1 -1 -1 -1000 -1000 -1000 -10 0.48531264
Car -1 -1 -10 453.494 584.978 1567.523 1191.687 -1 -1 -1 -1000 -1000 -1000 -10 0.36484269
Car -1 -1 -10 636.753 560.249 692.544 607.398 -1 -1 -1 -1000 -1000 -1000 -10 0.01493313
Car -1 -1 -10 688.791 756.398 1419.650 1200.000 -1 -1 -1 -1000 -1000 -1000 -10 0.01219480
Car -1 -1 -10 0.000 507.379 1060.528 1179.180 -1 -1 -1 -1000 -1000 -1000 -10 0.01042072
Car -1 -1 -10 395.433 771.580 1257.071 1179.197 -1 -1 -1 -1000 -1000 -1000 -10 0.00789004
Car -1 -1 -10 460.608 4.946 1056.621 312.045 -1 -1 -1 -1000 -1000 -1000 -10 0.01062601
Car -1 -1 -10 614.762 12.029 898.913 385.369 -1 -1 -1 -1000 -1000 -1000 -10 0.00930499
Car -1 -1 -10 654.749 47.980 807.381 588.955 -1 -1 -1 -1000 -1000 -1000 -10 0.00446155
Car -1 -1 -10 0.000 745.876 598.367 1200.000 -1 -1 -1 -1000 -1000 -1000 -10 0.00229867
Car -1 -1 -10 609.124 25.156 896.242 198.806 -1 -1 -1 -1000 -1000 -1000 -10 0.00608596
Car -1 -1 -10 659.685 57.867 853.902 710.772 -1 -1 -1 -1000 -1000 -1000 -10 0.00214042
Car -1 -1 -10 794.997 602.609 1323.059 930.912 -1 -1 -1 -1000 -1000 -1000 -10 0.00207108
Car -1 -1 -10 662.186 77.173 836.528 245.336 -1 -1 -1 -1000 -1000 -1000 -10 0.00189431
Car -1 -1 -10 675.155 49.119 800.696 174.352 -1 -1 -1 -1000 -1000 -1000 -10 0.00186241
Car -1 -1 -10 657.847 18.896 769.490 383.137 -1 -1 -1 -1000 -1000 -1000 -10 0.00177537
Car -1 -1 -10 683.754 63.814 831.689 591.948 -1 -1 -1 -1000 -1000 -1000 -10 0.00174879
Car -1 -1 -10 859.587 266.954 1158.739 1199.781 -1 -1 -1 -1000 -1000 -1000 -10 0.00174655
Car -1 -1 -10 662.938 100.708 789.632 227.049 -1 -1 -1 -1000 -1000 -1000 -10 0.00169697
Car -1 -1 -10 572.910 77.323 850.989 249.654 -1 -1 -1 -1000 -1000 -1000 -10 0.00164308
Car -1 -1 -10 699.726 46.916 824.896 179.025 -1 -1 -1 -1000 -1000 -1000 -10 0.00162856
