Car -1 -1 -10 0.000 794.055 457.169 1197.986 -1 -1 -1 -1000 -1000 -1000 -10 0.00636681
Car -1 -1 -10 1.833 576.274 604.615 1200.000 -1 -1 -1 -1000 -1000 -1000 -10 0.00436963
Car -1 -1 -10 1467.424 807.968 1920.000 1200.000 -1 -1 -1 -1000 -1000 -1000 -10 0.00538965
Car -1 -1 -10 1489.203 602.050 1920.000 950.584 -1 -1 -1 -1000 -1000 -1000 -10 0.00283125
Car -1 -1 -10 0.000 935.737 323.323 1200.000 -1 -1 -1 -1000 -1000 -1000 -10 0.00127117
Car -1 -1 -10 68.674 61.353 362.520 1200.000 -1 -1 -1 -1000 -1000 -1000 -10 0.00231968
Car -1 -1 -10 1653.125 994.752 1920.000 1200.000 -1 -1 -1 -1000 -1000 -1000 -10 0.00194835
Car -1 -1 -10 0.000 534.747 479.067 925.453 -1 -1 -1 -1000 -1000 -1000 -10 0.00087408
Car -1 -1 -10 65.820 573.098 194.320 1200.000 -1 -1 -1 -1000 -1000 -1000 -10 0.00087298
Car -1 -1 -10 1830.170 1110.724 1920.000 1200.000 -1 -1 -1 -1000 -1000 -1000 -10 0.00085663
Car -1 -1 -10 0.000 613.378 353.535 1096.149 -1 -1 -1 -1000 -1000 -1000 -10 0.00084195
Car -1 -1 -10 1604.449 939.293 1920.000 1200.000 -1 -1 -1 -1000 -1000 -1000 -10 0.00080735
Car -1 -1 -10 1613.007 1061.315 1913.217 1200.000 -1 -1 -1 -1000 -1000 -1000 -10 0.00080186
Car -1 -1 -10 1408.394 465.181 1882.754 1200.000 -1 -1 -1 -1000 -1000 -1000 -10 0.00078740
Car -1 -1 -10 350.030 1107.268 608.202 1200.000 -1 -1 -1 -1000 -1000 -1000 -10 0.00147011
Car -1 -1 -10 13.943 558.192 313.368 902.294 -1 -1 -1 -1000 -1000 -1000 -10 0.00073553
Car -1 -1 -10 1871.159 1107.111 1920.000 1200.000 -1 -1 -1 -1000 -1000 -1000 -10 0.00071237
Car -1 -1 -10 404.851 625.221 579.525 1190.543 -1 -1 -1 -1000 -1000 -1000 -10 0.00070734
