Car -1 -1 -10 1170.591 554.856 1330.822 678.765 -1 -1 -1 -1000 -1000 -1000 -10 0.99972808
Car -1 -1 -10 1122.836 580.572 1195.724 657.072 -1 -1 -1 -1000 -1000 -1000 -10 0.96733882
Car -1 -1 -10 540.236 569.279 711.425 692.663 -1 -1 -1 -1000 -1000 -1000 -10 0.98578118
Car -1 -1 -10 656.610 585.284 757.884 661.938 -1 -1 -1 -1000 -1000 -1000 -10 0.06806742
Car -1 -1 -10 618.073 576.011 730.676 683.034 -1 -1 -1 -1000 -1000 -1000 -10 0.01932005
Car -1 -1 -10 1067.472 1090.460 1233.647 1192.606 -1 -1 -1 -1000 -1000 -1000 -10 0.02509089
Car -1 -1 -10 0.000 601.819 343.258 1200.000 -1 -1 -1 -1000 -1000 -1000 -10 0.00698421
Car -1 -1 -10 981.780 1072.331 1310.806 1196.884 -1 -1 -1 -1000 -1000 -1000 -10 0.01058321
Car -1 -1 -10 0.000 479.592 472.043 1200.000 -1 -1 -1 -1000 -1000 -1000 -10 0.00566269
Car -1 -1 -10 0.000 801.027 512.988 1199.345 -1 -1 -1 -1000 -1000 -1000 -10 0.01015196
Car -1 -1 -10 0.000 742.590 371.718 1121.269 -1 -1 -1 -1000 -1000 -1000 -10 0.00485868
Car -1 -1 -10 922.751 1080.269 1246.255 1200.000 -1 -1 -1 -1000 -1000 -1000 -10 0.00904192
Car -1 -1 -10 0.000 524.018 998.718 1200.000 -1 -1 -1 -1000 -1000 -1000 -10 0.00817172
Car -1 -1 -10 997.370 1091.026 1168.347 1190.650 -1 -1 -1 -1000 -1000 -1000 -10 0.01495136
Car -1 -1 -10 37.095 276.547 399.815 1200.000 -1 -1 -1 -1000 -1000 -1000 -10 0.00419766
Car -1 -1 -10 65.112 140.955 364.028 1200.000 -1 -1 -1 -1000 -1000 -1000 -10 0.00413526
Car -1 -1 -10 111.913 564.749 244.776 1191.815 -1 -1 -1 -1000 -1000 -1000 -10 0.00412025
Car -1 -1 -10 0.000 803.616 383.956 1056.848 -1 -1 -1 -1000 -1000 -1000 -10 0.00396402
Car -1 -1 -10 1054.516 651.926 1226.425 1191.278 -1 -1 -1 -1000 -1000 -1000 -10 0.00388631
Car -1 -1 -10 1133.959 1090.763 1283.029 1189.314 -1 -1 -1 -1000 -1000 -1000 -10 0.00355691
