Car -1 -1 -10 1118.314 564.711 1311.783 705.684 -1 -1 -1 -1000 -1000 -1000 -10 0.99996528
Car -1 -1 -10 723.561 575.386 769.538 619.250 -1 -1 -1 -1000 -1000 -1000 -10 0.19158728
Car -1 -1 -10 0.000 564.018 1064.318 1189.997 -1 -1 -1 -1000 -1000 -1000 -10 0.12579655
Car -1 -1 -10 1238.825 558.756 1345.095 633.314 -1 -1 -1 -1000 -1000 -1000 -10 0.01971919
Car -1 -1 -10 1199.598 552.746 1347.394 631.782 -1 -1 -1 -1000 -1000 -1000 -10 0.01813517
Car -1 -1 -10 1.916 697.052 719.143 1192.430 -1 -1 -1 -1000 -1000 -1000 -10 0.03559501
Car -1 -1 -10 1183.900 561.065 1334.478 664.699 -1 -1 -1 -1000 -1000 -1000 -10 0.01152963
Car -1 -1 -10 831.862 1054.678 1194.512 1200.000 -1 -1 -1 -1000 -1000 -1000 -10 0.02385008
Car -1 -1 -10 749.270 1033.268 1189.860 1200.000 -1 -1 -1 -1000 -1000 -1000 -10 0.00684654
Car -1 -1 -10 635.059 1041.378 1061.251 1200.000 -1 -1 -1 -1000 -1000 -1000 -10 0.01218807
Car -1 -1 -10 1239.846 566.207 1331.473 644.335 -1 -1 -1 -1000 -1000 -1000 -10 0.01565720
Car -1 -1 -10 862.111 859.235 1197.416 1192.857 -1 -1 -1 -1000 -1000 -1000 -10 0.01465041
Car -1 -1 -10 957.035 1096.691 1210.916 1200.000 -1 -1 -1 -1000 -1000 -1000 -10 0.00915326
Car -1 -1 -10 0.000 654.446 495.442 1200.000 -1 -1 -1 -1000 -1000 -1000 -10 0.00541505
Car -1 -1 -10 895.219 1095.429 1153.960 1200.000 -1 -1 -1 -1000 -1000 -1000 -10 0.00518906
Car -1 -1 -10 751.530 999.030 1303.134 1200.000 -1 -1 -1 -1000 -1000 -1000 -10 0.00981965
Car -1 -1 -10 655.333 1065.172 980.921 1198.984 -1 -1 -1 -1000 -1000 -1000 -10 0.00924259
Car -1 -1 -10 1005.096 1086.277 1170.287 1193.081 -1 -1 -1 -1000 -1000 -1000 -10 0.00478491
Car -1 -1 -10 922.957 1084.482 1087.080 1192.262 -1 -1 -1 -1000 -1000 -1000 -10 0.00852962
Car -1 -1 -10 974.032 1081.333 1298.981 1200.000 -1 -1 -1 -1000 -1000 -1000 -10 0.00447963
Car -1 -1 -10 891.822 1097.224 1067.259 1200.000 -1 -1 -1 -1000 -1000 -1000 -10 0.00414539
Car -1 -1 -10 678.028 901.702 976.875 1200.000 -1 -1 -1 -1000 -1000 -1000 -10 0.00408533
Car -1 -1 -10 879.732 956.894 1115.643 1200.000 -1 -1 -1 -1000 -1000 -1000 -10 0.00392209
Car -1 -1 -10 831.409 1082.996 891.290 1200.000 -1 -1 -1 -1000 -1000 -1000 -10 0.00368699
Car -1 -1 -10 732.983 1098.107 908.846 1200.000 -1 -1 -1 -1000 -1000 -1000 -10 0.00722892
Car -1 -1 -10 912.455 992.388 1135.847 1200.000 -1 -1 -1 -1000 -1000 -1000 -10 0.00354254
Car -1 -1 -10 113.180 759.478 450.968 1186.333 -1 -1 -1 -1000 -1000 -1000 -10 0.00353903
Car -1 -1 -10 1046.629 1089.390 1212.870 1191.263 -1 -1 -1 -1000 -1000 -1000 -10 0.00340079
