Car -1 -1 -10 0.000 681.358 56.046 736.617 -1 -1 -1 -1000 -1000 -1000 -10 0.01892810
Car -1 -1 -10 0.000 626.314 492.647 1196.441 -1 -1 -1 -1000 -1000 -1000 -10 0.00959960
Car -1 -1 -10 710.613 0.000 1281.300 215.669 -1 -1 -1 -1000 -1000 -1000 -10 0.00306596
Car -1 -1 -10 813.557 3.974 1178.336 373.242 -1 -1 -1 -1000 -1000 -1000 -10 0.00291531
Car -1 -1 -10 811.057 0.000 1178.414 206.904 -1 -1 -1 -1000 -1000 -1000 -10 0.00234854
Car -1 -1 -10 879.789 2.078 1120.286 246.815 -1 -1 -1 -1000 -1000 -1000 -10 0.00232180
Car -1 -1 -10 0.000 790.893 456.044 1199.022 -1 -1 -1 -1000 -1000 -1000 -10 0.00228348
Car -1 -1 -10 238.602 538.395 1381.745 1192.484 -1 -1 -1 -1000 -1000 -1000 -10 0.00641721
Car -1 -1 -10 904.748 32.228 1086.761 521.035 -1 -1 -1 -1000 -1000 -1000 -10 0.00207210
Car -1 -1 -10 873.952 14.864 1125.739 472.761 -1 -1 -1 -1000 -1000 -1000 -10 0.00196316
Car -1 -1 -10 971.111 32.551 1165.227 551.438 -1 -1 -1 -1000 -1000 -1000 -10 0.00361942
Car -1 -1 -10 621.242 4.827 1192.858 271.455 -1 -1 -1 -1000 -1000 -1000 -10 0.00348783
Car -1 -1 -10 956.326 2.233 1226.221 265.997 -1 -1 -1 -1000 -1000 -1000 -10 0.00321042
Car -1 -1 -10 827.915 35.486 1021.553 550.318 -1 -1 -1 -1000 -1000 -1000 -10 0.00292002
Car -1 -1 -10 793.755 21.529 1047.653 472.199 -1 -1 -1 -1000 -1000 -1000 -10 0.00282221
Car -1 -1 -10 865.361 4.671 1032.397 333.611 -1 -1 -1 -1000 -1000 -1000 -10 0.00154374
Car -1 -1 -10 900.833 0.000 1236.897 120.727 -1 -1 -1 -1000 -1000 -1000 -10 0.00152432
Car -1 -1 -10 931.364 14.600 1059.737 411.477 -1 -1 -1 -1000 -1000 -1000 -10 0.00152328
Car -1 -1 -10 814.855 3.083 1077.080 258.399 -1 -1 -1 -1000 -1000 -1000 -10 0.00151674
Car -1 -1 -10 882.086 2.924 1053.051 147.233 -1 -1 -1 -1000 -1000 -1000 -10 0.00148765
Car -1 -1 -10 823.324 0.000 1151.338 120.745 -1 -1 -1 -1000 -1000 -1000 -10 0.00145921
Car -1 -1 -10 845.246 45.593 1119.115 819.181 -1 -1 -1 -1000 -1000 -1000 -10 0.00277145
Car -1 -1 -10 928.367 0.000 1052.840 133.514 -1 -1 -1 -1000 -1000 -1000 -10 0.00143688
Car -1 -1 -10 684.326 3.683 1114.439 289.862 -1 -1 -1 -1000 -1000 -1000 -10 0.00142681
Car -1 -1 -10 773.640 1.504 1034.485 255.106 -1 -1 -1 -1000 -1000 -1000 -10 0.00140055
Car -1 -1 -10 1002.623 13.699 1131.822 413.793 -1 -1 -1 -1000 -1000 -1000 -10 0.00137204
Car -1 -1 -10 927.303 0.000 1028.185 114.330 -1 -1 -1 -1000 -1000 -1000 -10 0.00134562
Car -1 -1 -10 0.000 654.480 55.748 758.311 -1 -1 -1 -1000 -1000 -1000 -10 0.00132989
Car -1 -1 -10 856.931 1.886 979.836 124.114 -1 -1 -1 -1000 -1000 -1000 -10 0.00129762
Car -1 -1 -10 766.195 0.000 1085.846 185.636 -1 -1 -1 -1000 -1000 -1000 -10 0.00127557
Car -1 -1 -10 217.117 5.860 585.274 370.827 -1 -1 -1 -1000 -1000 -1000 -10 0.00116641
Car -1 -1 -10 736.560 0.000 1135.305 153.996 -1 -1 -1 -1000 -1000 -1000 -10 0.00116508
Car -1 -1 -10 125.481 2.272 753.097 273.911 -1 -1 -1 -1000 -1000 -1000 -10 0.00219414
Car -1 -1 -10 675.315 21.670 929.549 471.931 -1 -1 -1 -1000 -1000 -1000 -10 0.00114444
Car -1 -1 -10 699.881 1.364 956.318 252.663 -1 -1 -1 -1000 -1000 -1000 -10 0.00111024
Car -1 -1 -10 743.551 41.357 1038.028 839.649 -1 -1 -1 -1000 -1000 -1000 -10 0.00202404
Car -1 -1 -10 834.276 20.257 967.224 411.841 -1 -1 -1 -1000 -1000 -1000 -10 0.00098135
Car -1 -1 -10 860.477 14.952 988.175 413.045 -1 -1 -1 -1000 -1000 -1000 -10 0.00096622
Car -1 -1 -10 740.969 38.824 916.340 509.383 -1 -1 -1 -1000 -1000 -1000 -10 0.00094779
Car -1 -1 -10 647.172 0.000 963.211 182.727 -1 -1 -1 -1000 -1000 -1000 -10 0.00092523
Car -1 -1 -10 724.948 4.706 981.851 319.942 -1 -1 -1 -1000 -1000 -1000 -10 0.00090963
Car -1 -1 -10 865.471 12.026 1021.354 113.155 -1 -1 -1 -1000 -1000 -1000 -10 0.00090111
Car -1 -1 -10 0.000 879.064 263.418 1200.000 -1 -1 -1 -1000 -1000 -1000 -10 0.00088197
