Car -1 -1 -10 798.914 572.055 902.383 650.157 -1 -1 -1 -1000 -1000 -1000 -10 0.53348227
Car -1 -1 -10 0.000 505.936 1167.384 1190.827 -1 -1 -1 -1000 -1000 -1000 -10 0.01382791
Car -1 -1 -10 486.381 529.178 1719.290 1191.994 -1 -1 -1 -1000 -1000 -1000 -10 0.01410306
Car -1 -1 -10 0.000 510.547 875.192 1194.784 -1 -1 -1 -1000 -1000 -1000 -10 0.00894334
Car -1 -1 -10 5.042 799.609 607.717 1200.000 -1 -1 -1 -1000 -1000 -1000 -10 0.01488575
Car -1 -1 -10 0.000 568.892 358.311 1200.000 -1 -1 -1 -1000 -1000 -1000 -10 0.00608235
Car -1 -1 -10 536.214 772.472 1480.077 1187.702 -1 -1 -1 -1000 -1000 -1000 -10 0.00254968
Car -1 -1 -10 140.784 627.870 270.872 1200.000 -1 -1 -1 -1000 -1000 -1000 -10 0.00251178
Car -1 -1 -10 22.219 1036.291 451.597 1200.000 -1 -1 -1 -1000 -1000 -1000 -10 0.00412233
Car -1 -1 -10 5.860 841.381 305.785 1199.398 -1 -1 -1 -1000 -1000 -1000 -10 0.00862197
Car -1 -1 -10 72.560 192.282 358.949 1200.000 -1 -1 -1 -1000 -1000 -1000 -10 0.00225258
Car -1 -1 -10 91.687 616.115 220.569 1200.000 -1 -1 -1 -1000 -1000 -1000 -10 0.00370789
Car -1 -1 -10 10.112 988.931 474.650 1200.000 -1 -1 -1 -1000 -1000 -1000 -10 0.00205572
Car -1 -1 -10 114.021 190.620 404.103 1183.246 -1 -1 -1 -1000 -1000 -1000 -10 0.00205375
Car -1 -1 -10 649.274 743.054 1394.517 1178.484 -1 -1 -1 -1000 -1000 -1000 -10 0.00204862
Car -1 -1 -10 57.895 626.311 766.358 1097.128 -1 -1 -1 -1000 -1000 -1000 -10 0.00204682
Car -1 -1 -10 279.042 431.967 540.433 1200.000 -1 -1 -1 -1000 -1000 -1000 -10 0.00196832
Car -1 -1 -10 307.435 571.311 438.588 1200.000 -1 -1 -1 -1000 -1000 -1000 -10 0.00191873
Car -1 -1 -10 278.525 250.160 579.816 1200.000 -1 -1 -1 -1000 -1000 -1000 -10 0.00187825
Car -1 -1 -10 187.328 251.316 486.985 1200.000 -1 -1 -1 -1000 -1000 -1000 -10 0.00187588
Car -1 -1 -10 212.442 615.351 343.055 1200.000 -1 -1 -1 -1000 -1000 -1000 -10 0.00183282
Car -1 -1 -10 272.387 706.847 512.089 1155.360 -1 -1 -1 -1000 -1000 -1000 -10 0.00182419
Car -1 -1 -10 33.455 856.118 492.780 1096.953 -1 -1 -1 -1000 -1000 -1000 -10 0.00181842
Car -1 -1 -10 145.392 775.276 334.497 1200.000 -1 -1 -1 -1000 -1000 -1000 -10 0.00323910
Car -1 -1 -10 1.112 1022.637 265.551 1200.000 -1 -1 -1 -1000 -1000 -1000 -10 0.00173396
Car -1 -1 -10 161.733 620.171 290.707 1200.000 -1 -1 -1 -1000 -1000 -1000 -10 0.00164241
Car -1 -1 -10 19.616 754.780 147.051 1197.026 -1 -1 -1 -1000 -1000 -1000 -10 0.00162533
Car -1 -1 -10 34.708 715.954 183.089 1200.000 -1 -1 -1 -1000 -1000 -1000 -10 0.00159030
Car -1 -1 -10 198.454 789.102 1062.679 1195.308 -1 -1 -1 -1000 -1000 -1000 -10 0.00158615
Car -1 -1 -10 5.537 1083.668 279.858 1200.000 -1 -1 -1 -1000 -1000 -1000 -10 0.00153124
Car -1 -1 -10 122.428 861.667 425.507 1200.000 -1 -1 -1 -1000 -1000 -1000 -10 0.00150504
Car -1 -1 -10 711.470 677.812 1420.685 1054.180 -1 -1 -1 -1000 -1000 -1000 -10 0.00149093
Car -1 -1 -10 258.082 618.954 386.485 1200.000 -1 -1 -1 -1000 -1000 -1000 -10 0.00148677
Car -1 -1 -10 829.027 580.682 898.371 635.831 -1 -1 -1 -1000 -1000 -1000 -10 0.00146706
Car -1 -1 -10 902.097 401.790 1158.186 1200.000 -1 -1 -1 -1000 -1000 -1000 -10 0.00146577
