Car -1 -1 -10 569.131 592.247 630.349 647.870 -1 -1 -1 -1000 -1000 -1000 -10 0.18606375
Car -1 -1 -10 8.493 795.260 433.117 1197.593 -1 -1 -1 -1000 -1000 -1000 -10 0.00723656
Car -1 -1 -10 185.556 839.160 530.955 1198.078 -1 -1 -1 -1000 -1000 -1000 -10 0.00569829
Car -1 -1 -10 205.380 974.286 765.968 1200.000 -1 -1 -1 -1000 -1000 -1000 -10 0.00366417
Car -1 -1 -10 206.409 801.833 578.156 1194.866 -1 -1 -1 -1000 -1000 -1000 -10 0.00194203
Car -1 -1 -10 20.977 638.658 228.422 1193.131 -1 -1 -1 -1000 -1000 -1000 -10 0.00440286
Car -1 -1 -10 268.865 1168.662 322.245 1200.000 -1 -1 -1 -1000 -1000 -1000 -10 0.00178229
Car -1 -1 -10 117.748 987.474 653.690 1200.000 -1 -1 -1 -1000 -1000 -1000 -10 0.00307074
Car -1 -1 -10 325.842 863.819 647.163 1199.294 -1 -1 -1 -1000 -1000 -1000 -10 0.00301558
Car -1 -1 -10 4.885 1058.374 329.323 1200.000 -1 -1 -1 -1000 -1000 -1000 -10 0.00154631
Car -1 -1 -10 0.000 634.540 492.173 1200.000 -1 -1 -1 -1000 -1000 -1000 -10 0.00285270
Car -1 -1 -10 9.288 1085.147 295.217 1200.000 -1 -1 -1 -1000 -1000 -1000 -10 0.00146709
Car -1 -1 -10 290.733 830.206 454.652 1200.000 -1 -1 -1 -1000 -1000 -1000 -10 0.00137220
Car -1 -1 -10 272.009 862.563 428.451 1199.839 -1 -1 -1 -1000 -1000 -1000 -10 0.00228017
Car -1 -1 -10 252.537 929.889 495.181 1200.000 -1 -1 -1 -1000 -1000 -1000 -10 0.00131837
Car -1 -1 -10 1671.365 732.208 1740.003 806.876 -1 -1 -1 -1000 -1000 -1000 -10 0.00129745
Car -1 -1 -10 146.845 818.404 310.762 1200.000 -1 -1 -1 -1000 -1000 -1000 -10 0.00127078
Car -1 -1 -10 23.800 823.557 301.555 996.352 -1 -1 -1 -1000 -1000 -1000 -10 0.00125715
Car -1 -1 -10 122.246 1019.371 563.945 1200.000 -1 -1 -1 -1000 -1000 -1000 -10 0.00124876
Car -1 -1 -10 69.924 831.216 392.776 1200.000 -1 -1 -1 -1000 -1000 -1000 -10 0.00123546
Car -1 -1 -10 295.330 673.217 472.903 1193.277 -1 -1 -1 -1000 -1000 -1000 -10 0.00211454
Car -1 -1 -10 14.907 985.528 393.992 1200.000 -1 -1 -1 -1000 -1000 -1000 -10 0.00119965
Car -1 -1 -10 235.458 687.263 413.629 1193.453 -1 -1 -1 -1000 -1000 -1000 -10 0.00119815
Car -1 -1 -10 124.268 820.470 285.882 1200.000 -1 -1 -1 -1000 -1000 -1000 -10 0.00117072
Car -1 -1 -10 163.917 747.928 290.748 1200.000 -1 -1 -1 -1000 -1000 -1000 -10 0.00216504
Car -1 -1 -10 168.567 1049.444 568.970 1200.000 -1 -1 -1 -1000 -1000 -1000 -10 0.00115962
Car -1 -1 -10 69.790 359.129 364.263 1200.000 -1 -1 -1 -1000 -1000 -1000 -10 0.00114542
Car -1 -1 -10 330.203 770.012 459.399 1200.000 -1 -1 -1 -1000 -1000 -1000 -10 0.00107606
Car -1 -1 -10 266.321 1160.137 303.444 1200.000 -1 -1 -1 -1000 -1000 -1000 -10 0.00107066
Car -1 -1 -10 426.231 774.094 556.258 1200.000 -1 -1 -1 -1000 -1000 -1000 -10 0.00205488
Car -1 -1 -10 309.970 1056.359 710.231 1200.000 -1 -1 -1 -1000 -1000 -1000 -10 0.00102274
Car -1 -1 -10 220.125 1046.387 456.987 1194.547 -1 -1 -1 -1000 -1000 -1000 -10 0.00102189
Car -1 -1 -10 319.452 1159.915 356.733 1200.000 -1 -1 -1 -1000 -1000 -1000 -10 0.00099798
Car -1 -1 -10 79.727 793.126 743.515 1200.000 -1 -1 -1 -1000 -1000 -1000 -10 0.00096501
Car -1 -1 -10 345.972 1105.863 602.662 1200.000 -1 -1 -1 -1000 -1000 -1000 -10 0.00093599
Car -1 -1 -10 211.881 1108.205 463.023 1200.000 -1 -1 -1 -1000 -1000 -1000 -10 0.00093273
Car -1 -1 -10 259.866 1160.744 297.144 1200.000 -1 -1 -1 -1000 -1000 -1000 -10 0.00089167
Car -1 -1 -10 234.983 755.753 362.418 1200.000 -1 -1 -1 -1000 -1000 -1000 -10 0.00087040
Car -1 -1 -10 32.688 691.682 184.000 1200.000 -1 -1 -1 -1000 -1000 -1000 -10 0.00083745
Car -1 -1 -10 0.000 982.440 503.301 1200.000 -1 -1 -1 -1000 -1000 -1000 -10 0.00081218
Car -1 -1 -10 85.185 1109.226 344.224 1200.000 -1 -1 -1 -1000 -1000 -1000 -10 0.00081000
Car -1 -1 -10 274.751 1051.413 410.194 1178.437 -1 -1 -1 -1000 -1000 -1000 -10 0.00079351
