Car -1 -1 -10 51.919 522.917 486.466 807.644 -1 -1 -1 -1000 -1000 -1000 -10 0.99864338
Car -1 -1 -10 1802.744 539.741 1892.184 600.174 -1 -1 -1 -1000 -1000 -1000 -10 0.11057196
Car -1 -1 -10 1559.244 530.684 1731.742 604.946 -1 -1 -1 -1000 -1000 -1000 -10 0.07303443
Car -1 -1 -10 1181.964 544.554 1335.139 627.452 -1 -1 -1 -1000 -1000 -1000 -10 0.06355898
Car -1 -1 -10 5.242 496.170 306.920 764.442 -1 -1 -1 -1000 -1000 -1000 -10 0.01968812
Car -1 -1 -10 1678.255 541.511 1835.603 626.632 -1 -1 -1 -1000 -1000 -1000 -10 0.01629825
Car -1 -1 -10 1173.892 543.729 1278.905 618.535 -1 -1 -1 -1000 -1000 -1000 -10 0.01285174
Car -1 -1 -10 1361.576 524.014 1898.345 1200.000 -1 -1 -1 -1000 -1000 -1000 -10 0.01070849
Car -1 -1 -10 1507.070 536.732 1615.088 605.105 -1 -1 -1 -1000 -1000 -1000 -10 0.00553559
Car -1 -1 -10 1634.756 526.493 1801.551 605.426 -1 -1 -1 -1000 -1000 -1000 -10 0.01118986
Car -1 -1 -10 1817.888 544.435 1883.120 596.719 -1 -1 -1 -1000 -1000 -1000 -10 0.00492343
Car -1 -1 -10 0.000 514.700 133.091 653.648 -1 -1 -1 -1000 -1000 -1000 -10 0.00827567
Car -1 -1 -10 1204.746 560.775 1312.289 630.299 -1 -1 -1 -1000 -1000 -1000 -10 0.00795415
Car -1 -1 -10 2.372 500.483 177.245 677.513 -1 -1 -1 -1000 -1000 -1000 -10 0.00399523
