Car -1 -1 -10 1099.493 554.118 1247.373 665.136 -1 -1 -1 -1000 -1000 -1000 -10 0.99996337
Car -1 -1 -10 672.662 548.192 763.241 622.972 -1 -1 -1 -1000 -1000 -1000 -10 0.99989754
Car -1 -1 -10 944.460 559.475 1027.398 624.642 -1 -1 -1 -1000 -1000 -1000 -10 0.42003147
Car -1 -1 -10 0.301 565.132 910.003 1194.096 -1 -1 -1 -1000 -1000 -1000 -10 0.17659818
Car -1 -1 -10 1164.792 559.526 1256.785 653.129 -1 -1 -1 -1000 -1000 -1000 -10 0.02147471
Car -1 -1 -10 1016.988 560.148 1061.861 606.827 -1 -1 -1 -1000 -1000 -1000 -10 0.01624766
Car -1 -1 -10 2.266 763.057 658.093 1195.013 -1 -1 -1 -1000 -1000 -1000 -10 0.01049322
Car -1 -1 -10 800.708 1042.616 1226.336 1200.000 -1 -1 -1 -1000 -1000 -1000 -10 0.00687139
Car -1 -1 -10 926.511 531.614 1018.243 616.627 -1 -1 -1 -1000 -1000 -1000 -10 0.00354505
Car -1 -1 -10 0.000 640.671 505.879 1200.000 -1 -1 -1 -1000 -1000 -1000 -10 0.00337402
Car -1 -1 -10 662.588 1034.357 1104.337 1200.000 -1 -1 -1 -1000 -1000 -1000 -10 0.00327019
Car -1 -1 -10 691.184 818.686 1297.022 1192.393 -1 -1 -1 -1000 -1000 -1000 -10 0.00319248
Car -1 -1 -10 734.125 1053.219 1128.333 1200.000 -1 -1 -1 -1000 -1000 -1000 -10 0.00298392
Car -1 -1 -10 934.209 537.020 1009.911 610.737 -1 -1 -1 -1000 -1000 -1000 -10 0.00284435
Car -1 -1 -10 875.162 893.606 1166.111 1200.000 -1 -1 -1 -1000 -1000 -1000 -10 0.00527456
Car -1 -1 -10 548.328 797.117 1162.648 1190.917 -1 -1 -1 -1000 -1000 -1000 -10 0.00274084
Car -1 -1 -10 0.000 556.551 373.796 1200.000 -1 -1 -1 -1000 -1000 -1000 -10 0.00270325
Car -1 -1 -10 77.154 247.193 390.433 1196.566 -1 -1 -1 -1000 -1000 -1000 -10 0.00257375
Car -1 -1 -10 805.325 896.244 1094.335 1200.000 -1 -1 -1 -1000 -1000 -1000 -10 0.00252116
Car -1 -1 -10 921.692 529.832 1920.000 1199.629 -1 -1 -1 -1000 -1000 -1000 -10 0.00499022
Car -1 -1 -10 930.585 1087.668 1093.547 1189.866 -1 -1 -1 -1000 -1000 -1000 -10 0.00483256
Car -1 -1 -10 771.510 1099.996 1019.506 1200.000 -1 -1 -1 -1000 -1000 -1000 -10 0.00241955
Car -1 -1 -10 1132.463 774.660 1749.573 1186.721 -1 -1 -1 -1000 -1000 -1000 -10 0.00225268
Car -1 -1 -10 674.798 1014.445 1041.893 1190.021 -1 -1 -1 -1000 -1000 -1000 -10 0.00223431
Car -1 -1 -10 610.721 982.669 1154.753 1200.000 -1 -1 -1 -1000 -1000 -1000 -10 0.00223240
Car -1 -1 -10 701.157 832.415 1041.724 1196.315 -1 -1 -1 -1000 -1000 -1000 -10 0.00210239
Car -1 -1 -10 955.420 769.682 1083.836 1200.000 -1 -1 -1 -1000 -1000 -1000 -10 0.00193401
