Car -1 -1 -10 123.765 3.869 1874.511 1185.802 -1 -1 -1 -1000 -1000 -1000 -10 0.18581387
Car -1 -1 -10 0.000 421.362 984.479 1192.566 -1 -1 -1 -1000 -1000 -1000 -10 0.03367002
Car -1 -1 -10 0.000 0.664 822.255 1186.231 -1 -1 -1 -1000 -1000 -1000 -10 0.03003006
Car -1 -1 -10 18.575 422.882 1379.371 1195.996 -1 -1 -1 -1000 -1000 -1000 -10 0.07227145
Car -1 -1 -10 0.000 8.739 572.577 1109.591 -1 -1 -1 -1000 -1000 -1000 -10 0.03913564
Car -1 -1 -10 0.000 111.760 933.353 928.789 -1 -1 -1 -1000 -1000 -1000 -10 0.02790180
Car -1 -1 -10 0.000 501.637 820.093 1052.165 -1 -1 -1 -1000 -1000 -1000 -10 0.05323130
Car -1 -1 -10 0.751 2.304 584.940 365.937 -1 -1 -1 -1000 -1000 -1000 -10 0.04478619
Car -1 -1 -10 985.840 364.487 1919.349 1173.147 -1 -1 -1 -1000 -1000 -1000 -10 0.04624258
Car -1 -1 -10 0.000 0.000 842.522 684.377 -1 -1 -1 -1000 -1000 -1000 -10 0.01302739
Car -1 -1 -10 11.659 20.235 405.927 1002.627 -1 -1 -1 -1000 -1000 -1000 -10 0.01905595
Car -1 -1 -10 196.986 73.251 1315.621 923.359 -1 -1 -1 -1000 -1000 -1000 -10 0.01172128
Car -1 -1 -10 397.954 0.000 1647.861 666.418 -1 -1 -1 -1000 -1000 -1000 -10 0.02153815
Car -1 -1 -10 0.000 5.954 352.779 265.812 -1 -1 -1 -1000 -1000 -1000 -10 0.01082105
Car -1 -1 -10 16.427 88.724 1171.871 965.069 -1 -1 -1 -1000 -1000 -1000 -10 0.01063525
Car -1 -1 -10 0.000 229.784 674.889 861.210 -1 -1 -1 -1000 -1000 -1000 -10 0.01869352
Car -1 -1 -10 4.966 7.756 417.602 661.593 -1 -1 -1 -1000 -1000 -1000 -10 0.01785073
Car -1 -1 -10 0.000 4.182 330.412 211.983 -1 -1 -1 -1000 -1000 -1000 -10 0.00999246
Car -1 -1 -10 2.913 454.591 558.798 852.347 -1 -1 -1 -1000 -1000 -1000 -10 0.01622236
Car -1 -1 -10 991.634 91.282 1920.000 911.571 -1 -1 -1 -1000 -1000 -1000 -10 0.01816899
Car -1 -1 -10 31.816 367.891 726.888 754.458 -1 -1 -1 -1000 -1000 -1000 -10 0.00882506
Car -1 -1 -10 1402.221 210.291 1920.000 1200.000 -1 -1 -1 -1000 -1000 -1000 -10 0.01664718
Car -1 -1 -10 422.303 298.417 1497.124 1130.543 -1 -1 -1 -1000 -1000 -1000 -10 0.01395329
Car -1 -1 -10 123.330 373.810 667.623 689.872 -1 -1 -1 -1000 -1000 -1000 -10 0.00698912
Car -1 -1 -10 74.438 631.473 377.279 788.364 -1 -1 -1 -1000 -1000 -1000 -10 0.00667772
Car -1 -1 -10 1111.540 561.368 1429.161 712.558 -1 -1 -1 -1000 -1000 -1000 -10 0.01319394
Car -1 -1 -10 1111.055 348.873 1838.091 749.886 -1 -1 -1 -1000 -1000 -1000 -10 0.01283948
Car -1 -1 -10 3.695 133.021 598.786 565.286 -1 -1 -1 -1000 -1000 -1000 -10 0.00629447
Car -1 -1 -10 278.866 34.000 574.183 1200.000 -1 -1 -1 -1000 -1000 -1000 -10 0.00629358
Car -1 -1 -10 0.000 596.923 612.076 1200.000 -1 -1 -1 -1000 -1000 -1000 -10 0.00611424
Car -1 -1 -10 265.726 165.440 471.925 932.083 -1 -1 -1 -1000 -1000 -1000 -10 0.00602140
Car -1 -1 -10 1309.947 438.634 1920.000 862.391 -1 -1 -1 -1000 -1000 -1000 -10 0.01188355
Car -1 -1 -10 1639.593 538.595 1920.000 686.551 -1 -1 -1 -1000 -1000 -1000 -10 0.00594420
