Car -1 -1 -10 1058.713 596.281 1190.230 704.084 -1 -1 -1 -1000 -1000 -1000 -10 0.98547703
Car -1 -1 -10 131.840 633.567 308.925 736.814 -1 -1 -1 -1000 -1000 -1000 -10 0.67267735
Car -1 -1 -10 6.713 634.884 291.484 753.508 -1 -1 -1 -1000 -1000 -1000 -10 0.45658022
Car -1 -1 -10 0.000 657.227 157.580 755.918 -1 -1 -1 -1000 -1000 -1000 -10 0.04916958
Car -1 -1 -10 40.089 632.939 197.632 746.566 -1 -1 -1 -1000 -1000 -1000 -10 0.00407217
Car -1 -1 -10 0.000 598.699 420.638 1150.087 -1 -1 -1 -1000 -1000 -1000 -10 0.00406826
Car -1 -1 -10 0.000 778.559 311.215 1197.189 -1 -1 -1 -1000 -1000 -1000 -10 0.00182027
Car -1 -1 -10 7.211 666.298 83.042 745.578 -1 -1 -1 -1000 -1000 -1000 -10 0.00168923
Car -1 -1 -10 0.000 606.030 282.279 958.007 -1 -1 -1 -1000 -1000 -1000 -10 0.00140248
Car -1 -1 -10 1578.677 570.433 1920.000 1200.000 -1 -1 -1 -1000 -1000 -1000 -10 0.00236980
Car -1 -1 -10 184.583 624.480 346.902 714.697 -1 -1 -1 -1000 -1000 -1000 -10 0.00133891
Car -1 -1 -10 0.000 608.882 119.955 733.593 -1 -1 -1 -1000 -1000 -1000 -10 0.00132068
Car -1 -1 -10 797.328 620.806 830.903 659.811 -1 -1 -1 -1000 -1000 -1000 -10 0.00129858
Car -1 -1 -10 0.000 788.533 446.620 1196.008 -1 -1 -1 -1000 -1000 -1000 -10 0.00126102
Car -1 -1 -10 0.000 652.721 68.143 758.034 -1 -1 -1 -1000 -1000 -1000 -10 0.00117825
Car -1 -1 -10 1027.801 597.504 1104.332 666.415 -1 -1 -1 -1000 -1000 -1000 -10 0.00113007
Car -1 -1 -10 18.033 522.284 113.538 841.098 -1 -1 -1 -1000 -1000 -1000 -10 0.00111650
Car -1 -1 -10 152.558 499.369 244.080 833.025 -1 -1 -1 -1000 -1000 -1000 -10 0.00110594
Car -1 -1 -10 33.839 609.012 79.813 777.121 -1 -1 -1 -1000 -1000 -1000 -10 0.00297475
Car -1 -1 -10 11.720 646.727 105.257 741.623 -1 -1 -1 -1000 -1000 -1000 -10 0.00106448
Car -1 -1 -10 1447.801 523.229 1915.666 909.919 -1 -1 -1 -1000 -1000 -1000 -10 0.00104126
Car -1 -1 -10 0.000 935.398 320.764 1200.000 -1 -1 -1 -1000 -1000 -1000 -10 0.00102200
Car -1 -1 -10 179.066 410.926 266.650 944.914 -1 -1 -1 -1000 -1000 -1000 -10 0.00191630
Car -1 -1 -10 0.000 458.165 299.253 814.516 -1 -1 -1 -1000 -1000 -1000 -10 0.00096231
Car -1 -1 -10 37.642 413.098 121.769 974.348 -1 -1 -1 -1000 -1000 -1000 -10 0.00095663
Car -1 -1 -10 2.338 1059.179 329.042 1200.000 -1 -1 -1 -1000 -1000 -1000 -10 0.00089859
Car -1 -1 -10 210.739 641.570 370.746 731.977 -1 -1 -1 -1000 -1000 -1000 -10 0.00087525
Car -1 -1 -10 198.581 530.137 243.021 855.808 -1 -1 -1 -1000 -1000 -1000 -10 0.00086609
Car -1 -1 -10 159.715 477.703 277.158 879.016 -1 -1 -1 -1000 -1000 -1000 -10 0.00086217
