Car -1 -1 -10 786.748 585.433 879.780 656.917 -1 -1 -1 -1000 -1000 -1000 -10 0.89192329
Car -1 -1 -10 0.000 427.339 724.451 1056.253 -1 -1 -1 -1000 -1000 -1000 -10 0.13347592
Car -1 -1 -10 14.219 364.165 680.250 1167.966 -1 -1 -1 -1000 -1000 -1000 -10 0.09225833
Car -1 -1 -10 546.151 583.335 621.850 652.410 -1 -1 -1 -1000 -1000 -1000 -10 0.02644486
Car -1 -1 -10 264.954 415.545 625.159 1030.419 -1 -1 -1 -1000 -1000 -1000 -10 0.01318300
Car -1 -1 -10 481.516 568.223 627.859 657.380 -1 -1 -1 -1000 -1000 -1000 -10 0.01038895
Car -1 -1 -10 0.000 397.561 438.563 934.065 -1 -1 -1 -1000 -1000 -1000 -10 0.00751379
Car -1 -1 -10 287.858 250.311 593.799 1185.096 -1 -1 -1 -1000 -1000 -1000 -10 0.00256612
Car -1 -1 -10 455.582 785.292 1052.873 1174.794 -1 -1 -1 -1000 -1000 -1000 -10 0.00198283
Car -1 -1 -10 0.000 793.738 459.135 1199.781 -1 -1 -1 -1000 -1000 -1000 -10 0.00367816
Car -1 -1 -10 107.728 428.413 681.154 822.866 -1 -1 -1 -1000 -1000 -1000 -10 0.00185104
Car -1 -1 -10 378.253 294.030 671.855 1183.598 -1 -1 -1 -1000 -1000 -1000 -10 0.00179926
Car -1 -1 -10 180.098 813.413 622.330 1044.254 -1 -1 -1 -1000 -1000 -1000 -10 0.00174569
Car -1 -1 -10 153.040 235.567 378.326 1200.000 -1 -1 -1 -1000 -1000 -1000 -10 0.00168866
Car -1 -1 -10 213.080 140.889 512.577 1166.935 -1 -1 -1 -1000 -1000 -1000 -10 0.00166880
Car -1 -1 -10 107.400 128.630 412.311 1182.145 -1 -1 -1 -1000 -1000 -1000 -10 0.00157989
