Car -1 -1 -10 951.915 577.908 1071.511 685.652 -1 -1 -1 -1000 -1000 -1000 -10 0.99998873
Car -1 -1 -10 1.144 604.356 204.215 775.403 -1 -1 -1 -1000 -1000 -1000 -10 0.03060185
Car -1 -1 -10 0.000 575.123 172.058 795.859 -1 -1 -1 -1000 -1000 -1000 -10 0.01013969
Car -1 -1 -10 11.039 576.001 425.077 1129.648 -1 -1 -1 -1000 -1000 -1000 -10 0.01064130
Car -1 -1 -10 0.000 488.229 189.461 863.089 -1 -1 -1 -1000 -1000 -1000 -10 0.00609008
Car -1 -1 -10 0.992 621.615 135.168 754.154 -1 -1 -1 -1000 -1000 -1000 -10 0.00651161
Car -1 -1 -10 0.000 656.566 143.621 764.157 -1 -1 -1 -1000 -1000 -1000 -10 0.00661679
Car -1 -1 -10 0.000 544.095 909.995 1193.528 -1 -1 -1 -1000 -1000 -1000 -10 0.01056547
Car -1 -1 -10 0.000 519.975 272.165 834.697 -1 -1 -1 -1000 -1000 -1000 -10 0.00508147
Car -1 -1 -10 16.926 276.476 153.016 1069.995 -1 -1 -1 -1000 -1000 -1000 -10 0.00251803
Car -1 -1 -10 54.824 635.371 208.974 739.010 -1 -1 -1 -1000 -1000 -1000 -10 0.00483998
Car -1 -1 -10 18.853 576.551 151.606 706.613 -1 -1 -1 -1000 -1000 -1000 -10 0.00406905
Car -1 -1 -10 4.280 1104.104 165.630 1200.000 -1 -1 -1 -1000 -1000 -1000 -10 0.00574788
Car -1 -1 -10 0.000 763.706 605.025 1200.000 -1 -1 -1 -1000 -1000 -1000 -10 0.00195585
Car -1 -1 -10 15.570 601.352 205.341 1188.441 -1 -1 -1 -1000 -1000 -1000 -10 0.00193601
Car -1 -1 -10 9.635 601.794 243.425 1055.485 -1 -1 -1 -1000 -1000 -1000 -10 0.00188641
Car -1 -1 -10 0.000 1025.232 262.233 1200.000 -1 -1 -1 -1000 -1000 -1000 -10 0.00180349
Car -1 -1 -10 35.773 567.127 98.740 812.911 -1 -1 -1 -1000 -1000 -1000 -10 0.00175715
Car -1 -1 -10 0.000 690.596 235.865 1042.522 -1 -1 -1 -1000 -1000 -1000 -10 0.00162614
Car -1 -1 -10 44.515 747.691 170.835 1200.000 -1 -1 -1 -1000 -1000 -1000 -10 0.00160864
Car -1 -1 -10 23.917 1023.034 202.172 1200.000 -1 -1 -1 -1000 -1000 -1000 -10 0.00160648
Car -1 -1 -10 1.222 894.841 239.542 1200.000 -1 -1 -1 -1000 -1000 -1000 -10 0.00158731
