Car -1 -1 -10 637.237 571.045 813.273 725.309 -1 -1 -1 -1000 -1000 -1000 -10 0.99778175
Car -1 -1 -10 1032.623 544.440 1268.972 664.927 -1 -1 -1 -1000 -1000 -1000 -10 0.84517606
Car -1 -1 -10 954.721 562.071 1118.839 650.291 -1 -1 -1 -1000 -1000 -1000 -10 0.17785156
Car -1 -1 -10 954.640 572.226 1043.244 637.919 -1 -1 -1 -1000 -1000 -1000 -10 0.02552757
Car -1 -1 -10 958.814 544.544 1127.195 634.319 -1 -1 -1 -1000 -1000 -1000 -10 0.02019132
Car -1 -1 -10 948.469 561.442 1052.367 636.927 -1 -1 -1 -1000 -1000 -1000 -10 0.01086835
Car -1 -1 -10 635.289 563.050 753.176 677.738 -1 -1 -1 -1000 -1000 -1000 -10 0.00823950
Car -1 -1 -10 914.579 560.634 1068.880 629.223 -1 -1 -1 -1000 -1000 -1000 -10 0.00529737
Car -1 -1 -10 992.257 544.964 1168.321 636.939 -1 -1 -1 -1000 -1000 -1000 -10 0.00349407
Car -1 -1 -10 1648.714 835.652 1794.038 934.935 -1 -1 -1 -1000 -1000 -1000 -10 0.00619192
Car -1 -1 -10 57.192 1030.880 526.662 1200.000 -1 -1 -1 -1000 -1000 -1000 -10 0.00241562
Car -1 -1 -10 859.076 563.911 945.119 623.181 -1 -1 -1 -1000 -1000 -1000 -10 0.00220503
Car -1 -1 -10 0.000 796.831 466.271 1199.151 -1 -1 -1 -1000 -1000 -1000 -10 0.00729693
Car -1 -1 -10 1133.100 563.062 1292.620 657.485 -1 -1 -1 -1000 -1000 -1000 -10 0.00488258
Car -1 -1 -10 218.212 797.647 403.529 1200.000 -1 -1 -1 -1000 -1000 -1000 -10 0.00364430
Car -1 -1 -10 1.149 987.161 584.619 1200.000 -1 -1 -1 -1000 -1000 -1000 -10 0.00180863
Car -1 -1 -10 956.856 509.042 1182.247 631.203 -1 -1 -1 -1000 -1000 -1000 -10 0.00156066
Car -1 -1 -10 1106.677 426.145 1197.856 755.650 -1 -1 -1 -1000 -1000 -1000 -10 0.00274341
Car -1 -1 -10 718.336 575.143 834.235 686.178 -1 -1 -1 -1000 -1000 -1000 -10 0.00153445
Car -1 -1 -10 622.980 568.437 732.783 694.393 -1 -1 -1 -1000 -1000 -1000 -10 0.00150665
Car -1 -1 -10 1013.506 570.105 1103.053 642.927 -1 -1 -1 -1000 -1000 -1000 -10 0.00146907
Car -1 -1 -10 725.898 596.648 834.645 711.922 -1 -1 -1 -1000 -1000 -1000 -10 0.00146255
Car -1 -1 -10 21.558 734.759 239.253 1200.000 -1 -1 -1 -1000 -1000 -1000 -10 0.00145132
Car -1 -1 -10 963.304 579.077 1027.738 632.942 -1 -1 -1 -1000 -1000 -1000 -10 0.00137635
Car -1 -1 -10 1005.458 560.885 1178.228 655.698 -1 -1 -1 -1000 -1000 -1000 -10 0.00125465
Car -1 -1 -10 719.067 677.764 929.719 1184.653 -1 -1 -1 -1000 -1000 -1000 -10 0.00124522
Car -1 -1 -10 14.382 991.098 427.824 1200.000 -1 -1 -1 -1000 -1000 -1000 -10 0.00124134
Car -1 -1 -10 49.584 830.471 211.477 1200.000 -1 -1 -1 -1000 -1000 -1000 -10 0.00121510
Car -1 -1 -10 532.823 835.210 878.884 1198.945 -1 -1 -1 -1000 -1000 -1000 -10 0.00218905
Car -1 -1 -10 5.063 1070.296 320.801 1200.000 -1 -1 -1 -1000 -1000 -1000 -10 0.00235380
Car -1 -1 -10 0.000 929.923 234.203 1200.000 -1 -1 -1 -1000 -1000 -1000 -10 0.00116922
Car -1 -1 -10 66.706 342.692 364.099 1200.000 -1 -1 -1 -1000 -1000 -1000 -10 0.00217496
Car -1 -1 -10 660.312 568.986 739.016 645.544 -1 -1 -1 -1000 -1000 -1000 -10 0.00113338
Car -1 -1 -10 1278.957 543.397 1421.817 637.146 -1 -1 -1 -1000 -1000 -1000 -10 0.00112384
Car -1 -1 -10 1496.969 564.478 1920.000 1137.846 -1 -1 -1 -1000 -1000 -1000 -10 0.00213458
Car -1 -1 -10 939.702 579.933 1002.344 632.620 -1 -1 -1 -1000 -1000 -1000 -10 0.00104766
Car -1 -1 -10 296.018 621.512 445.531 1199.235 -1 -1 -1 -1000 -1000 -1000 -10 0.00104635
Car -1 -1 -10 1136.862 545.237 1298.351 638.446 -1 -1 -1 -1000 -1000 -1000 -10 0.00103132
Car -1 -1 -10 124.102 827.552 284.917 1200.000 -1 -1 -1 -1000 -1000 -1000 -10 0.00100222
