Car -1 -1 -10 693.336 615.985 752.970 670.687 -1 -1 -1 -1000 -1000 -1000 -10 0.11847605
Car -1 -1 -10 359.735 619.394 530.190 701.744 -1 -1 -1 -1000 -1000 -1000 -10 0.02221799
Car -1 -1 -10 0.000 748.658 634.663 1200.000 -1 -1 -1 -1000 -1000 -1000 -10 0.00221933
Car -1 -1 -10 0.000 664.483 484.142 1200.000 -1 -1 -1 -1000 -1000 -1000 -10 0.00166538
Car -1 -1 -10 35.701 641.038 578.271 1200.000 -1 -1 -1 -1000 -1000 -1000 -10 0.00164382
Car -1 -1 -10 0.000 806.616 469.035 1200.000 -1 -1 -1 -1000 -1000 -1000 -10 0.00162276
Car -1 -1 -10 104.989 790.853 720.347 1196.521 -1 -1 -1 -1000 -1000 -1000 -10 0.00134657
Car -1 -1 -10 0.000 517.543 932.980 1183.198 -1 -1 -1 -1000 -1000 -1000 -10 0.00385512
Car -1 -1 -10 271.169 646.155 495.872 1190.570 -1 -1 -1 -1000 -1000 -1000 -10 0.00220175
Car -1 -1 -10 13.897 603.476 206.667 1187.791 -1 -1 -1 -1000 -1000 -1000 -10 0.00105927
Car -1 -1 -10 303.816 623.298 456.925 702.761 -1 -1 -1 -1000 -1000 -1000 -10 0.00104748
Car -1 -1 -10 1582.522 562.252 1920.000 1200.000 -1 -1 -1 -1000 -1000 -1000 -10 0.00182166
Car -1 -1 -10 188.457 637.748 363.380 1192.918 -1 -1 -1 -1000 -1000 -1000 -10 0.00098607
Car -1 -1 -10 1515.625 508.536 1913.312 1020.648 -1 -1 -1 -1000 -1000 -1000 -10 0.00097942
Car -1 -1 -10 1475.219 807.174 1920.000 1200.000 -1 -1 -1 -1000 -1000 -1000 -10 0.00183107
Car -1 -1 -10 686.372 641.226 872.641 1188.755 -1 -1 -1 -1000 -1000 -1000 -10 0.00186409
Car -1 -1 -10 13.578 381.354 310.434 1200.000 -1 -1 -1 -1000 -1000 -1000 -10 0.00095045
Car -1 -1 -10 123.859 630.531 406.440 1200.000 -1 -1 -1 -1000 -1000 -1000 -10 0.00094816
Car -1 -1 -10 3.827 1079.057 317.780 1200.000 -1 -1 -1 -1000 -1000 -1000 -10 0.00235925
Car -1 -1 -10 56.497 589.872 252.930 1180.869 -1 -1 -1 -1000 -1000 -1000 -10 0.00091545
Car -1 -1 -10 1500.768 375.814 1920.000 926.371 -1 -1 -1 -1000 -1000 -1000 -10 0.00177793
Car -1 -1 -10 1384.644 349.702 1920.000 688.652 -1 -1 -1 -1000 -1000 -1000 -10 0.00090639
Car -1 -1 -10 391.986 649.918 593.955 1193.387 -1 -1 -1 -1000 -1000 -1000 -10 0.00169569
Car -1 -1 -10 605.524 627.005 807.234 1189.340 -1 -1 -1 -1000 -1000 -1000 -10 0.00166902
Car -1 -1 -10 5.457 819.209 314.267 1200.000 -1 -1 -1 -1000 -1000 -1000 -10 0.00088623
Car -1 -1 -10 91.651 635.338 265.616 1194.117 -1 -1 -1 -1000 -1000 -1000 -10 0.00086191
Car -1 -1 -10 179.367 611.927 337.302 710.580 -1 -1 -1 -1000 -1000 -1000 -10 0.00164211
Car -1 -1 -10 813.424 1158.712 851.208 1200.000 -1 -1 -1 -1000 -1000 -1000 -10 0.00083429
Car -1 -1 -10 194.679 701.148 582.025 1198.957 -1 -1 -1 -1000 -1000 -1000 -10 0.00083269
Car -1 -1 -10 1660.099 420.864 1914.999 830.735 -1 -1 -1 -1000 -1000 -1000 -10 0.00151354
Car -1 -1 -10 53.967 920.866 710.702 1200.000 -1 -1 -1 -1000 -1000 -1000 -10 0.00159895
Car -1 -1 -10 226.944 1034.123 518.608 1191.688 -1 -1 -1 -1000 -1000 -1000 -10 0.00078303
Car -1 -1 -10 45.026 734.764 170.495 1200.000 -1 -1 -1 -1000 -1000 -1000 -10 0.00077256
Car -1 -1 -10 17.208 980.692 442.161 1200.000 -1 -1 -1 -1000 -1000 -1000 -10 0.00076625
Car -1 -1 -10 64.882 361.419 363.633 1200.000 -1 -1 -1 -1000 -1000 -1000 -10 0.00147710
Car -1 -1 -10 188.486 739.277 314.090 1200.000 -1 -1 -1 -1000 -1000 -1000 -10 0.00074713
Car -1 -1 -10 0.000 914.372 344.018 1200.000 -1 -1 -1 -1000 -1000 -1000 -10 0.00073199
Car -1 -1 -10 7.332 671.661 365.831 1079.151 -1 -1 -1 -1000 -1000 -1000 -10 0.00072350
Car -1 -1 -10 139.896 737.185 265.991 1200.000 -1 -1 -1 -1000 -1000 -1000 -10 0.00072063
Car -1 -1 -10 323.164 787.959 433.570 1200.000 -1 -1 -1 -1000 -1000 -1000 -10 0.00071974
Car -1 -1 -10 217.724 362.487 512.475 1200.000 -1 -1 -1 -1000 -1000 -1000 -10 0.00071713
Car -1 -1 -10 53.878 905.028 300.236 1200.000 -1 -1 -1 -1000 -1000 -1000 -10 0.00070347
Car -1 -1 -10 69.312 741.262 195.976 1200.000 -1 -1 -1 -1000 -1000 -1000 -10 0.00069531
Car -1 -1 -10 1689.800 650.860 1918.906 993.688 -1 -1 -1 -1000 -1000 -1000 -10 0.00068945
Car -1 -1 -10 236.544 734.606 362.306 1200.000 -1 -1 -1 -1000 -1000 -1000 -10 0.00067994
Car -1 -1 -10 202.878 815.537 545.836 1200.000 -1 -1 -1 -1000 -1000 -1000 -10 0.00067707
Car -1 -1 -10 1437.974 208.492 1909.998 740.215 -1 -1 -1 -1000 -1000 -1000 -10 0.00066793
Car -1 -1 -10 118.134 740.000 243.404 1200.000 -1 -1 -1 -1000 -1000 -1000 -10 0.00066631
