Car -1 -1 -10 394.834 510.311 1415.876 1177.491 -1 -1 -1 -1000 -1000 -1000 -10 0.11150136
Car -1 -1 -10 279.499 515.878 1004.193 994.368 -1 -1 -1 -1000 -1000 -1000 -10 0.05371096
Car -1 -1 -10 178.778 495.128 1281.164 1181.409 -1 -1 -1 -1000 -1000 -1000 -10 0.02838301
Car -1 -1 -10 733.909 529.476 1249.414 1021.167 -1 -1 -1 -1000 -1000 -1000 -10 0.03250147
Car -1 -1 -10 318.238 562.934 901.772 974.007 -1 -1 -1 -1000 -1000 -1000 -10 0.01416286
Car -1 -1 -10 575.233 538.980 1312.086 985.720 -1 -1 -1 -1000 -1000 -1000 -10 0.01139553
Car -1 -1 -10 0.000 765.364 630.715 1194.471 -1 -1 -1 -1000 -1000 -1000 -10 0.01931300
Car -1 -1 -10 718.002 766.611 1296.520 1176.526 -1 -1 -1 -1000 -1000 -1000 -10 0.00952370
Car -1 -1 -10 1410.662 578.970 1920.000 1194.232 -1 -1 -1 -1000 -1000 -1000 -10 0.00791447
Car -1 -1 -10 281.950 669.911 981.976 1197.343 -1 -1 -1 -1000 -1000 -1000 -10 0.01062674
Car -1 -1 -10 1760.773 588.600 1919.866 681.319 -1 -1 -1 -1000 -1000 -1000 -10 0.00571860
Car -1 -1 -10 886.648 554.291 1270.465 1196.515 -1 -1 -1 -1000 -1000 -1000 -10 0.00295480
Car -1 -1 -10 858.268 254.655 1173.325 1184.015 -1 -1 -1 -1000 -1000 -1000 -10 0.00576742
Car -1 -1 -10 343.626 639.195 881.160 1200.000 -1 -1 -1 -1000 -1000 -1000 -10 0.00272823
Car -1 -1 -10 666.617 229.185 970.213 1200.000 -1 -1 -1 -1000 -1000 -1000 -10 0.00262957
Car -1 -1 -10 777.477 593.746 1262.964 1193.352 -1 -1 -1 -1000 -1000 -1000 -10 0.00241944
Car -1 -1 -10 409.204 441.127 693.389 1177.751 -1 -1 -1 -1000 -1000 -1000 -10 0.00232717
Car -1 -1 -10 393.049 530.645 832.938 843.480 -1 -1 -1 -1000 -1000 -1000 -10 0.00212159
