Car -1 -1 -10 977.689 531.636 1920.000 1200.000 -1 -1 -1 -1000 -1000 -1000 -10 0.07360748
Car -1 -1 -10 0.000 152.340 1527.417 1200.000 -1 -1 -1 -1000 -1000 -1000 -10 0.03168444
Car -1 -1 -10 0.000 492.054 967.062 1197.939 -1 -1 -1 -1000 -1000 -1000 -10 0.03836458
Car -1 -1 -10 1489.403 661.930 1920.000 892.860 -1 -1 -1 -1000 -1000 -1000 -10 0.01857175
Car -1 -1 -10 1288.215 622.073 1917.439 1119.210 -1 -1 -1 -1000 -1000 -1000 -10 0.02433411
Car -1 -1 -10 1336.971 573.341 1920.000 948.136 -1 -1 -1 -1000 -1000 -1000 -10 0.00821547
Car -1 -1 -10 1433.260 535.061 1920.000 835.440 -1 -1 -1 -1000 -1000 -1000 -10 0.01253004
Car -1 -1 -10 1450.068 598.395 1920.000 867.724 -1 -1 -1 -1000 -1000 -1000 -10 0.00647509
Car -1 -1 -10 1405.287 418.961 1919.336 1180.996 -1 -1 -1 -1000 -1000 -1000 -10 0.00563503
Car -1 -1 -10 1322.025 556.207 1830.970 812.340 -1 -1 -1 -1000 -1000 -1000 -10 0.00556519
Car -1 -1 -10 1500.720 658.176 1920.000 1081.536 -1 -1 -1 -1000 -1000 -1000 -10 0.00511491
Car -1 -1 -10 1413.496 675.441 1876.461 963.243 -1 -1 -1 -1000 -1000 -1000 -10 0.00511458
Car -1 -1 -10 1473.310 499.479 1920.000 766.727 -1 -1 -1 -1000 -1000 -1000 -10 0.00462149
Car -1 -1 -10 1526.500 615.186 1920.000 847.768 -1 -1 -1 -1000 -1000 -1000 -10 0.00456950
Car -1 -1 -10 0.000 140.723 610.259 1200.000 -1 -1 -1 -1000 -1000 -1000 -10 0.00441355
Car -1 -1 -10 1402.112 598.478 1788.330 968.165 -1 -1 -1 -1000 -1000 -1000 -10 0.00418291
Car -1 -1 -10 1520.013 551.127 1819.562 1052.940 -1 -1 -1 -1000 -1000 -1000 -10 0.00416172
Car -1 -1 -10 1293.566 503.812 1799.754 761.158 -1 -1 -1 -1000 -1000 -1000 -10 0.00409559
Car -1 -1 -10 0.000 295.465 671.499 1003.934 -1 -1 -1 -1000 -1000 -1000 -10 0.00408813
Car -1 -1 -10 1550.334 699.680 1829.046 871.632 -1 -1 -1 -1000 -1000 -1000 -10 0.00407121
