Car -1 -1 -10 1109.991 554.608 1216.481 645.226 -1 -1 -1 -1000 -1000 -1000 -10 0.99835746
Car -1 -1 -10 863.529 845.637 1222.667 1192.423 -1 -1 -1 -1000 -1000 -1000 -10 0.01502818
Car -1 -1 -10 809.750 1025.395 1256.583 1200.000 -1 -1 -1 -1000 -1000 -1000 -10 0.00604918
Car -1 -1 -10 745.607 982.516 1315.199 1200.000 -1 -1 -1 -1000 -1000 -1000 -10 0.00596553
Car -1 -1 -10 0.000 765.059 651.241 1200.000 -1 -1 -1 -1000 -1000 -1000 -10 0.00936463
Car -1 -1 -10 789.529 842.355 1401.524 1199.903 -1 -1 -1 -1000 -1000 -1000 -10 0.00851244
Car -1 -1 -10 930.148 1081.052 1258.620 1200.000 -1 -1 -1 -1000 -1000 -1000 -10 0.00444139
Car -1 -1 -10 639.585 792.421 1304.434 1200.000 -1 -1 -1 -1000 -1000 -1000 -10 0.00440100
Car -1 -1 -10 897.458 797.185 1522.861 1195.622 -1 -1 -1 -1000 -1000 -1000 -10 0.00429673
Car -1 -1 -10 968.623 1099.071 1225.492 1200.000 -1 -1 -1 -1000 -1000 -1000 -10 0.00389105
Car -1 -1 -10 584.718 868.095 1426.758 1200.000 -1 -1 -1 -1000 -1000 -1000 -10 0.00385780
Car -1 -1 -10 985.861 846.291 1150.184 1200.000 -1 -1 -1 -1000 -1000 -1000 -10 0.00382923
Car -1 -1 -10 937.694 343.515 1222.541 1194.838 -1 -1 -1 -1000 -1000 -1000 -10 0.00375786
Car -1 -1 -10 877.003 982.291 1232.658 1192.513 -1 -1 -1 -1000 -1000 -1000 -10 0.00689610
Car -1 -1 -10 1008.110 1036.126 1185.676 1193.895 -1 -1 -1 -1000 -1000 -1000 -10 0.00361229
Car -1 -1 -10 975.772 677.787 1202.725 1182.782 -1 -1 -1 -1000 -1000 -1000 -10 0.00337100
Car -1 -1 -10 1029.656 1077.791 1164.958 1199.200 -1 -1 -1 -1000 -1000 -1000 -10 0.00336331
Car -1 -1 -10 946.898 520.432 1920.000 1193.710 -1 -1 -1 -1000 -1000 -1000 -10 0.00635273
Car -1 -1 -10 1119.022 1156.747 1156.164 1200.000 -1 -1 -1 -1000 -1000 -1000 -10 0.00578571
Car -1 -1 -10 962.269 1063.142 1120.972 1166.861 -1 -1 -1 -1000 -1000 -1000 -10 0.00622570
Car -1 -1 -10 944.996 737.271 1097.535 1200.000 -1 -1 -1 -1000 -1000 -1000 -10 0.00314614
Car -1 -1 -10 1011.899 941.914 1304.269 1186.489 -1 -1 -1 -1000 -1000 -1000 -10 0.00296358
Car -1 -1 -10 1093.769 1067.749 1252.956 1164.291 -1 -1 -1 -1000 -1000 -1000 -10 0.00287733
Car -1 -1 -10 946.266 1051.434 1337.163 1200.000 -1 -1 -1 -1000 -1000 -1000 -10 0.00561250
Car -1 -1 -10 934.130 620.615 1102.216 1200.000 -1 -1 -1 -1000 -1000 -1000 -10 0.00277527
Car -1 -1 -10 1208.324 776.171 1890.875 1200.000 -1 -1 -1 -1000 -1000 -1000 -10 0.00275948
Car -1 -1 -10 917.887 716.561 1271.343 1184.844 -1 -1 -1 -1000 -1000 -1000 -10 0.00269179
Car -1 -1 -10 1007.325 1102.238 1264.964 1200.000 -1 -1 -1 -1000 -1000 -1000 -10 0.00251760
Car -1 -1 -10 990.347 646.965 1143.655 1200.000 -1 -1 -1 -1000 -1000 -1000 -10 0.00251523
Car -1 -1 -10 1129.971 1067.978 1290.185 1163.604 -1 -1 -1 -1000 -1000 -1000 -10 0.00250774
Car -1 -1 -10 1057.870 1065.513 1216.688 1163.717 -1 -1 -1 -1000 -1000 -1000 -10 0.00240482
Car -1 -1 -10 1448.189 795.176 1920.000 1200.000 -1 -1 -1 -1000 -1000 -1000 -10 0.00239274
