Car -1 -1 -10 839.310 516.760 1238.021 688.971 -1 -1 -1 -1000 -1000 -1000 -10 0.94157545
Car -1 -1 -10 46.231 874.742 937.550 1197.409 -1 -1 -1 -1000 -1000 -1000 -10 0.09681071
Car -1 -1 -10 209.629 938.220 673.361 1200.000 -1 -1 -1 -1000 -1000 -1000 -10 0.02362848
Car -1 -1 -10 1394.343 552.660 1920.000 1198.809 -1 -1 -1 -1000 -1000 -1000 -10 0.02734301
Car -1 -1 -10 0.000 887.375 497.672 1194.963 -1 -1 -1 -1000 -1000 -1000 -10 0.01267943
Car -1 -1 -10 971.377 779.249 1903.543 1193.954 -1 -1 -1 -1000 -1000 -1000 -10 0.01129850
Car -1 -1 -10 1012.005 516.983 1261.295 654.410 -1 -1 -1 -1000 -1000 -1000 -10 0.01087919
Car -1 -1 -10 347.718 837.655 542.262 1200.000 -1 -1 -1 -1000 -1000 -1000 -10 0.00524810
Car -1 -1 -10 0.000 700.389 692.883 1200.000 -1 -1 -1 -1000 -1000 -1000 -10 0.00513011
Car -1 -1 -10 1172.745 810.177 1838.008 1185.939 -1 -1 -1 -1000 -1000 -1000 -10 0.00508564
Car -1 -1 -10 219.143 965.333 581.892 1197.423 -1 -1 -1 -1000 -1000 -1000 -10 0.00403342
Car -1 -1 -10 907.898 840.734 1250.889 1194.118 -1 -1 -1 -1000 -1000 -1000 -10 0.00647377
Car -1 -1 -10 1061.535 814.808 1734.370 1188.151 -1 -1 -1 -1000 -1000 -1000 -10 0.00350730
Car -1 -1 -10 0.000 689.957 488.691 1200.000 -1 -1 -1 -1000 -1000 -1000 -10 0.00647647
Car -1 -1 -10 283.799 823.358 663.245 1193.945 -1 -1 -1 -1000 -1000 -1000 -10 0.00329224
Car -1 -1 -10 1322.011 828.808 1609.056 994.027 -1 -1 -1 -1000 -1000 -1000 -10 0.00304694
Car -1 -1 -10 157.850 722.566 347.832 1198.329 -1 -1 -1 -1000 -1000 -1000 -10 0.00295772
Car -1 -1 -10 1204.475 799.864 1697.834 1072.187 -1 -1 -1 -1000 -1000 -1000 -10 0.00288671
Car -1 -1 -10 62.438 944.235 442.162 1171.852 -1 -1 -1 -1000 -1000 -1000 -10 0.00284625
Car -1 -1 -10 1261.952 849.903 1712.469 1095.831 -1 -1 -1 -1000 -1000 -1000 -10 0.00276320
