Car -1 -1 -10 546.605 530.534 712.957 642.522 -1 -1 -1 -1000 -1000 -1000 -10 0.99869433
Car -1 -1 -10 714.919 561.661 852.044 644.574 -1 -1 -1 -1000 -1000 -1000 -10 0.94297028
Car -1 -1 -10 762.967 515.925 1920.000 1199.516 -1 -1 -1 -1000 -1000 -1000 -10 0.02988230
Car -1 -1 -10 1160.922 784.151 1920.000 1197.418 -1 -1 -1 -1000 -1000 -1000 -10 0.01216646
Car -1 -1 -10 520.505 763.247 1433.398 1197.307 -1 -1 -1 -1000 -1000 -1000 -10 0.01394012
Car -1 -1 -10 1052.540 800.119 1765.187 1200.000 -1 -1 -1 -1000 -1000 -1000 -10 0.00602813
Car -1 -1 -10 920.129 773.865 1854.202 1191.759 -1 -1 -1 -1000 -1000 -1000 -10 0.00551821
Car -1 -1 -10 651.025 781.235 1536.213 1193.313 -1 -1 -1 -1000 -1000 -1000 -10 0.00485045
Car -1 -1 -10 0.000 667.815 860.181 1200.000 -1 -1 -1 -1000 -1000 -1000 -10 0.00447674
Car -1 -1 -10 1.142 528.565 1085.571 1188.253 -1 -1 -1 -1000 -1000 -1000 -10 0.01168721
Car -1 -1 -10 152.876 780.793 849.643 1200.000 -1 -1 -1 -1000 -1000 -1000 -10 0.00696336
Car -1 -1 -10 1375.780 686.468 1920.000 1198.073 -1 -1 -1 -1000 -1000 -1000 -10 0.00730128
Car -1 -1 -10 833.512 852.537 1709.811 1200.000 -1 -1 -1 -1000 -1000 -1000 -10 0.00332952
Car -1 -1 -10 174.306 850.353 1022.407 1200.000 -1 -1 -1 -1000 -1000 -1000 -10 0.00313668
Car -1 -1 -10 1091.084 922.367 1736.022 1200.000 -1 -1 -1 -1000 -1000 -1000 -10 0.00299836
Car -1 -1 -10 461.379 812.542 1105.440 1191.813 -1 -1 -1 -1000 -1000 -1000 -10 0.00296880
Car -1 -1 -10 1112.837 970.228 1665.167 1200.000 -1 -1 -1 -1000 -1000 -1000 -10 0.00278378
Car -1 -1 -10 1255.692 827.302 1606.140 1195.534 -1 -1 -1 -1000 -1000 -1000 -10 0.00536442
Car -1 -1 -10 934.459 706.152 1657.434 1200.000 -1 -1 -1 -1000 -1000 -1000 -10 0.00272243
Car -1 -1 -10 259.053 792.248 945.820 1200.000 -1 -1 -1 -1000 -1000 -1000 -10 0.00270945
Car -1 -1 -10 778.457 902.384 1483.540 1200.000 -1 -1 -1 -1000 -1000 -1000 -10 0.00233088
