Car -1 -1 -10 1045.800 569.823 1115.139 625.984 -1 -1 -1 -1000 -1000 -1000 -10 0.50811954
Car -1 -1 -10 1342.401 635.670 1701.085 1200.000 -1 -1 -1 -1000 -1000 -1000 -10 0.03219842
Car -1 -1 -10 1357.174 724.747 1749.627 1181.660 -1 -1 -1 -1000 -1000 -1000 -10 0.01278055
Car -1 -1 -10 293.411 735.329 856.263 1183.693 -1 -1 -1 -1000 -1000 -1000 -10 0.00667954
Car -1 -1 -10 406.458 794.727 1258.319 1200.000 -1 -1 -1 -1000 -1000 -1000 -10 0.01157218
Car -1 -1 -10 773.080 810.473 1312.019 1191.036 -1 -1 -1 -1000 -1000 -1000 -10 0.00649529
Car -1 -1 -10 1227.311 667.252 1669.300 1198.514 -1 -1 -1 -1000 -1000 -1000 -10 0.00606785
Car -1 -1 -10 433.423 765.305 815.500 1156.815 -1 -1 -1 -1000 -1000 -1000 -10 0.00357149
Car -1 -1 -10 123.382 693.243 593.961 1198.720 -1 -1 -1 -1000 -1000 -1000 -10 0.00337348
Car -1 -1 -10 528.634 521.127 794.370 1176.810 -1 -1 -1 -1000 -1000 -1000 -10 0.00312301
Car -1 -1 -10 832.568 1057.320 1236.676 1200.000 -1 -1 -1 -1000 -1000 -1000 -10 0.00588895
Car -1 -1 -10 31.820 532.269 1003.378 1184.485 -1 -1 -1 -1000 -1000 -1000 -10 0.00503586
Car -1 -1 -10 457.376 834.738 843.273 1125.476 -1 -1 -1 -1000 -1000 -1000 -10 0.00269144
Car -1 -1 -10 940.054 1088.459 1107.051 1188.917 -1 -1 -1 -1000 -1000 -1000 -10 0.00454602
Car -1 -1 -10 933.900 669.092 1107.496 1189.073 -1 -1 -1 -1000 -1000 -1000 -10 0.00235980
Car -1 -1 -10 1073.592 796.096 1920.000 1200.000 -1 -1 -1 -1000 -1000 -1000 -10 0.00225834
Car -1 -1 -10 499.859 780.650 1089.477 1198.781 -1 -1 -1 -1000 -1000 -1000 -10 0.00398222
Car -1 -1 -10 217.100 460.668 429.225 1193.401 -1 -1 -1 -1000 -1000 -1000 -10 0.00223328
Car -1 -1 -10 473.814 245.020 775.328 1194.784 -1 -1 -1 -1000 -1000 -1000 -10 0.00184515
Car -1 -1 -10 937.509 354.620 1224.126 1200.000 -1 -1 -1 -1000 -1000 -1000 -10 0.00179860
