Car -1 -1 -10 431.275 569.864 622.255 696.774 -1 -1 -1 -1000 -1000 -1000 -10 0.99998286
Car -1 -1 -10 1383.292 564.409 1705.191 779.905 -1 -1 -1 -1000 -1000 -1000 -10 0.99963267
Car -1 -1 -10 1177.458 567.007 1303.368 670.901 -1 -1 -1 -1000 -1000 -1000 -10 0.98967983
Car -1 -1 -10 1235.946 565.331 1432.005 703.185 -1 -1 -1 -1000 -1000 -1000 -10 0.99435240
Car -1 -1 -10 1103.486 561.628 1197.782 646.515 -1 -1 -1 -1000 -1000 -1000 -10 0.49867563
Car -1 -1 -10 625.847 577.695 725.975 661.486 -1 -1 -1 -1000 -1000 -1000 -10 0.99099515
Car -1 -1 -10 714.374 587.830 780.661 645.954 -1 -1 -1 -1000 -1000 -1000 -10 0.26164719
Car -1 -1 -10 1121.601 562.795 1251.902 659.982 -1 -1 -1 -1000 -1000 -1000 -10 0.41073408
Car -1 -1 -10 62.391 564.835 232.575 659.802 -1 -1 -1 -1000 -1000 -1000 -10 0.21930002
Car -1 -1 -10 704.910 580.105 790.291 639.476 -1 -1 -1 -1000 -1000 -1000 -10 0.15673180
Car -1 -1 -10 1520.409 570.732 1779.873 783.142 -1 -1 -1 -1000 -1000 -1000 -10 0.05709074
Car -1 -1 -10 214.203 579.009 319.011 655.160 -1 -1 -1 -1000 -1000 -1000 -10 0.04688009
Car -1 -1 -10 139.245 568.261 296.081 655.675 -1 -1 -1 -1000 -1000 -1000 -10 0.03483033
