Car -1 -1 -10 1012.222 565.578 1220.125 731.820 -1 -1 -1 -1000 -1000 -1000 -10 0.99993408
Car -1 -1 -10 777.345 599.590 846.306 661.635 -1 -1 -1 -1000 -1000 -1000 -10 0.96293339
Car -1 -1 -10 0.000 615.351 163.697 713.067 -1 -1 -1 -1000 -1000 -1000 -10 0.06442823
Car -1 -1 -10 0.000 611.281 209.148 721.872 -1 -1 -1 -1000 -1000 -1000 -10 0.17050342
Car -1 -1 -10 0.000 507.713 1004.916 1194.454 -1 -1 -1 -1000 -1000 -1000 -10 0.04573377
Car -1 -1 -10 81.920 622.096 249.650 709.292 -1 -1 -1 -1000 -1000 -1000 -10 0.01482111
Car -1 -1 -10 85.527 634.126 236.658 731.893 -1 -1 -1 -1000 -1000 -1000 -10 0.00853974
Car -1 -1 -10 111.285 617.074 275.330 708.351 -1 -1 -1 -1000 -1000 -1000 -10 0.00659879
Car -1 -1 -10 136.506 618.269 299.623 712.149 -1 -1 -1 -1000 -1000 -1000 -10 0.01150666
Car -1 -1 -10 41.448 633.198 218.891 729.047 -1 -1 -1 -1000 -1000 -1000 -10 0.00621182
Car -1 -1 -10 0.000 601.894 282.588 726.446 -1 -1 -1 -1000 -1000 -1000 -10 0.00492109
Car -1 -1 -10 0.000 635.548 117.161 729.583 -1 -1 -1 -1000 -1000 -1000 -10 0.00787806
Car -1 -1 -10 6.972 564.003 609.110 1178.129 -1 -1 -1 -1000 -1000 -1000 -10 0.01674266
Car -1 -1 -10 71.366 606.993 360.603 739.777 -1 -1 -1 -1000 -1000 -1000 -10 0.00580196
Car -1 -1 -10 0.000 553.480 365.643 1001.279 -1 -1 -1 -1000 -1000 -1000 -10 0.00479439
Car -1 -1 -10 33.828 173.380 212.737 1174.456 -1 -1 -1 -1000 -1000 -1000 -10 0.00231982
Car -1 -1 -10 68.374 110.830 365.432 1200.000 -1 -1 -1 -1000 -1000 -1000 -10 0.00226549
Car -1 -1 -10 0.000 602.054 347.382 835.023 -1 -1 -1 -1000 -1000 -1000 -10 0.00198791
