Car -1 -1 -10 488.094 519.754 1267.689 929.172 -1 -1 -1 -1000 -1000 -1000 -10 0.17939156
Car -1 -1 -10 233.339 524.900 935.400 961.789 -1 -1 -1 -1000 -1000 -1000 -10 0.04011683
Car -1 -1 -10 152.398 488.574 1303.629 1158.355 -1 -1 -1 -1000 -1000 -1000 -10 0.03414983
Car -1 -1 -10 304.956 533.560 657.607 897.511 -1 -1 -1 -1000 -1000 -1000 -10 0.01007463
Car -1 -1 -10 828.874 486.432 1234.861 877.097 -1 -1 -1 -1000 -1000 -1000 -10 0.00931946
Car -1 -1 -10 0.000 590.819 521.570 1199.211 -1 -1 -1 -1000 -1000 -1000 -10 0.01472376
Car -1 -1 -10 791.617 538.532 1275.932 826.763 -1 -1 -1 -1000 -1000 -1000 -10 0.00335907
Car -1 -1 -10 304.228 587.069 686.471 1189.962 -1 -1 -1 -1000 -1000 -1000 -10 0.00255003
Car -1 -1 -10 162.611 628.278 349.601 790.144 -1 -1 -1 -1000 -1000 -1000 -10 0.00449800
Car -1 -1 -10 252.074 532.622 712.331 834.109 -1 -1 -1 -1000 -1000 -1000 -10 0.00245694
Car -1 -1 -10 389.421 594.784 838.525 854.434 -1 -1 -1 -1000 -1000 -1000 -10 0.00210512
Car -1 -1 -10 393.135 623.129 1142.680 1064.926 -1 -1 -1 -1000 -1000 -1000 -10 0.00409601
Car -1 -1 -10 1079.196 589.018 1233.282 688.469 -1 -1 -1 -1000 -1000 -1000 -10 0.00195326
Car -1 -1 -10 5.171 1085.809 266.979 1200.000 -1 -1 -1 -1000 -1000 -1000 -10 0.00165859
Car -1 -1 -10 290.686 751.870 780.114 1106.256 -1 -1 -1 -1000 -1000 -1000 -10 0.00154512
