Car -1 -1 -10 384.624 536.112 840.799 882.352 -1 -1 -1 -1000 -1000 -1000 -10 0.89877473
Car -1 -1 -10 382.915 571.261 524.411 662.519 -1 -1 -1 -1000 -1000 -1000 -10 0.13415302
Car -1 -1 -10 384.194 580.717 488.563 659.749 -1 -1 -1 -1000 -1000 -1000 -10 0.06621151
Car -1 -1 -10 395.132 562.583 552.139 665.885 -1 -1 -1 -1000 -1000 -1000 -10 0.00983271
Car -1 -1 -10 581.804 542.790 849.552 838.227 -1 -1 -1 -1000 -1000 -1000 -10 0.00392694
Car -1 -1 -10 505.758 548.241 767.584 733.888 -1 -1 -1 -1000 -1000 -1000 -10 0.00532593
Car -1 -1 -10 366.572 543.928 629.775 832.862 -1 -1 -1 -1000 -1000 -1000 -10 0.00281885
Car -1 -1 -10 381.904 556.107 639.505 729.027 -1 -1 -1 -1000 -1000 -1000 -10 0.00281243
Car -1 -1 -10 297.280 587.878 491.731 1179.079 -1 -1 -1 -1000 -1000 -1000 -10 0.00219391
Car -1 -1 -10 372.546 549.843 614.625 923.361 -1 -1 -1 -1000 -1000 -1000 -10 0.00206748
Car -1 -1 -10 0.000 793.564 438.747 1194.406 -1 -1 -1 -1000 -1000 -1000 -10 0.00199182
Car -1 -1 -10 722.669 1156.705 760.002 1200.000 -1 -1 -1 -1000 -1000 -1000 -10 0.00197448
Car -1 -1 -10 506.560 562.965 661.026 662.130 -1 -1 -1 -1000 -1000 -1000 -10 0.00388829
Car -1 -1 -10 402.679 589.525 469.735 648.442 -1 -1 -1 -1000 -1000 -1000 -10 0.00190273
Car -1 -1 -10 378.267 1140.018 492.692 1200.000 -1 -1 -1 -1000 -1000 -1000 -10 0.00183836
Car -1 -1 -10 421.903 1156.954 461.751 1200.000 -1 -1 -1 -1000 -1000 -1000 -10 0.00182208
Car -1 -1 -10 430.295 563.916 586.090 659.473 -1 -1 -1 -1000 -1000 -1000 -10 0.00178308
Car -1 -1 -10 0.000 646.688 436.978 1200.000 -1 -1 -1 -1000 -1000 -1000 -10 0.00171421
Car -1 -1 -10 388.442 594.546 486.722 681.969 -1 -1 -1 -1000 -1000 -1000 -10 0.00168023
