Car -1 -1 -10 102.745 528.799 864.024 1192.417 -1 -1 -1 -1000 -1000 -1000 -10 0.65934968
Car -1 -1 -10 3.063 507.813 777.448 1180.362 -1 -1 -1 -1000 -1000 -1000 -10 0.20410371
Car -1 -1 -10 709.389 610.156 768.435 677.890 -1 -1 -1 -1000 -1000 -1000 -10 0.57544743
Car -1 -1 -10 8.935 529.067 588.876 969.330 -1 -1 -1 -1000 -1000 -1000 -10 0.07893452
Car -1 -1 -10 245.809 536.104 845.155 919.917 -1 -1 -1 -1000 -1000 -1000 -10 0.09224943
Car -1 -1 -10 0.609 555.226 459.702 1192.603 -1 -1 -1 -1000 -1000 -1000 -10 0.06715376
Car -1 -1 -10 3.688 1037.707 156.397 1191.152 -1 -1 -1 -1000 -1000 -1000 -10 0.03966103
Car -1 -1 -10 10.873 1037.387 237.232 1199.470 -1 -1 -1 -1000 -1000 -1000 -10 0.03335793
Car -1 -1 -10 472.513 1008.898 846.408 1196.327 -1 -1 -1 -1000 -1000 -1000 -10 0.01219584
Car -1 -1 -10 352.561 986.912 930.622 1200.000 -1 -1 -1 -1000 -1000 -1000 -10 0.01083804
Car -1 -1 -10 0.000 626.780 383.705 1198.441 -1 -1 -1 -1000 -1000 -1000 -10 0.00936152
Car -1 -1 -10 297.257 642.098 871.058 1197.284 -1 -1 -1 -1000 -1000 -1000 -10 0.00842704
Car -1 -1 -10 479.794 270.881 787.473 1184.042 -1 -1 -1 -1000 -1000 -1000 -10 0.00821113
