Car -1 -1 -10 897.816 575.846 954.963 630.816 -1 -1 -1 -1000 -1000 -1000 -10 0.94956155
Car -1 -1 -10 180.796 515.553 571.439 815.138 -1 -1 -1 -1000 -1000 -1000 -10 0.63488386
Car -1 -1 -10 39.985 419.012 341.587 690.719 -1 -1 -1 -1000 -1000 -1000 -10 0.00978015
Car -1 -1 -10 26.790 476.749 363.388 695.481 -1 -1 -1 -1000 -1000 -1000 -10 0.00569314
Car -1 -1 -10 8.213 549.147 624.281 1189.051 -1 -1 -1 -1000 -1000 -1000 -10 0.00605925
Car -1 -1 -10 0.000 789.264 459.551 1197.488 -1 -1 -1 -1000 -1000 -1000 -10 0.00569368
Car -1 -1 -10 24.867 413.617 475.294 741.333 -1 -1 -1 -1000 -1000 -1000 -10 0.00476084
Car -1 -1 -10 685.371 815.226 1316.618 1193.113 -1 -1 -1 -1000 -1000 -1000 -10 0.00684823
Car -1 -1 -10 171.992 581.453 453.891 775.304 -1 -1 -1 -1000 -1000 -1000 -10 0.00271251
Car -1 -1 -10 46.060 523.685 329.086 693.946 -1 -1 -1 -1000 -1000 -1000 -10 0.00455155
Car -1 -1 -10 331.159 538.128 581.649 782.026 -1 -1 -1 -1000 -1000 -1000 -10 0.00423476
Car -1 -1 -10 1030.871 1086.381 1137.654 1200.000 -1 -1 -1 -1000 -1000 -1000 -10 0.00237823
Car -1 -1 -10 814.427 568.003 855.680 616.406 -1 -1 -1 -1000 -1000 -1000 -10 0.00231469
Car -1 -1 -10 133.632 506.705 1226.955 1181.532 -1 -1 -1 -1000 -1000 -1000 -10 0.00405010
Car -1 -1 -10 1050.639 1081.211 1103.536 1181.376 -1 -1 -1 -1000 -1000 -1000 -10 0.00193750
Car -1 -1 -10 991.460 1101.426 1158.703 1200.000 -1 -1 -1 -1000 -1000 -1000 -10 0.00179225
Car -1 -1 -10 939.563 874.227 1221.697 1200.000 -1 -1 -1 -1000 -1000 -1000 -10 0.00332441
Car -1 -1 -10 626.267 932.085 1243.285 1200.000 -1 -1 -1 -1000 -1000 -1000 -10 0.00177169
Car -1 -1 -10 1037.853 1096.698 1127.703 1190.871 -1 -1 -1 -1000 -1000 -1000 -10 0.00171341
Car -1 -1 -10 811.052 986.194 1346.972 1200.000 -1 -1 -1 -1000 -1000 -1000 -10 0.00171301
Car -1 -1 -10 804.950 876.738 1092.683 1200.000 -1 -1 -1 -1000 -1000 -1000 -10 0.00162324
Car -1 -1 -10 1449.498 793.209 1920.000 1200.000 -1 -1 -1 -1000 -1000 -1000 -10 0.00157157
