Car -1 -1 -10 123.010 639.128 313.875 755.711 -1 -1 -1 -1000 -1000 -1000 -10 0.99870868
Car -1 -1 -10 319.709 636.971 449.688 724.534 -1 -1 -1 -1000 -1000 -1000 -10 0.98971015
Car -1 -1 -10 403.978 616.487 504.004 696.530 -1 -1 -1 -1000 -1000 -1000 -10 0.10704592
Car -1 -1 -10 534.039 633.569 599.568 682.808 -1 -1 -1 -1000 -1000 -1000 -10 0.11653196
Car -1 -1 -10 868.298 615.519 946.292 676.671 -1 -1 -1 -1000 -1000 -1000 -10 0.06342749
Car -1 -1 -10 423.284 637.297 503.077 702.452 -1 -1 -1 -1000 -1000 -1000 -10 0.01175676
Car -1 -1 -10 418.004 632.103 516.472 707.217 -1 -1 -1 -1000 -1000 -1000 -10 0.01133383
Car -1 -1 -10 210.706 639.619 312.768 729.285 -1 -1 -1 -1000 -1000 -1000 -10 0.01442860
Car -1 -1 -10 0.000 601.974 504.036 1200.000 -1 -1 -1 -1000 -1000 -1000 -10 0.01022181
Car -1 -1 -10 873.616 618.491 929.742 674.042 -1 -1 -1 -1000 -1000 -1000 -10 0.00775563
Car -1 -1 -10 0.000 782.965 453.629 1194.357 -1 -1 -1 -1000 -1000 -1000 -10 0.00640551
Car -1 -1 -10 221.873 638.127 333.478 745.259 -1 -1 -1 -1000 -1000 -1000 -10 0.00308886
Car -1 -1 -10 11.228 581.370 159.852 1196.617 -1 -1 -1 -1000 -1000 -1000 -10 0.00728748
Car -1 -1 -10 428.128 647.391 490.635 702.005 -1 -1 -1 -1000 -1000 -1000 -10 0.00462658
Car -1 -1 -10 75.263 1050.905 503.839 1200.000 -1 -1 -1 -1000 -1000 -1000 -10 0.00435966
Car -1 -1 -10 16.316 369.097 310.369 1200.000 -1 -1 -1 -1000 -1000 -1000 -10 0.00415788
Car -1 -1 -10 410.837 619.988 483.287 689.232 -1 -1 -1 -1000 -1000 -1000 -10 0.00202750
Car -1 -1 -10 509.570 613.649 610.242 684.122 -1 -1 -1 -1000 -1000 -1000 -10 0.00197320
Car -1 -1 -10 502.729 623.191 635.849 694.504 -1 -1 -1 -1000 -1000 -1000 -10 0.00190723
Car -1 -1 -10 170.430 1102.423 427.530 1200.000 -1 -1 -1 -1000 -1000 -1000 -10 0.00190677
Car -1 -1 -10 573.594 613.458 652.451 676.840 -1 -1 -1 -1000 -1000 -1000 -10 0.00186834
Car -1 -1 -10 33.054 674.874 273.181 1197.811 -1 -1 -1 -1000 -1000 -1000 -10 0.00182905
Car -1 -1 -10 81.465 582.940 276.695 1179.372 -1 -1 -1 -1000 -1000 -1000 -10 0.00163705
