Car -1 -1 -10 0.000 801.469 462.150 1200.000 -1 -1 -1 -1000 -1000 -1000 -10 0.00646875
Car -1 -1 -10 0.000 534.855 1075.268 1194.020 -1 -1 -1 -1000 -1000 -1000 -10 0.00445072
Car -1 -1 -10 0.000 767.490 599.896 1200.000 -1 -1 -1 -1000 -1000 -1000 -10 0.00229322
Car -1 -1 -10 0.000 562.694 361.145 1200.000 -1 -1 -1 -1000 -1000 -1000 -10 0.00176434
Car -1 -1 -10 19.850 635.554 226.591 1199.005 -1 -1 -1 -1000 -1000 -1000 -10 0.00294185
Car -1 -1 -10 0.000 989.727 275.780 1200.000 -1 -1 -1 -1000 -1000 -1000 -10 0.00463891
Car -1 -1 -10 0.000 1138.741 107.571 1200.000 -1 -1 -1 -1000 -1000 -1000 -10 0.00138438
Car -1 -1 -10 1418.181 589.724 1920.000 1199.193 -1 -1 -1 -1000 -1000 -1000 -10 0.00264257
Car -1 -1 -10 0.000 1061.207 200.415 1200.000 -1 -1 -1 -1000 -1000 -1000 -10 0.00331588
Car -1 -1 -10 0.000 1109.565 123.530 1200.000 -1 -1 -1 -1000 -1000 -1000 -10 0.00127958
Car -1 -1 -10 0.000 938.875 320.960 1200.000 -1 -1 -1 -1000 -1000 -1000 -10 0.00127848
Car -1 -1 -10 1433.632 540.172 1916.989 910.149 -1 -1 -1 -1000 -1000 -1000 -10 0.00127005
Car -1 -1 -10 0.000 1107.840 90.372 1200.000 -1 -1 -1 -1000 -1000 -1000 -10 0.00122763
Car -1 -1 -10 666.947 1157.334 705.266 1200.000 -1 -1 -1 -1000 -1000 -1000 -10 0.00118468
Car -1 -1 -10 110.217 196.379 411.010 1176.955 -1 -1 -1 -1000 -1000 -1000 -10 0.00114777
Car -1 -1 -10 108.305 402.518 425.295 1200.000 -1 -1 -1 -1000 -1000 -1000 -10 0.00114597
Car -1 -1 -10 64.976 741.857 194.862 1196.727 -1 -1 -1 -1000 -1000 -1000 -10 0.00113238
Car -1 -1 -10 14.780 630.197 613.704 1120.233 -1 -1 -1 -1000 -1000 -1000 -10 0.00113137
Car -1 -1 -10 0.000 1105.222 49.091 1200.000 -1 -1 -1 -1000 -1000 -1000 -10 0.00110777
Car -1 -1 -10 1499.745 572.411 1920.000 892.816 -1 -1 -1 -1000 -1000 -1000 -10 0.00109954
Car -1 -1 -10 29.512 682.049 271.401 1197.793 -1 -1 -1 -1000 -1000 -1000 -10 0.00109954
Car -1 -1 -10 0.000 1157.246 35.195 1200.000 -1 -1 -1 -1000 -1000 -1000 -10 0.00109382
Car -1 -1 -10 0.000 547.085 720.460 1199.664 -1 -1 -1 -1000 -1000 -1000 -10 0.00105883
Car -1 -1 -10 1658.184 607.607 1913.461 1040.256 -1 -1 -1 -1000 -1000 -1000 -10 0.00103478
Car -1 -1 -10 21.233 1088.133 79.549 1200.000 -1 -1 -1 -1000 -1000 -1000 -10 0.00095456
Car -1 -1 -10 67.592 583.903 195.473 1200.000 -1 -1 -1 -1000 -1000 -1000 -10 0.00092856
