Car -1 -1 -10 152.597 580.939 331.952 690.832 -1 -1 -1 -1000 -1000 -1000 -10 0.99970075
Car -1 -1 -10 1060.324 590.147 1209.908 672.697 -1 -1 -1 -1000 -1000 -1000 -10 0.96667013
Car -1 -1 -10 310.276 588.729 452.567 680.321 -1 -1 -1 -1000 -1000 -1000 -10 0.72231687
Car -1 -1 -10 1018.916 597.760 1069.452 643.732 -1 -1 -1 -1000 -1000 -1000 -10 0.05323301
Car -1 -1 -10 367.732 595.542 527.253 677.836 -1 -1 -1 -1000 -1000 -1000 -10 0.01708828
Car -1 -1 -10 1054.487 596.684 1140.327 665.365 -1 -1 -1 -1000 -1000 -1000 -10 0.01207267
Car -1 -1 -10 0.000 0.000 327.736 199.085 -1 -1 -1 -1000 -1000 -1000 -10 0.00640348
Car -1 -1 -10 1131.084 595.927 1221.666 665.350 -1 -1 -1 -1000 -1000 -1000 -10 0.00708506
Car -1 -1 -10 21.489 826.190 383.067 1194.951 -1 -1 -1 -1000 -1000 -1000 -10 0.00877259
Car -1 -1 -10 21.405 16.271 276.679 474.668 -1 -1 -1 -1000 -1000 -1000 -10 0.00745097
Car -1 -1 -10 518.736 819.996 1164.934 1192.133 -1 -1 -1 -1000 -1000 -1000 -10 0.00698145
Car -1 -1 -10 176.929 649.074 325.644 1200.000 -1 -1 -1 -1000 -1000 -1000 -10 0.00644539
Car -1 -1 -10 0.000 933.086 234.839 1200.000 -1 -1 -1 -1000 -1000 -1000 -10 0.00255571
Car -1 -1 -10 104.857 643.740 254.763 1200.000 -1 -1 -1 -1000 -1000 -1000 -10 0.00660093
Car -1 -1 -10 20.152 0.000 238.421 210.662 -1 -1 -1 -1000 -1000 -1000 -10 0.00489661
Car -1 -1 -10 0.000 827.477 507.867 1200.000 -1 -1 -1 -1000 -1000 -1000 -10 0.00230824
Car -1 -1 -10 1280.575 636.630 1671.813 1003.622 -1 -1 -1 -1000 -1000 -1000 -10 0.00229980
Car -1 -1 -10 249.799 644.992 398.507 1200.000 -1 -1 -1 -1000 -1000 -1000 -10 0.00226296
Car -1 -1 -10 26.177 0.000 246.632 118.869 -1 -1 -1 -1000 -1000 -1000 -10 0.00422954
Car -1 -1 -10 989.906 490.185 1920.000 1198.328 -1 -1 -1 -1000 -1000 -1000 -10 0.00810299
Car -1 -1 -10 4.068 1028.484 415.233 1200.000 -1 -1 -1 -1000 -1000 -1000 -10 0.00422830
Car -1 -1 -10 622.237 676.752 834.192 1186.319 -1 -1 -1 -1000 -1000 -1000 -10 0.00211041
Car -1 -1 -10 715.309 683.900 931.050 1185.604 -1 -1 -1 -1000 -1000 -1000 -10 0.00206823
Car -1 -1 -10 0.000 824.936 215.635 1194.138 -1 -1 -1 -1000 -1000 -1000 -10 0.00197816
Car -1 -1 -10 84.573 0.690 369.185 129.581 -1 -1 -1 -1000 -1000 -1000 -10 0.00193040
Car -1 -1 -10 0.000 982.770 292.980 1200.000 -1 -1 -1 -1000 -1000 -1000 -10 0.00190870
Car -1 -1 -10 43.033 0.000 184.464 146.394 -1 -1 -1 -1000 -1000 -1000 -10 0.00182044
Car -1 -1 -10 1.959 0.000 317.924 120.934 -1 -1 -1 -1000 -1000 -1000 -10 0.00176807
Car -1 -1 -10 398.908 596.384 548.111 678.306 -1 -1 -1 -1000 -1000 -1000 -10 0.00175050
Car -1 -1 -10 58.960 486.384 371.135 1200.000 -1 -1 -1 -1000 -1000 -1000 -10 0.00174229
