Car -1 -1 -10 1504.163 452.769 1920.000 707.893 -1 -1 -1 -1000 -1000 -1000 -10 0.00437129
Car -1 -1 -10 0.000 798.953 461.894 1199.246 -1 -1 -1 -1000 -1000 -1000 -10 0.00809936
Car -1 -1 -10 1400.951 452.171 1916.991 853.710 -1 -1 -1 -1000 -1000 -1000 -10 0.00628482
Car -1 -1 -10 1447.954 535.383 1920.000 906.003 -1 -1 -1 -1000 -1000 -1000 -10 0.00207266
Car -1 -1 -10 15.517 738.828 239.172 1198.650 -1 -1 -1 -1000 -1000 -1000 -10 0.00173185
Car -1 -1 -10 5.670 1033.643 370.982 1200.000 -1 -1 -1 -1000 -1000 -1000 -10 0.00166940
Car -1 -1 -10 1306.200 333.249 1920.000 782.550 -1 -1 -1 -1000 -1000 -1000 -10 0.00161567
Car -1 -1 -10 1448.399 152.277 1862.069 943.207 -1 -1 -1 -1000 -1000 -1000 -10 0.00156805
Car -1 -1 -10 48.728 822.629 211.354 1200.000 -1 -1 -1 -1000 -1000 -1000 -10 0.00155485
Car -1 -1 -10 9.258 985.937 430.146 1200.000 -1 -1 -1 -1000 -1000 -1000 -10 0.00150995
Car -1 -1 -10 1447.439 377.271 1920.000 1200.000 -1 -1 -1 -1000 -1000 -1000 -10 0.00144191
Car -1 -1 -10 1433.905 164.358 1920.000 735.761 -1 -1 -1 -1000 -1000 -1000 -10 0.00128069
Car -1 -1 -10 1427.259 577.202 1920.000 1168.761 -1 -1 -1 -1000 -1000 -1000 -10 0.00238559
Car -1 -1 -10 0.392 854.534 354.435 1106.839 -1 -1 -1 -1000 -1000 -1000 -10 0.00115309
