Car -1 -1 -10 1473.349 467.022 1860.967 814.077 -1 -1 -1 -1000 -1000 -1000 -10 0.99726579
Car -1 -1 -10 362.313 549.919 552.858 677.052 -1 -1 -1 -1000 -1000 -1000 -10 0.99804100
Car -1 -1 -10 1079.755 548.961 1155.363 621.117 -1 -1 -1 -1000 -1000 -1000 -10 0.72371473
Car -1 -1 -10 1323.197 572.832 1535.660 732.895 -1 -1 -1 -1000 -1000 -1000 -10 0.98854963
Car -1 -1 -10 53.181 549.376 380.971 736.952 -1 -1 -1 -1000 -1000 -1000 -10 0.99381733
Car -1 -1 -10 1174.897 534.229 1313.238 664.646 -1 -1 -1 -1000 -1000 -1000 -10 0.48769698
Car -1 -1 -10 476.314 533.655 620.891 644.663 -1 -1 -1 -1000 -1000 -1000 -10 0.93458624
Car -1 -1 -10 1136.764 552.391 1230.058 643.350 -1 -1 -1 -1000 -1000 -1000 -10 0.87208824
Car -1 -1 -10 1235.567 565.725 1414.353 701.300 -1 -1 -1 -1000 -1000 -1000 -10 0.79915625
Car -1 -1 -10 1195.428 547.668 1333.909 666.684 -1 -1 -1 -1000 -1000 -1000 -10 0.26313718
Car -1 -1 -10 601.161 537.584 747.512 622.377 -1 -1 -1 -1000 -1000 -1000 -10 0.21050347
Car -1 -1 -10 1052.911 558.577 1101.495 609.533 -1 -1 -1 -1000 -1000 -1000 -10 0.06893659
