Car -1 -1 -10 226.339 577.177 616.678 797.300 -1 -1 -1 -1000 -1000 -1000 -10 0.99902880
Car -1 -1 -10 481.363 520.234 651.582 705.122 -1 -1 -1 -1000 -1000 -1000 -10 0.10939372
Car -1 -1 -10 761.726 552.381 863.587 663.200 -1 -1 -1 -1000 -1000 -1000 -10 0.08125284
Car -1 -1 -10 770.258 596.589 854.145 660.824 -1 -1 -1 -1000 -1000 -1000 -10 0.01669381
Car -1 -1 -10 778.717 590.387 846.174 649.286 -1 -1 -1 -1000 -1000 -1000 -10 0.00644525
Car -1 -1 -10 172.426 574.385 465.038 806.621 -1 -1 -1 -1000 -1000 -1000 -10 0.00525929
Car -1 -1 -10 390.471 552.213 650.065 811.881 -1 -1 -1 -1000 -1000 -1000 -10 0.00236407
Car -1 -1 -10 0.000 805.320 468.043 1200.000 -1 -1 -1 -1000 -1000 -1000 -10 0.00148049
Car -1 -1 -10 0.000 591.533 498.159 1195.290 -1 -1 -1 -1000 -1000 -1000 -10 0.00141463
Car -1 -1 -10 237.148 631.571 411.953 1190.734 -1 -1 -1 -1000 -1000 -1000 -10 0.00135495
Car -1 -1 -10 355.616 632.158 533.060 1188.055 -1 -1 -1 -1000 -1000 -1000 -10 0.00125332
