Car -1 -1 -10 0.000 471.702 934.912 1189.717 -1 -1 -1 -1000 -1000 -1000 -10 0.03711374
Car -1 -1 -10 46.208 476.723 1373.106 1194.718 -1 -1 -1 -1000 -1000 -1000 -10 0.04815074
Car -1 -1 -10 0.000 620.808 819.470 1200.000 -1 -1 -1 -1000 -1000 -1000 -10 0.00754375
Car -1 -1 -10 0.000 535.065 662.828 1190.029 -1 -1 -1 -1000 -1000 -1000 -10 0.00589272
Car -1 -1 -10 0.000 586.445 514.404 1200.000 -1 -1 -1 -1000 -1000 -1000 -10 0.01045342
Car -1 -1 -10 63.269 41.966 373.585 1184.919 -1 -1 -1 -1000 -1000 -1000 -10 0.01122043
Car -1 -1 -10 0.000 557.197 660.734 964.336 -1 -1 -1 -1000 -1000 -1000 -10 0.00630662
Car -1 -1 -10 0.000 759.348 427.960 1197.329 -1 -1 -1 -1000 -1000 -1000 -10 0.00793511
Car -1 -1 -10 211.790 319.531 342.351 1075.172 -1 -1 -1 -1000 -1000 -1000 -10 0.00352688
Car -1 -1 -10 140.089 367.714 270.928 1122.714 -1 -1 -1 -1000 -1000 -1000 -10 0.00327700
Car -1 -1 -10 76.744 479.623 476.983 873.651 -1 -1 -1 -1000 -1000 -1000 -10 0.00473435
Car -1 -1 -10 710.340 451.074 848.644 1200.000 -1 -1 -1 -1000 -1000 -1000 -10 0.00502164
Car -1 -1 -10 574.165 84.820 874.495 1171.904 -1 -1 -1 -1000 -1000 -1000 -10 0.00523124
Car -1 -1 -10 241.764 326.803 446.889 1070.718 -1 -1 -1 -1000 -1000 -1000 -10 0.00283157
Car -1 -1 -10 311.514 142.976 1465.974 1200.000 -1 -1 -1 -1000 -1000 -1000 -10 0.00270148
Car -1 -1 -10 3.191 559.661 550.919 893.100 -1 -1 -1 -1000 -1000 -1000 -10 0.00268000
Car -1 -1 -10 200.794 153.029 422.633 1194.867 -1 -1 -1 -1000 -1000 -1000 -10 0.00264010
Car -1 -1 -10 188.992 96.727 490.312 1176.310 -1 -1 -1 -1000 -1000 -1000 -10 0.00473973
Car -1 -1 -10 13.533 57.934 318.568 1200.000 -1 -1 -1 -1000 -1000 -1000 -10 0.00256379
Car -1 -1 -10 274.408 95.199 579.642 1177.535 -1 -1 -1 -1000 -1000 -1000 -10 0.00254377
Car -1 -1 -10 43.253 644.979 213.748 1194.343 -1 -1 -1 -1000 -1000 -1000 -10 0.00250946
Car -1 -1 -10 281.971 699.629 1174.189 1181.875 -1 -1 -1 -1000 -1000 -1000 -10 0.00250322
Car -1 -1 -10 1383.708 555.101 1920.000 1200.000 -1 -1 -1 -1000 -1000 -1000 -10 0.00245895
Car -1 -1 -10 419.710 522.438 1158.559 990.106 -1 -1 -1 -1000 -1000 -1000 -10 0.00231947
Car -1 -1 -10 668.005 436.853 795.361 1171.495 -1 -1 -1 -1000 -1000 -1000 -10 0.00219127
Car -1 -1 -10 140.951 387.138 704.772 1157.590 -1 -1 -1 -1000 -1000 -1000 -10 0.00217122
Car -1 -1 -10 414.300 616.690 1145.872 1092.692 -1 -1 -1 -1000 -1000 -1000 -10 0.00216586
Car -1 -1 -10 1464.042 794.955 1920.000 1200.000 -1 -1 -1 -1000 -1000 -1000 -10 0.00216224
Car -1 -1 -10 381.210 89.715 682.975 1175.331 -1 -1 -1 -1000 -1000 -1000 -10 0.00412146
Car -1 -1 -10 280.760 382.436 413.013 1134.723 -1 -1 -1 -1000 -1000 -1000 -10 0.00202898
Car -1 -1 -10 112.737 377.898 243.904 1130.227 -1 -1 -1 -1000 -1000 -1000 -10 0.00199033
Car -1 -1 -10 235.285 322.880 364.416 1061.195 -1 -1 -1 -1000 -1000 -1000 -10 0.00186837
Car -1 -1 -10 217.051 767.058 1097.621 1192.233 -1 -1 -1 -1000 -1000 -1000 -10 0.00175860
Car -1 -1 -10 615.950 426.103 948.458 1049.696 -1 -1 -1 -1000 -1000 -1000 -10 0.00172645
Car -1 -1 -10 329.867 331.299 459.539 1073.192 -1 -1 -1 -1000 -1000 -1000 -10 0.00170560
Car -1 -1 -10 715.634 513.453 1920.000 1200.000 -1 -1 -1 -1000 -1000 -1000 -10 0.00167642
Car -1 -1 -10 519.133 720.277 973.114 940.137 -1 -1 -1 -1000 -1000 -1000 -10 0.00324387
Car -1 -1 -10 0.000 390.673 473.578 919.970 -1 -1 -1 -1000 -1000 -1000 -10 0.00164108
Car -1 -1 -10 184.185 377.801 316.238 1123.846 -1 -1 -1 -1000 -1000 -1000 -10 0.00161590
