Car -1 -1 -10 0.000 790.316 459.613 1197.841 -1 -1 -1 -1000 -1000 -1000 -10 0.01210394
Car -1 -1 -10 1232.912 552.713 1908.774 947.876 -1 -1 -1 -1000 -1000 -1000 -10 0.00383998
Car -1 -1 -10 1325.660 659.063 1760.991 895.000 -1 -1 -1 -1000 -1000 -1000 -10 0.00199159
Car -1 -1 -10 0.000 796.367 212.266 1191.712 -1 -1 -1 -1000 -1000 -1000 -10 0.00189485
Car -1 -1 -10 0.000 946.203 312.460 1200.000 -1 -1 -1 -1000 -1000 -1000 -10 0.00497924
Car -1 -1 -10 2.394 916.307 237.810 1200.000 -1 -1 -1 -1000 -1000 -1000 -10 0.00178559
Car -1 -1 -10 267.298 1158.729 303.799 1200.000 -1 -1 -1 -1000 -1000 -1000 -10 0.00174678
Car -1 -1 -10 1322.562 619.721 1761.626 844.486 -1 -1 -1 -1000 -1000 -1000 -10 0.00155960
Car -1 -1 -10 1292.319 350.517 1915.443 730.683 -1 -1 -1 -1000 -1000 -1000 -10 0.00279470
Car -1 -1 -10 1466.811 797.964 1920.000 1199.228 -1 -1 -1 -1000 -1000 -1000 -10 0.00282815
Car -1 -1 -10 225.783 1140.819 340.116 1200.000 -1 -1 -1 -1000 -1000 -1000 -10 0.00142485
Car -1 -1 -10 1439.328 660.422 1920.000 988.143 -1 -1 -1 -1000 -1000 -1000 -10 0.00141573
Car -1 -1 -10 1309.448 572.191 1739.188 793.558 -1 -1 -1 -1000 -1000 -1000 -10 0.00141159
Car -1 -1 -10 0.000 466.240 103.581 612.503 -1 -1 -1 -1000 -1000 -1000 -10 0.00140249
Car -1 -1 -10 1434.647 663.910 1666.833 806.505 -1 -1 -1 -1000 -1000 -1000 -10 0.00138922
Car -1 -1 -10 0.000 711.109 289.303 1137.828 -1 -1 -1 -1000 -1000 -1000 -10 0.00137796
Car -1 -1 -10 0.000 480.067 189.236 648.747 -1 -1 -1 -1000 -1000 -1000 -10 0.00135127
Car -1 -1 -10 51.422 609.451 208.492 1200.000 -1 -1 -1 -1000 -1000 -1000 -10 0.00129916
Car -1 -1 -10 42.941 611.119 263.007 1200.000 -1 -1 -1 -1000 -1000 -1000 -10 0.00123319
Car -1 -1 -10 0.000 1037.200 222.693 1200.000 -1 -1 -1 -1000 -1000 -1000 -10 0.00122109
Car -1 -1 -10 1386.289 707.993 1533.523 817.819 -1 -1 -1 -1000 -1000 -1000 -10 0.00119742
