Car -1 -1 -10 762.742 567.948 890.981 668.233 -1 -1 -1 -1000 -1000 -1000 -10 0.60300544
Car -1 -1 -10 679.409 597.803 724.019 641.301 -1 -1 -1 -1000 -1000 -1000 -10 0.01129700
Car -1 -1 -10 1339.677 630.362 1919.939 1065.395 -1 -1 -1 -1000 -1000 -1000 -10 0.00905664
Car -1 -1 -10 1112.023 508.295 1920.000 1200.000 -1 -1 -1 -1000 -1000 -1000 -10 0.00924804
Car -1 -1 -10 1424.079 389.296 1920.000 1193.241 -1 -1 -1 -1000 -1000 -1000 -10 0.00411085
Car -1 -1 -10 0.000 800.219 458.965 1198.151 -1 -1 -1 -1000 -1000 -1000 -10 0.00704044
Car -1 -1 -10 1331.955 457.535 1916.995 874.508 -1 -1 -1 -1000 -1000 -1000 -10 0.00346222
Car -1 -1 -10 1432.600 328.230 1916.691 739.718 -1 -1 -1 -1000 -1000 -1000 -10 0.00652297
Car -1 -1 -10 1455.142 609.211 1920.000 948.701 -1 -1 -1 -1000 -1000 -1000 -10 0.00169032
Car -1 -1 -10 49.552 1157.371 86.462 1200.000 -1 -1 -1 -1000 -1000 -1000 -10 0.00162293
Car -1 -1 -10 8.874 1139.091 119.323 1200.000 -1 -1 -1 -1000 -1000 -1000 -10 0.00155222
Car -1 -1 -10 1470.828 594.873 1920.000 866.624 -1 -1 -1 -1000 -1000 -1000 -10 0.00146862
Car -1 -1 -10 1515.012 659.901 1870.343 983.838 -1 -1 -1 -1000 -1000 -1000 -10 0.00274113
Car -1 -1 -10 12.653 603.750 206.557 1191.607 -1 -1 -1 -1000 -1000 -1000 -10 0.00144996
Car -1 -1 -10 1375.240 405.560 1777.901 642.214 -1 -1 -1 -1000 -1000 -1000 -10 0.00141510
Car -1 -1 -10 1455.651 802.669 1920.000 1200.000 -1 -1 -1 -1000 -1000 -1000 -10 0.00140229
Car -1 -1 -10 0.000 1109.605 123.914 1200.000 -1 -1 -1 -1000 -1000 -1000 -10 0.00136352
Car -1 -1 -10 0.000 1021.064 245.530 1200.000 -1 -1 -1 -1000 -1000 -1000 -10 0.00133263
Car -1 -1 -10 1513.631 449.617 1920.000 694.612 -1 -1 -1 -1000 -1000 -1000 -10 0.00127627
Car -1 -1 -10 1564.484 549.555 1870.524 1104.067 -1 -1 -1 -1000 -1000 -1000 -10 0.00127252
Car -1 -1 -10 0.000 938.005 317.486 1200.000 -1 -1 -1 -1000 -1000 -1000 -10 0.00124484
Car -1 -1 -10 790.701 591.266 857.141 647.287 -1 -1 -1 -1000 -1000 -1000 -10 0.00121777
