Car -1 -1 -10 1412.180 537.859 1920.000 1200.000 -1 -1 -1 -1000 -1000 -1000 -10 0.01704668
Car -1 -1 -10 0.000 574.571 536.078 1195.492 -1 -1 -1 -1000 -1000 -1000 -10 0.03569955
Car -1 -1 -10 1493.024 513.643 1915.683 999.687 -1 -1 -1 -1000 -1000 -1000 -10 0.02810485
Car -1 -1 -10 0.000 467.978 982.622 1181.328 -1 -1 -1 -1000 -1000 -1000 -10 0.02282409
Car -1 -1 -10 1506.570 279.097 1920.000 771.603 -1 -1 -1 -1000 -1000 -1000 -10 0.00832840
Car -1 -1 -10 1520.914 529.514 1920.000 913.467 -1 -1 -1 -1000 -1000 -1000 -10 0.00820015
Car -1 -1 -10 1.384 626.987 244.078 799.090 -1 -1 -1 -1000 -1000 -1000 -10 0.01326317
Car -1 -1 -10 1525.698 397.296 1920.000 841.490 -1 -1 -1 -1000 -1000 -1000 -10 0.00685622
Car -1 -1 -10 1353.791 363.477 1912.865 959.444 -1 -1 -1 -1000 -1000 -1000 -10 0.00683272
Car -1 -1 -10 735.209 486.378 1855.837 1178.530 -1 -1 -1 -1000 -1000 -1000 -10 0.00650170
Car -1 -1 -10 0.000 20.560 1386.534 1142.097 -1 -1 -1 -1000 -1000 -1000 -10 0.00642480
Car -1 -1 -10 1280.726 491.315 1920.000 1200.000 -1 -1 -1 -1000 -1000 -1000 -10 0.00557484
Car -1 -1 -10 0.000 615.567 424.097 925.557 -1 -1 -1 -1000 -1000 -1000 -10 0.00547107
