Car -1 -1 -10 1711.509 530.506 1920.000 713.374 -1 -1 -1 -1000 -1000 -1000 -10 0.06754306
Car -1 -1 -10 38.970 573.061 1307.192 1189.764 -1 -1 -1 -1000 -1000 -1000 -10 0.09116724
Car -1 -1 -10 1761.148 526.012 1915.292 704.266 -1 -1 -1 -1000 -1000 -1000 -10 0.03778685
Car -1 -1 -10 0.000 638.214 624.400 1200.000 -1 -1 -1 -1000 -1000 -1000 -10 0.02370024
Car -1 -1 -10 1547.909 594.092 1770.117 707.947 -1 -1 -1 -1000 -1000 -1000 -10 0.00877943
Car -1 -1 -10 0.000 760.384 752.113 1186.706 -1 -1 -1 -1000 -1000 -1000 -10 0.00813521
Car -1 -1 -10 1569.501 594.547 1805.443 716.357 -1 -1 -1 -1000 -1000 -1000 -10 0.01274896
Car -1 -1 -10 1563.080 608.853 1736.570 704.576 -1 -1 -1 -1000 -1000 -1000 -10 0.00712694
Car -1 -1 -10 1804.586 536.838 1900.970 703.341 -1 -1 -1 -1000 -1000 -1000 -10 0.00582726
Car -1 -1 -10 1792.356 556.035 1919.794 679.794 -1 -1 -1 -1000 -1000 -1000 -10 0.00841960
Car -1 -1 -10 0.000 565.998 392.063 1200.000 -1 -1 -1 -1000 -1000 -1000 -10 0.00412143
Car -1 -1 -10 1530.373 580.059 1833.288 708.586 -1 -1 -1 -1000 -1000 -1000 -10 0.00308073
Car -1 -1 -10 167.460 852.851 1071.493 1200.000 -1 -1 -1 -1000 -1000 -1000 -10 0.00837189
Car -1 -1 -10 0.000 618.949 312.558 1199.372 -1 -1 -1 -1000 -1000 -1000 -10 0.00288345
Car -1 -1 -10 1705.405 495.276 1920.000 742.219 -1 -1 -1 -1000 -1000 -1000 -10 0.00284601
Car -1 -1 -10 1790.303 499.342 1917.628 643.448 -1 -1 -1 -1000 -1000 -1000 -10 0.00275688
Car -1 -1 -10 305.357 776.374 1017.423 1200.000 -1 -1 -1 -1000 -1000 -1000 -10 0.00273221
Car -1 -1 -10 477.926 249.950 777.739 1199.754 -1 -1 -1 -1000 -1000 -1000 -10 0.00464216
Car -1 -1 -10 188.789 637.052 926.628 1110.611 -1 -1 -1 -1000 -1000 -1000 -10 0.00216437
