Car -1 -1 -10 935.519 585.851 1030.617 662.155 -1 -1 -1 -1000 -1000 -1000 -10 0.98962726
Car -1 -1 -10 453.969 570.359 690.421 672.367 -1 -1 -1 -1000 -1000 -1000 -10 0.34330392
Car -1 -1 -10 11.440 556.075 297.235 802.877 -1 -1 -1 -1000 -1000 -1000 -10 0.12758449
Car -1 -1 -10 0.591 568.518 141.656 841.045 -1 -1 -1 -1000 -1000 -1000 -10 0.04435687
Car -1 -1 -10 567.387 570.737 747.033 660.198 -1 -1 -1 -1000 -1000 -1000 -10 0.02864619
Car -1 -1 -10 149.545 563.504 432.411 720.879 -1 -1 -1 -1000 -1000 -1000 -10 0.01336609
Car -1 -1 -10 0.000 551.593 416.732 1132.071 -1 -1 -1 -1000 -1000 -1000 -10 0.01322278
Car -1 -1 -10 883.935 515.411 1920.000 1194.563 -1 -1 -1 -1000 -1000 -1000 -10 0.01545594
Car -1 -1 -10 41.523 514.343 1229.684 1187.490 -1 -1 -1 -1000 -1000 -1000 -10 0.01671878
Car -1 -1 -10 55.896 573.805 346.886 745.414 -1 -1 -1 -1000 -1000 -1000 -10 0.00953533
Car -1 -1 -10 0.000 526.301 531.785 1198.443 -1 -1 -1 -1000 -1000 -1000 -10 0.00577374
Car -1 -1 -10 609.201 817.043 1268.552 1194.928 -1 -1 -1 -1000 -1000 -1000 -10 0.00458535
Car -1 -1 -10 249.046 608.169 416.001 712.541 -1 -1 -1 -1000 -1000 -1000 -10 0.00246984
Car -1 -1 -10 511.070 553.456 826.558 674.614 -1 -1 -1 -1000 -1000 -1000 -10 0.00429670
Car -1 -1 -10 0.000 792.816 338.416 1195.986 -1 -1 -1 -1000 -1000 -1000 -10 0.00212842
Car -1 -1 -10 803.428 706.928 993.390 1194.797 -1 -1 -1 -1000 -1000 -1000 -10 0.00183034
Car -1 -1 -10 309.700 779.080 1075.792 1193.368 -1 -1 -1 -1000 -1000 -1000 -10 0.00326852
Car -1 -1 -10 0.000 415.290 431.155 944.139 -1 -1 -1 -1000 -1000 -1000 -10 0.00170735
Car -1 -1 -10 701.646 1047.696 1118.394 1200.000 -1 -1 -1 -1000 -1000 -1000 -10 0.00314579
Car -1 -1 -10 0.000 977.778 288.876 1200.000 -1 -1 -1 -1000 -1000 -1000 -10 0.00164958
Car -1 -1 -10 0.000 1105.340 90.359 1200.000 -1 -1 -1 -1000 -1000 -1000 -10 0.00156275
Car -1 -1 -10 0.000 917.193 350.343 1200.000 -1 -1 -1 -1000 -1000 -1000 -10 0.00155035
Car -1 -1 -10 759.678 872.383 1045.606 1200.000 -1 -1 -1 -1000 -1000 -1000 -10 0.00154691
Car -1 -1 -10 785.887 1103.243 1032.611 1200.000 -1 -1 -1 -1000 -1000 -1000 -10 0.00153301
Car -1 -1 -10 480.716 928.092 1099.949 1200.000 -1 -1 -1 -1000 -1000 -1000 -10 0.00149542
Car -1 -1 -10 2.468 509.647 341.938 859.086 -1 -1 -1 -1000 -1000 -1000 -10 0.00147088
Car -1 -1 -10 30.384 689.703 280.231 1198.024 -1 -1 -1 -1000 -1000 -1000 -10 0.00145466
Car -1 -1 -10 711.495 657.501 977.402 1200.000 -1 -1 -1 -1000 -1000 -1000 -10 0.00144630
Car -1 -1 -10 636.811 1083.891 946.746 1200.000 -1 -1 -1 -1000 -1000 -1000 -10 0.00143819
