Car -1 -1 -10 712.311 575.439 815.070 657.480 -1 -1 -1 -1000 -1000 -1000 -10 0.26355056
Car -1 -1 -10 0.000 515.584 952.620 1197.047 -1 -1 -1 -1000 -1000 -1000 -10 0.01647348
Car -1 -1 -10 0.000 732.597 755.459 1200.000 -1 -1 -1 -1000 -1000 -1000 -10 0.00417615
Car -1 -1 -10 7.209 780.399 584.000 1200.000 -1 -1 -1 -1000 -1000 -1000 -10 0.00554498
Car -1 -1 -10 318.736 519.559 1543.779 1195.523 -1 -1 -1 -1000 -1000 -1000 -10 0.00533541
Car -1 -1 -10 0.000 574.306 367.116 1200.000 -1 -1 -1 -1000 -1000 -1000 -10 0.00233308
Car -1 -1 -10 111.468 171.747 405.139 1177.905 -1 -1 -1 -1000 -1000 -1000 -10 0.00219806
Car -1 -1 -10 112.004 381.423 417.472 1200.000 -1 -1 -1 -1000 -1000 -1000 -10 0.00214746
Car -1 -1 -10 0.000 672.274 488.639 1200.000 -1 -1 -1 -1000 -1000 -1000 -10 0.00212786
Car -1 -1 -10 205.691 561.815 346.492 1199.735 -1 -1 -1 -1000 -1000 -1000 -10 0.00388938
Car -1 -1 -10 0.000 816.062 213.742 1192.809 -1 -1 -1 -1000 -1000 -1000 -10 0.00199789
Car -1 -1 -10 0.000 836.464 293.673 1198.728 -1 -1 -1 -1000 -1000 -1000 -10 0.00190424
Car -1 -1 -10 224.519 700.847 466.162 1161.422 -1 -1 -1 -1000 -1000 -1000 -10 0.00188926
Car -1 -1 -10 1.456 1039.280 411.081 1200.000 -1 -1 -1 -1000 -1000 -1000 -10 0.00185258
Car -1 -1 -10 97.638 768.420 448.915 1087.553 -1 -1 -1 -1000 -1000 -1000 -10 0.00173727
Car -1 -1 -10 162.025 675.826 346.408 1194.159 -1 -1 -1 -1000 -1000 -1000 -10 0.00172954
Car -1 -1 -10 77.400 1052.654 506.676 1200.000 -1 -1 -1 -1000 -1000 -1000 -10 0.00314231
Car -1 -1 -10 15.361 989.173 429.037 1200.000 -1 -1 -1 -1000 -1000 -1000 -10 0.00171116
Car -1 -1 -10 161.186 718.986 879.363 1185.360 -1 -1 -1 -1000 -1000 -1000 -10 0.00307852
Car -1 -1 -10 28.174 790.994 876.581 1193.793 -1 -1 -1 -1000 -1000 -1000 -10 0.00166529
Car -1 -1 -10 55.599 534.690 206.981 1200.000 -1 -1 -1 -1000 -1000 -1000 -10 0.00165578
Car -1 -1 -10 165.194 612.535 295.379 1197.570 -1 -1 -1 -1000 -1000 -1000 -10 0.00165257
Car -1 -1 -10 1.635 924.781 599.454 1200.000 -1 -1 -1 -1000 -1000 -1000 -10 0.00288900
Car -1 -1 -10 232.459 667.042 419.116 1190.667 -1 -1 -1 -1000 -1000 -1000 -10 0.00157455
Car -1 -1 -10 26.582 665.711 297.573 1200.000 -1 -1 -1 -1000 -1000 -1000 -10 0.00155552
Car -1 -1 -10 32.406 783.710 517.277 1068.371 -1 -1 -1 -1000 -1000 -1000 -10 0.00154449
Car -1 -1 -10 185.901 254.006 487.353 1200.000 -1 -1 -1 -1000 -1000 -1000 -10 0.00141558
Car -1 -1 -10 20.708 597.297 147.847 1196.623 -1 -1 -1 -1000 -1000 -1000 -10 0.00139537
Car -1 -1 -10 106.731 552.461 255.289 1200.000 -1 -1 -1 -1000 -1000 -1000 -10 0.00137793
Car -1 -1 -10 0.000 859.201 399.312 1094.728 -1 -1 -1 -1000 -1000 -1000 -10 0.00136932
Car -1 -1 -10 273.923 600.034 422.961 1200.000 -1 -1 -1 -1000 -1000 -1000 -10 0.00135723
Car -1 -1 -10 1.885 1026.430 292.486 1200.000 -1 -1 -1 -1000 -1000 -1000 -10 0.00132961
Car -1 -1 -10 1453.185 538.138 1920.000 898.321 -1 -1 -1 -1000 -1000 -1000 -10 0.00132446
Car -1 -1 -10 237.128 746.021 362.446 1200.000 -1 -1 -1 -1000 -1000 -1000 -10 0.00130877
Car -1 -1 -10 178.808 442.494 443.801 1200.000 -1 -1 -1 -1000 -1000 -1000 -10 0.00129814
Car -1 -1 -10 178.435 606.983 325.468 1200.000 -1 -1 -1 -1000 -1000 -1000 -10 0.00129672
Car -1 -1 -10 0.000 1085.908 292.178 1200.000 -1 -1 -1 -1000 -1000 -1000 -10 0.00126250
Car -1 -1 -10 161.437 1106.416 416.223 1200.000 -1 -1 -1 -1000 -1000 -1000 -10 0.00124895
Car -1 -1 -10 615.381 715.773 1345.005 1177.646 -1 -1 -1 -1000 -1000 -1000 -10 0.00117960
