Car -1 -1 -10 0.000 518.054 1098.040 1189.806 -1 -1 -1 -1000 -1000 -1000 -10 0.03781343
Car -1 -1 -10 0.000 591.603 77.430 714.607 -1 -1 -1 -1000 -1000 -1000 -10 0.01672682
Car -1 -1 -10 0.000 684.829 675.626 1199.655 -1 -1 -1 -1000 -1000 -1000 -10 0.01832963
Car -1 -1 -10 0.000 778.790 756.714 1195.820 -1 -1 -1 -1000 -1000 -1000 -10 0.00679774
Car -1 -1 -10 0.000 575.161 86.750 737.054 -1 -1 -1 -1000 -1000 -1000 -10 0.00729035
Car -1 -1 -10 0.000 566.734 377.445 1200.000 -1 -1 -1 -1000 -1000 -1000 -10 0.00691009
Car -1 -1 -10 356.007 511.213 1663.129 1197.838 -1 -1 -1 -1000 -1000 -1000 -10 0.00682449
Car -1 -1 -10 0.000 577.812 119.950 741.085 -1 -1 -1 -1000 -1000 -1000 -10 0.00331596
Car -1 -1 -10 1077.034 520.578 1911.852 1200.000 -1 -1 -1 -1000 -1000 -1000 -10 0.01076465
Car -1 -1 -10 1383.989 607.630 1804.802 1037.509 -1 -1 -1 -1000 -1000 -1000 -10 0.00324147
Car -1 -1 -10 544.927 497.478 1828.931 1200.000 -1 -1 -1 -1000 -1000 -1000 -10 0.00584112
Car -1 -1 -10 1501.226 359.169 1912.885 1157.742 -1 -1 -1 -1000 -1000 -1000 -10 0.00234105
Car -1 -1 -10 4.767 576.479 151.998 735.147 -1 -1 -1 -1000 -1000 -1000 -10 0.00231839
Car -1 -1 -10 1310.348 621.937 1889.882 1022.245 -1 -1 -1 -1000 -1000 -1000 -10 0.00225817
Car -1 -1 -10 265.064 770.261 1181.996 1189.438 -1 -1 -1 -1000 -1000 -1000 -10 0.00224006
Car -1 -1 -10 1411.651 416.874 1917.812 1191.404 -1 -1 -1 -1000 -1000 -1000 -10 0.00216443
Car -1 -1 -10 0.000 530.265 198.812 750.777 -1 -1 -1 -1000 -1000 -1000 -10 0.00212257
Car -1 -1 -10 117.718 193.572 407.208 1192.173 -1 -1 -1 -1000 -1000 -1000 -10 0.00207893
Car -1 -1 -10 1473.030 518.254 1920.000 1024.975 -1 -1 -1 -1000 -1000 -1000 -10 0.00196812
Car -1 -1 -10 0.000 511.393 424.444 1030.969 -1 -1 -1 -1000 -1000 -1000 -10 0.00196003
Car -1 -1 -10 218.221 693.177 971.843 1173.914 -1 -1 -1 -1000 -1000 -1000 -10 0.00191920
Car -1 -1 -10 34.697 249.132 297.260 1200.000 -1 -1 -1 -1000 -1000 -1000 -10 0.00380288
Car -1 -1 -10 187.471 252.179 488.666 1200.000 -1 -1 -1 -1000 -1000 -1000 -10 0.00362487
Car -1 -1 -10 380.176 178.904 681.519 1188.559 -1 -1 -1 -1000 -1000 -1000 -10 0.00347751
Car -1 -1 -10 0.000 812.742 290.697 1200.000 -1 -1 -1 -1000 -1000 -1000 -10 0.00164180
Car -1 -1 -10 0.000 597.554 278.413 968.779 -1 -1 -1 -1000 -1000 -1000 -10 0.00162958
