Car -1 -1 -10 744.190 593.245 818.920 661.651 -1 -1 -1 -1000 -1000 -1000 -10 0.99829261
Car -1 -1 -10 942.243 570.366 1179.346 706.199 -1 -1 -1 -1000 -1000 -1000 -10 0.49650528
Car -1 -1 -10 1316.324 533.593 1812.641 840.952 -1 -1 -1 -1000 -1000 -1000 -10 0.94769824
Car -1 -1 -10 941.727 559.771 1239.179 713.098 -1 -1 -1 -1000 -1000 -1000 -10 0.48199521
Car -1 -1 -10 1008.152 563.289 1287.410 721.308 -1 -1 -1 -1000 -1000 -1000 -10 0.46448863
Car -1 -1 -10 1182.751 514.367 1622.984 804.096 -1 -1 -1 -1000 -1000 -1000 -10 0.45926191
Car -1 -1 -10 1156.732 523.848 1543.735 790.292 -1 -1 -1 -1000 -1000 -1000 -10 0.42096694
Car -1 -1 -10 45.369 566.920 340.246 725.188 -1 -1 -1 -1000 -1000 -1000 -10 0.16216780
Car -1 -1 -10 1097.022 537.710 1429.677 748.574 -1 -1 -1 -1000 -1000 -1000 -10 0.33005366
Car -1 -1 -10 0.000 558.927 314.781 735.543 -1 -1 -1 -1000 -1000 -1000 -10 0.40012953
Car -1 -1 -10 0.989 587.410 148.959 750.738 -1 -1 -1 -1000 -1000 -1000 -10 0.31855459
Car -1 -1 -10 916.286 568.462 1080.228 667.133 -1 -1 -1 -1000 -1000 -1000 -10 0.19358970
