Car -1 -1 -10 746.583 598.008 858.971 706.604 -1 -1 -1 -1000 -1000 -1000 -10 0.99999052
Car -1 -1 -10 674.378 616.914 749.596 678.123 -1 -1 -1 -1000 -1000 -1000 -10 0.46337184
Car -1 -1 -10 675.945 626.094 738.130 680.813 -1 -1 -1 -1000 -1000 -1000 -10 0.39743163
Car -1 -1 -10 831.158 612.629 884.855 669.836 -1 -1 -1 -1000 -1000 -1000 -10 0.02002290
Car -1 -1 -10 840.336 603.530 881.610 666.057 -1 -1 -1 -1000 -1000 -1000 -10 0.01700408
Car -1 -1 -10 1615.924 548.323 1901.752 725.270 -1 -1 -1 -1000 -1000 -1000 -10 0.01235708
Car -1 -1 -10 1621.043 530.497 1915.920 815.255 -1 -1 -1 -1000 -1000 -1000 -10 0.00438823
Car -1 -1 -10 1676.755 589.694 1897.848 730.461 -1 -1 -1 -1000 -1000 -1000 -10 0.00415559
Car -1 -1 -10 1649.770 514.434 1916.378 915.344 -1 -1 -1 -1000 -1000 -1000 -10 0.00570263
Car -1 -1 -10 1740.569 669.462 1909.682 894.223 -1 -1 -1 -1000 -1000 -1000 -10 0.00333312
Car -1 -1 -10 1603.446 469.353 1920.000 851.674 -1 -1 -1 -1000 -1000 -1000 -10 0.00319418
Car -1 -1 -10 1720.576 600.427 1917.383 809.551 -1 -1 -1 -1000 -1000 -1000 -10 0.00306646
Car -1 -1 -10 1519.232 474.083 1915.752 776.814 -1 -1 -1 -1000 -1000 -1000 -10 0.00300440
Car -1 -1 -10 1784.770 747.444 1911.578 875.317 -1 -1 -1 -1000 -1000 -1000 -10 0.00571879
Car -1 -1 -10 1788.785 627.247 1900.721 838.202 -1 -1 -1 -1000 -1000 -1000 -10 0.00297991
Car -1 -1 -10 1733.100 590.963 1904.290 768.588 -1 -1 -1 -1000 -1000 -1000 -10 0.00281587
Car -1 -1 -10 1533.904 431.593 1920.000 892.666 -1 -1 -1 -1000 -1000 -1000 -10 0.00267712
Car -1 -1 -10 698.222 621.547 750.280 673.395 -1 -1 -1 -1000 -1000 -1000 -10 0.00259382
Car -1 -1 -10 1765.752 572.895 1919.186 793.648 -1 -1 -1 -1000 -1000 -1000 -10 0.00244639
Car -1 -1 -10 0.000 796.985 466.569 1200.000 -1 -1 -1 -1000 -1000 -1000 -10 0.00455109
Car -1 -1 -10 1576.497 521.262 1920.000 1200.000 -1 -1 -1 -1000 -1000 -1000 -10 0.00226737
Car -1 -1 -10 1660.194 651.125 1920.000 896.714 -1 -1 -1 -1000 -1000 -1000 -10 0.00221945
Car -1 -1 -10 1776.320 688.128 1920.000 789.875 -1 -1 -1 -1000 -1000 -1000 -10 0.00218687
Car -1 -1 -10 0.000 508.570 877.883 1185.781 -1 -1 -1 -1000 -1000 -1000 -10 0.00413657
Car -1 -1 -10 1491.508 569.344 1920.000 1142.716 -1 -1 -1 -1000 -1000 -1000 -10 0.00200796
