Car -1 -1 -10 643.714 597.948 735.444 680.612 -1 -1 -1 -1000 -1000 -1000 -10 0.99973862
Car -1 -1 -10 1115.193 585.771 1419.493 793.836 -1 -1 -1 -1000 -1000 -1000 -10 0.99356452
Car -1 -1 -10 815.492 611.208 870.408 659.443 -1 -1 -1 -1000 -1000 -1000 -10 0.36994828
Car -1 -1 -10 570.955 621.965 637.301 669.777 -1 -1 -1 -1000 -1000 -1000 -10 0.21111977
Car -1 -1 -10 797.597 587.160 885.662 661.858 -1 -1 -1 -1000 -1000 -1000 -10 0.00284005
Car -1 -1 -10 0.000 794.631 461.217 1197.245 -1 -1 -1 -1000 -1000 -1000 -10 0.00849856
Car -1 -1 -10 892.083 605.872 948.680 660.401 -1 -1 -1 -1000 -1000 -1000 -10 0.00517166
Car -1 -1 -10 0.000 515.706 958.137 1192.647 -1 -1 -1 -1000 -1000 -1000 -10 0.00566319
Car -1 -1 -10 1144.426 656.901 1265.065 778.677 -1 -1 -1 -1000 -1000 -1000 -10 0.00169728
Car -1 -1 -10 1231.820 589.134 1401.338 691.549 -1 -1 -1 -1000 -1000 -1000 -10 0.00432114
Car -1 -1 -10 595.789 1156.853 635.573 1200.000 -1 -1 -1 -1000 -1000 -1000 -10 0.00158913
Car -1 -1 -10 501.427 618.774 557.409 670.047 -1 -1 -1 -1000 -1000 -1000 -10 0.00288486
Car -1 -1 -10 1131.141 587.023 1298.446 691.265 -1 -1 -1 -1000 -1000 -1000 -10 0.00137882
Car -1 -1 -10 1156.359 612.634 1276.744 724.199 -1 -1 -1 -1000 -1000 -1000 -10 0.00119790
Car -1 -1 -10 807.055 618.469 841.642 665.775 -1 -1 -1 -1000 -1000 -1000 -10 0.00096195
