Car -1 -1 -10 1256.609 513.271 1920.000 810.464 -1 -1 -1 -1000 -1000 -1000 -10 0.83398880
Car -1 -1 -10 256.961 567.148 447.203 652.264 -1 -1 -1 -1000 -1000 -1000 -10 0.09328455
Car -1 -1 -10 229.931 557.505 476.483 661.911 -1 -1 -1 -1000 -1000 -1000 -10 0.04587980
Car -1 -1 -10 4.180 530.213 287.129 693.416 -1 -1 -1 -1000 -1000 -1000 -10 0.05813666
Car -1 -1 -10 1194.857 521.909 1655.248 763.240 -1 -1 -1 -1000 -1000 -1000 -10 0.03337320
Car -1 -1 -10 1596.097 457.384 1919.871 809.149 -1 -1 -1 -1000 -1000 -1000 -10 0.01823311
Car -1 -1 -10 1311.320 549.120 1908.063 1112.919 -1 -1 -1 -1000 -1000 -1000 -10 0.02796705
Car -1 -1 -10 1544.164 503.875 1918.687 759.945 -1 -1 -1 -1000 -1000 -1000 -10 0.00779052
Car -1 -1 -10 1343.008 529.910 1644.791 702.349 -1 -1 -1 -1000 -1000 -1000 -10 0.00675597
Car -1 -1 -10 1313.778 527.887 1684.471 747.615 -1 -1 -1 -1000 -1000 -1000 -10 0.00666403
Car -1 -1 -10 0.000 525.335 1076.062 1193.690 -1 -1 -1 -1000 -1000 -1000 -10 0.01092459
Car -1 -1 -10 172.364 585.845 321.030 684.198 -1 -1 -1 -1000 -1000 -1000 -10 0.00992123
Car -1 -1 -10 1139.222 556.070 1593.579 776.140 -1 -1 -1 -1000 -1000 -1000 -10 0.00482187
Car -1 -1 -10 1570.515 534.764 1727.414 635.240 -1 -1 -1 -1000 -1000 -1000 -10 0.00785018
Car -1 -1 -10 1443.907 513.100 1841.377 722.088 -1 -1 -1 -1000 -1000 -1000 -10 0.01120097
Car -1 -1 -10 0.000 727.740 660.684 1194.182 -1 -1 -1 -1000 -1000 -1000 -10 0.00774295
Car -1 -1 -10 1440.165 563.967 1909.146 923.075 -1 -1 -1 -1000 -1000 -1000 -10 0.00406500
Car -1 -1 -10 1456.078 526.091 1579.979 648.898 -1 -1 -1 -1000 -1000 -1000 -10 0.00405815
Car -1 -1 -10 1339.774 496.075 1700.491 692.550 -1 -1 -1 -1000 -1000 -1000 -10 0.00375981
Car -1 -1 -10 1429.711 526.587 1558.189 648.075 -1 -1 -1 -1000 -1000 -1000 -10 0.00347777
Car -1 -1 -10 1407.181 535.525 1558.320 638.441 -1 -1 -1 -1000 -1000 -1000 -10 0.00286295
Car -1 -1 -10 1362.521 510.293 1652.196 671.898 -1 -1 -1 -1000 -1000 -1000 -10 0.00283322
