Car -1 -1 -10 546.307 606.428 656.400 691.631 -1 -1 -1 -1000 -1000 -1000 -10 0.96207269
Car -1 -1 -10 364.529 612.860 492.400 702.823 -1 -1 -1 -1000 -1000 -1000 -10 0.90803209
Car -1 -1 -10 876.577 596.130 976.642 675.643 -1 -1 -1 -1000 -1000 -1000 -10 0.97818583
Car -1 -1 -10 707.638 599.570 834.181 680.340 -1 -1 -1 -1000 -1000 -1000 -10 0.76684795
Car -1 -1 -10 621.249 604.880 708.705 678.612 -1 -1 -1 -1000 -1000 -1000 -10 0.67271241
Car -1 -1 -10 480.524 622.563 565.826 688.157 -1 -1 -1 -1000 -1000 -1000 -10 0.53307084
Car -1 -1 -10 1417.636 598.488 1513.884 658.681 -1 -1 -1 -1000 -1000 -1000 -10 0.32402029
Car -1 -1 -10 775.176 601.056 851.920 663.223 -1 -1 -1 -1000 -1000 -1000 -10 0.00513627
Car -1 -1 -10 686.468 594.438 781.721 672.737 -1 -1 -1 -1000 -1000 -1000 -10 0.00331932
Car -1 -1 -10 691.716 597.910 767.377 667.202 -1 -1 -1 -1000 -1000 -1000 -10 0.00330870
Car -1 -1 -10 786.546 605.381 842.994 660.145 -1 -1 -1 -1000 -1000 -1000 -10 0.00279810
Car -1 -1 -10 0.000 790.237 466.545 1198.501 -1 -1 -1 -1000 -1000 -1000 -10 0.00425248
Car -1 -1 -10 494.003 1156.966 533.882 1200.000 -1 -1 -1 -1000 -1000 -1000 -10 0.00170077
Car -1 -1 -10 812.461 1157.866 851.342 1200.000 -1 -1 -1 -1000 -1000 -1000 -10 0.00150683
