Car -1 -1 -10 820.906 567.494 902.479 643.288 -1 -1 -1 -1000 -1000 -1000 -10 0.86177488
Car -1 -1 -10 360.402 599.491 449.919 659.822 -1 -1 -1 -1000 -1000 -1000 -10 0.10479966
Car -1 -1 -10 1063.908 586.591 1138.975 650.452 -1 -1 -1 -1000 -1000 -1000 -10 0.03009388
Car -1 -1 -10 866.462 582.955 919.728 631.822 -1 -1 -1 -1000 -1000 -1000 -10 0.01198544
Car -1 -1 -10 846.346 576.553 930.613 636.995 -1 -1 -1 -1000 -1000 -1000 -10 0.00801510
Car -1 -1 -10 878.444 583.086 922.916 630.162 -1 -1 -1 -1000 -1000 -1000 -10 0.01384813
Car -1 -1 -10 396.116 608.027 456.901 657.084 -1 -1 -1 -1000 -1000 -1000 -10 0.00404799
Car -1 -1 -10 125.057 794.595 762.926 1195.275 -1 -1 -1 -1000 -1000 -1000 -10 0.00300809
Car -1 -1 -10 688.710 0.000 757.272 41.490 -1 -1 -1 -1000 -1000 -1000 -10 0.00185218
Car -1 -1 -10 700.694 0.000 769.062 41.449 -1 -1 -1 -1000 -1000 -1000 -10 0.00149647
Car -1 -1 -10 684.496 0.000 761.139 74.760 -1 -1 -1 -1000 -1000 -1000 -10 0.00142944
Car -1 -1 -10 315.970 566.081 453.718 663.394 -1 -1 -1 -1000 -1000 -1000 -10 0.00128208
Car -1 -1 -10 935.781 768.023 1349.795 1175.630 -1 -1 -1 -1000 -1000 -1000 -10 0.00284043
Car -1 -1 -10 699.308 0.000 747.597 87.613 -1 -1 -1 -1000 -1000 -1000 -10 0.00125805
Car -1 -1 -10 422.899 661.265 609.105 1192.274 -1 -1 -1 -1000 -1000 -1000 -10 0.00205769
Car -1 -1 -10 697.040 0.000 773.141 74.162 -1 -1 -1 -1000 -1000 -1000 -10 0.00107296
Car -1 -1 -10 388.447 0.000 921.677 200.911 -1 -1 -1 -1000 -1000 -1000 -10 0.00182221
Car -1 -1 -10 0.000 804.601 453.728 1199.481 -1 -1 -1 -1000 -1000 -1000 -10 0.00277600
Car -1 -1 -10 228.732 794.871 873.508 1190.692 -1 -1 -1 -1000 -1000 -1000 -10 0.00158435
Car -1 -1 -10 710.633 0.000 758.488 86.396 -1 -1 -1 -1000 -1000 -1000 -10 0.00096809
Car -1 -1 -10 0.000 568.979 345.872 1200.000 -1 -1 -1 -1000 -1000 -1000 -10 0.00095546
Car -1 -1 -10 496.912 2.905 864.447 368.578 -1 -1 -1 -1000 -1000 -1000 -10 0.00094678
Car -1 -1 -10 240.800 796.984 467.193 1188.960 -1 -1 -1 -1000 -1000 -1000 -10 0.00093741
Car -1 -1 -10 492.845 654.977 680.917 1195.176 -1 -1 -1 -1000 -1000 -1000 -10 0.00092953
Car -1 -1 -10 351.129 789.322 975.285 1189.051 -1 -1 -1 -1000 -1000 -1000 -10 0.00092932
Car -1 -1 -10 1020.287 875.674 1294.364 1048.687 -1 -1 -1 -1000 -1000 -1000 -10 0.00148516
Car -1 -1 -10 323.277 664.833 517.095 1198.255 -1 -1 -1 -1000 -1000 -1000 -10 0.00088577
Car -1 -1 -10 547.468 35.345 724.773 507.293 -1 -1 -1 -1000 -1000 -1000 -10 0.00148184
Car -1 -1 -10 566.261 801.536 1171.729 1182.508 -1 -1 -1 -1000 -1000 -1000 -10 0.00088294
Car -1 -1 -10 836.252 525.275 882.600 683.950 -1 -1 -1 -1000 -1000 -1000 -10 0.00086734
Car -1 -1 -10 973.404 650.771 1166.527 1190.467 -1 -1 -1 -1000 -1000 -1000 -10 0.00086541
Car -1 -1 -10 1468.438 802.919 1920.000 1200.000 -1 -1 -1 -1000 -1000 -1000 -10 0.00158415
Car -1 -1 -10 545.370 653.794 729.412 1191.189 -1 -1 -1 -1000 -1000 -1000 -10 0.00083468
Car -1 -1 -10 624.614 0.000 700.690 79.329 -1 -1 -1 -1000 -1000 -1000 -10 0.00150675
Car -1 -1 -10 350.962 569.932 430.556 643.106 -1 -1 -1 -1000 -1000 -1000 -10 0.00143062
Car -1 -1 -10 581.737 4.794 949.066 368.385 -1 -1 -1 -1000 -1000 -1000 -10 0.00081771
Car -1 -1 -10 502.176 4.280 780.526 124.386 -1 -1 -1 -1000 -1000 -1000 -10 0.00076351
Car -1 -1 -10 373.001 665.036 643.057 1200.000 -1 -1 -1 -1000 -1000 -1000 -10 0.00074499
Car -1 -1 -10 437.179 828.327 596.511 1200.000 -1 -1 -1 -1000 -1000 -1000 -10 0.00072688
Car -1 -1 -10 653.731 11.989 795.407 105.096 -1 -1 -1 -1000 -1000 -1000 -10 0.00069322
Car -1 -1 -10 853.709 576.087 911.575 634.773 -1 -1 -1 -1000 -1000 -1000 -10 0.00069081
Car -1 -1 -10 289.864 928.382 900.413 1200.000 -1 -1 -1 -1000 -1000 -1000 -10 0.00068588
Car -1 -1 -10 238.559 893.208 467.538 1117.984 -1 -1 -1 -1000 -1000 -1000 -10 0.00067646
Car -1 -1 -10 229.261 671.389 500.081 1200.000 -1 -1 -1 -1000 -1000 -1000 -10 0.00067630
Car -1 -1 -10 846.439 560.100 875.095 658.382 -1 -1 -1 -1000 -1000 -1000 -10 0.00066642
Car -1 -1 -10 0.000 561.877 413.926 1131.182 -1 -1 -1 -1000 -1000 -1000 -10 0.00064726
Car -1 -1 -10 363.930 824.482 523.479 1200.000 -1 -1 -1 -1000 -1000 -1000 -10 0.00122032
Car -1 -1 -10 441.731 588.821 592.001 1197.676 -1 -1 -1 -1000 -1000 -1000 -10 0.00061823
Car -1 -1 -10 852.436 560.727 880.944 658.872 -1 -1 -1 -1000 -1000 -1000 -10 0.00059981
Car -1 -1 -10 932.001 1066.024 1329.769 1200.000 -1 -1 -1 -1000 -1000 -1000 -10 0.00059862
Car -1 -1 -10 849.137 524.085 895.803 680.025 -1 -1 -1 -1000 -1000 -1000 -10 0.00058684
Car -1 -1 -10 81.809 593.661 233.795 1197.903 -1 -1 -1 -1000 -1000 -1000 -10 0.00058410
Car -1 -1 -10 592.457 0.000 690.058 112.022 -1 -1 -1 -1000 -1000 -1000 -10 0.00057925
Car -1 -1 -10 932.750 362.070 1225.437 1200.000 -1 -1 -1 -1000 -1000 -1000 -10 0.00055991
Car -1 -1 -10 0.000 632.991 258.776 1015.868 -1 -1 -1 -1000 -1000 -1000 -10 0.00054860
