Car -1 -1 -10 0.000 763.277 464.607 1199.434 -1 -1 -1 -1000 -1000 -1000 -10 0.00910370
Car -1 -1 -10 4.773 1050.129 369.726 1200.000 -1 -1 -1 -1000 -1000 -1000 -10 0.00335463
Car -1 -1 -10 0.000 531.361 919.756 1195.923 -1 -1 -1 -1000 -1000 -1000 -10 0.00489188
Car -1 -1 -10 2.581 1085.276 312.090 1200.000 -1 -1 -1 -1000 -1000 -1000 -10 0.00313313
Car -1 -1 -10 46.583 659.599 216.245 1188.812 -1 -1 -1 -1000 -1000 -1000 -10 0.00171566
Car -1 -1 -10 0.000 815.030 212.577 1194.208 -1 -1 -1 -1000 -1000 -1000 -10 0.00320390
Car -1 -1 -10 3.605 846.406 292.464 1200.000 -1 -1 -1 -1000 -1000 -1000 -10 0.00161155
Car -1 -1 -10 117.418 650.095 289.863 1192.279 -1 -1 -1 -1000 -1000 -1000 -10 0.00159393
Car -1 -1 -10 32.486 1104.361 215.294 1200.000 -1 -1 -1 -1000 -1000 -1000 -10 0.00153541
Car -1 -1 -10 20.414 370.274 309.260 1200.000 -1 -1 -1 -1000 -1000 -1000 -10 0.00151771
Car -1 -1 -10 12.478 698.941 249.700 1199.438 -1 -1 -1 -1000 -1000 -1000 -10 0.00149400
Car -1 -1 -10 62.924 244.672 362.509 1196.167 -1 -1 -1 -1000 -1000 -1000 -10 0.00371947
Car -1 -1 -10 20.191 986.189 432.020 1200.000 -1 -1 -1 -1000 -1000 -1000 -10 0.00382948
Car -1 -1 -10 140.503 748.819 266.669 1200.000 -1 -1 -1 -1000 -1000 -1000 -10 0.00136790
Car -1 -1 -10 76.881 1091.574 239.909 1190.957 -1 -1 -1 -1000 -1000 -1000 -10 0.00134489
Car -1 -1 -10 144.043 498.375 1346.893 1197.485 -1 -1 -1 -1000 -1000 -1000 -10 0.00250897
Car -1 -1 -10 124.933 1127.958 191.637 1200.000 -1 -1 -1 -1000 -1000 -1000 -10 0.00132907
Car -1 -1 -10 0.453 1103.315 142.240 1200.000 -1 -1 -1 -1000 -1000 -1000 -10 0.00131601
Car -1 -1 -10 123.180 1087.219 181.426 1200.000 -1 -1 -1 -1000 -1000 -1000 -10 0.00129679
Car -1 -1 -10 8.888 1106.529 181.328 1200.000 -1 -1 -1 -1000 -1000 -1000 -10 0.00238753
Car -1 -1 -10 0.000 625.654 123.046 706.104 -1 -1 -1 -1000 -1000 -1000 -10 0.00239794
Car -1 -1 -10 0.000 943.197 171.017 1200.000 -1 -1 -1 -1000 -1000 -1000 -10 0.00124506
Car -1 -1 -10 48.489 903.897 314.429 1200.000 -1 -1 -1 -1000 -1000 -1000 -10 0.00124289
Car -1 -1 -10 99.718 828.054 259.663 1200.000 -1 -1 -1 -1000 -1000 -1000 -10 0.00121148
Car -1 -1 -10 33.137 1087.043 91.409 1200.000 -1 -1 -1 -1000 -1000 -1000 -10 0.00117466
Car -1 -1 -10 69.920 1137.873 178.523 1200.000 -1 -1 -1 -1000 -1000 -1000 -10 0.00116983
Car -1 -1 -10 40.472 1134.736 209.498 1200.000 -1 -1 -1 -1000 -1000 -1000 -10 0.00116922
Car -1 -1 -10 107.343 1104.709 286.752 1200.000 -1 -1 -1 -1000 -1000 -1000 -10 0.00116632
Car -1 -1 -10 99.013 1087.711 157.501 1200.000 -1 -1 -1 -1000 -1000 -1000 -10 0.00116598
Car -1 -1 -10 214.738 648.995 385.950 1187.868 -1 -1 -1 -1000 -1000 -1000 -10 0.00116480
Car -1 -1 -10 363.316 482.628 1593.013 1191.182 -1 -1 -1 -1000 -1000 -1000 -10 0.00221069
Car -1 -1 -10 36.995 1063.660 190.405 1200.000 -1 -1 -1 -1000 -1000 -1000 -10 0.00113996
Car -1 -1 -10 1607.966 489.254 1919.906 880.717 -1 -1 -1 -1000 -1000 -1000 -10 0.00113596
Car -1 -1 -10 116.861 750.954 244.094 1199.572 -1 -1 -1 -1000 -1000 -1000 -10 0.00112513
Car -1 -1 -10 163.747 1104.490 416.076 1200.000 -1 -1 -1 -1000 -1000 -1000 -10 0.00112492
Car -1 -1 -10 53.634 543.871 275.918 1197.289 -1 -1 -1 -1000 -1000 -1000 -10 0.00220530
Car -1 -1 -10 18.168 1020.730 113.076 1200.000 -1 -1 -1 -1000 -1000 -1000 -10 0.00111498
Car -1 -1 -10 45.599 841.297 362.576 1200.000 -1 -1 -1 -1000 -1000 -1000 -10 0.00111411
Car -1 -1 -10 0.000 1106.993 91.379 1200.000 -1 -1 -1 -1000 -1000 -1000 -10 0.00111268
Car -1 -1 -10 0.000 545.547 700.131 1200.000 -1 -1 -1 -1000 -1000 -1000 -10 0.00109644
Car -1 -1 -10 0.000 1076.501 119.765 1200.000 -1 -1 -1 -1000 -1000 -1000 -10 0.00109262
Car -1 -1 -10 132.860 1142.723 184.393 1200.000 -1 -1 -1 -1000 -1000 -1000 -10 0.00109232
Car -1 -1 -10 166.697 1117.994 247.646 1200.000 -1 -1 -1 -1000 -1000 -1000 -10 0.00107960
Car -1 -1 -10 10.689 637.400 586.069 1096.035 -1 -1 -1 -1000 -1000 -1000 -10 0.00105472
Car -1 -1 -10 1502.449 468.515 1920.000 1040.849 -1 -1 -1 -1000 -1000 -1000 -10 0.00104698
Car -1 -1 -10 114.681 1023.810 208.250 1200.000 -1 -1 -1 -1000 -1000 -1000 -10 0.00104601
