Car -1 -1 -10 611.984 595.945 799.860 749.367 -1 -1 -1 -1000 -1000 -1000 -10 0.99809061
Car -1 -1 -10 716.083 589.206 812.529 675.757 -1 -1 -1 -1000 -1000 -1000 -10 0.35689704
Car -1 -1 -10 568.846 615.859 647.768 680.159 -1 -1 -1 -1000 -1000 -1000 -10 0.27520026
Car -1 -1 -10 682.472 587.182 815.543 692.165 -1 -1 -1 -1000 -1000 -1000 -10 0.09905299
Car -1 -1 -10 736.757 590.628 832.183 670.426 -1 -1 -1 -1000 -1000 -1000 -10 0.06201364
Car -1 -1 -10 582.462 609.534 688.322 697.637 -1 -1 -1 -1000 -1000 -1000 -10 0.02900894
Car -1 -1 -10 758.755 590.793 818.806 654.270 -1 -1 -1 -1000 -1000 -1000 -10 0.00625491
Car -1 -1 -10 754.074 584.973 825.094 658.466 -1 -1 -1 -1000 -1000 -1000 -10 0.00563296
Car -1 -1 -10 597.412 609.332 677.709 679.127 -1 -1 -1 -1000 -1000 -1000 -10 0.00537961
Car -1 -1 -10 712.892 587.411 796.207 656.696 -1 -1 -1 -1000 -1000 -1000 -10 0.00486115
Car -1 -1 -10 1192.789 542.669 1341.063 639.350 -1 -1 -1 -1000 -1000 -1000 -10 0.00424198
Car -1 -1 -10 577.967 583.944 681.744 664.040 -1 -1 -1 -1000 -1000 -1000 -10 0.00388500
Car -1 -1 -10 579.776 629.679 659.568 700.136 -1 -1 -1 -1000 -1000 -1000 -10 0.00196304
Car -1 -1 -10 600.796 617.572 661.858 671.389 -1 -1 -1 -1000 -1000 -1000 -10 0.00192149
Car -1 -1 -10 696.595 606.913 811.008 723.074 -1 -1 -1 -1000 -1000 -1000 -10 0.00188861
Car -1 -1 -10 599.737 602.825 714.952 708.723 -1 -1 -1 -1000 -1000 -1000 -10 0.00153039
Car -1 -1 -10 327.643 1105.512 580.858 1200.000 -1 -1 -1 -1000 -1000 -1000 -10 0.00384058
Car -1 -1 -10 471.247 815.369 986.684 1200.000 -1 -1 -1 -1000 -1000 -1000 -10 0.00146593
Car -1 -1 -10 520.735 1113.377 600.925 1200.000 -1 -1 -1 -1000 -1000 -1000 -10 0.00136699
Car -1 -1 -10 1210.271 564.735 1298.108 624.885 -1 -1 -1 -1000 -1000 -1000 -10 0.00136490
Car -1 -1 -10 733.156 599.027 773.013 660.343 -1 -1 -1 -1000 -1000 -1000 -10 0.00135740
Car -1 -1 -10 1570.754 567.794 1920.000 1200.000 -1 -1 -1 -1000 -1000 -1000 -10 0.00132954
Car -1 -1 -10 612.873 606.331 640.494 686.918 -1 -1 -1 -1000 -1000 -1000 -10 0.00129125
Car -1 -1 -10 731.342 584.112 787.387 635.374 -1 -1 -1 -1000 -1000 -1000 -10 0.00128373
Car -1 -1 -10 0.000 656.499 441.602 1198.689 -1 -1 -1 -1000 -1000 -1000 -10 0.00126661
Car -1 -1 -10 1477.104 800.543 1920.000 1199.681 -1 -1 -1 -1000 -1000 -1000 -10 0.00234441
Car -1 -1 -10 269.912 1067.231 674.484 1200.000 -1 -1 -1 -1000 -1000 -1000 -10 0.00235520
Car -1 -1 -10 603.305 569.300 648.995 726.174 -1 -1 -1 -1000 -1000 -1000 -10 0.00121027
Car -1 -1 -10 0.000 804.688 460.770 1200.000 -1 -1 -1 -1000 -1000 -1000 -10 0.00352662
Car -1 -1 -10 586.428 567.599 632.111 722.526 -1 -1 -1 -1000 -1000 -1000 -10 0.00116851
Car -1 -1 -10 582.334 549.839 636.523 741.654 -1 -1 -1 -1000 -1000 -1000 -10 0.00115905
Car -1 -1 -10 381.260 638.033 553.916 1190.837 -1 -1 -1 -1000 -1000 -1000 -10 0.00115759
Car -1 -1 -10 600.482 603.037 641.349 665.289 -1 -1 -1 -1000 -1000 -1000 -10 0.00115111
Car -1 -1 -10 600.615 612.846 628.770 698.750 -1 -1 -1 -1000 -1000 -1000 -10 0.00111996
Car -1 -1 -10 556.945 812.526 908.051 1196.129 -1 -1 -1 -1000 -1000 -1000 -10 0.00109434
Car -1 -1 -10 1436.233 597.642 1920.000 1200.000 -1 -1 -1 -1000 -1000 -1000 -10 0.00107244
Car -1 -1 -10 702.117 526.152 750.995 817.411 -1 -1 -1 -1000 -1000 -1000 -10 0.00101282
Car -1 -1 -10 0.000 590.703 101.361 729.454 -1 -1 -1 -1000 -1000 -1000 -10 0.00098633
Car -1 -1 -10 731.271 549.965 776.835 714.555 -1 -1 -1 -1000 -1000 -1000 -10 0.00096858
Car -1 -1 -10 0.000 567.240 155.515 665.894 -1 -1 -1 -1000 -1000 -1000 -10 0.00095208
