Car -1 -1 -10 786.344 519.059 834.463 567.264 -1 -1 -1 -1000 -1000 -1000 -10 0.09220033
Car -1 -1 -10 0.000 0.000 295.998 213.175 -1 -1 -1 -1000 -1000 -1000 -10 0.00613189
Car -1 -1 -10 20.364 159.330 1210.523 1200.000 -1 -1 -1 -1000 -1000 -1000 -10 0.00449407
Car -1 -1 -10 0.342 0.000 170.141 118.894 -1 -1 -1 -1000 -1000 -1000 -10 0.00402226
Car -1 -1 -10 0.000 0.000 431.656 324.236 -1 -1 -1 -1000 -1000 -1000 -10 0.00514089
Car -1 -1 -10 0.000 798.476 457.457 1199.676 -1 -1 -1 -1000 -1000 -1000 -10 0.00700922
Car -1 -1 -10 0.000 0.000 125.784 243.622 -1 -1 -1 -1000 -1000 -1000 -10 0.00318413
Car -1 -1 -10 1420.466 137.946 1920.000 505.303 -1 -1 -1 -1000 -1000 -1000 -10 0.00308513
Car -1 -1 -10 0.000 0.000 36.141 39.283 -1 -1 -1 -1000 -1000 -1000 -10 0.00171930
Car -1 -1 -10 1337.054 449.025 1920.000 865.781 -1 -1 -1 -1000 -1000 -1000 -10 0.00581366
Car -1 -1 -10 631.196 80.957 1903.909 1171.651 -1 -1 -1 -1000 -1000 -1000 -10 0.00275387
Car -1 -1 -10 1144.549 519.238 1903.789 1200.000 -1 -1 -1 -1000 -1000 -1000 -10 0.00568623
Car -1 -1 -10 0.000 475.448 940.650 1186.613 -1 -1 -1 -1000 -1000 -1000 -10 0.00286610
Car -1 -1 -10 1359.102 236.862 1915.349 677.316 -1 -1 -1 -1000 -1000 -1000 -10 0.00289353
Car -1 -1 -10 0.000 0.191 84.729 166.923 -1 -1 -1 -1000 -1000 -1000 -10 0.00137205
Car -1 -1 -10 1482.420 192.132 1920.000 562.578 -1 -1 -1 -1000 -1000 -1000 -10 0.00266340
Car -1 -1 -10 1568.008 552.189 1920.000 1200.000 -1 -1 -1 -1000 -1000 -1000 -10 0.00128606
Car -1 -1 -10 792.646 488.194 833.614 555.206 -1 -1 -1 -1000 -1000 -1000 -10 0.00220696
Car -1 -1 -10 0.000 0.000 311.833 370.780 -1 -1 -1 -1000 -1000 -1000 -10 0.00121234
Car -1 -1 -10 1462.467 807.552 1920.000 1200.000 -1 -1 -1 -1000 -1000 -1000 -10 0.00327329
Car -1 -1 -10 0.000 0.000 107.535 81.870 -1 -1 -1 -1000 -1000 -1000 -10 0.00219516
Car -1 -1 -10 1407.282 328.791 1920.000 708.146 -1 -1 -1 -1000 -1000 -1000 -10 0.00111162
Car -1 -1 -10 1453.611 5.868 1920.000 367.813 -1 -1 -1 -1000 -1000 -1000 -10 0.00294755
Car -1 -1 -10 1540.286 381.747 1911.483 672.404 -1 -1 -1 -1000 -1000 -1000 -10 0.00196287
Car -1 -1 -10 770.007 481.587 860.832 564.607 -1 -1 -1 -1000 -1000 -1000 -10 0.00103865
Car -1 -1 -10 0.000 936.456 320.211 1200.000 -1 -1 -1 -1000 -1000 -1000 -10 0.00201031
Car -1 -1 -10 0.000 1009.190 259.401 1200.000 -1 -1 -1 -1000 -1000 -1000 -10 0.00096307
Car -1 -1 -10 0.000 0.000 127.245 146.138 -1 -1 -1 -1000 -1000 -1000 -10 0.00092732
Car -1 -1 -10 1353.961 34.804 1920.000 1133.085 -1 -1 -1 -1000 -1000 -1000 -10 0.00085587
Car -1 -1 -10 0.000 494.447 703.403 1200.000 -1 -1 -1 -1000 -1000 -1000 -10 0.00085093
