Car -1 -1 -10 835.788 605.480 880.681 651.133 -1 -1 -1 -1000 -1000 -1000 -10 0.57836467
Car -1 -1 -10 0.000 766.157 461.492 1199.690 -1 -1 -1 -1000 -1000 -1000 -10 0.01244523
Car -1 -1 -10 14.650 378.217 311.588 1200.000 -1 -1 -1 -1000 -1000 -1000 -10 0.00190440
Car -1 -1 -10 39.898 648.024 218.776 1186.868 -1 -1 -1 -1000 -1000 -1000 -10 0.00178087
Car -1 -1 -10 4.038 1066.394 321.525 1200.000 -1 -1 -1 -1000 -1000 -1000 -10 0.00478448
Car -1 -1 -10 21.294 722.592 242.750 1199.697 -1 -1 -1 -1000 -1000 -1000 -10 0.00173588
Car -1 -1 -10 14.831 987.372 425.827 1200.000 -1 -1 -1 -1000 -1000 -1000 -10 0.00168900
Car -1 -1 -10 0.620 1019.555 293.591 1200.000 -1 -1 -1 -1000 -1000 -1000 -10 0.00165721
Car -1 -1 -10 1435.263 581.947 1908.987 952.317 -1 -1 -1 -1000 -1000 -1000 -10 0.00154896
Car -1 -1 -10 0.000 519.195 866.502 1197.388 -1 -1 -1 -1000 -1000 -1000 -10 0.00401761
Car -1 -1 -10 18.669 740.702 146.558 1200.000 -1 -1 -1 -1000 -1000 -1000 -10 0.00142488
Car -1 -1 -10 48.999 592.058 258.273 1191.038 -1 -1 -1 -1000 -1000 -1000 -10 0.00269441
Car -1 -1 -10 0.000 1104.448 49.269 1200.000 -1 -1 -1 -1000 -1000 -1000 -10 0.00127370
Car -1 -1 -10 64.780 1036.199 515.775 1200.000 -1 -1 -1 -1000 -1000 -1000 -10 0.00120835
Car -1 -1 -10 228.973 644.037 419.665 1193.174 -1 -1 -1 -1000 -1000 -1000 -10 0.00118812
Car -1 -1 -10 64.753 612.198 334.851 1152.012 -1 -1 -1 -1000 -1000 -1000 -10 0.00118104
