Car -1 -1 -10 709.578 660.941 769.168 706.505 -1 -1 -1 -1000 -1000 -1000 -10 0.01577445
Car -1 -1 -10 720.017 660.488 775.593 708.302 -1 -1 -1 -1000 -1000 -1000 -10 0.00563606
Car -1 -1 -10 699.123 659.956 751.435 707.226 -1 -1 -1 -1000 -1000 -1000 -10 0.00382454
Car -1 -1 -10 40.956 509.405 1152.524 1188.399 -1 -1 -1 -1000 -1000 -1000 -10 0.00668487
Car -1 -1 -10 0.000 800.511 451.218 1199.643 -1 -1 -1 -1000 -1000 -1000 -10 0.00486205
Car -1 -1 -10 0.000 1156.516 31.227 1200.000 -1 -1 -1 -1000 -1000 -1000 -10 0.00102417
Car -1 -1 -10 3.570 329.051 314.409 719.276 -1 -1 -1 -1000 -1000 -1000 -10 0.00247340
Car -1 -1 -10 345.617 614.450 1039.783 1118.112 -1 -1 -1 -1000 -1000 -1000 -10 0.00092500
Car -1 -1 -10 352.492 621.746 530.791 1182.295 -1 -1 -1 -1000 -1000 -1000 -10 0.00156471
Car -1 -1 -10 412.157 689.288 1122.925 1171.035 -1 -1 -1 -1000 -1000 -1000 -10 0.00154476
Car -1 -1 -10 667.796 662.503 808.703 753.743 -1 -1 -1 -1000 -1000 -1000 -10 0.00166437
Car -1 -1 -10 14.868 464.882 525.550 1200.000 -1 -1 -1 -1000 -1000 -1000 -10 0.00084356
Car -1 -1 -10 545.463 616.424 982.293 927.193 -1 -1 -1 -1000 -1000 -1000 -10 0.00083125
Car -1 -1 -10 236.290 621.968 415.932 1178.988 -1 -1 -1 -1000 -1000 -1000 -10 0.00137394
Car -1 -1 -10 1895.297 1167.296 1920.000 1200.000 -1 -1 -1 -1000 -1000 -1000 -10 0.00077510
Car -1 -1 -10 0.000 938.420 317.053 1200.000 -1 -1 -1 -1000 -1000 -1000 -10 0.00148365
Car -1 -1 -10 105.190 578.683 510.051 1183.599 -1 -1 -1 -1000 -1000 -1000 -10 0.00073862
Car -1 -1 -10 604.529 470.563 918.812 1082.973 -1 -1 -1 -1000 -1000 -1000 -10 0.00072580
Car -1 -1 -10 287.228 651.475 454.729 1191.076 -1 -1 -1 -1000 -1000 -1000 -10 0.00069103
Car -1 -1 -10 115.820 703.867 821.147 1152.927 -1 -1 -1 -1000 -1000 -1000 -10 0.00068498
Car -1 -1 -10 0.992 959.821 208.881 1200.000 -1 -1 -1 -1000 -1000 -1000 -10 0.00067955
Car -1 -1 -10 0.000 1109.622 91.185 1200.000 -1 -1 -1 -1000 -1000 -1000 -10 0.00067105
Car -1 -1 -10 1140.338 416.689 1254.259 521.739 -1 -1 -1 -1000 -1000 -1000 -10 0.00066695
Car -1 -1 -10 272.627 692.343 939.505 1164.499 -1 -1 -1 -1000 -1000 -1000 -10 0.00065325
Car -1 -1 -10 67.261 581.580 194.655 1200.000 -1 -1 -1 -1000 -1000 -1000 -10 0.00064996
Car -1 -1 -10 541.882 391.891 856.119 1200.000 -1 -1 -1 -1000 -1000 -1000 -10 0.00064523
Car -1 -1 -10 781.219 658.808 971.424 1196.313 -1 -1 -1 -1000 -1000 -1000 -10 0.00061447
Car -1 -1 -10 693.361 667.887 735.122 715.489 -1 -1 -1 -1000 -1000 -1000 -10 0.00060264
Car -1 -1 -10 705.303 574.721 902.887 1179.418 -1 -1 -1 -1000 -1000 -1000 -10 0.00060226
Car -1 -1 -10 0.000 285.668 418.426 832.061 -1 -1 -1 -1000 -1000 -1000 -10 0.00060013
Car -1 -1 -10 0.000 296.362 261.958 664.218 -1 -1 -1 -1000 -1000 -1000 -10 0.00059863
Car -1 -1 -10 0.000 700.237 286.603 1132.221 -1 -1 -1 -1000 -1000 -1000 -10 0.00116235
Car -1 -1 -10 197.782 540.215 351.004 1198.619 -1 -1 -1 -1000 -1000 -1000 -10 0.00058874
Car -1 -1 -10 582.727 579.333 910.501 1200.000 -1 -1 -1 -1000 -1000 -1000 -10 0.00058568
Car -1 -1 -10 0.000 1070.066 194.325 1200.000 -1 -1 -1 -1000 -1000 -1000 -10 0.00054401
Car -1 -1 -10 303.027 642.275 488.024 1190.216 -1 -1 -1 -1000 -1000 -1000 -10 0.00054233
Car -1 -1 -10 0.000 398.752 179.631 615.946 -1 -1 -1 -1000 -1000 -1000 -10 0.00049614
Car -1 -1 -10 296.179 582.158 628.079 1200.000 -1 -1 -1 -1000 -1000 -1000 -10 0.00049179
Car -1 -1 -10 0.000 1116.649 122.374 1200.000 -1 -1 -1 -1000 -1000 -1000 -10 0.00048193
Car -1 -1 -10 487.191 436.267 805.654 1200.000 -1 -1 -1 -1000 -1000 -1000 -10 0.00046710
