Car -1 -1 -10 5.663 780.138 680.426 1199.323 -1 -1 -1 -1000 -1000 -1000 -10 0.03081047
Car -1 -1 -10 0.000 554.818 969.581 1192.194 -1 -1 -1 -1000 -1000 -1000 -10 0.02936779
Car -1 -1 -10 10.757 455.050 516.923 1187.674 -1 -1 -1 -1000 -1000 -1000 -10 0.00353450
Car -1 -1 -10 177.515 479.208 380.584 1182.763 -1 -1 -1 -1000 -1000 -1000 -10 0.00297038
Car -1 -1 -10 372.632 526.890 1579.208 1195.161 -1 -1 -1 -1000 -1000 -1000 -10 0.00523738
Car -1 -1 -10 154.641 284.518 369.403 1161.602 -1 -1 -1 -1000 -1000 -1000 -10 0.00264986
Car -1 -1 -10 3.685 674.214 504.771 1073.368 -1 -1 -1 -1000 -1000 -1000 -10 0.00263623
Car -1 -1 -10 34.017 174.872 296.512 1195.732 -1 -1 -1 -1000 -1000 -1000 -10 0.00455115
Car -1 -1 -10 0.000 820.603 416.260 1043.659 -1 -1 -1 -1000 -1000 -1000 -10 0.00421489
Car -1 -1 -10 26.549 696.229 515.486 960.901 -1 -1 -1 -1000 -1000 -1000 -10 0.00247801
Car -1 -1 -10 0.000 571.247 378.697 1200.000 -1 -1 -1 -1000 -1000 -1000 -10 0.00425589
Car -1 -1 -10 132.464 542.297 277.625 1200.000 -1 -1 -1 -1000 -1000 -1000 -10 0.00221832
Car -1 -1 -10 87.820 558.108 232.626 1200.000 -1 -1 -1 -1000 -1000 -1000 -10 0.00208843
Car -1 -1 -10 0.000 515.630 675.225 1015.274 -1 -1 -1 -1000 -1000 -1000 -10 0.00195324
Car -1 -1 -10 24.426 164.497 1299.479 1200.000 -1 -1 -1 -1000 -1000 -1000 -10 0.00194720
Car -1 -1 -10 191.790 116.871 487.739 1182.076 -1 -1 -1 -1000 -1000 -1000 -10 0.00190939
Car -1 -1 -10 118.298 161.942 402.255 1192.275 -1 -1 -1 -1000 -1000 -1000 -10 0.00348704
Car -1 -1 -10 163.929 585.941 291.326 1200.000 -1 -1 -1 -1000 -1000 -1000 -10 0.00172659
Car -1 -1 -10 79.085 664.968 763.185 1065.821 -1 -1 -1 -1000 -1000 -1000 -10 0.00171883
Car -1 -1 -10 206.630 580.602 344.069 1200.000 -1 -1 -1 -1000 -1000 -1000 -10 0.00316967
Car -1 -1 -10 8.321 1035.656 418.758 1200.000 -1 -1 -1 -1000 -1000 -1000 -10 0.00162551
Car -1 -1 -10 136.287 827.567 428.804 997.002 -1 -1 -1 -1000 -1000 -1000 -10 0.00161605
Car -1 -1 -10 0.000 833.273 436.507 1129.128 -1 -1 -1 -1000 -1000 -1000 -10 0.00157344
Car -1 -1 -10 50.911 856.909 518.155 1096.815 -1 -1 -1 -1000 -1000 -1000 -10 0.00144876
Car -1 -1 -10 12.033 984.845 497.899 1200.000 -1 -1 -1 -1000 -1000 -1000 -10 0.00141861
Car -1 -1 -10 276.859 119.023 576.866 1169.600 -1 -1 -1 -1000 -1000 -1000 -10 0.00141259
Car -1 -1 -10 6.367 733.931 379.356 1027.995 -1 -1 -1 -1000 -1000 -1000 -10 0.00136962
