Car -1 -1 -10 838.546 615.497 905.462 671.488 -1 -1 -1 -1000 -1000 -1000 -10 0.94494121
Car -1 -1 -10 659.641 621.479 703.255 665.039 -1 -1 -1 -1000 -1000 -1000 -10 0.00808329
Car -1 -1 -10 0.000 796.677 456.241 1198.767 -1 -1 -1 -1000 -1000 -1000 -10 0.00784131
Car -1 -1 -10 1438.544 533.308 1920.000 905.349 -1 -1 -1 -1000 -1000 -1000 -10 0.00186138
Car -1 -1 -10 1416.316 495.141 1916.863 1001.221 -1 -1 -1 -1000 -1000 -1000 -10 0.00417967
Car -1 -1 -10 1451.290 400.973 1920.000 749.915 -1 -1 -1 -1000 -1000 -1000 -10 0.00286462
Car -1 -1 -10 1205.697 589.459 1785.547 957.073 -1 -1 -1 -1000 -1000 -1000 -10 0.00131764
Car -1 -1 -10 1578.536 563.512 1920.000 1200.000 -1 -1 -1 -1000 -1000 -1000 -10 0.00130676
Car -1 -1 -10 0.000 535.942 780.279 1198.907 -1 -1 -1 -1000 -1000 -1000 -10 0.00370424
Car -1 -1 -10 431.391 620.318 483.478 670.743 -1 -1 -1 -1000 -1000 -1000 -10 0.00209061
Car -1 -1 -10 1628.142 528.743 1920.000 695.026 -1 -1 -1 -1000 -1000 -1000 -10 0.00121772
Car -1 -1 -10 16.866 467.430 526.122 1200.000 -1 -1 -1 -1000 -1000 -1000 -10 0.00120223
Car -1 -1 -10 0.000 954.076 308.307 1200.000 -1 -1 -1 -1000 -1000 -1000 -10 0.00338965
Car -1 -1 -10 848.217 592.369 900.035 651.725 -1 -1 -1 -1000 -1000 -1000 -10 0.00119198
Car -1 -1 -10 714.858 1158.677 753.251 1200.000 -1 -1 -1 -1000 -1000 -1000 -10 0.00116734
Car -1 -1 -10 45.701 632.125 214.947 1198.312 -1 -1 -1 -1000 -1000 -1000 -10 0.00215685
Car -1 -1 -10 0.000 633.524 528.477 1081.732 -1 -1 -1 -1000 -1000 -1000 -10 0.00111385
Car -1 -1 -10 1400.699 354.205 1913.699 785.045 -1 -1 -1 -1000 -1000 -1000 -10 0.00106660
Car -1 -1 -10 1532.991 465.274 1920.000 693.421 -1 -1 -1 -1000 -1000 -1000 -10 0.00103615
Car -1 -1 -10 1.288 964.609 209.068 1200.000 -1 -1 -1 -1000 -1000 -1000 -10 0.00102754
Car -1 -1 -10 1448.036 371.976 1857.063 1152.086 -1 -1 -1 -1000 -1000 -1000 -10 0.00101638
Car -1 -1 -10 0.000 1156.456 31.198 1200.000 -1 -1 -1 -1000 -1000 -1000 -10 0.00099806
Car -1 -1 -10 81.150 546.101 233.188 1200.000 -1 -1 -1 -1000 -1000 -1000 -10 0.00099091
Car -1 -1 -10 59.522 397.433 377.825 1200.000 -1 -1 -1 -1000 -1000 -1000 -10 0.00098589
Car -1 -1 -10 1157.822 436.206 1844.867 865.031 -1 -1 -1 -1000 -1000 -1000 -10 0.00096039
Car -1 -1 -10 7.238 1108.684 178.491 1200.000 -1 -1 -1 -1000 -1000 -1000 -10 0.00094936
Car -1 -1 -10 0.000 1110.845 123.488 1200.000 -1 -1 -1 -1000 -1000 -1000 -10 0.00086183
Car -1 -1 -10 1580.220 636.766 1884.297 790.173 -1 -1 -1 -1000 -1000 -1000 -10 0.00081938
