Car -1 -1 -10 0.000 503.217 1026.744 1197.576 -1 -1 -1 -1000 -1000 -1000 -10 0.00705338
Car -1 -1 -10 0.000 797.600 460.029 1198.804 -1 -1 -1 -1000 -1000 -1000 -10 0.00737090
Car -1 -1 -10 264.094 665.529 481.224 1190.962 -1 -1 -1 -1000 -1000 -1000 -10 0.00335013
Car -1 -1 -10 17.663 526.283 454.782 914.461 -1 -1 -1 -1000 -1000 -1000 -10 0.00172960
Car -1 -1 -10 296.454 1046.796 715.215 1200.000 -1 -1 -1 -1000 -1000 -1000 -10 0.00461809
Car -1 -1 -10 126.942 985.460 485.654 1191.117 -1 -1 -1 -1000 -1000 -1000 -10 0.00433965
Car -1 -1 -10 567.324 494.410 1810.365 1200.000 -1 -1 -1 -1000 -1000 -1000 -10 0.00303312
Car -1 -1 -10 0.000 959.219 322.296 1196.217 -1 -1 -1 -1000 -1000 -1000 -10 0.00274760
Car -1 -1 -10 244.730 512.846 1444.408 1200.000 -1 -1 -1 -1000 -1000 -1000 -10 0.00276175
Car -1 -1 -10 224.673 631.397 378.472 1200.000 -1 -1 -1 -1000 -1000 -1000 -10 0.00144068
Car -1 -1 -10 1.510 1030.853 258.330 1191.454 -1 -1 -1 -1000 -1000 -1000 -10 0.00277964
Car -1 -1 -10 28.566 1051.672 209.237 1194.468 -1 -1 -1 -1000 -1000 -1000 -10 0.00280583
Car -1 -1 -10 406.508 1091.309 571.850 1190.038 -1 -1 -1 -1000 -1000 -1000 -10 0.00262046
Car -1 -1 -10 16.791 365.479 313.272 1200.000 -1 -1 -1 -1000 -1000 -1000 -10 0.00137362
Car -1 -1 -10 23.399 1089.234 185.963 1191.461 -1 -1 -1 -1000 -1000 -1000 -10 0.00135242
Car -1 -1 -10 355.656 647.414 531.229 1189.562 -1 -1 -1 -1000 -1000 -1000 -10 0.00132968
Car -1 -1 -10 785.081 658.709 969.049 1192.855 -1 -1 -1 -1000 -1000 -1000 -10 0.00130047
Car -1 -1 -10 1.001 1007.128 277.853 1176.594 -1 -1 -1 -1000 -1000 -1000 -10 0.00129889
Car -1 -1 -10 205.843 766.662 401.442 1200.000 -1 -1 -1 -1000 -1000 -1000 -10 0.00127101
Car -1 -1 -10 63.709 346.563 364.511 1200.000 -1 -1 -1 -1000 -1000 -1000 -10 0.00237367
Car -1 -1 -10 346.214 878.950 632.153 1200.000 -1 -1 -1 -1000 -1000 -1000 -10 0.00124603
Car -1 -1 -10 323.822 1067.744 485.461 1164.343 -1 -1 -1 -1000 -1000 -1000 -10 0.00229691
Car -1 -1 -10 359.032 661.122 580.888 1192.258 -1 -1 -1 -1000 -1000 -1000 -10 0.00123826
Car -1 -1 -10 157.585 1006.857 452.771 1172.895 -1 -1 -1 -1000 -1000 -1000 -10 0.00123822
Car -1 -1 -10 230.898 983.849 774.255 1200.000 -1 -1 -1 -1000 -1000 -1000 -10 0.00123196
Car -1 -1 -10 412.586 825.659 572.190 1200.000 -1 -1 -1 -1000 -1000 -1000 -10 0.00121504
Car -1 -1 -10 427.952 646.114 603.520 1191.552 -1 -1 -1 -1000 -1000 -1000 -10 0.00121258
Car -1 -1 -10 450.552 1051.718 680.293 1195.532 -1 -1 -1 -1000 -1000 -1000 -10 0.00120331
Car -1 -1 -10 220.594 825.827 382.304 1200.000 -1 -1 -1 -1000 -1000 -1000 -10 0.00118187
Car -1 -1 -10 215.996 792.974 571.816 1200.000 -1 -1 -1 -1000 -1000 -1000 -10 0.00117744
Car -1 -1 -10 713.949 652.656 896.575 1192.002 -1 -1 -1 -1000 -1000 -1000 -10 0.00117664
Car -1 -1 -10 42.646 725.449 269.311 1194.742 -1 -1 -1 -1000 -1000 -1000 -10 0.00117586
Car -1 -1 -10 46.905 927.293 662.405 1200.000 -1 -1 -1 -1000 -1000 -1000 -10 0.00116855
Car -1 -1 -10 126.819 799.902 753.837 1198.746 -1 -1 -1 -1000 -1000 -1000 -10 0.00116291
Car -1 -1 -10 349.868 1050.800 634.984 1194.852 -1 -1 -1 -1000 -1000 -1000 -10 0.00115088
Car -1 -1 -10 310.594 1090.589 475.714 1190.686 -1 -1 -1 -1000 -1000 -1000 -10 0.00114231
Car -1 -1 -10 284.359 631.833 435.419 1200.000 -1 -1 -1 -1000 -1000 -1000 -10 0.00224594
Car -1 -1 -10 446.605 1089.805 613.111 1190.791 -1 -1 -1 -1000 -1000 -1000 -10 0.00111273
Car -1 -1 -10 57.854 1064.909 220.092 1166.558 -1 -1 -1 -1000 -1000 -1000 -10 0.00109815
Car -1 -1 -10 174.787 622.342 327.015 1200.000 -1 -1 -1 -1000 -1000 -1000 -10 0.00109156
Car -1 -1 -10 40.795 1075.091 184.205 1198.621 -1 -1 -1 -1000 -1000 -1000 -10 0.00105375
Car -1 -1 -10 324.160 766.375 511.478 1200.000 -1 -1 -1 -1000 -1000 -1000 -10 0.00103586
Car -1 -1 -10 801.902 585.967 952.089 1194.997 -1 -1 -1 -1000 -1000 -1000 -10 0.00099331
Car -1 -1 -10 404.159 1076.957 543.721 1198.593 -1 -1 -1 -1000 -1000 -1000 -10 0.00098007
Car -1 -1 -10 439.081 691.182 680.195 1199.696 -1 -1 -1 -1000 -1000 -1000 -10 0.00097852
Car -1 -1 -10 426.937 761.617 555.265 1197.974 -1 -1 -1 -1000 -1000 -1000 -10 0.00097535
