Car -1 -1 -10 1498.305 483.250 1906.899 1188.079 -1 -1 -1 -1000 -1000 -1000 -10 0.01751986
Car -1 -1 -10 0.000 510.782 897.141 1188.865 -1 -1 -1 -1000 -1000 -1000 -10 0.01169235
Car -1 -1 -10 1424.697 441.332 1918.960 843.632 -1 -1 -1 -1000 -1000 -1000 -10 0.01563457
Car -1 -1 -10 1042.083 517.177 1920.000 1200.000 -1 -1 -1 -1000 -1000 -1000 -10 0.01137248
Car -1 -1 -10 1364.837 177.371 1920.000 1200.000 -1 -1 -1 -1000 -1000 -1000 -10 0.00581796
Car -1 -1 -10 1353.296 565.881 1920.000 953.045 -1 -1 -1 -1000 -1000 -1000 -10 0.01045619
Car -1 -1 -10 540.912 158.607 1901.099 1200.000 -1 -1 -1 -1000 -1000 -1000 -10 0.00830981
Car -1 -1 -10 1437.188 609.745 1846.719 845.192 -1 -1 -1 -1000 -1000 -1000 -10 0.00459110
Car -1 -1 -10 1406.377 350.078 1920.000 730.439 -1 -1 -1 -1000 -1000 -1000 -10 0.00830256
Car -1 -1 -10 0.000 580.089 515.878 1200.000 -1 -1 -1 -1000 -1000 -1000 -10 0.00415819
Car -1 -1 -10 1596.347 402.461 1840.085 856.219 -1 -1 -1 -1000 -1000 -1000 -10 0.00735508
Car -1 -1 -10 1449.994 759.600 1920.000 1106.652 -1 -1 -1 -1000 -1000 -1000 -10 0.00371124
Car -1 -1 -10 1429.328 743.488 1876.562 1024.152 -1 -1 -1 -1000 -1000 -1000 -10 0.00359751
Car -1 -1 -10 1511.280 723.489 1920.000 946.687 -1 -1 -1 -1000 -1000 -1000 -10 0.00343526
Car -1 -1 -10 1433.221 630.750 1897.331 916.373 -1 -1 -1 -1000 -1000 -1000 -10 0.00337118
Car -1 -1 -10 1383.362 553.388 1911.301 1199.244 -1 -1 -1 -1000 -1000 -1000 -10 0.00328827
Car -1 -1 -10 1526.989 553.189 1920.000 801.143 -1 -1 -1 -1000 -1000 -1000 -10 0.00324457
