Car -1 -1 -10 730.783 588.929 800.756 642.409 -1 -1 -1 -1000 -1000 -1000 -10 0.80031896
Car -1 -1 -10 497.734 567.165 679.536 707.583 -1 -1 -1 -1000 -1000 -1000 -10 0.25293664
Car -1 -1 -10 608.242 573.243 681.711 640.062 -1 -1 -1 -1000 -1000 -1000 -10 0.01860736
Car -1 -1 -10 1458.087 537.209 1609.622 641.578 -1 -1 -1 -1000 -1000 -1000 -10 0.01481140
Car -1 -1 -10 1654.588 547.405 1815.761 629.128 -1 -1 -1 -1000 -1000 -1000 -10 0.01243412
Car -1 -1 -10 572.501 565.361 685.661 668.558 -1 -1 -1 -1000 -1000 -1000 -10 0.00722953
Car -1 -1 -10 1503.320 552.609 1555.650 612.817 -1 -1 -1 -1000 -1000 -1000 -10 0.00312232
Car -1 -1 -10 249.805 606.828 337.955 663.960 -1 -1 -1 -1000 -1000 -1000 -10 0.00291372
Car -1 -1 -10 1432.234 566.551 1501.438 642.436 -1 -1 -1 -1000 -1000 -1000 -10 0.00481533
Car -1 -1 -10 254.871 609.460 319.404 659.957 -1 -1 -1 -1000 -1000 -1000 -10 0.00238714
Car -1 -1 -10 1486.843 553.468 1568.326 629.688 -1 -1 -1 -1000 -1000 -1000 -10 0.00225281
Car -1 -1 -10 635.913 582.802 677.113 635.241 -1 -1 -1 -1000 -1000 -1000 -10 0.00280318
Car -1 -1 -10 0.000 801.740 455.788 1198.964 -1 -1 -1 -1000 -1000 -1000 -10 0.00620586
Car -1 -1 -10 626.293 577.176 678.612 632.851 -1 -1 -1 -1000 -1000 -1000 -10 0.00161906
Car -1 -1 -10 0.000 1021.970 245.224 1200.000 -1 -1 -1 -1000 -1000 -1000 -10 0.00152357
Car -1 -1 -10 11.882 1104.972 218.527 1200.000 -1 -1 -1 -1000 -1000 -1000 -10 0.00362181
Car -1 -1 -10 14.777 771.882 198.549 1200.000 -1 -1 -1 -1000 -1000 -1000 -10 0.00144611
Car -1 -1 -10 10.484 688.348 251.803 1200.000 -1 -1 -1 -1000 -1000 -1000 -10 0.00144267
Car -1 -1 -10 22.641 604.431 217.430 1189.046 -1 -1 -1 -1000 -1000 -1000 -10 0.00245909
Car -1 -1 -10 251.003 606.998 357.273 676.346 -1 -1 -1 -1000 -1000 -1000 -10 0.00137769
Car -1 -1 -10 2.453 952.966 314.400 1200.000 -1 -1 -1 -1000 -1000 -1000 -10 0.00221481
Car -1 -1 -10 492.982 559.891 619.224 671.240 -1 -1 -1 -1000 -1000 -1000 -10 0.00200873
Car -1 -1 -10 1687.537 566.879 1849.995 651.549 -1 -1 -1 -1000 -1000 -1000 -10 0.00440343
Car -1 -1 -10 0.000 1109.547 123.728 1200.000 -1 -1 -1 -1000 -1000 -1000 -10 0.00117088
Car -1 -1 -10 865.144 1158.809 902.630 1200.000 -1 -1 -1 -1000 -1000 -1000 -10 0.00115134
Car -1 -1 -10 1539.744 545.573 1694.092 634.045 -1 -1 -1 -1000 -1000 -1000 -10 0.00206160
Car -1 -1 -10 20.769 1017.382 205.585 1200.000 -1 -1 -1 -1000 -1000 -1000 -10 0.00106467
Car -1 -1 -10 596.727 565.764 686.506 647.265 -1 -1 -1 -1000 -1000 -1000 -10 0.00105910
Car -1 -1 -10 1659.076 564.030 1740.324 622.779 -1 -1 -1 -1000 -1000 -1000 -10 0.00201267
Car -1 -1 -10 4.153 1060.271 307.247 1200.000 -1 -1 -1 -1000 -1000 -1000 -10 0.00101715
Car -1 -1 -10 884.137 1158.898 919.863 1200.000 -1 -1 -1 -1000 -1000 -1000 -10 0.00100021
Car -1 -1 -10 1597.794 549.528 1749.242 628.415 -1 -1 -1 -1000 -1000 -1000 -10 0.00099723
Car -1 -1 -10 1564.571 516.474 1920.000 744.945 -1 -1 -1 -1000 -1000 -1000 -10 0.00182252
Car -1 -1 -10 70.628 820.997 236.683 1200.000 -1 -1 -1 -1000 -1000 -1000 -10 0.00097125
Car -1 -1 -10 15.336 980.177 421.259 1200.000 -1 -1 -1 -1000 -1000 -1000 -10 0.00093066
Car -1 -1 -10 914.708 1158.069 953.035 1200.000 -1 -1 -1 -1000 -1000 -1000 -10 0.00090854
Car -1 -1 -10 0.000 1107.590 91.070 1200.000 -1 -1 -1 -1000 -1000 -1000 -10 0.00090319
Car -1 -1 -10 1526.608 532.100 1623.320 612.824 -1 -1 -1 -1000 -1000 -1000 -10 0.00090171
Car -1 -1 -10 1577.573 562.322 1920.000 1200.000 -1 -1 -1 -1000 -1000 -1000 -10 0.00087423
Car -1 -1 -10 720.541 566.031 811.638 634.381 -1 -1 -1 -1000 -1000 -1000 -10 0.00086689
Car -1 -1 -10 1537.730 539.837 1612.926 620.014 -1 -1 -1 -1000 -1000 -1000 -10 0.00086224
Car -1 -1 -10 777.436 1159.204 814.598 1200.000 -1 -1 -1 -1000 -1000 -1000 -10 0.00084066
Car -1 -1 -10 1608.954 556.844 1905.244 890.682 -1 -1 -1 -1000 -1000 -1000 -10 0.00083171
Car -1 -1 -10 221.028 1088.080 278.713 1200.000 -1 -1 -1 -1000 -1000 -1000 -10 0.00080818
Car -1 -1 -10 238.452 642.112 408.753 1191.932 -1 -1 -1 -1000 -1000 -1000 -10 0.00080618
Car -1 -1 -10 166.479 637.502 338.405 1195.327 -1 -1 -1 -1000 -1000 -1000 -10 0.00080612
Car -1 -1 -10 873.671 1158.246 910.266 1200.000 -1 -1 -1 -1000 -1000 -1000 -10 0.00080237
Car -1 -1 -10 0.000 1104.907 49.091 1200.000 -1 -1 -1 -1000 -1000 -1000 -10 0.00078450
Car -1 -1 -10 230.253 1157.856 267.900 1200.000 -1 -1 -1 -1000 -1000 -1000 -10 0.00073398
