Car -1 -1 -10 632.582 580.301 759.271 683.826 -1 -1 -1 -1000 -1000 -1000 -10 0.99713208
Car -1 -1 -10 741.352 601.355 801.192 657.754 -1 -1 -1 -1000 -1000 -1000 -10 0.09950960
Car -1 -1 -10 735.461 595.220 808.644 662.472 -1 -1 -1 -1000 -1000 -1000 -10 0.01377975
Car -1 -1 -10 0.000 571.981 551.416 1200.000 -1 -1 -1 -1000 -1000 -1000 -10 0.00624021
Car -1 -1 -10 0.000 822.814 454.009 1200.000 -1 -1 -1 -1000 -1000 -1000 -10 0.00640467
Car -1 -1 -10 0.000 840.541 207.025 1198.577 -1 -1 -1 -1000 -1000 -1000 -10 0.00740310
Car -1 -1 -10 724.836 594.334 779.885 648.973 -1 -1 -1 -1000 -1000 -1000 -10 0.00401205
Car -1 -1 -10 0.000 785.146 346.964 1200.000 -1 -1 -1 -1000 -1000 -1000 -10 0.00209327
Car -1 -1 -10 31.510 1139.955 143.056 1200.000 -1 -1 -1 -1000 -1000 -1000 -10 0.00197846
Car -1 -1 -10 607.768 1156.571 645.232 1200.000 -1 -1 -1 -1000 -1000 -1000 -10 0.00185355
Car -1 -1 -10 0.000 994.120 277.869 1200.000 -1 -1 -1 -1000 -1000 -1000 -10 0.00450162
Car -1 -1 -10 0.000 1062.993 228.650 1200.000 -1 -1 -1 -1000 -1000 -1000 -10 0.00295130
Car -1 -1 -10 1443.673 441.660 1920.000 793.063 -1 -1 -1 -1000 -1000 -1000 -10 0.00164501
Car -1 -1 -10 1412.997 585.208 1920.000 1200.000 -1 -1 -1 -1000 -1000 -1000 -10 0.00439174
Car -1 -1 -10 7.927 1105.786 178.640 1200.000 -1 -1 -1 -1000 -1000 -1000 -10 0.00280067
Car -1 -1 -10 1400.934 325.109 1913.472 766.170 -1 -1 -1 -1000 -1000 -1000 -10 0.00279393
Car -1 -1 -10 1140.792 429.581 1709.153 794.063 -1 -1 -1 -1000 -1000 -1000 -10 0.00149506
Car -1 -1 -10 0.000 1101.389 90.927 1200.000 -1 -1 -1 -1000 -1000 -1000 -10 0.00269003
Car -1 -1 -10 1522.608 527.645 1910.478 829.023 -1 -1 -1 -1000 -1000 -1000 -10 0.00261253
Car -1 -1 -10 0.000 1103.934 49.127 1200.000 -1 -1 -1 -1000 -1000 -1000 -10 0.00137995
Car -1 -1 -10 1518.422 179.470 1920.000 584.268 -1 -1 -1 -1000 -1000 -1000 -10 0.00244819
Car -1 -1 -10 1473.952 796.268 1920.000 1200.000 -1 -1 -1 -1000 -1000 -1000 -10 0.00131911
Car -1 -1 -10 73.710 1157.948 111.466 1200.000 -1 -1 -1 -1000 -1000 -1000 -10 0.00131714
Car -1 -1 -10 570.658 501.752 1717.117 1200.000 -1 -1 -1 -1000 -1000 -1000 -10 0.00235649
Car -1 -1 -10 0.000 1140.116 54.741 1200.000 -1 -1 -1 -1000 -1000 -1000 -10 0.00120078
Car -1 -1 -10 85.045 245.718 390.050 1196.149 -1 -1 -1 -1000 -1000 -1000 -10 0.00119528
Car -1 -1 -10 0.000 1105.549 137.360 1200.000 -1 -1 -1 -1000 -1000 -1000 -10 0.00117707
Car -1 -1 -10 599.356 1126.679 665.664 1200.000 -1 -1 -1 -1000 -1000 -1000 -10 0.00116902
Car -1 -1 -10 404.434 640.622 578.565 1191.292 -1 -1 -1 -1000 -1000 -1000 -10 0.00115621
Car -1 -1 -10 1571.587 462.830 1911.757 700.377 -1 -1 -1 -1000 -1000 -1000 -10 0.00113858
Car -1 -1 -10 592.741 1118.193 673.168 1200.000 -1 -1 -1 -1000 -1000 -1000 -10 0.00113648
Car -1 -1 -10 613.956 1155.835 651.801 1200.000 -1 -1 -1 -1000 -1000 -1000 -10 0.00111097
Car -1 -1 -10 51.020 1159.193 120.629 1200.000 -1 -1 -1 -1000 -1000 -1000 -10 0.00102004
Car -1 -1 -10 1405.905 443.406 1912.862 881.643 -1 -1 -1 -1000 -1000 -1000 -10 0.00101640
Car -1 -1 -10 57.613 1090.004 115.100 1200.000 -1 -1 -1 -1000 -1000 -1000 -10 0.00101531
Car -1 -1 -10 0.000 1156.944 35.711 1200.000 -1 -1 -1 -1000 -1000 -1000 -10 0.00101498
