Car -1 -1 -10 566.066 505.738 994.763 860.223 -1 -1 -1 -1000 -1000 -1000 -10 0.99974908
Car -1 -1 -10 581.956 558.802 671.300 652.843 -1 -1 -1 -1000 -1000 -1000 -10 0.00248602
Car -1 -1 -10 747.897 519.324 1011.327 809.548 -1 -1 -1 -1000 -1000 -1000 -10 0.00247665
Car -1 -1 -10 888.062 547.487 979.918 639.612 -1 -1 -1 -1000 -1000 -1000 -10 0.00240134
Car -1 -1 -10 0.000 794.750 453.882 1198.451 -1 -1 -1 -1000 -1000 -1000 -10 0.00787031
Car -1 -1 -10 771.831 525.386 1002.037 884.971 -1 -1 -1 -1000 -1000 -1000 -10 0.00204641
Car -1 -1 -10 546.494 1156.025 585.388 1200.000 -1 -1 -1 -1000 -1000 -1000 -10 0.00202770
Car -1 -1 -10 645.852 517.484 880.287 758.586 -1 -1 -1 -1000 -1000 -1000 -10 0.00166300
Car -1 -1 -10 586.249 566.966 655.397 644.862 -1 -1 -1 -1000 -1000 -1000 -10 0.00164791
Car -1 -1 -10 675.766 522.019 912.348 753.931 -1 -1 -1 -1000 -1000 -1000 -10 0.00144758
