Car -1 -1 -10 594.513 14.182 1915.609 1175.603 -1 -1 -1 -1000 -1000 -1000 -10 0.01542937
Car -1 -1 -10 1001.754 462.678 1920.000 1200.000 -1 -1 -1 -1000 -1000 -1000 -10 0.01507281
Car -1 -1 -10 1405.831 368.827 1920.000 1182.819 -1 -1 -1 -1000 -1000 -1000 -10 0.00439280
Car -1 -1 -10 1315.443 132.895 1920.000 1200.000 -1 -1 -1 -1000 -1000 -1000 -10 0.00360143
Car -1 -1 -10 1397.166 495.444 1912.198 1008.005 -1 -1 -1 -1000 -1000 -1000 -10 0.00522748
Car -1 -1 -10 1315.693 521.877 1486.529 606.271 -1 -1 -1 -1000 -1000 -1000 -10 0.00657039
Car -1 -1 -10 15.465 47.385 319.272 1200.000 -1 -1 -1 -1000 -1000 -1000 -10 0.00614460
Car -1 -1 -10 0.000 576.305 522.943 1200.000 -1 -1 -1 -1000 -1000 -1000 -10 0.01084196
Car -1 -1 -10 111.613 219.818 244.472 978.526 -1 -1 -1 -1000 -1000 -1000 -10 0.00279098
Car -1 -1 -10 1412.183 559.898 1920.000 1200.000 -1 -1 -1 -1000 -1000 -1000 -10 0.00277699
Car -1 -1 -10 1506.216 508.423 1920.000 929.547 -1 -1 -1 -1000 -1000 -1000 -10 0.00274635
Car -1 -1 -10 1486.870 611.012 1907.672 845.157 -1 -1 -1 -1000 -1000 -1000 -10 0.00245543
Car -1 -1 -10 1575.653 402.795 1854.469 926.366 -1 -1 -1 -1000 -1000 -1000 -10 0.00236657
Car -1 -1 -10 651.153 593.257 720.378 667.312 -1 -1 -1 -1000 -1000 -1000 -10 0.00443787
Car -1 -1 -10 67.862 63.245 364.185 1194.377 -1 -1 -1 -1000 -1000 -1000 -10 0.00436658
Car -1 -1 -10 1471.467 798.684 1920.000 1200.000 -1 -1 -1 -1000 -1000 -1000 -10 0.00217936
Car -1 -1 -10 0.000 454.347 394.149 698.491 -1 -1 -1 -1000 -1000 -1000 -10 0.00216613
Car -1 -1 -10 40.497 262.567 369.746 895.879 -1 -1 -1 -1000 -1000 -1000 -10 0.00183043
Car -1 -1 -10 317.433 473.632 1576.540 1193.283 -1 -1 -1 -1000 -1000 -1000 -10 0.00176625
Car -1 -1 -10 1138.908 276.551 1920.000 1137.596 -1 -1 -1 -1000 -1000 -1000 -10 0.00174799
Car -1 -1 -10 0.000 201.271 477.144 815.411 -1 -1 -1 -1000 -1000 -1000 -10 0.00173733
