Car -1 -1 -10 993.287 541.908 1213.601 715.262 -1 -1 -1 -1000 -1000 -1000 -10 0.99910407
Car -1 -1 -10 209.598 528.019 503.776 731.963 -1 -1 -1 -1000 -1000 -1000 -10 0.99868007
Car -1 -1 -10 592.757 574.270 678.574 633.851 -1 -1 -1 -1000 -1000 -1000 -10 0.66054150
Car -1 -1 -10 728.068 567.147 803.798 621.712 -1 -1 -1 -1000 -1000 -1000 -10 0.35147635
Car -1 -1 -10 690.328 566.335 751.625 619.661 -1 -1 -1 -1000 -1000 -1000 -10 0.04445562
Car -1 -1 -10 796.265 526.311 1908.138 1184.755 -1 -1 -1 -1000 -1000 -1000 -10 0.02729871
Car -1 -1 -10 937.231 322.909 1225.762 1185.334 -1 -1 -1 -1000 -1000 -1000 -10 0.01403365
Car -1 -1 -10 899.098 794.427 1254.064 1195.886 -1 -1 -1 -1000 -1000 -1000 -10 0.01052072
Car -1 -1 -10 730.917 619.311 1238.255 1198.847 -1 -1 -1 -1000 -1000 -1000 -10 0.00469276
Car -1 -1 -10 844.574 1056.307 1237.869 1200.000 -1 -1 -1 -1000 -1000 -1000 -10 0.00765855
Car -1 -1 -10 928.145 556.940 987.654 608.184 -1 -1 -1 -1000 -1000 -1000 -10 0.00353142
Car -1 -1 -10 0.000 520.864 1167.564 1193.590 -1 -1 -1 -1000 -1000 -1000 -10 0.00691256
Car -1 -1 -10 643.841 1029.145 1077.403 1200.000 -1 -1 -1 -1000 -1000 -1000 -10 0.00330550
