Car -1 -1 -10 1051.923 523.799 1920.000 1198.712 -1 -1 -1 -1000 -1000 -1000 -10 0.01117533
Car -1 -1 -10 0.000 552.982 587.188 1197.191 -1 -1 -1 -1000 -1000 -1000 -10 0.01502009
Car -1 -1 -10 1321.146 646.157 1786.064 903.005 -1 -1 -1 -1000 -1000 -1000 -10 0.00570028
Car -1 -1 -10 1404.499 463.954 1920.000 1189.760 -1 -1 -1 -1000 -1000 -1000 -10 0.00947212
Car -1 -1 -10 1502.945 588.644 1920.000 867.849 -1 -1 -1 -1000 -1000 -1000 -10 0.00338887
Car -1 -1 -10 1371.853 550.244 1915.815 956.744 -1 -1 -1 -1000 -1000 -1000 -10 0.00302862
Car -1 -1 -10 0.000 505.766 534.827 864.262 -1 -1 -1 -1000 -1000 -1000 -10 0.00269574
Car -1 -1 -10 1503.918 520.766 1920.000 919.538 -1 -1 -1 -1000 -1000 -1000 -10 0.00463737
Car -1 -1 -10 1241.263 544.273 1851.294 908.414 -1 -1 -1 -1000 -1000 -1000 -10 0.00246001
Car -1 -1 -10 1550.780 676.807 1912.255 973.006 -1 -1 -1 -1000 -1000 -1000 -10 0.00241845
Car -1 -1 -10 1416.281 436.501 1920.000 807.745 -1 -1 -1 -1000 -1000 -1000 -10 0.00240439
Car -1 -1 -10 1453.718 806.694 1920.000 1200.000 -1 -1 -1 -1000 -1000 -1000 -10 0.00473137
Car -1 -1 -10 1293.009 653.909 1920.000 1055.837 -1 -1 -1 -1000 -1000 -1000 -10 0.00234036
Car -1 -1 -10 0.000 789.795 458.314 1197.674 -1 -1 -1 -1000 -1000 -1000 -10 0.00422478
Car -1 -1 -10 992.216 452.415 1566.776 795.671 -1 -1 -1 -1000 -1000 -1000 -10 0.00443731
Car -1 -1 -10 1575.823 651.306 1919.160 904.546 -1 -1 -1 -1000 -1000 -1000 -10 0.00193292
Car -1 -1 -10 18.907 554.207 547.518 962.406 -1 -1 -1 -1000 -1000 -1000 -10 0.00186582
Car -1 -1 -10 74.804 123.928 366.356 1200.000 -1 -1 -1 -1000 -1000 -1000 -10 0.00185049
