Car -1 -1 -10 328.033 521.422 616.299 707.497 -1 -1 -1 -1000 -1000 -1000 -10 0.40282055
Car -1 -1 -10 965.502 621.837 1325.342 1187.905 -1 -1 -1 -1000 -1000 -1000 -10 0.02328935
Car -1 -1 -10 1383.360 594.083 1920.000 940.495 -1 -1 -1 -1000 -1000 -1000 -10 0.01349616
Car -1 -1 -10 1225.923 546.294 1385.842 625.686 -1 -1 -1 -1000 -1000 -1000 -10 0.00917256
Car -1 -1 -10 1067.070 615.942 1631.260 1018.122 -1 -1 -1 -1000 -1000 -1000 -10 0.00504391
Car -1 -1 -10 1122.290 578.425 1546.216 797.372 -1 -1 -1 -1000 -1000 -1000 -10 0.01114610
Car -1 -1 -10 364.004 492.602 1483.210 1190.473 -1 -1 -1 -1000 -1000 -1000 -10 0.01487996
Car -1 -1 -10 710.335 787.963 1400.648 1200.000 -1 -1 -1 -1000 -1000 -1000 -10 0.00794164
Car -1 -1 -10 339.202 496.378 770.263 819.873 -1 -1 -1 -1000 -1000 -1000 -10 0.00708862
Car -1 -1 -10 1438.307 504.695 1914.560 994.794 -1 -1 -1 -1000 -1000 -1000 -10 0.00739722
Car -1 -1 -10 0.000 798.316 470.897 1200.000 -1 -1 -1 -1000 -1000 -1000 -10 0.00699370
Car -1 -1 -10 1.919 626.022 565.902 1196.922 -1 -1 -1 -1000 -1000 -1000 -10 0.00541573
Car -1 -1 -10 1524.891 647.867 1920.000 884.684 -1 -1 -1 -1000 -1000 -1000 -10 0.00475962
Car -1 -1 -10 1109.982 595.558 1682.809 952.680 -1 -1 -1 -1000 -1000 -1000 -10 0.00437171
Car -1 -1 -10 265.814 511.250 469.504 660.298 -1 -1 -1 -1000 -1000 -1000 -10 0.00230859
Car -1 -1 -10 1240.113 549.220 1352.602 620.032 -1 -1 -1 -1000 -1000 -1000 -10 0.00440811
Car -1 -1 -10 1020.295 699.886 1268.183 1193.079 -1 -1 -1 -1000 -1000 -1000 -10 0.00188903
Car -1 -1 -10 0.000 726.864 417.064 1024.694 -1 -1 -1 -1000 -1000 -1000 -10 0.00183402
