Car -1 -1 -10 1271.289 563.806 1313.519 621.869 -1 -1 -1 -1000 -1000 -1000 -10 0.19917527
Car -1 -1 -10 1267.209 558.902 1314.309 611.997 -1 -1 -1 -1000 -1000 -1000 -10 0.05744294
Car -1 -1 -10 42.740 449.175 1409.923 1197.820 -1 -1 -1 -1000 -1000 -1000 -10 0.05328016
Car -1 -1 -10 3.219 133.958 1512.299 1200.000 -1 -1 -1 -1000 -1000 -1000 -10 0.01281811
Car -1 -1 -10 0.000 520.855 579.546 1179.286 -1 -1 -1 -1000 -1000 -1000 -10 0.02483241
Car -1 -1 -10 0.000 142.957 718.680 1200.000 -1 -1 -1 -1000 -1000 -1000 -10 0.01232130
Car -1 -1 -10 0.000 486.463 1013.830 1200.000 -1 -1 -1 -1000 -1000 -1000 -10 0.00594470
Car -1 -1 -10 0.597 438.771 665.907 876.377 -1 -1 -1 -1000 -1000 -1000 -10 0.00790799
Car -1 -1 -10 0.000 509.055 477.709 839.347 -1 -1 -1 -1000 -1000 -1000 -10 0.00406178
Car -1 -1 -10 405.697 490.517 1297.485 1200.000 -1 -1 -1 -1000 -1000 -1000 -10 0.00404777
Car -1 -1 -10 66.276 51.721 364.357 1200.000 -1 -1 -1 -1000 -1000 -1000 -10 0.00384040
Car -1 -1 -10 113.928 237.702 244.328 964.529 -1 -1 -1 -1000 -1000 -1000 -10 0.00376919
Car -1 -1 -10 0.000 598.320 463.260 944.308 -1 -1 -1 -1000 -1000 -1000 -10 0.00728688
Car -1 -1 -10 573.830 88.256 875.543 1179.322 -1 -1 -1 -1000 -1000 -1000 -10 0.00693843
Car -1 -1 -10 0.000 323.171 842.106 1144.994 -1 -1 -1 -1000 -1000 -1000 -10 0.00357325
Car -1 -1 -10 0.000 728.509 392.990 1200.000 -1 -1 -1 -1000 -1000 -1000 -10 0.00354164
Car -1 -1 -10 0.000 581.601 300.233 957.948 -1 -1 -1 -1000 -1000 -1000 -10 0.00656527
Car -1 -1 -10 222.093 453.666 977.962 870.717 -1 -1 -1 -1000 -1000 -1000 -10 0.00348258
Car -1 -1 -10 336.446 609.187 1133.083 1114.848 -1 -1 -1 -1000 -1000 -1000 -10 0.00636481
Car -1 -1 -10 0.000 797.301 469.409 1200.000 -1 -1 -1 -1000 -1000 -1000 -10 0.00666211
Car -1 -1 -10 0.000 640.825 497.668 995.307 -1 -1 -1 -1000 -1000 -1000 -10 0.00340382
Car -1 -1 -10 0.000 424.946 400.546 830.544 -1 -1 -1 -1000 -1000 -1000 -10 0.00326549
Car -1 -1 -10 151.049 154.556 373.311 1178.196 -1 -1 -1 -1000 -1000 -1000 -10 0.00325930
Car -1 -1 -10 92.615 162.990 427.625 1200.000 -1 -1 -1 -1000 -1000 -1000 -10 0.00303564
Car -1 -1 -10 1240.765 567.322 1291.509 622.943 -1 -1 -1 -1000 -1000 -1000 -10 0.00296652
Car -1 -1 -10 160.029 401.653 347.973 1104.174 -1 -1 -1 -1000 -1000 -1000 -10 0.00294942
Car -1 -1 -10 23.187 676.289 316.094 849.411 -1 -1 -1 -1000 -1000 -1000 -10 0.00287028
Car -1 -1 -10 79.934 457.268 814.176 867.994 -1 -1 -1 -1000 -1000 -1000 -10 0.00285629
Car -1 -1 -10 55.655 546.800 301.939 995.572 -1 -1 -1 -1000 -1000 -1000 -10 0.00268625
Car -1 -1 -10 660.562 93.032 965.375 1173.249 -1 -1 -1 -1000 -1000 -1000 -10 0.00508716
Car -1 -1 -10 113.861 426.435 248.032 1163.792 -1 -1 -1 -1000 -1000 -1000 -10 0.00251346
