Car -1 -1 -10 789.926 578.658 925.192 707.377 -1 -1 -1 -1000 -1000 -1000 -10 0.99978958
Car -1 -1 -10 0.000 789.926 466.851 1197.901 -1 -1 -1 -1000 -1000 -1000 -10 0.00933871
Car -1 -1 -10 674.626 539.859 1810.165 1197.743 -1 -1 -1 -1000 -1000 -1000 -10 0.00430440
Car -1 -1 -10 0.000 814.561 212.196 1193.270 -1 -1 -1 -1000 -1000 -1000 -10 0.00341068
Car -1 -1 -10 66.745 589.538 195.467 1198.680 -1 -1 -1 -1000 -1000 -1000 -10 0.00285677
Car -1 -1 -10 18.193 631.578 458.864 1033.219 -1 -1 -1 -1000 -1000 -1000 -10 0.00165030
Car -1 -1 -10 0.000 536.811 954.547 1186.632 -1 -1 -1 -1000 -1000 -1000 -10 0.00589154
Car -1 -1 -10 113.746 623.036 246.776 1199.769 -1 -1 -1 -1000 -1000 -1000 -10 0.00151952
Car -1 -1 -10 786.385 374.691 929.243 831.341 -1 -1 -1 -1000 -1000 -1000 -10 0.00298835
Car -1 -1 -10 148.813 713.835 876.477 1178.939 -1 -1 -1 -1000 -1000 -1000 -10 0.00145610
Car -1 -1 -10 12.408 1033.841 366.895 1200.000 -1 -1 -1 -1000 -1000 -1000 -10 0.00128888
Car -1 -1 -10 17.400 985.757 427.858 1200.000 -1 -1 -1 -1000 -1000 -1000 -10 0.00125413
Car -1 -1 -10 774.037 495.278 940.834 747.229 -1 -1 -1 -1000 -1000 -1000 -10 0.00114402
Car -1 -1 -10 29.412 547.394 301.191 1200.000 -1 -1 -1 -1000 -1000 -1000 -10 0.00112181
Car -1 -1 -10 11.491 692.968 307.005 1055.076 -1 -1 -1 -1000 -1000 -1000 -10 0.00098321
Car -1 -1 -10 841.651 500.250 895.088 788.265 -1 -1 -1 -1000 -1000 -1000 -10 0.00160867
Car -1 -1 -10 1.600 697.474 234.971 1046.493 -1 -1 -1 -1000 -1000 -1000 -10 0.00081949
Car -1 -1 -10 133.117 791.538 945.332 1193.400 -1 -1 -1 -1000 -1000 -1000 -10 0.00147985
Car -1 -1 -10 18.637 627.405 562.481 1114.403 -1 -1 -1 -1000 -1000 -1000 -10 0.00076775
Car -1 -1 -10 0.000 936.847 315.998 1200.000 -1 -1 -1 -1000 -1000 -1000 -10 0.00074639
Car -1 -1 -10 951.692 592.164 1426.206 857.055 -1 -1 -1 -1000 -1000 -1000 -10 0.00073191
Car -1 -1 -10 810.465 360.346 902.512 883.541 -1 -1 -1 -1000 -1000 -1000 -10 0.00069412
Car -1 -1 -10 849.305 869.642 1138.893 1200.000 -1 -1 -1 -1000 -1000 -1000 -10 0.00066641
