Car -1 -1 -10 772.462 515.804 1062.270 790.149 -1 -1 -1 -1000 -1000 -1000 -10 0.99630833
Car -1 -1 -10 1011.533 546.137 1084.898 613.418 -1 -1 -1 -1000 -1000 -1000 -10 0.27223510
Car -1 -1 -10 1018.991 551.990 1077.338 611.689 -1 -1 -1 -1000 -1000 -1000 -10 0.14523329
Car -1 -1 -10 1042.373 541.270 1184.208 621.716 -1 -1 -1 -1000 -1000 -1000 -10 0.01080837
Car -1 -1 -10 567.580 475.595 1062.211 819.159 -1 -1 -1 -1000 -1000 -1000 -10 0.00355141
Car -1 -1 -10 981.096 543.619 1080.890 639.864 -1 -1 -1 -1000 -1000 -1000 -10 0.00641600
Car -1 -1 -10 1082.243 546.921 1145.275 595.149 -1 -1 -1 -1000 -1000 -1000 -10 0.00410857
Car -1 -1 -10 689.929 523.140 1870.074 1195.647 -1 -1 -1 -1000 -1000 -1000 -10 0.00401607
Car -1 -1 -10 1277.584 814.371 1920.000 1194.921 -1 -1 -1 -1000 -1000 -1000 -10 0.00380539
Car -1 -1 -10 901.205 521.161 1076.126 770.740 -1 -1 -1 -1000 -1000 -1000 -10 0.00208144
Car -1 -1 -10 986.815 540.325 1076.563 623.715 -1 -1 -1 -1000 -1000 -1000 -10 0.00194767
Car -1 -1 -10 1071.000 541.902 1154.235 598.132 -1 -1 -1 -1000 -1000 -1000 -10 0.00188336
Car -1 -1 -10 907.246 808.113 1520.265 1193.783 -1 -1 -1 -1000 -1000 -1000 -10 0.00354311
Car -1 -1 -10 894.710 521.760 1071.751 706.028 -1 -1 -1 -1000 -1000 -1000 -10 0.00171792
Car -1 -1 -10 1456.479 810.295 1920.000 1200.000 -1 -1 -1 -1000 -1000 -1000 -10 0.00321681
Car -1 -1 -10 0.000 798.334 457.486 1197.491 -1 -1 -1 -1000 -1000 -1000 -10 0.00316474
Car -1 -1 -10 902.979 790.382 1741.169 1196.198 -1 -1 -1 -1000 -1000 -1000 -10 0.00148661
Car -1 -1 -10 1018.411 479.339 1073.254 670.694 -1 -1 -1 -1000 -1000 -1000 -10 0.00139337
