Car -1 -1 -10 1308.117 534.222 1531.385 757.862 -1 -1 -1 -1000 -1000 -1000 -10 0.46432642
Car -1 -1 -10 34.996 492.513 1314.390 1187.000 -1 -1 -1 -1000 -1000 -1000 -10 0.08525695
Car -1 -1 -10 167.674 473.782 1571.448 1187.096 -1 -1 -1 -1000 -1000 -1000 -10 0.02073317
Car -1 -1 -10 611.433 443.216 1305.501 1200.000 -1 -1 -1 -1000 -1000 -1000 -10 0.00712745
Car -1 -1 -10 697.232 375.129 1267.110 1162.618 -1 -1 -1 -1000 -1000 -1000 -10 0.00546414
Car -1 -1 -10 262.128 600.598 1048.217 1107.876 -1 -1 -1 -1000 -1000 -1000 -10 0.01020922
Car -1 -1 -10 563.950 20.570 1710.479 1186.178 -1 -1 -1 -1000 -1000 -1000 -10 0.01030096
Car -1 -1 -10 452.249 738.626 1387.862 1189.438 -1 -1 -1 -1000 -1000 -1000 -10 0.01169046
Car -1 -1 -10 1279.985 553.773 1443.250 717.208 -1 -1 -1 -1000 -1000 -1000 -10 0.00815876
Car -1 -1 -10 1499.622 538.348 1920.000 844.823 -1 -1 -1 -1000 -1000 -1000 -10 0.00340259
Car -1 -1 -10 473.321 72.022 782.065 1169.680 -1 -1 -1 -1000 -1000 -1000 -10 0.00629420
Car -1 -1 -10 902.701 537.161 1261.249 1200.000 -1 -1 -1 -1000 -1000 -1000 -10 0.00784143
Car -1 -1 -10 563.712 79.381 871.445 1186.595 -1 -1 -1 -1000 -1000 -1000 -10 0.00591466
Car -1 -1 -10 296.895 659.057 820.792 1196.875 -1 -1 -1 -1000 -1000 -1000 -10 0.00561569
Car -1 -1 -10 667.971 79.350 973.125 1186.437 -1 -1 -1 -1000 -1000 -1000 -10 0.00521170
Car -1 -1 -10 644.342 14.149 1320.959 358.234 -1 -1 -1 -1000 -1000 -1000 -10 0.00284418
Car -1 -1 -10 757.091 70.633 1062.351 1182.466 -1 -1 -1 -1000 -1000 -1000 -10 0.00514320
Car -1 -1 -10 1287.382 588.439 1398.253 697.407 -1 -1 -1 -1000 -1000 -1000 -10 0.00500982
Car -1 -1 -10 0.000 790.988 452.819 1196.203 -1 -1 -1 -1000 -1000 -1000 -10 0.00501556
Car -1 -1 -10 508.034 843.809 1351.497 1200.000 -1 -1 -1 -1000 -1000 -1000 -10 0.00264175
Car -1 -1 -10 814.485 331.711 1147.269 963.160 -1 -1 -1 -1000 -1000 -1000 -10 0.00495236
Car -1 -1 -10 687.633 338.931 1330.504 768.648 -1 -1 -1 -1000 -1000 -1000 -10 0.00243832
Car -1 -1 -10 1403.924 401.222 1920.000 1011.022 -1 -1 -1 -1000 -1000 -1000 -10 0.00243234
Car -1 -1 -10 1553.827 564.169 1920.000 798.125 -1 -1 -1 -1000 -1000 -1000 -10 0.00238796
Car -1 -1 -10 164.288 839.318 1032.326 1200.000 -1 -1 -1 -1000 -1000 -1000 -10 0.00236316
Car -1 -1 -10 677.048 865.745 1240.410 1196.949 -1 -1 -1 -1000 -1000 -1000 -10 0.00443442
Car -1 -1 -10 1449.143 536.337 1919.129 982.449 -1 -1 -1 -1000 -1000 -1000 -10 0.00228349
Car -1 -1 -10 394.541 586.497 808.559 855.063 -1 -1 -1 -1000 -1000 -1000 -10 0.00219997
Car -1 -1 -10 646.175 619.139 1318.677 1076.660 -1 -1 -1 -1000 -1000 -1000 -10 0.00211994
Car -1 -1 -10 858.048 34.510 1155.506 975.236 -1 -1 -1 -1000 -1000 -1000 -10 0.00208834
Car -1 -1 -10 753.724 805.135 1212.927 1044.714 -1 -1 -1 -1000 -1000 -1000 -10 0.00208737
