Car -1 -1 -10 0.000 529.735 895.175 1198.030 -1 -1 -1 -1000 -1000 -1000 -10 0.01360043
Car -1 -1 -10 0.000 617.209 515.508 1200.000 -1 -1 -1 -1000 -1000 -1000 -10 0.00900001
Car -1 -1 -10 0.000 763.030 656.092 1200.000 -1 -1 -1 -1000 -1000 -1000 -10 0.00524839
Car -1 -1 -10 0.000 556.093 367.551 1200.000 -1 -1 -1 -1000 -1000 -1000 -10 0.00194193
Car -1 -1 -10 182.037 246.547 487.868 1200.000 -1 -1 -1 -1000 -1000 -1000 -10 0.00267201
Car -1 -1 -10 21.121 600.278 148.205 1194.168 -1 -1 -1 -1000 -1000 -1000 -10 0.00129719
Car -1 -1 -10 0.000 803.078 284.656 1200.000 -1 -1 -1 -1000 -1000 -1000 -10 0.00255659
Car -1 -1 -10 64.387 206.086 371.304 1199.656 -1 -1 -1 -1000 -1000 -1000 -10 0.00123857
Car -1 -1 -10 391.395 807.557 738.480 1197.722 -1 -1 -1 -1000 -1000 -1000 -10 0.00217317
Car -1 -1 -10 81.877 775.676 752.588 1200.000 -1 -1 -1 -1000 -1000 -1000 -10 0.00114390
Car -1 -1 -10 281.403 620.640 462.948 1182.611 -1 -1 -1 -1000 -1000 -1000 -10 0.00190359
Car -1 -1 -10 298.136 586.703 494.039 1179.462 -1 -1 -1 -1000 -1000 -1000 -10 0.00106668
Car -1 -1 -10 0.000 652.303 311.886 1195.576 -1 -1 -1 -1000 -1000 -1000 -10 0.00105694
Car -1 -1 -10 474.344 6.759 618.943 116.656 -1 -1 -1 -1000 -1000 -1000 -10 0.00105228
Car -1 -1 -10 44.975 750.487 171.144 1200.000 -1 -1 -1 -1000 -1000 -1000 -10 0.00100348
Car -1 -1 -10 298.386 3.980 781.992 353.611 -1 -1 -1 -1000 -1000 -1000 -10 0.00099955
Car -1 -1 -10 279.486 660.704 820.287 1200.000 -1 -1 -1 -1000 -1000 -1000 -10 0.00099904
Car -1 -1 -10 225.366 796.625 562.188 1197.957 -1 -1 -1 -1000 -1000 -1000 -10 0.00099519
Car -1 -1 -10 402.068 11.927 630.784 443.971 -1 -1 -1 -1000 -1000 -1000 -10 0.00098946
Car -1 -1 -10 105.248 565.552 255.794 1200.000 -1 -1 -1 -1000 -1000 -1000 -10 0.00098085
Car -1 -1 -10 177.435 543.773 325.864 1200.000 -1 -1 -1 -1000 -1000 -1000 -10 0.00097024
Car -1 -1 -10 47.398 642.548 208.367 1200.000 -1 -1 -1 -1000 -1000 -1000 -10 0.00096673
Car -1 -1 -10 0.000 853.009 405.481 1087.996 -1 -1 -1 -1000 -1000 -1000 -10 0.00094598
Car -1 -1 -10 237.980 635.721 410.901 1189.364 -1 -1 -1 -1000 -1000 -1000 -10 0.00094342
Car -1 -1 -10 141.527 903.801 847.887 1200.000 -1 -1 -1 -1000 -1000 -1000 -10 0.00094341
Car -1 -1 -10 379.029 257.956 683.271 1195.817 -1 -1 -1 -1000 -1000 -1000 -10 0.00094068
Car -1 -1 -10 437.443 1105.776 687.517 1200.000 -1 -1 -1 -1000 -1000 -1000 -10 0.00091013
Car -1 -1 -10 357.248 644.365 530.560 1189.524 -1 -1 -1 -1000 -1000 -1000 -10 0.00090774
Car -1 -1 -10 484.921 823.823 644.841 1200.000 -1 -1 -1 -1000 -1000 -1000 -10 0.00090543
Car -1 -1 -10 512.792 1.570 598.061 133.243 -1 -1 -1 -1000 -1000 -1000 -10 0.00090142
Car -1 -1 -10 309.685 1105.342 558.119 1200.000 -1 -1 -1 -1000 -1000 -1000 -10 0.00089624
Car -1 -1 -10 359.672 0.000 710.750 215.641 -1 -1 -1 -1000 -1000 -1000 -10 0.00089348
Car -1 -1 -10 325.344 659.295 594.749 1200.000 -1 -1 -1 -1000 -1000 -1000 -10 0.00089163
Car -1 -1 -10 10.698 891.865 574.948 1200.000 -1 -1 -1 -1000 -1000 -1000 -10 0.00085360
Car -1 -1 -10 675.288 97.463 800.191 227.411 -1 -1 -1 -1000 -1000 -1000 -10 0.00085088
Car -1 -1 -10 597.015 71.126 876.533 248.799 -1 -1 -1 -1000 -1000 -1000 -10 0.00083979
