Car -1 -1 -10 403.124 580.003 544.187 686.882 -1 -1 -1 -1000 -1000 -1000 -10 0.99990809
Car -1 -1 -10 915.472 572.706 992.570 642.847 -1 -1 -1 -1000 -1000 -1000 -10 0.98667985
Car -1 -1 -10 515.479 592.654 609.658 674.856 -1 -1 -1 -1000 -1000 -1000 -10 0.68364179
Car -1 -1 -10 601.479 584.876 688.438 656.305 -1 -1 -1 -1000 -1000 -1000 -10 0.74990676
Car -1 -1 -10 1032.847 561.957 1116.054 629.289 -1 -1 -1 -1000 -1000 -1000 -10 0.00472041
Car -1 -1 -10 1024.745 563.736 1131.155 641.731 -1 -1 -1 -1000 -1000 -1000 -10 0.00430110
Car -1 -1 -10 479.728 583.444 578.106 677.569 -1 -1 -1 -1000 -1000 -1000 -10 0.00668246
Car -1 -1 -10 1028.129 579.734 1088.375 634.326 -1 -1 -1 -1000 -1000 -1000 -10 0.00376490
Car -1 -1 -10 413.333 442.115 534.915 837.180 -1 -1 -1 -1000 -1000 -1000 -10 0.00299697
Car -1 -1 -10 378.048 460.812 579.975 785.499 -1 -1 -1 -1000 -1000 -1000 -10 0.00264107
Car -1 -1 -10 0.000 799.553 452.103 1198.941 -1 -1 -1 -1000 -1000 -1000 -10 0.00368248
Car -1 -1 -10 969.906 759.506 1549.651 1187.207 -1 -1 -1 -1000 -1000 -1000 -10 0.00133405
Car -1 -1 -10 23.506 597.752 504.665 1198.979 -1 -1 -1 -1000 -1000 -1000 -10 0.00126570
Car -1 -1 -10 816.761 764.141 1412.590 1183.748 -1 -1 -1 -1000 -1000 -1000 -10 0.00120330
Car -1 -1 -10 1219.859 1157.326 1256.256 1200.000 -1 -1 -1 -1000 -1000 -1000 -10 0.00117910
Car -1 -1 -10 551.439 779.806 1154.102 1187.701 -1 -1 -1 -1000 -1000 -1000 -10 0.00115720
Car -1 -1 -10 572.192 578.826 662.037 660.252 -1 -1 -1 -1000 -1000 -1000 -10 0.00109806
Car -1 -1 -10 632.628 599.602 697.823 657.551 -1 -1 -1 -1000 -1000 -1000 -10 0.00109227
Car -1 -1 -10 638.762 592.779 701.321 648.493 -1 -1 -1 -1000 -1000 -1000 -10 0.00109002
Car -1 -1 -10 530.187 553.053 578.575 717.249 -1 -1 -1 -1000 -1000 -1000 -10 0.00094152
Car -1 -1 -10 437.555 358.583 528.653 867.229 -1 -1 -1 -1000 -1000 -1000 -10 0.00089454
Car -1 -1 -10 617.627 519.391 672.717 712.227 -1 -1 -1 -1000 -1000 -1000 -10 0.00153511
Car -1 -1 -10 546.668 585.884 575.181 684.484 -1 -1 -1 -1000 -1000 -1000 -10 0.00083791
Car -1 -1 -10 0.000 0.000 336.512 276.372 -1 -1 -1 -1000 -1000 -1000 -10 0.00083250
Car -1 -1 -10 0.000 0.000 290.648 207.943 -1 -1 -1 -1000 -1000 -1000 -10 0.00082079
Car -1 -1 -10 419.468 364.362 509.954 866.121 -1 -1 -1 -1000 -1000 -1000 -10 0.00081506
Car -1 -1 -10 458.730 492.258 510.136 786.546 -1 -1 -1 -1000 -1000 -1000 -10 0.00153315
Car -1 -1 -10 201.586 576.723 355.203 1187.867 -1 -1 -1 -1000 -1000 -1000 -10 0.00078761
Car -1 -1 -10 539.228 549.953 585.957 709.040 -1 -1 -1 -1000 -1000 -1000 -10 0.00073953
Car -1 -1 -10 537.631 570.362 669.180 658.819 -1 -1 -1 -1000 -1000 -1000 -10 0.00072257
Car -1 -1 -10 552.489 585.364 581.431 683.532 -1 -1 -1 -1000 -1000 -1000 -10 0.00069811
Car -1 -1 -10 0.000 0.000 410.153 319.648 -1 -1 -1 -1000 -1000 -1000 -10 0.00068975
