Car -1 -1 -10 798.079 600.923 947.313 718.600 -1 -1 -1 -1000 -1000 -1000 -10 0.99994338
Car -1 -1 -10 211.319 623.767 318.147 689.795 -1 -1 -1 -1000 -1000 -1000 -10 0.66612817
Car -1 -1 -10 422.045 616.514 489.830 665.672 -1 -1 -1 -1000 -1000 -1000 -10 0.29135062
Car -1 -1 -10 734.595 605.951 785.535 655.642 -1 -1 -1 -1000 -1000 -1000 -10 0.29493607
Car -1 -1 -10 0.000 591.909 503.268 1200.000 -1 -1 -1 -1000 -1000 -1000 -10 0.03516211
Car -1 -1 -10 0.000 711.647 353.142 1162.694 -1 -1 -1 -1000 -1000 -1000 -10 0.00338170
Car -1 -1 -10 1.676 541.602 326.272 943.948 -1 -1 -1 -1000 -1000 -1000 -10 0.00538686
Car -1 -1 -10 195.291 619.270 288.663 692.307 -1 -1 -1 -1000 -1000 -1000 -10 0.00479136
Car -1 -1 -10 19.385 593.945 88.212 1043.654 -1 -1 -1 -1000 -1000 -1000 -10 0.00246236
Car -1 -1 -10 2.006 829.027 295.359 1200.000 -1 -1 -1 -1000 -1000 -1000 -10 0.00209151
Car -1 -1 -10 0.000 1018.721 244.379 1200.000 -1 -1 -1 -1000 -1000 -1000 -10 0.00208974
Car -1 -1 -10 779.972 609.982 870.086 701.267 -1 -1 -1 -1000 -1000 -1000 -10 0.00405693
Car -1 -1 -10 21.923 729.065 240.751 1200.000 -1 -1 -1 -1000 -1000 -1000 -10 0.00203672
Car -1 -1 -10 0.000 647.788 255.276 1014.367 -1 -1 -1 -1000 -1000 -1000 -10 0.00190814
Car -1 -1 -10 0.000 1063.022 278.727 1200.000 -1 -1 -1 -1000 -1000 -1000 -10 0.00173912
