Car -1 -1 -10 559.185 477.240 1231.323 1171.258 -1 -1 -1 -1000 -1000 -1000 -10 0.42095180
Car -1 -1 -10 474.283 440.676 1550.536 1174.015 -1 -1 -1 -1000 -1000 -1000 -10 0.12717190
Car -1 -1 -10 534.349 490.985 1119.292 1093.438 -1 -1 -1 -1000 -1000 -1000 -10 0.07773238
Car -1 -1 -10 1752.323 563.108 1919.489 657.525 -1 -1 -1 -1000 -1000 -1000 -10 0.03271581
Car -1 -1 -10 518.608 444.646 903.697 1194.681 -1 -1 -1 -1000 -1000 -1000 -10 0.01682204
Car -1 -1 -10 909.988 469.967 1247.423 1076.997 -1 -1 -1 -1000 -1000 -1000 -10 0.00869414
Car -1 -1 -10 446.764 815.833 1095.326 1192.695 -1 -1 -1 -1000 -1000 -1000 -10 0.01962748
Car -1 -1 -10 862.653 414.029 1259.186 1170.188 -1 -1 -1 -1000 -1000 -1000 -10 0.00721000
Car -1 -1 -10 573.579 282.697 869.611 1192.194 -1 -1 -1 -1000 -1000 -1000 -10 0.01190421
Car -1 -1 -10 501.305 749.472 1288.672 1179.523 -1 -1 -1 -1000 -1000 -1000 -10 0.00534449
Car -1 -1 -10 757.384 647.209 1284.858 1197.138 -1 -1 -1 -1000 -1000 -1000 -10 0.00451972
Car -1 -1 -10 549.216 503.563 973.655 883.064 -1 -1 -1 -1000 -1000 -1000 -10 0.00775372
