Car -1 -1 -10 408.033 604.710 485.966 665.104 -1 -1 -1 -1000 -1000 -1000 -10 0.96442677
Car -1 -1 -10 0.000 799.677 457.432 1198.569 -1 -1 -1 -1000 -1000 -1000 -10 0.00837027
Car -1 -1 -10 605.388 486.001 899.170 639.571 -1 -1 -1 -1000 -1000 -1000 -10 0.00340863
Car -1 -1 -10 61.057 278.360 372.083 1197.002 -1 -1 -1 -1000 -1000 -1000 -10 0.00323612
Car -1 -1 -10 31.424 616.925 207.532 1195.565 -1 -1 -1 -1000 -1000 -1000 -10 0.00283612
Car -1 -1 -10 686.858 542.719 853.157 634.354 -1 -1 -1 -1000 -1000 -1000 -10 0.00283552
Car -1 -1 -10 0.000 1022.664 243.786 1200.000 -1 -1 -1 -1000 -1000 -1000 -10 0.00158150
Car -1 -1 -10 0.000 983.381 285.893 1200.000 -1 -1 -1 -1000 -1000 -1000 -10 0.00414883
Car -1 -1 -10 0.000 1105.538 90.840 1200.000 -1 -1 -1 -1000 -1000 -1000 -10 0.00147985
Car -1 -1 -10 157.663 569.735 298.003 1196.570 -1 -1 -1 -1000 -1000 -1000 -10 0.00287626
Car -1 -1 -10 21.441 683.613 262.894 1200.000 -1 -1 -1 -1000 -1000 -1000 -10 0.00272056
Car -1 -1 -10 0.198 1107.758 124.285 1200.000 -1 -1 -1 -1000 -1000 -1000 -10 0.00264234
Car -1 -1 -10 0.000 1103.454 49.083 1200.000 -1 -1 -1 -1000 -1000 -1000 -10 0.00127560
Car -1 -1 -10 0.000 1059.943 201.543 1200.000 -1 -1 -1 -1000 -1000 -1000 -10 0.00125026
Car -1 -1 -10 90.326 741.145 219.011 1200.000 -1 -1 -1 -1000 -1000 -1000 -10 0.00123533
Car -1 -1 -10 15.072 1105.197 239.036 1200.000 -1 -1 -1 -1000 -1000 -1000 -10 0.00122777
Car -1 -1 -10 17.756 373.886 307.881 1200.000 -1 -1 -1 -1000 -1000 -1000 -10 0.00121370
Car -1 -1 -10 0.000 1083.552 163.781 1200.000 -1 -1 -1 -1000 -1000 -1000 -10 0.00115896
Car -1 -1 -10 3.651 492.663 557.642 1200.000 -1 -1 -1 -1000 -1000 -1000 -10 0.00115044
Car -1 -1 -10 15.707 610.985 557.603 1114.773 -1 -1 -1 -1000 -1000 -1000 -10 0.00112805
Car -1 -1 -10 395.885 616.146 458.014 669.848 -1 -1 -1 -1000 -1000 -1000 -10 0.00104012
Car -1 -1 -10 140.776 646.411 314.768 1192.037 -1 -1 -1 -1000 -1000 -1000 -10 0.00100608
Car -1 -1 -10 40.768 1013.228 138.245 1200.000 -1 -1 -1 -1000 -1000 -1000 -10 0.00095152
