Car -1 -1 -10 276.007 624.219 437.583 721.525 -1 -1 -1 -1000 -1000 -1000 -10 0.99889427
Car -1 -1 -10 596.228 562.209 809.712 724.163 -1 -1 -1 -1000 -1000 -1000 -10 0.47297598
Car -1 -1 -10 593.399 549.361 893.529 728.235 -1 -1 -1 -1000 -1000 -1000 -10 0.06553309
Car -1 -1 -10 0.000 789.019 468.176 1197.936 -1 -1 -1 -1000 -1000 -1000 -10 0.01031319
Car -1 -1 -10 0.000 806.954 214.129 1191.016 -1 -1 -1 -1000 -1000 -1000 -10 0.00205075
Car -1 -1 -10 8.271 993.057 416.911 1200.000 -1 -1 -1 -1000 -1000 -1000 -10 0.00370355
Car -1 -1 -10 34.999 770.067 226.736 1200.000 -1 -1 -1 -1000 -1000 -1000 -10 0.00176629
Car -1 -1 -10 1634.350 396.108 1920.000 769.590 -1 -1 -1 -1000 -1000 -1000 -10 0.00295175
Car -1 -1 -10 320.321 485.078 388.403 875.570 -1 -1 -1 -1000 -1000 -1000 -10 0.00230910
Car -1 -1 -10 241.371 506.264 476.906 862.401 -1 -1 -1 -1000 -1000 -1000 -10 0.00239626
Car -1 -1 -10 41.809 490.709 282.704 1185.310 -1 -1 -1 -1000 -1000 -1000 -10 0.00123846
Car -1 -1 -10 1083.937 575.828 1358.058 744.000 -1 -1 -1 -1000 -1000 -1000 -10 0.00219244
Car -1 -1 -10 722.395 541.630 983.590 728.178 -1 -1 -1 -1000 -1000 -1000 -10 0.00197028
Car -1 -1 -10 1467.572 483.377 1920.000 849.670 -1 -1 -1 -1000 -1000 -1000 -10 0.00111253
Car -1 -1 -10 0.000 907.422 182.274 1200.000 -1 -1 -1 -1000 -1000 -1000 -10 0.00109317
Car -1 -1 -10 0.000 931.309 324.489 1200.000 -1 -1 -1 -1000 -1000 -1000 -10 0.00092777
Car -1 -1 -10 1478.626 803.591 1920.000 1200.000 -1 -1 -1 -1000 -1000 -1000 -10 0.00171074
Car -1 -1 -10 1165.763 573.942 1299.123 700.783 -1 -1 -1 -1000 -1000 -1000 -10 0.00083128
Car -1 -1 -10 1411.645 343.181 1905.702 781.727 -1 -1 -1 -1000 -1000 -1000 -10 0.00076489
