Car -1 -1 -10 1761.102 560.853 1918.408 692.221 -1 -1 -1 -1000 -1000 -1000 -10 0.13225525
Car -1 -1 -10 496.947 0.000 1182.457 277.769 -1 -1 -1 -1000 -1000 -1000 -10 0.00362511
Car -1 -1 -10 667.026 28.688 965.264 965.367 -1 -1 -1 -1000 -1000 -1000 -10 0.00529525
Car -1 -1 -10 376.973 0.000 1252.454 323.889 -1 -1 -1 -1000 -1000 -1000 -10 0.00306991
Car -1 -1 -10 637.522 20.234 1000.082 806.443 -1 -1 -1 -1000 -1000 -1000 -10 0.00168811
Car -1 -1 -10 475.106 34.652 773.219 965.873 -1 -1 -1 -1000 -1000 -1000 -10 0.00567099
Car -1 -1 -10 166.049 0.000 847.138 275.311 -1 -1 -1 -1000 -1000 -1000 -10 0.00153010
Car -1 -1 -10 1627.778 0.000 1920.000 206.519 -1 -1 -1 -1000 -1000 -1000 -10 0.00145130
Car -1 -1 -10 570.506 1.662 1076.976 536.846 -1 -1 -1 -1000 -1000 -1000 -10 0.00365289
Car -1 -1 -10 283.265 32.911 581.065 961.537 -1 -1 -1 -1000 -1000 -1000 -10 0.00499864
Car -1 -1 -10 664.480 47.989 1099.365 294.927 -1 -1 -1 -1000 -1000 -1000 -10 0.00135389
Car -1 -1 -10 1578.361 0.000 1920.000 276.083 -1 -1 -1 -1000 -1000 -1000 -10 0.00133416
Car -1 -1 -10 65.631 0.000 744.586 274.392 -1 -1 -1 -1000 -1000 -1000 -10 0.00129855
Car -1 -1 -10 795.705 51.107 955.566 665.872 -1 -1 -1 -1000 -1000 -1000 -10 0.00248025
Car -1 -1 -10 779.911 14.161 1020.800 355.025 -1 -1 -1 -1000 -1000 -1000 -10 0.00129517
Car -1 -1 -10 45.491 0.000 913.501 322.743 -1 -1 -1 -1000 -1000 -1000 -10 0.00237612
Car -1 -1 -10 1500.182 0.000 1920.000 317.765 -1 -1 -1 -1000 -1000 -1000 -10 0.00126516
Car -1 -1 -10 1808.064 582.223 1920.000 680.554 -1 -1 -1 -1000 -1000 -1000 -10 0.00125965
Car -1 -1 -10 744.212 23.911 1030.666 195.959 -1 -1 -1 -1000 -1000 -1000 -10 0.00121800
Car -1 -1 -10 1040.373 567.089 1098.857 624.833 -1 -1 -1 -1000 -1000 -1000 -10 0.00231178
Car -1 -1 -10 371.661 4.413 880.241 546.090 -1 -1 -1 -1000 -1000 -1000 -10 0.00221235
Car -1 -1 -10 201.815 595.209 259.589 643.009 -1 -1 -1 -1000 -1000 -1000 -10 0.00115170
Car -1 -1 -10 280.664 2.260 910.147 373.860 -1 -1 -1 -1000 -1000 -1000 -10 0.00113114
Car -1 -1 -10 0.000 0.000 291.353 205.844 -1 -1 -1 -1000 -1000 -1000 -10 0.00112323
Car -1 -1 -10 0.000 566.488 102.953 658.633 -1 -1 -1 -1000 -1000 -1000 -10 0.00220718
Car -1 -1 -10 608.567 9.583 980.195 409.499 -1 -1 -1 -1000 -1000 -1000 -10 0.00109844
Car -1 -1 -10 528.485 0.000 1123.737 206.622 -1 -1 -1 -1000 -1000 -1000 -10 0.00109401
Car -1 -1 -10 628.413 2.490 1022.130 311.735 -1 -1 -1 -1000 -1000 -1000 -10 0.00109161
Car -1 -1 -10 53.816 0.000 648.349 205.889 -1 -1 -1 -1000 -1000 -1000 -10 0.00108278
Car -1 -1 -10 225.553 26.015 476.251 473.951 -1 -1 -1 -1000 -1000 -1000 -10 0.00200479
Car -1 -1 -10 166.800 0.000 762.379 204.167 -1 -1 -1 -1000 -1000 -1000 -10 0.00107614
Car -1 -1 -10 759.198 61.535 897.729 561.261 -1 -1 -1 -1000 -1000 -1000 -10 0.00199185
Car -1 -1 -10 200.653 577.858 286.091 640.489 -1 -1 -1 -1000 -1000 -1000 -10 0.00105025
Car -1 -1 -10 728.248 25.932 980.952 473.993 -1 -1 -1 -1000 -1000 -1000 -10 0.00102976
Car -1 -1 -10 685.223 24.976 969.943 193.628 -1 -1 -1 -1000 -1000 -1000 -10 0.00099317
Car -1 -1 -10 0.000 0.000 126.142 145.458 -1 -1 -1 -1000 -1000 -1000 -10 0.00095717
Car -1 -1 -10 100.079 0.000 568.402 173.264 -1 -1 -1 -1000 -1000 -1000 -10 0.00095217
Car -1 -1 -10 607.141 0.000 1071.099 174.926 -1 -1 -1 -1000 -1000 -1000 -10 0.00093507
Car -1 -1 -10 155.553 2.842 651.964 541.707 -1 -1 -1 -1000 -1000 -1000 -10 0.00093098
Car -1 -1 -10 0.000 0.000 340.107 276.434 -1 -1 -1 -1000 -1000 -1000 -10 0.00092211
Car -1 -1 -10 287.446 0.000 1028.088 680.678 -1 -1 -1 -1000 -1000 -1000 -10 0.00091275
