Car -1 -1 -10 0.002 638.298 135.653 752.686 -1 -1 -1 -1000 -1000 -1000 -10 0.99813128
Car -1 -1 -10 234.367 628.717 342.024 705.036 -1 -1 -1 -1000 -1000 -1000 -10 0.95363872
Car -1 -1 -10 425.572 629.312 512.897 686.836 -1 -1 -1 -1000 -1000 -1000 -10 0.72254170
Car -1 -1 -10 725.540 615.775 831.279 697.564 -1 -1 -1 -1000 -1000 -1000 -10 0.28354998
Car -1 -1 -10 674.662 603.490 734.066 664.415 -1 -1 -1 -1000 -1000 -1000 -10 0.02765640
Car -1 -1 -10 0.000 621.067 420.303 1176.254 -1 -1 -1 -1000 -1000 -1000 -10 0.01082017
Car -1 -1 -10 672.065 608.580 746.795 673.594 -1 -1 -1 -1000 -1000 -1000 -10 0.00425294
Car -1 -1 -10 0.000 642.771 71.855 769.532 -1 -1 -1 -1000 -1000 -1000 -10 0.00241975
Car -1 -1 -10 41.115 541.032 91.231 839.451 -1 -1 -1 -1000 -1000 -1000 -10 0.00292684
Car -1 -1 -10 0.000 644.341 261.288 1018.434 -1 -1 -1 -1000 -1000 -1000 -10 0.00149923
Car -1 -1 -10 0.000 502.398 157.757 811.377 -1 -1 -1 -1000 -1000 -1000 -10 0.00138674
Car -1 -1 -10 4.739 1084.546 280.481 1200.000 -1 -1 -1 -1000 -1000 -1000 -10 0.00136671
Car -1 -1 -10 730.344 603.437 810.428 667.902 -1 -1 -1 -1000 -1000 -1000 -10 0.00136321
Car -1 -1 -10 1.816 830.708 292.137 1199.918 -1 -1 -1 -1000 -1000 -1000 -10 0.00257978
Car -1 -1 -10 0.000 799.314 472.300 1200.000 -1 -1 -1 -1000 -1000 -1000 -10 0.00126215
Car -1 -1 -10 663.303 611.885 752.941 691.909 -1 -1 -1 -1000 -1000 -1000 -10 0.00124213
Car -1 -1 -10 23.339 651.282 194.946 1188.180 -1 -1 -1 -1000 -1000 -1000 -10 0.00118812
Car -1 -1 -10 0.000 1026.513 266.738 1200.000 -1 -1 -1 -1000 -1000 -1000 -10 0.00107082
Car -1 -1 -10 742.794 638.150 808.255 694.948 -1 -1 -1 -1000 -1000 -1000 -10 0.00105410
