Car -1 -1 -10 871.691 575.463 1081.149 709.690 -1 -1 -1 -1000 -1000 -1000 -10 0.99994549
Car -1 -1 -10 836.933 568.374 989.978 699.899 -1 -1 -1 -1000 -1000 -1000 -10 0.17225464
Car -1 -1 -10 698.400 604.020 743.317 649.815 -1 -1 -1 -1000 -1000 -1000 -10 0.18919168
Car -1 -1 -10 352.669 626.711 432.236 684.168 -1 -1 -1 -1000 -1000 -1000 -10 0.03623033
Car -1 -1 -10 358.548 630.393 423.279 682.169 -1 -1 -1 -1000 -1000 -1000 -10 0.03212986
Car -1 -1 -10 0.000 776.401 658.695 1200.000 -1 -1 -1 -1000 -1000 -1000 -10 0.00379329
Car -1 -1 -10 841.602 565.651 940.473 651.406 -1 -1 -1 -1000 -1000 -1000 -10 0.01011288
Car -1 -1 -10 673.995 1157.842 711.892 1200.000 -1 -1 -1 -1000 -1000 -1000 -10 0.00838296
Car -1 -1 -10 0.000 549.058 366.252 1200.000 -1 -1 -1 -1000 -1000 -1000 -10 0.00285608
Car -1 -1 -10 0.000 794.861 463.853 1200.000 -1 -1 -1 -1000 -1000 -1000 -10 0.00779149
Car -1 -1 -10 851.052 572.178 932.912 645.546 -1 -1 -1 -1000 -1000 -1000 -10 0.00245383
Car -1 -1 -10 851.665 574.355 979.043 686.226 -1 -1 -1 -1000 -1000 -1000 -10 0.00345475
Car -1 -1 -10 0.000 523.623 921.869 1200.000 -1 -1 -1 -1000 -1000 -1000 -10 0.00389076
Car -1 -1 -10 655.275 1128.644 721.209 1200.000 -1 -1 -1 -1000 -1000 -1000 -10 0.00186864
Car -1 -1 -10 170.578 789.902 852.813 1200.000 -1 -1 -1 -1000 -1000 -1000 -10 0.00175611
Car -1 -1 -10 54.978 387.895 377.755 1200.000 -1 -1 -1 -1000 -1000 -1000 -10 0.00173141
Car -1 -1 -10 384.093 1049.096 751.068 1197.278 -1 -1 -1 -1000 -1000 -1000 -10 0.00332440
Car -1 -1 -10 0.000 922.684 338.646 1200.000 -1 -1 -1 -1000 -1000 -1000 -10 0.00335868
Car -1 -1 -10 430.286 872.420 740.302 1199.806 -1 -1 -1 -1000 -1000 -1000 -10 0.00299355
Car -1 -1 -10 586.632 1158.742 623.995 1200.000 -1 -1 -1 -1000 -1000 -1000 -10 0.00281572
Car -1 -1 -10 782.309 1083.348 842.573 1200.000 -1 -1 -1 -1000 -1000 -1000 -10 0.00147794
Car -1 -1 -10 818.009 1156.299 854.675 1200.000 -1 -1 -1 -1000 -1000 -1000 -10 0.00145495
Car -1 -1 -10 285.725 819.183 656.881 1199.338 -1 -1 -1 -1000 -1000 -1000 -10 0.00143426
Car -1 -1 -10 319.185 968.199 874.849 1200.000 -1 -1 -1 -1000 -1000 -1000 -10 0.00142293
Car -1 -1 -10 367.137 781.707 561.864 1200.000 -1 -1 -1 -1000 -1000 -1000 -10 0.00141476
Car -1 -1 -10 1.243 925.125 234.260 1200.000 -1 -1 -1 -1000 -1000 -1000 -10 0.00137474
Car -1 -1 -10 1477.612 448.798 1912.910 801.692 -1 -1 -1 -1000 -1000 -1000 -10 0.00137324
Car -1 -1 -10 475.629 763.987 602.792 1199.878 -1 -1 -1 -1000 -1000 -1000 -10 0.00136504
Car -1 -1 -10 786.879 1157.063 826.032 1200.000 -1 -1 -1 -1000 -1000 -1000 -10 0.00133110
Car -1 -1 -10 446.976 1104.346 705.466 1200.000 -1 -1 -1 -1000 -1000 -1000 -10 0.00254659
Car -1 -1 -10 0.000 1020.870 248.435 1200.000 -1 -1 -1 -1000 -1000 -1000 -10 0.00126628
Car -1 -1 -10 834.651 1157.010 873.414 1200.000 -1 -1 -1 -1000 -1000 -1000 -10 0.00125314
Car -1 -1 -10 409.226 839.685 570.679 1200.000 -1 -1 -1 -1000 -1000 -1000 -10 0.00122395
Car -1 -1 -10 163.275 906.769 869.138 1200.000 -1 -1 -1 -1000 -1000 -1000 -10 0.00114703
