Car -1 -1 -10 519.490 21.018 1914.095 1174.232 -1 -1 -1 -1000 -1000 -1000 -10 0.01198276
Car -1 -1 -10 73.053 467.794 1321.299 1184.110 -1 -1 -1 -1000 -1000 -1000 -10 0.00975645
Car -1 -1 -10 1230.220 135.142 1920.000 1200.000 -1 -1 -1 -1000 -1000 -1000 -10 0.00775820
Car -1 -1 -10 1297.937 439.508 1917.876 855.173 -1 -1 -1 -1000 -1000 -1000 -10 0.01425327
Car -1 -1 -10 1502.038 244.672 1835.751 899.340 -1 -1 -1 -1000 -1000 -1000 -10 0.00639760
Car -1 -1 -10 890.813 351.210 1920.000 1060.711 -1 -1 -1 -1000 -1000 -1000 -10 0.00589594
Car -1 -1 -10 1353.810 360.418 1901.205 692.411 -1 -1 -1 -1000 -1000 -1000 -10 0.00533867
Car -1 -1 -10 1404.340 503.806 1822.953 743.090 -1 -1 -1 -1000 -1000 -1000 -10 0.00274684
Car -1 -1 -10 1207.132 440.461 1693.088 714.667 -1 -1 -1 -1000 -1000 -1000 -10 0.00265680
Car -1 -1 -10 1481.515 412.685 1801.912 734.867 -1 -1 -1 -1000 -1000 -1000 -10 0.00240501
Car -1 -1 -10 1371.444 382.167 1752.748 1109.195 -1 -1 -1 -1000 -1000 -1000 -10 0.00233874
Car -1 -1 -10 1544.525 301.784 1892.425 956.386 -1 -1 -1 -1000 -1000 -1000 -10 0.00231730
Car -1 -1 -10 1067.390 362.925 1723.293 743.425 -1 -1 -1 -1000 -1000 -1000 -10 0.00225591
Car -1 -1 -10 1525.672 408.123 1853.439 740.572 -1 -1 -1 -1000 -1000 -1000 -10 0.00207346
Car -1 -1 -10 1359.297 230.158 1920.000 665.673 -1 -1 -1 -1000 -1000 -1000 -10 0.00207249
