Car -1 -1 -10 1148.783 537.856 1387.734 708.464 -1 -1 -1 -1000 -1000 -1000 -10 0.99957910
Car -1 -1 -10 355.542 545.986 535.554 670.482 -1 -1 -1 -1000 -1000 -1000 -10 0.99972990
Car -1 -1 -10 1079.953 550.177 1196.892 651.117 -1 -1 -1 -1000 -1000 -1000 -10 0.99867889
Car -1 -1 -10 867.928 542.189 1019.118 673.366 -1 -1 -1 -1000 -1000 -1000 -10 0.98924652
Car -1 -1 -10 666.797 558.841 766.315 629.508 -1 -1 -1 -1000 -1000 -1000 -10 0.89959095
Car -1 -1 -10 601.010 562.265 681.836 625.533 -1 -1 -1 -1000 -1000 -1000 -10 0.51358561
Car -1 -1 -10 12.553 642.810 682.355 1200.000 -1 -1 -1 -1000 -1000 -1000 -10 0.03411182
Car -1 -1 -10 4.603 571.594 860.776 1185.767 -1 -1 -1 -1000 -1000 -1000 -10 0.02262072
Car -1 -1 -10 1057.745 552.830 1150.490 635.743 -1 -1 -1 -1000 -1000 -1000 -10 0.02547794
Car -1 -1 -10 1154.376 546.672 1287.136 685.128 -1 -1 -1 -1000 -1000 -1000 -10 0.00740491
Car -1 -1 -10 934.821 535.358 1037.562 653.750 -1 -1 -1 -1000 -1000 -1000 -10 0.01056830
Car -1 -1 -10 868.957 530.636 1920.000 1185.856 -1 -1 -1 -1000 -1000 -1000 -10 0.01132789
Car -1 -1 -10 1060.739 544.549 1152.988 622.935 -1 -1 -1 -1000 -1000 -1000 -10 0.00832668
Car -1 -1 -10 0.000 597.890 524.893 1200.000 -1 -1 -1 -1000 -1000 -1000 -10 0.00433747
