Car -1 -1 -10 525.395 488.172 1240.198 1158.225 -1 -1 -1 -1000 -1000 -1000 -10 0.46602660
Car -1 -1 -10 530.680 500.306 1122.647 1065.365 -1 -1 -1 -1000 -1000 -1000 -10 0.18565211
Car -1 -1 -10 461.373 450.987 1510.784 1170.215 -1 -1 -1 -1000 -1000 -1000 -10 0.14278977
Car -1 -1 -10 1751.310 565.692 1920.000 659.343 -1 -1 -1 -1000 -1000 -1000 -10 0.07581999
Car -1 -1 -10 540.635 504.695 1007.887 935.886 -1 -1 -1 -1000 -1000 -1000 -10 0.01192044
Car -1 -1 -10 229.126 626.744 315.625 687.532 -1 -1 -1 -1000 -1000 -1000 -10 0.02155248
Car -1 -1 -10 883.085 466.399 1259.107 1135.559 -1 -1 -1 -1000 -1000 -1000 -10 0.01935782
Car -1 -1 -10 521.478 481.444 889.444 1195.376 -1 -1 -1 -1000 -1000 -1000 -10 0.00856843
Car -1 -1 -10 728.338 487.620 1257.821 924.698 -1 -1 -1 -1000 -1000 -1000 -10 0.00819680
Car -1 -1 -10 432.538 802.284 1075.951 1191.272 -1 -1 -1 -1000 -1000 -1000 -10 0.01260915
Car -1 -1 -10 564.631 274.682 865.036 1190.413 -1 -1 -1 -1000 -1000 -1000 -10 0.01974681
Car -1 -1 -10 718.999 551.575 1272.749 1184.035 -1 -1 -1 -1000 -1000 -1000 -10 0.00588113
