Car -1 -1 -10 1013.396 623.293 1142.902 724.161 -1 -1 -1 -1000 -1000 -1000 -10 0.99937715
Car -1 -1 -10 954.444 605.770 1064.875 702.818 -1 -1 -1 -1000 -1000 -1000 -10 0.97286688
Car -1 -1 -10 538.311 623.261 620.682 681.865 -1 -1 -1 -1000 -1000 -1000 -10 0.95695524
Car -1 -1 -10 0.000 611.283 156.995 725.212 -1 -1 -1 -1000 -1000 -1000 -10 0.68004693
Car -1 -1 -10 894.727 611.488 942.432 655.720 -1 -1 -1 -1000 -1000 -1000 -10 0.03992069
Car -1 -1 -10 937.358 616.980 978.045 679.500 -1 -1 -1 -1000 -1000 -1000 -10 0.01905631
Car -1 -1 -10 0.000 592.008 799.246 1199.334 -1 -1 -1 -1000 -1000 -1000 -10 0.01708335
Car -1 -1 -10 931.220 603.742 1024.274 688.374 -1 -1 -1 -1000 -1000 -1000 -10 0.00397414
Car -1 -1 -10 0.000 792.322 467.661 1198.164 -1 -1 -1 -1000 -1000 -1000 -10 0.00907065
Car -1 -1 -10 310.607 1033.230 746.507 1200.000 -1 -1 -1 -1000 -1000 -1000 -10 0.00517372
Car -1 -1 -10 417.619 831.299 759.634 1192.978 -1 -1 -1 -1000 -1000 -1000 -10 0.00274570
Car -1 -1 -10 0.000 609.309 71.689 726.926 -1 -1 -1 -1000 -1000 -1000 -10 0.00271165
Car -1 -1 -10 443.926 885.133 731.583 1200.000 -1 -1 -1 -1000 -1000 -1000 -10 0.00508082
Car -1 -1 -10 361.513 804.944 721.341 1194.436 -1 -1 -1 -1000 -1000 -1000 -10 0.00244534
Car -1 -1 -10 330.547 985.633 870.895 1200.000 -1 -1 -1 -1000 -1000 -1000 -10 0.00241656
Car -1 -1 -10 1.881 1020.374 291.765 1200.000 -1 -1 -1 -1000 -1000 -1000 -10 0.00231005
Car -1 -1 -10 432.534 1080.896 747.279 1200.000 -1 -1 -1 -1000 -1000 -1000 -10 0.00226279
Car -1 -1 -10 23.300 734.102 238.961 1198.478 -1 -1 -1 -1000 -1000 -1000 -10 0.00221412
Car -1 -1 -10 507.095 1101.751 680.168 1200.000 -1 -1 -1 -1000 -1000 -1000 -10 0.00422716
Car -1 -1 -10 56.097 617.843 211.497 705.811 -1 -1 -1 -1000 -1000 -1000 -10 0.00211304
Car -1 -1 -10 0.000 841.922 242.788 1200.000 -1 -1 -1 -1000 -1000 -1000 -10 0.00209334
