Car -1 -1 -10 738.468 593.856 878.876 674.041 -1 -1 -1 -1000 -1000 -1000 -10 0.58046746
Car -1 -1 -10 0.000 524.622 908.684 1199.233 -1 -1 -1 -1000 -1000 -1000 -10 0.01321736
Car -1 -1 -10 0.000 714.417 599.077 1165.752 -1 -1 -1 -1000 -1000 -1000 -10 0.00331834
Car -1 -1 -10 117.584 150.680 407.059 1185.741 -1 -1 -1 -1000 -1000 -1000 -10 0.00285475
Car -1 -1 -10 730.683 600.680 820.920 665.002 -1 -1 -1 -1000 -1000 -1000 -10 0.00280287
Car -1 -1 -10 211.745 1045.198 644.124 1200.000 -1 -1 -1 -1000 -1000 -1000 -10 0.00476106
Car -1 -1 -10 0.000 800.183 465.067 1200.000 -1 -1 -1 -1000 -1000 -1000 -10 0.00781660
Car -1 -1 -10 523.353 609.947 654.291 1199.263 -1 -1 -1 -1000 -1000 -1000 -10 0.00263276
Car -1 -1 -10 451.199 610.625 581.376 1197.194 -1 -1 -1 -1000 -1000 -1000 -10 0.00255232
Car -1 -1 -10 0.000 885.106 841.550 1200.000 -1 -1 -1 -1000 -1000 -1000 -10 0.00235499
Car -1 -1 -10 80.040 930.715 743.759 1200.000 -1 -1 -1 -1000 -1000 -1000 -10 0.00364494
Car -1 -1 -10 379.126 600.769 510.041 1196.295 -1 -1 -1 -1000 -1000 -1000 -10 0.00233038
Car -1 -1 -10 349.935 576.707 490.773 1199.775 -1 -1 -1 -1000 -1000 -1000 -10 0.00374474
Car -1 -1 -10 112.541 377.318 417.858 1200.000 -1 -1 -1 -1000 -1000 -1000 -10 0.00231122
Car -1 -1 -10 498.527 603.654 628.611 1197.358 -1 -1 -1 -1000 -1000 -1000 -10 0.00225346
Car -1 -1 -10 274.149 898.611 565.839 1200.000 -1 -1 -1 -1000 -1000 -1000 -10 0.00432696
Car -1 -1 -10 257.610 605.003 388.169 1194.839 -1 -1 -1 -1000 -1000 -1000 -10 0.00216366
Car -1 -1 -10 315.679 994.928 843.968 1200.000 -1 -1 -1 -1000 -1000 -1000 -10 0.00387119
Car -1 -1 -10 12.498 697.290 254.648 1200.000 -1 -1 -1 -1000 -1000 -1000 -10 0.00413817
Car -1 -1 -10 176.124 693.070 418.181 1163.650 -1 -1 -1 -1000 -1000 -1000 -10 0.00205863
Car -1 -1 -10 273.917 308.022 565.802 1200.000 -1 -1 -1 -1000 -1000 -1000 -10 0.00377331
Car -1 -1 -10 6.981 1054.404 328.489 1200.000 -1 -1 -1 -1000 -1000 -1000 -10 0.00203950
Car -1 -1 -10 594.841 600.450 724.343 1193.710 -1 -1 -1 -1000 -1000 -1000 -10 0.00401247
Car -1 -1 -10 171.713 704.696 647.403 1200.000 -1 -1 -1 -1000 -1000 -1000 -10 0.00201968
Car -1 -1 -10 427.070 603.286 557.034 1197.036 -1 -1 -1 -1000 -1000 -1000 -10 0.00200256
Car -1 -1 -10 545.063 566.955 675.048 1189.573 -1 -1 -1 -1000 -1000 -1000 -10 0.00193911
Car -1 -1 -10 17.839 989.794 424.760 1200.000 -1 -1 -1 -1000 -1000 -1000 -10 0.00188028
Car -1 -1 -10 801.956 596.943 883.954 662.708 -1 -1 -1 -1000 -1000 -1000 -10 0.00187262
Car -1 -1 -10 304.882 568.380 435.077 1189.026 -1 -1 -1 -1000 -1000 -1000 -10 0.00185255
Car -1 -1 -10 417.411 834.945 762.955 1197.233 -1 -1 -1 -1000 -1000 -1000 -10 0.00367050
Car -1 -1 -10 41.818 325.352 389.046 1200.000 -1 -1 -1 -1000 -1000 -1000 -10 0.00340101
Car -1 -1 -10 356.684 773.381 483.484 1200.000 -1 -1 -1 -1000 -1000 -1000 -10 0.00174933
Car -1 -1 -10 777.923 590.417 866.897 654.349 -1 -1 -1 -1000 -1000 -1000 -10 0.00172520
Car -1 -1 -10 509.125 839.944 667.467 1200.000 -1 -1 -1 -1000 -1000 -1000 -10 0.00165649
Car -1 -1 -10 666.132 601.063 795.290 1192.856 -1 -1 -1 -1000 -1000 -1000 -10 0.00165554
Car -1 -1 -10 87.335 726.600 778.130 1200.000 -1 -1 -1 -1000 -1000 -1000 -10 0.00165257
Car -1 -1 -10 205.600 549.503 346.667 1194.774 -1 -1 -1 -1000 -1000 -1000 -10 0.00299468
Car -1 -1 -10 274.182 545.197 423.689 1200.000 -1 -1 -1 -1000 -1000 -1000 -10 0.00151154
Car -1 -1 -10 187.251 251.515 488.292 1200.000 -1 -1 -1 -1000 -1000 -1000 -10 0.00149679
Car -1 -1 -10 268.979 719.418 527.988 1180.114 -1 -1 -1 -1000 -1000 -1000 -10 0.00149407
Car -1 -1 -10 116.206 584.944 503.301 1178.875 -1 -1 -1 -1000 -1000 -1000 -10 0.00147766
Car -1 -1 -10 103.168 829.363 579.470 1114.894 -1 -1 -1 -1000 -1000 -1000 -10 0.00133174
Car -1 -1 -10 128.892 497.834 281.030 1200.000 -1 -1 -1 -1000 -1000 -1000 -10 0.00131928
Car -1 -1 -10 0.000 940.803 317.928 1200.000 -1 -1 -1 -1000 -1000 -1000 -10 0.00126148
