Car -1 -1 -10 287.896 558.955 459.982 673.133 -1 -1 -1 -1000 -1000 -1000 -10 0.99625249
Car -1 -1 -10 524.307 553.020 608.968 618.462 -1 -1 -1 -1000 -1000 -1000 -10 0.94290118
Car -1 -1 -10 204.589 688.030 451.238 1191.950 -1 -1 -1 -1000 -1000 -1000 -10 0.01126581
Car -1 -1 -10 174.598 767.012 548.666 1190.440 -1 -1 -1 -1000 -1000 -1000 -10 0.01059870
Car -1 -1 -10 346.692 792.717 950.317 1192.855 -1 -1 -1 -1000 -1000 -1000 -10 0.01739818
Car -1 -1 -10 191.874 1078.366 515.647 1200.000 -1 -1 -1 -1000 -1000 -1000 -10 0.01129797
Car -1 -1 -10 102.147 804.775 666.636 1194.605 -1 -1 -1 -1000 -1000 -1000 -10 0.01012996
Car -1 -1 -10 351.846 1060.920 751.332 1200.000 -1 -1 -1 -1000 -1000 -1000 -10 0.00941775
Car -1 -1 -10 430.617 657.725 603.597 1192.174 -1 -1 -1 -1000 -1000 -1000 -10 0.00879107
Car -1 -1 -10 247.820 631.610 444.043 1184.597 -1 -1 -1 -1000 -1000 -1000 -10 0.00861805
Car -1 -1 -10 432.761 1094.122 599.409 1186.862 -1 -1 -1 -1000 -1000 -1000 -10 0.01240622
Car -1 -1 -10 624.759 1088.743 785.405 1190.182 -1 -1 -1 -1000 -1000 -1000 -10 0.00919172
Car -1 -1 -10 116.028 1011.601 604.523 1200.000 -1 -1 -1 -1000 -1000 -1000 -10 0.00810862
Car -1 -1 -10 423.299 711.133 649.462 1193.215 -1 -1 -1 -1000 -1000 -1000 -10 0.00726889
Car -1 -1 -10 334.918 1082.421 671.116 1200.000 -1 -1 -1 -1000 -1000 -1000 -10 0.00421058
Car -1 -1 -10 476.432 711.832 704.949 1194.580 -1 -1 -1 -1000 -1000 -1000 -10 0.00717713
Car -1 -1 -10 506.797 1037.595 868.457 1190.381 -1 -1 -1 -1000 -1000 -1000 -10 0.00413970
Car -1 -1 -10 0.000 838.302 466.748 1193.828 -1 -1 -1 -1000 -1000 -1000 -10 0.00397180
Car -1 -1 -10 493.270 1095.125 658.958 1187.077 -1 -1 -1 -1000 -1000 -1000 -10 0.01014126
Car -1 -1 -10 215.867 919.811 477.107 1198.468 -1 -1 -1 -1000 -1000 -1000 -10 0.00366569
Car -1 -1 -10 353.840 652.699 532.168 1189.372 -1 -1 -1 -1000 -1000 -1000 -10 0.00347767
Car -1 -1 -10 497.858 1057.763 901.072 1200.000 -1 -1 -1 -1000 -1000 -1000 -10 0.00346414
Car -1 -1 -10 230.234 985.491 453.409 1200.000 -1 -1 -1 -1000 -1000 -1000 -10 0.00344966
Car -1 -1 -10 255.876 1018.436 760.422 1200.000 -1 -1 -1 -1000 -1000 -1000 -10 0.00340807
Car -1 -1 -10 260.464 1089.834 426.213 1191.344 -1 -1 -1 -1000 -1000 -1000 -10 0.00671068
Car -1 -1 -10 31.349 765.496 412.548 1199.653 -1 -1 -1 -1000 -1000 -1000 -10 0.00334694
Car -1 -1 -10 382.339 1103.457 641.242 1200.000 -1 -1 -1 -1000 -1000 -1000 -10 0.00328463
Car -1 -1 -10 495.935 1070.182 659.261 1162.726 -1 -1 -1 -1000 -1000 -1000 -10 0.00320956
Car -1 -1 -10 151.180 1022.548 457.341 1200.000 -1 -1 -1 -1000 -1000 -1000 -10 0.00320663
Car -1 -1 -10 600.477 737.062 816.622 1193.291 -1 -1 -1 -1000 -1000 -1000 -10 0.00311260
Car -1 -1 -10 369.646 880.138 657.086 1200.000 -1 -1 -1 -1000 -1000 -1000 -10 0.00306028
Car -1 -1 -10 1.188 855.508 728.454 1200.000 -1 -1 -1 -1000 -1000 -1000 -10 0.00299400
