Car -1 -1 -10 127.366 373.938 1123.169 1140.862 -1 -1 -1 -1000 -1000 -1000 -10 0.11741151
Car -1 -1 -10 10.441 692.813 646.862 1187.247 -1 -1 -1 -1000 -1000 -1000 -10 0.06388936
Car -1 -1 -10 0.000 551.612 838.062 1180.355 -1 -1 -1 -1000 -1000 -1000 -10 0.04482280
Car -1 -1 -10 351.126 320.490 1018.668 1164.714 -1 -1 -1 -1000 -1000 -1000 -10 0.02070044
Car -1 -1 -10 1376.466 659.876 1697.829 812.798 -1 -1 -1 -1000 -1000 -1000 -10 0.01091453
Car -1 -1 -10 402.321 718.637 1043.404 1153.017 -1 -1 -1 -1000 -1000 -1000 -10 0.01975153
Car -1 -1 -10 565.359 358.120 942.874 1021.103 -1 -1 -1 -1000 -1000 -1000 -10 0.00822544
Car -1 -1 -10 1239.843 623.708 1776.378 852.989 -1 -1 -1 -1000 -1000 -1000 -10 0.00344571
Car -1 -1 -10 358.963 493.039 1025.261 1000.605 -1 -1 -1 -1000 -1000 -1000 -10 0.00648022
Car -1 -1 -10 1472.845 666.660 1645.878 759.431 -1 -1 -1 -1000 -1000 -1000 -10 0.00574961
Car -1 -1 -10 470.861 54.400 780.161 1174.238 -1 -1 -1 -1000 -1000 -1000 -10 0.01160567
Car -1 -1 -10 605.833 189.511 883.386 1193.229 -1 -1 -1 -1000 -1000 -1000 -10 0.00282461
Car -1 -1 -10 525.551 592.419 951.773 854.160 -1 -1 -1 -1000 -1000 -1000 -10 0.00529742
Car -1 -1 -10 494.219 801.710 934.722 1051.475 -1 -1 -1 -1000 -1000 -1000 -10 0.00510006
Car -1 -1 -10 290.344 387.955 762.459 907.819 -1 -1 -1 -1000 -1000 -1000 -10 0.00273804
Car -1 -1 -10 512.876 705.004 966.053 951.766 -1 -1 -1 -1000 -1000 -1000 -10 0.00263685
Car -1 -1 -10 553.667 293.177 929.684 1189.120 -1 -1 -1 -1000 -1000 -1000 -10 0.00259861
Car -1 -1 -10 146.864 518.554 421.276 695.811 -1 -1 -1 -1000 -1000 -1000 -10 0.00258756
