Car -1 -1 -10 0.000 775.180 590.843 1200.000 -1 -1 -1 -1000 -1000 -1000 -10 0.00687908
Car -1 -1 -10 0.000 812.963 305.999 1196.975 -1 -1 -1 -1000 -1000 -1000 -10 0.00360479
Car -1 -1 -10 0.000 804.304 461.460 1200.000 -1 -1 -1 -1000 -1000 -1000 -10 0.00343559
Car -1 -1 -10 361.628 472.572 1557.558 1183.977 -1 -1 -1 -1000 -1000 -1000 -10 0.00250221
Car -1 -1 -10 8.160 1034.018 370.033 1200.000 -1 -1 -1 -1000 -1000 -1000 -10 0.00124999
Car -1 -1 -10 46.016 662.666 211.670 1198.268 -1 -1 -1 -1000 -1000 -1000 -10 0.00116288
Car -1 -1 -10 177.973 490.099 1368.403 1186.718 -1 -1 -1 -1000 -1000 -1000 -10 0.00219338
Car -1 -1 -10 116.053 765.578 243.777 1200.000 -1 -1 -1 -1000 -1000 -1000 -10 0.00191902
Car -1 -1 -10 14.881 984.045 428.618 1200.000 -1 -1 -1 -1000 -1000 -1000 -10 0.00107978
Car -1 -1 -10 111.557 829.665 436.137 1200.000 -1 -1 -1 -1000 -1000 -1000 -10 0.00099835
Car -1 -1 -10 68.551 752.172 195.394 1200.000 -1 -1 -1 -1000 -1000 -1000 -10 0.00091548
Car -1 -1 -10 828.467 439.104 1215.946 1133.035 -1 -1 -1 -1000 -1000 -1000 -10 0.00086055
Car -1 -1 -10 211.607 756.527 341.148 1200.000 -1 -1 -1 -1000 -1000 -1000 -10 0.00083545
Car -1 -1 -10 822.481 518.479 1271.684 1033.609 -1 -1 -1 -1000 -1000 -1000 -10 0.00082734
Car -1 -1 -10 1466.693 806.885 1920.000 1199.788 -1 -1 -1 -1000 -1000 -1000 -10 0.00194863
Car -1 -1 -10 0.000 1166.751 24.919 1200.000 -1 -1 -1 -1000 -1000 -1000 -10 0.00078223
Car -1 -1 -10 121.074 677.289 408.845 1200.000 -1 -1 -1 -1000 -1000 -1000 -10 0.00075799
Car -1 -1 -10 1527.634 0.000 1920.000 679.734 -1 -1 -1 -1000 -1000 -1000 -10 0.00121849
Car -1 -1 -10 2.409 881.884 271.836 1198.687 -1 -1 -1 -1000 -1000 -1000 -10 0.00130959
Car -1 -1 -10 889.328 503.505 1196.911 1043.042 -1 -1 -1 -1000 -1000 -1000 -10 0.00064623
Car -1 -1 -10 901.905 591.400 1236.554 950.247 -1 -1 -1 -1000 -1000 -1000 -10 0.00062885
Car -1 -1 -10 625.271 519.288 1177.453 929.595 -1 -1 -1 -1000 -1000 -1000 -10 0.00059466
Car -1 -1 -10 487.823 710.526 1178.505 1155.900 -1 -1 -1 -1000 -1000 -1000 -10 0.00056911
Car -1 -1 -10 21.237 589.118 571.876 1164.316 -1 -1 -1 -1000 -1000 -1000 -10 0.00056540
Car -1 -1 -10 0.000 1040.224 219.118 1200.000 -1 -1 -1 -1000 -1000 -1000 -10 0.00056303
Car -1 -1 -10 1477.189 0.000 1920.000 329.306 -1 -1 -1 -1000 -1000 -1000 -10 0.00054865
Car -1 -1 -10 0.000 1069.528 195.814 1200.000 -1 -1 -1 -1000 -1000 -1000 -10 0.00053151
Car -1 -1 -10 761.758 529.536 1128.853 931.408 -1 -1 -1 -1000 -1000 -1000 -10 0.00046841
Car -1 -1 -10 761.392 127.861 1065.866 1168.057 -1 -1 -1 -1000 -1000 -1000 -10 0.00046510
Car -1 -1 -10 0.000 604.854 390.412 1119.052 -1 -1 -1 -1000 -1000 -1000 -10 0.00045087
Car -1 -1 -10 541.924 596.752 1224.795 1094.814 -1 -1 -1 -1000 -1000 -1000 -10 0.00045037
