Car -1 -1 -10 910.688 589.316 985.099 654.069 -1 -1 -1 -1000 -1000 -1000 -10 0.92469639
Car -1 -1 -10 504.623 586.126 598.595 662.972 -1 -1 -1 -1000 -1000 -1000 -10 0.86695270
Car -1 -1 -10 880.431 585.643 927.287 631.004 -1 -1 -1 -1000 -1000 -1000 -10 0.02373765
Car -1 -1 -10 0.000 519.737 940.074 1195.256 -1 -1 -1 -1000 -1000 -1000 -10 0.01902358
Car -1 -1 -10 0.000 743.124 678.972 1188.231 -1 -1 -1 -1000 -1000 -1000 -10 0.01544206
Car -1 -1 -10 696.060 588.396 738.542 631.833 -1 -1 -1 -1000 -1000 -1000 -10 0.00703938
Car -1 -1 -10 694.620 748.922 1609.429 1192.917 -1 -1 -1 -1000 -1000 -1000 -10 0.01145770
Car -1 -1 -10 206.511 815.850 839.119 1197.213 -1 -1 -1 -1000 -1000 -1000 -10 0.00834209
Car -1 -1 -10 150.802 519.457 1328.824 1193.129 -1 -1 -1 -1000 -1000 -1000 -10 0.00518641
Car -1 -1 -10 4.219 567.149 437.884 1192.059 -1 -1 -1 -1000 -1000 -1000 -10 0.00263149
Car -1 -1 -10 0.000 858.644 398.690 1094.475 -1 -1 -1 -1000 -1000 -1000 -10 0.00256222
Car -1 -1 -10 66.991 193.294 364.686 1191.400 -1 -1 -1 -1000 -1000 -1000 -10 0.00254014
Car -1 -1 -10 0.000 2.362 296.775 374.099 -1 -1 -1 -1000 -1000 -1000 -10 0.00240412
Car -1 -1 -10 0.000 0.000 316.575 213.026 -1 -1 -1 -1000 -1000 -1000 -10 0.00237842
Car -1 -1 -10 371.655 521.615 1543.932 1186.390 -1 -1 -1 -1000 -1000 -1000 -10 0.00235429
Car -1 -1 -10 213.473 783.274 1068.387 1189.912 -1 -1 -1 -1000 -1000 -1000 -10 0.00231763
Car -1 -1 -10 7.312 0.000 373.171 177.738 -1 -1 -1 -1000 -1000 -1000 -10 0.00217048
Car -1 -1 -10 118.285 849.190 608.136 1109.562 -1 -1 -1 -1000 -1000 -1000 -10 0.00417567
Car -1 -1 -10 434.898 594.031 531.638 671.772 -1 -1 -1 -1000 -1000 -1000 -10 0.00209062
Car -1 -1 -10 1458.149 678.528 1920.000 1200.000 -1 -1 -1 -1000 -1000 -1000 -10 0.00388219
Car -1 -1 -10 528.945 803.323 1135.404 1194.931 -1 -1 -1 -1000 -1000 -1000 -10 0.00200101
Car -1 -1 -10 3.791 804.125 424.067 1150.354 -1 -1 -1 -1000 -1000 -1000 -10 0.00197529
Car -1 -1 -10 274.595 860.563 730.630 1097.498 -1 -1 -1 -1000 -1000 -1000 -10 0.00194379
Car -1 -1 -10 0.000 5.070 268.324 149.014 -1 -1 -1 -1000 -1000 -1000 -10 0.00193741
Car -1 -1 -10 115.952 183.694 406.491 1200.000 -1 -1 -1 -1000 -1000 -1000 -10 0.00192399
Car -1 -1 -10 27.037 221.878 314.648 1200.000 -1 -1 -1 -1000 -1000 -1000 -10 0.00189680
Car -1 -1 -10 4.287 0.000 225.318 212.902 -1 -1 -1 -1000 -1000 -1000 -10 0.00183129
Car -1 -1 -10 370.544 739.558 1248.287 1193.988 -1 -1 -1 -1000 -1000 -1000 -10 0.00179226
