Car -1 -1 -10 323.979 597.414 468.009 699.224 -1 -1 -1 -1000 -1000 -1000 -10 0.99811441
Car -1 -1 -10 418.527 616.797 514.435 693.626 -1 -1 -1 -1000 -1000 -1000 -10 0.96107471
Car -1 -1 -10 803.941 597.368 859.154 648.180 -1 -1 -1 -1000 -1000 -1000 -10 0.06455083
Car -1 -1 -10 943.257 605.633 1007.368 658.322 -1 -1 -1 -1000 -1000 -1000 -10 0.02453293
Car -1 -1 -10 926.382 601.013 1008.673 660.275 -1 -1 -1 -1000 -1000 -1000 -10 0.04087943
Car -1 -1 -10 502.539 609.998 583.936 675.210 -1 -1 -1 -1000 -1000 -1000 -10 0.02754875
Car -1 -1 -10 384.032 609.206 487.425 700.371 -1 -1 -1 -1000 -1000 -1000 -10 0.00965687
Car -1 -1 -10 566.152 618.032 615.458 668.622 -1 -1 -1 -1000 -1000 -1000 -10 0.00630291
Car -1 -1 -10 491.230 604.767 590.007 683.207 -1 -1 -1 -1000 -1000 -1000 -10 0.00496985
Car -1 -1 -10 0.000 763.522 463.113 1198.169 -1 -1 -1 -1000 -1000 -1000 -10 0.00792729
Car -1 -1 -10 454.311 818.974 1091.844 1193.193 -1 -1 -1 -1000 -1000 -1000 -10 0.00680001
Car -1 -1 -10 663.934 668.161 849.686 1188.059 -1 -1 -1 -1000 -1000 -1000 -10 0.00193732
Car -1 -1 -10 920.492 605.886 979.407 659.774 -1 -1 -1 -1000 -1000 -1000 -10 0.00348497
Car -1 -1 -10 607.754 988.320 976.834 1192.436 -1 -1 -1 -1000 -1000 -1000 -10 0.00355428
Car -1 -1 -10 705.330 642.636 854.331 1200.000 -1 -1 -1 -1000 -1000 -1000 -10 0.00436324
Car -1 -1 -10 525.676 604.687 621.826 679.250 -1 -1 -1 -1000 -1000 -1000 -10 0.00176090
Car -1 -1 -10 905.145 580.563 1046.727 657.304 -1 -1 -1 -1000 -1000 -1000 -10 0.00172958
Car -1 -1 -10 587.938 656.126 778.636 1186.145 -1 -1 -1 -1000 -1000 -1000 -10 0.00150091
Car -1 -1 -10 433.382 605.388 474.767 667.106 -1 -1 -1 -1000 -1000 -1000 -10 0.00148011
Car -1 -1 -10 19.936 368.278 307.845 1200.000 -1 -1 -1 -1000 -1000 -1000 -10 0.00275290
Car -1 -1 -10 10.934 703.227 250.095 1199.427 -1 -1 -1 -1000 -1000 -1000 -10 0.00141306
Car -1 -1 -10 0.000 822.890 212.963 1195.434 -1 -1 -1 -1000 -1000 -1000 -10 0.00139472
Car -1 -1 -10 65.794 625.232 246.608 1184.365 -1 -1 -1 -1000 -1000 -1000 -10 0.00260047
Car -1 -1 -10 10.367 989.705 436.884 1200.000 -1 -1 -1 -1000 -1000 -1000 -10 0.00265210
Car -1 -1 -10 0.000 1054.956 400.439 1200.000 -1 -1 -1 -1000 -1000 -1000 -10 0.00249921
Car -1 -1 -10 597.773 1028.867 1039.044 1200.000 -1 -1 -1 -1000 -1000 -1000 -10 0.00134078
Car -1 -1 -10 9.008 1104.387 248.567 1200.000 -1 -1 -1 -1000 -1000 -1000 -10 0.00258243
Car -1 -1 -10 638.810 802.809 920.654 1188.916 -1 -1 -1 -1000 -1000 -1000 -10 0.00242682
Car -1 -1 -10 135.861 656.772 321.113 1199.394 -1 -1 -1 -1000 -1000 -1000 -10 0.00126594
Car -1 -1 -10 723.478 663.472 940.804 1183.168 -1 -1 -1 -1000 -1000 -1000 -10 0.00125522
Car -1 -1 -10 579.847 904.730 925.181 1197.418 -1 -1 -1 -1000 -1000 -1000 -10 0.00123871
Car -1 -1 -10 35.449 707.643 182.857 1200.000 -1 -1 -1 -1000 -1000 -1000 -10 0.00105490
