Car -1 -1 -10 777.430 588.214 890.978 676.321 -1 -1 -1 -1000 -1000 -1000 -10 0.99978894
Car -1 -1 -10 343.877 598.093 519.567 673.299 -1 -1 -1 -1000 -1000 -1000 -10 0.11719970
Car -1 -1 -10 0.098 515.636 136.891 688.728 -1 -1 -1 -1000 -1000 -1000 -10 0.00450808
Car -1 -1 -10 445.648 597.432 602.258 673.317 -1 -1 -1 -1000 -1000 -1000 -10 0.00324883
Car -1 -1 -10 0.000 797.138 459.184 1198.150 -1 -1 -1 -1000 -1000 -1000 -10 0.00661845
Car -1 -1 -10 838.760 803.819 1199.641 1198.698 -1 -1 -1 -1000 -1000 -1000 -10 0.00242704
Car -1 -1 -10 763.816 1156.947 802.016 1200.000 -1 -1 -1 -1000 -1000 -1000 -10 0.00285230
Car -1 -1 -10 643.935 790.341 1326.676 1200.000 -1 -1 -1 -1000 -1000 -1000 -10 0.00213114
Car -1 -1 -10 3.331 506.397 1047.888 1191.020 -1 -1 -1 -1000 -1000 -1000 -10 0.00433525
Car -1 -1 -10 527.319 843.612 1366.455 1200.000 -1 -1 -1 -1000 -1000 -1000 -10 0.00106127
Car -1 -1 -10 910.366 829.270 1225.055 1200.000 -1 -1 -1 -1000 -1000 -1000 -10 0.00182457
Car -1 -1 -10 479.704 574.573 643.651 654.605 -1 -1 -1 -1000 -1000 -1000 -10 0.00102359
Car -1 -1 -10 661.931 682.042 898.691 1200.000 -1 -1 -1 -1000 -1000 -1000 -10 0.00100577
Car -1 -1 -10 0.000 808.902 213.836 1195.092 -1 -1 -1 -1000 -1000 -1000 -10 0.00098175
Car -1 -1 -10 639.985 1105.173 889.281 1200.000 -1 -1 -1 -1000 -1000 -1000 -10 0.00097537
Car -1 -1 -10 938.519 823.313 1099.770 1200.000 -1 -1 -1 -1000 -1000 -1000 -10 0.00173506
Car -1 -1 -10 1781.647 563.504 1916.771 733.034 -1 -1 -1 -1000 -1000 -1000 -10 0.00179275
Car -1 -1 -10 1438.922 428.566 1920.000 1012.903 -1 -1 -1 -1000 -1000 -1000 -10 0.00094443
Car -1 -1 -10 403.340 609.076 493.192 671.374 -1 -1 -1 -1000 -1000 -1000 -10 0.00092853
Car -1 -1 -10 1636.504 491.615 1920.000 862.387 -1 -1 -1 -1000 -1000 -1000 -10 0.00183653
Car -1 -1 -10 8.355 1106.583 261.527 1200.000 -1 -1 -1 -1000 -1000 -1000 -10 0.00172945
Car -1 -1 -10 33.126 650.931 208.166 1195.031 -1 -1 -1 -1000 -1000 -1000 -10 0.00173930
Car -1 -1 -10 22.177 720.120 239.012 1200.000 -1 -1 -1 -1000 -1000 -1000 -10 0.00090166
Car -1 -1 -10 1570.377 557.492 1920.000 1200.000 -1 -1 -1 -1000 -1000 -1000 -10 0.00087948
Car -1 -1 -10 906.466 748.457 1036.448 1199.129 -1 -1 -1 -1000 -1000 -1000 -10 0.00085843
Car -1 -1 -10 781.545 668.426 969.010 1194.795 -1 -1 -1 -1000 -1000 -1000 -10 0.00085682
Car -1 -1 -10 890.945 816.175 1053.392 1200.000 -1 -1 -1 -1000 -1000 -1000 -10 0.00085634
Car -1 -1 -10 1003.962 751.111 1132.799 1200.000 -1 -1 -1 -1000 -1000 -1000 -10 0.00085034
Car -1 -1 -10 963.096 1158.748 1000.413 1200.000 -1 -1 -1 -1000 -1000 -1000 -10 0.00084789
Car -1 -1 -10 1427.458 589.925 1920.000 1200.000 -1 -1 -1 -1000 -1000 -1000 -10 0.00084674
Car -1 -1 -10 1599.114 537.864 1920.000 919.037 -1 -1 -1 -1000 -1000 -1000 -10 0.00084658
Car -1 -1 -10 414.455 595.659 574.786 673.922 -1 -1 -1 -1000 -1000 -1000 -10 0.00083758
Car -1 -1 -10 749.855 1129.374 816.685 1200.000 -1 -1 -1 -1000 -1000 -1000 -10 0.00083406
Car -1 -1 -10 683.826 612.481 875.948 1184.993 -1 -1 -1 -1000 -1000 -1000 -10 0.00157810
Car -1 -1 -10 12.644 1000.082 408.152 1200.000 -1 -1 -1 -1000 -1000 -1000 -10 0.00164626
Car -1 -1 -10 566.630 568.484 707.357 1194.835 -1 -1 -1 -1000 -1000 -1000 -10 0.00153062
Car -1 -1 -10 754.452 1088.733 812.588 1200.000 -1 -1 -1 -1000 -1000 -1000 -10 0.00082381
Car -1 -1 -10 641.400 1026.765 963.130 1200.000 -1 -1 -1 -1000 -1000 -1000 -10 0.00082082
Car -1 -1 -10 406.137 627.640 578.549 1189.801 -1 -1 -1 -1000 -1000 -1000 -10 0.00081573
Car -1 -1 -10 0.000 1105.887 48.984 1200.000 -1 -1 -1 -1000 -1000 -1000 -10 0.00081496
Car -1 -1 -10 828.285 1157.325 867.967 1200.000 -1 -1 -1 -1000 -1000 -1000 -10 0.00080444
Car -1 -1 -10 148.550 1087.432 207.314 1200.000 -1 -1 -1 -1000 -1000 -1000 -10 0.00080373
Car -1 -1 -10 547.195 590.272 676.080 1192.678 -1 -1 -1 -1000 -1000 -1000 -10 0.00080253
Car -1 -1 -10 600.981 899.754 1300.442 1200.000 -1 -1 -1 -1000 -1000 -1000 -10 0.00080154
Car -1 -1 -10 1497.075 294.747 1920.000 827.950 -1 -1 -1 -1000 -1000 -1000 -10 0.00079881
Car -1 -1 -10 915.875 1112.815 998.137 1200.000 -1 -1 -1 -1000 -1000 -1000 -10 0.00078943
Car -1 -1 -10 745.876 966.467 1280.742 1200.000 -1 -1 -1 -1000 -1000 -1000 -10 0.00078225
Car -1 -1 -10 135.172 1088.561 193.542 1200.000 -1 -1 -1 -1000 -1000 -1000 -10 0.00077496
Car -1 -1 -10 239.107 635.861 409.568 1188.234 -1 -1 -1 -1000 -1000 -1000 -10 0.00076813
Car -1 -1 -10 1464.776 803.267 1920.000 1200.000 -1 -1 -1 -1000 -1000 -1000 -10 0.00076614
Car -1 -1 -10 0.000 484.181 413.723 1039.057 -1 -1 -1 -1000 -1000 -1000 -10 0.00076419
Car -1 -1 -10 0.000 928.731 218.503 1200.000 -1 -1 -1 -1000 -1000 -1000 -10 0.00075266
Car -1 -1 -10 0.000 465.812 272.940 786.966 -1 -1 -1 -1000 -1000 -1000 -10 0.00075032
Car -1 -1 -10 432.758 769.691 1033.363 1187.415 -1 -1 -1 -1000 -1000 -1000 -10 0.00074870
Car -1 -1 -10 125.151 1108.977 381.323 1200.000 -1 -1 -1 -1000 -1000 -1000 -10 0.00074683
Car -1 -1 -10 1707.327 553.610 1920.000 721.036 -1 -1 -1 -1000 -1000 -1000 -10 0.00074035
Car -1 -1 -10 0.000 1068.752 302.135 1200.000 -1 -1 -1 -1000 -1000 -1000 -10 0.00072677
Car -1 -1 -10 867.069 817.456 1025.967 1200.000 -1 -1 -1 -1000 -1000 -1000 -10 0.00069957
