Car -1 -1 -10 1140.564 601.228 1406.313 787.253 -1 -1 -1 -1000 -1000 -1000 -10 0.99999404
Car -1 -1 -10 328.624 615.198 508.540 740.126 -1 -1 -1 -1000 -1000 -1000 -10 0.99867681
Car -1 -1 -10 554.627 639.226 635.204 696.174 -1 -1 -1 -1000 -1000 -1000 -10 0.07600443
Car -1 -1 -10 227.113 660.916 314.127 753.735 -1 -1 -1 -1000 -1000 -1000 -10 0.02878978
Car -1 -1 -10 930.884 617.843 1010.790 678.354 -1 -1 -1 -1000 -1000 -1000 -10 0.04068023
Car -1 -1 -10 0.000 794.717 458.161 1198.436 -1 -1 -1 -1000 -1000 -1000 -10 0.00924035
Car -1 -1 -10 310.458 621.412 427.234 730.989 -1 -1 -1 -1000 -1000 -1000 -10 0.00625642
Car -1 -1 -10 245.343 665.366 295.899 725.383 -1 -1 -1 -1000 -1000 -1000 -10 0.00239032
Car -1 -1 -10 412.174 616.445 522.444 720.767 -1 -1 -1 -1000 -1000 -1000 -10 0.00396366
Car -1 -1 -10 11.495 679.647 254.011 1200.000 -1 -1 -1 -1000 -1000 -1000 -10 0.00405503
Car -1 -1 -10 1220.564 598.222 1340.002 714.586 -1 -1 -1 -1000 -1000 -1000 -10 0.00179369
Car -1 -1 -10 393.964 1157.679 430.145 1200.000 -1 -1 -1 -1000 -1000 -1000 -10 0.00160576
Car -1 -1 -10 245.930 668.817 288.398 743.906 -1 -1 -1 -1000 -1000 -1000 -10 0.00158260
