Car -1 -1 -10 347.022 526.628 1726.959 1176.378 -1 -1 -1 -1000 -1000 -1000 -10 0.25422135
Car -1 -1 -10 0.000 548.682 936.527 1197.847 -1 -1 -1 -1000 -1000 -1000 -10 0.10977730
Car -1 -1 -10 684.609 570.354 1333.405 928.294 -1 -1 -1 -1000 -1000 -1000 -10 0.05381008
Car -1 -1 -10 0.000 587.010 492.046 1170.774 -1 -1 -1 -1000 -1000 -1000 -10 0.04970613
Car -1 -1 -10 1000.880 522.377 1920.000 1196.901 -1 -1 -1 -1000 -1000 -1000 -10 0.02628221
Car -1 -1 -10 0.000 609.907 310.016 956.215 -1 -1 -1 -1000 -1000 -1000 -10 0.01554236
Car -1 -1 -10 415.984 248.679 1258.467 856.506 -1 -1 -1 -1000 -1000 -1000 -10 0.01236296
Car -1 -1 -10 653.560 654.854 1414.139 1192.988 -1 -1 -1 -1000 -1000 -1000 -10 0.00926099
Car -1 -1 -10 608.932 1045.496 1029.550 1200.000 -1 -1 -1 -1000 -1000 -1000 -10 0.00815346
Car -1 -1 -10 712.116 597.863 1161.824 838.493 -1 -1 -1 -1000 -1000 -1000 -10 0.00442159
Car -1 -1 -10 817.255 1012.184 1188.749 1189.416 -1 -1 -1 -1000 -1000 -1000 -10 0.00437460
Car -1 -1 -10 353.353 734.707 1284.604 1186.812 -1 -1 -1 -1000 -1000 -1000 -10 0.00838857
Car -1 -1 -10 409.830 801.477 1055.047 1191.856 -1 -1 -1 -1000 -1000 -1000 -10 0.00429660
Car -1 -1 -10 65.293 176.784 369.427 1177.400 -1 -1 -1 -1000 -1000 -1000 -10 0.00427991
Car -1 -1 -10 598.266 1015.772 953.536 1188.528 -1 -1 -1 -1000 -1000 -1000 -10 0.00425542
Car -1 -1 -10 852.175 858.053 1182.930 1196.348 -1 -1 -1 -1000 -1000 -1000 -10 0.00400731
Car -1 -1 -10 741.649 585.941 1170.192 791.823 -1 -1 -1 -1000 -1000 -1000 -10 0.00400111
Car -1 -1 -10 1411.735 580.592 1920.000 1198.547 -1 -1 -1 -1000 -1000 -1000 -10 0.00382352
Car -1 -1 -10 665.273 1079.205 990.109 1200.000 -1 -1 -1 -1000 -1000 -1000 -10 0.00378793
Car -1 -1 -10 802.546 832.621 1153.365 1193.108 -1 -1 -1 -1000 -1000 -1000 -10 0.00372779
Car -1 -1 -10 791.719 1031.340 1227.770 1200.000 -1 -1 -1 -1000 -1000 -1000 -10 0.00372126
Car -1 -1 -10 0.000 619.371 208.655 846.520 -1 -1 -1 -1000 -1000 -1000 -10 0.00369622
Car -1 -1 -10 722.506 986.100 1294.322 1200.000 -1 -1 -1 -1000 -1000 -1000 -10 0.00364601
Car -1 -1 -10 836.932 1077.988 1161.301 1200.000 -1 -1 -1 -1000 -1000 -1000 -10 0.00350746
Car -1 -1 -10 2.844 645.987 235.157 831.679 -1 -1 -1 -1000 -1000 -1000 -10 0.00349082
Car -1 -1 -10 0.000 590.656 237.682 1062.086 -1 -1 -1 -1000 -1000 -1000 -10 0.00345467
Car -1 -1 -10 729.625 888.733 1019.341 1200.000 -1 -1 -1 -1000 -1000 -1000 -10 0.00329815
Car -1 -1 -10 505.054 792.825 1195.154 1200.000 -1 -1 -1 -1000 -1000 -1000 -10 0.00327696
