Car -1 -1 -10 0.000 551.357 280.596 712.693 -1 -1 -1 -1000 -1000 -1000 -10 0.93513811
Car -1 -1 -10 294.372 550.981 524.302 670.535 -1 -1 -1 -1000 -1000 -1000 -10 0.10439014
Car -1 -1 -10 0.000 509.513 957.514 1179.212 -1 -1 -1 -1000 -1000 -1000 -10 0.02180209
Car -1 -1 -10 1385.922 589.310 1920.000 946.009 -1 -1 -1 -1000 -1000 -1000 -10 0.01549847
Car -1 -1 -10 387.939 476.096 1523.675 1182.275 -1 -1 -1 -1000 -1000 -1000 -10 0.02635131
Car -1 -1 -10 268.015 537.017 648.774 1188.385 -1 -1 -1 -1000 -1000 -1000 -10 0.00930035
Car -1 -1 -10 972.466 629.543 1315.799 1185.335 -1 -1 -1 -1000 -1000 -1000 -10 0.00890913
Car -1 -1 -10 0.000 535.220 310.241 864.522 -1 -1 -1 -1000 -1000 -1000 -10 0.00771606
Car -1 -1 -10 1442.276 494.675 1914.541 996.777 -1 -1 -1 -1000 -1000 -1000 -10 0.00991974
Car -1 -1 -10 106.026 581.178 273.766 687.951 -1 -1 -1 -1000 -1000 -1000 -10 0.00916192
Car -1 -1 -10 39.445 569.860 178.139 701.623 -1 -1 -1 -1000 -1000 -1000 -10 0.00980868
Car -1 -1 -10 1073.661 619.538 1620.834 1023.572 -1 -1 -1 -1000 -1000 -1000 -10 0.00423159
Car -1 -1 -10 1229.221 546.497 1388.406 627.796 -1 -1 -1 -1000 -1000 -1000 -10 0.00932301
Car -1 -1 -10 233.999 549.208 561.549 750.546 -1 -1 -1 -1000 -1000 -1000 -10 0.00383853
Car -1 -1 -10 716.553 800.461 1392.664 1197.860 -1 -1 -1 -1000 -1000 -1000 -10 0.00668664
Car -1 -1 -10 15.573 553.640 634.549 1189.951 -1 -1 -1 -1000 -1000 -1000 -10 0.00344927
Car -1 -1 -10 386.953 540.609 588.467 686.871 -1 -1 -1 -1000 -1000 -1000 -10 0.00330054
Car -1 -1 -10 93.039 563.568 264.616 664.595 -1 -1 -1 -1000 -1000 -1000 -10 0.00310753
Car -1 -1 -10 145.128 553.508 316.687 715.376 -1 -1 -1 -1000 -1000 -1000 -10 0.00455804
Car -1 -1 -10 70.210 379.755 158.075 931.994 -1 -1 -1 -1000 -1000 -1000 -10 0.00223696
Car -1 -1 -10 81.215 555.342 212.426 674.703 -1 -1 -1 -1000 -1000 -1000 -10 0.00217584
Car -1 -1 -10 1516.632 652.333 1920.000 883.324 -1 -1 -1 -1000 -1000 -1000 -10 0.00206564
Car -1 -1 -10 190.220 555.631 483.333 711.658 -1 -1 -1 -1000 -1000 -1000 -10 0.00201078
Car -1 -1 -10 264.833 561.122 426.658 663.149 -1 -1 -1 -1000 -1000 -1000 -10 0.00197083
