Car -1 -1 -10 939.941 558.590 1032.378 647.491 -1 -1 -1 -1000 -1000 -1000 -10 0.99916713
Car -1 -1 -10 225.061 553.535 347.257 647.706 -1 -1 -1 -1000 -1000 -1000 -10 0.81190322
Car -1 -1 -10 0.000 499.107 1113.330 1193.012 -1 -1 -1 -1000 -1000 -1000 -10 0.01617677
Car -1 -1 -10 0.661 805.031 541.186 1200.000 -1 -1 -1 -1000 -1000 -1000 -10 0.01553406
Car -1 -1 -10 0.000 848.960 305.020 1196.971 -1 -1 -1 -1000 -1000 -1000 -10 0.00772681
Car -1 -1 -10 107.454 787.670 974.223 1192.517 -1 -1 -1 -1000 -1000 -1000 -10 0.00457137
Car -1 -1 -10 0.000 570.442 364.986 1199.731 -1 -1 -1 -1000 -1000 -1000 -10 0.00461724
Car -1 -1 -10 20.136 765.054 241.350 1199.238 -1 -1 -1 -1000 -1000 -1000 -10 0.00229511
Car -1 -1 -10 15.078 980.952 439.997 1200.000 -1 -1 -1 -1000 -1000 -1000 -10 0.00404853
Car -1 -1 -10 19.266 386.302 305.934 1200.000 -1 -1 -1 -1000 -1000 -1000 -10 0.00209167
Car -1 -1 -10 5.146 959.581 343.819 1200.000 -1 -1 -1 -1000 -1000 -1000 -10 0.00193341
Car -1 -1 -10 450.021 582.021 579.652 1197.520 -1 -1 -1 -1000 -1000 -1000 -10 0.00192436
Car -1 -1 -10 89.705 823.282 442.006 1040.552 -1 -1 -1 -1000 -1000 -1000 -10 0.00184891
Car -1 -1 -10 46.554 668.435 209.941 1196.277 -1 -1 -1 -1000 -1000 -1000 -10 0.00339123
Car -1 -1 -10 198.837 835.178 683.039 1109.742 -1 -1 -1 -1000 -1000 -1000 -10 0.00356001
