Car -1 -1 -10 0.000 473.923 1197.933 1196.429 -1 -1 -1 -1000 -1000 -1000 -10 0.07856327
Car -1 -1 -10 0.000 121.147 1648.945 1200.000 -1 -1 -1 -1000 -1000 -1000 -10 0.02187967
Car -1 -1 -10 0.000 125.242 629.237 1200.000 -1 -1 -1 -1000 -1000 -1000 -10 0.01625604
Car -1 -1 -10 0.000 653.724 820.564 1200.000 -1 -1 -1 -1000 -1000 -1000 -10 0.00607980
Car -1 -1 -10 48.618 25.549 389.745 1195.135 -1 -1 -1 -1000 -1000 -1000 -10 0.01096573
Car -1 -1 -10 44.145 487.425 990.202 1033.761 -1 -1 -1 -1000 -1000 -1000 -10 0.01185034
Car -1 -1 -10 0.000 691.378 651.430 1195.040 -1 -1 -1 -1000 -1000 -1000 -10 0.00545137
Car -1 -1 -10 278.657 528.458 1032.678 982.025 -1 -1 -1 -1000 -1000 -1000 -10 0.00984852
Car -1 -1 -10 21.134 38.403 312.504 1191.673 -1 -1 -1 -1000 -1000 -1000 -10 0.00929973
Car -1 -1 -10 111.435 214.632 244.705 971.547 -1 -1 -1 -1000 -1000 -1000 -10 0.00501532
Car -1 -1 -10 3.285 272.554 475.732 823.043 -1 -1 -1 -1000 -1000 -1000 -10 0.00489857
Car -1 -1 -10 29.627 568.024 724.918 952.133 -1 -1 -1 -1000 -1000 -1000 -10 0.00888024
Car -1 -1 -10 547.536 283.206 679.066 1023.353 -1 -1 -1 -1000 -1000 -1000 -10 0.00480495
Car -1 -1 -10 274.762 95.985 576.528 1182.255 -1 -1 -1 -1000 -1000 -1000 -10 0.00770926
Car -1 -1 -10 0.000 370.372 447.841 859.328 -1 -1 -1 -1000 -1000 -1000 -10 0.00418198
Car -1 -1 -10 424.207 504.231 847.265 935.505 -1 -1 -1 -1000 -1000 -1000 -10 0.00417105
Car -1 -1 -10 341.939 471.406 889.220 791.912 -1 -1 -1 -1000 -1000 -1000 -10 0.00414094
Car -1 -1 -10 380.769 91.555 686.010 1175.539 -1 -1 -1 -1000 -1000 -1000 -10 0.00770433
Car -1 -1 -10 140.889 91.687 387.174 1200.000 -1 -1 -1 -1000 -1000 -1000 -10 0.00390770
Car -1 -1 -10 194.693 40.192 486.532 1200.000 -1 -1 -1 -1000 -1000 -1000 -10 0.00388465
Car -1 -1 -10 491.348 67.197 712.362 1175.837 -1 -1 -1 -1000 -1000 -1000 -10 0.00739971
Car -1 -1 -10 567.589 365.236 700.874 1115.938 -1 -1 -1 -1000 -1000 -1000 -10 0.00377513
Car -1 -1 -10 595.255 224.229 726.620 966.471 -1 -1 -1 -1000 -1000 -1000 -10 0.00361946
Car -1 -1 -10 498.779 340.709 631.526 1062.773 -1 -1 -1 -1000 -1000 -1000 -10 0.00361607
Car -1 -1 -10 0.000 603.963 509.266 1200.000 -1 -1 -1 -1000 -1000 -1000 -10 0.00705772
Car -1 -1 -10 158.984 268.986 292.608 1019.830 -1 -1 -1 -1000 -1000 -1000 -10 0.00359751
Car -1 -1 -10 0.000 365.405 740.345 926.254 -1 -1 -1 -1000 -1000 -1000 -10 0.00356248
Car -1 -1 -10 628.384 373.380 788.626 1007.700 -1 -1 -1 -1000 -1000 -1000 -10 0.00349957
Car -1 -1 -10 459.805 251.854 800.190 895.284 -1 -1 -1 -1000 -1000 -1000 -10 0.00347426
Car -1 -1 -10 316.592 587.904 854.768 947.159 -1 -1 -1 -1000 -1000 -1000 -10 0.00347197
Car -1 -1 -10 519.217 424.386 653.847 1169.634 -1 -1 -1 -1000 -1000 -1000 -10 0.00343638
Car -1 -1 -10 0.000 454.963 381.028 702.062 -1 -1 -1 -1000 -1000 -1000 -10 0.00342900
Car -1 -1 -10 286.425 321.946 1310.229 1129.073 -1 -1 -1 -1000 -1000 -1000 -10 0.00340485
Car -1 -1 -10 424.662 332.691 1011.534 705.687 -1 -1 -1 -1000 -1000 -1000 -10 0.00330511
Car -1 -1 -10 183.822 453.137 864.061 852.070 -1 -1 -1 -1000 -1000 -1000 -10 0.00328811
Car -1 -1 -10 535.667 155.049 755.730 1175.190 -1 -1 -1 -1000 -1000 -1000 -10 0.00324578
Car -1 -1 -10 451.889 278.601 582.819 1018.409 -1 -1 -1 -1000 -1000 -1000 -10 0.00314811
Car -1 -1 -10 414.173 285.243 792.719 1017.901 -1 -1 -1 -1000 -1000 -1000 -10 0.00313061
Car -1 -1 -10 9.862 637.901 507.383 1076.695 -1 -1 -1 -1000 -1000 -1000 -10 0.00300854
