Car -1 -1 -10 447.315 653.264 601.038 732.170 -1 -1 -1 -1000 -1000 -1000 -10 0.17760136
Car -1 -1 -10 302.239 630.431 547.517 751.728 -1 -1 -1 -1000 -1000 -1000 -10 0.00353626
Car -1 -1 -10 0.000 522.468 841.199 1195.198 -1 -1 -1 -1000 -1000 -1000 -10 0.00935165
Car -1 -1 -10 365.044 647.396 547.481 731.913 -1 -1 -1 -1000 -1000 -1000 -10 0.00326666
Car -1 -1 -10 0.000 796.219 466.008 1198.464 -1 -1 -1 -1000 -1000 -1000 -10 0.01043670
Car -1 -1 -10 133.717 558.796 617.381 812.704 -1 -1 -1 -1000 -1000 -1000 -10 0.00293115
Car -1 -1 -10 275.803 622.091 582.661 761.894 -1 -1 -1 -1000 -1000 -1000 -10 0.00276484
Car -1 -1 -10 31.286 163.452 1246.926 1200.000 -1 -1 -1 -1000 -1000 -1000 -10 0.00430547
Car -1 -1 -10 523.286 663.539 596.319 727.256 -1 -1 -1 -1000 -1000 -1000 -10 0.00393737
Car -1 -1 -10 332.580 331.783 460.957 1063.253 -1 -1 -1 -1000 -1000 -1000 -10 0.00240876
Car -1 -1 -10 517.602 668.533 601.915 735.970 -1 -1 -1 -1000 -1000 -1000 -10 0.00240246
Car -1 -1 -10 8.680 366.689 569.642 761.477 -1 -1 -1 -1000 -1000 -1000 -10 0.00429705
Car -1 -1 -10 56.256 393.159 376.834 1200.000 -1 -1 -1 -1000 -1000 -1000 -10 0.00204784
Car -1 -1 -10 13.580 455.345 657.848 850.980 -1 -1 -1 -1000 -1000 -1000 -10 0.00201540
Car -1 -1 -10 413.998 502.806 1561.344 1199.689 -1 -1 -1 -1000 -1000 -1000 -10 0.00373419
Car -1 -1 -10 506.167 661.236 590.939 726.634 -1 -1 -1 -1000 -1000 -1000 -10 0.00193549
Car -1 -1 -10 8.474 626.773 575.085 1104.329 -1 -1 -1 -1000 -1000 -1000 -10 0.00460406
Car -1 -1 -10 220.206 241.550 422.917 978.656 -1 -1 -1 -1000 -1000 -1000 -10 0.00181399
Car -1 -1 -10 333.724 621.278 503.582 713.528 -1 -1 -1 -1000 -1000 -1000 -10 0.00176786
Car -1 -1 -10 821.420 563.058 1074.851 1185.030 -1 -1 -1 -1000 -1000 -1000 -10 0.00176615
Car -1 -1 -10 66.182 650.837 239.713 1200.000 -1 -1 -1 -1000 -1000 -1000 -10 0.00169230
Car -1 -1 -10 0.000 496.840 436.933 766.220 -1 -1 -1 -1000 -1000 -1000 -10 0.00163734
Car -1 -1 -10 205.909 53.329 421.016 1180.791 -1 -1 -1 -1000 -1000 -1000 -10 0.00159741
Car -1 -1 -10 333.299 660.515 498.840 760.947 -1 -1 -1 -1000 -1000 -1000 -10 0.00157310
Car -1 -1 -10 471.094 668.303 558.927 739.104 -1 -1 -1 -1000 -1000 -1000 -10 0.00252024
Car -1 -1 -10 778.263 601.541 1104.827 1200.000 -1 -1 -1 -1000 -1000 -1000 -10 0.00139612
Car -1 -1 -10 700.171 790.543 1201.328 1200.000 -1 -1 -1 -1000 -1000 -1000 -10 0.00136100
Car -1 -1 -10 604.199 684.669 1271.002 1177.207 -1 -1 -1 -1000 -1000 -1000 -10 0.00117337
Car -1 -1 -10 646.860 414.195 1112.945 1200.000 -1 -1 -1 -1000 -1000 -1000 -10 0.00116820
Car -1 -1 -10 864.463 665.668 1030.727 1200.000 -1 -1 -1 -1000 -1000 -1000 -10 0.00099007
Car -1 -1 -10 0.000 965.000 211.212 1200.000 -1 -1 -1 -1000 -1000 -1000 -10 0.00094735
