Car -1 -1 -10 971.156 533.893 1920.000 1171.381 -1 -1 -1 -1000 -1000 -1000 -10 0.03942810
Car -1 -1 -10 0.000 579.756 529.194 1200.000 -1 -1 -1 -1000 -1000 -1000 -10 0.01281369
Car -1 -1 -10 0.000 500.635 1015.613 1188.021 -1 -1 -1 -1000 -1000 -1000 -10 0.00656032
Car -1 -1 -10 0.000 558.100 88.379 715.567 -1 -1 -1 -1000 -1000 -1000 -10 0.00350778
Car -1 -1 -10 301.455 512.119 1503.059 1194.210 -1 -1 -1 -1000 -1000 -1000 -10 0.00643336
Car -1 -1 -10 0.248 616.160 61.356 694.379 -1 -1 -1 -1000 -1000 -1000 -10 0.00317796
Car -1 -1 -10 0.000 615.761 126.818 710.413 -1 -1 -1 -1000 -1000 -1000 -10 0.00341404
Car -1 -1 -10 67.711 49.445 361.736 1198.088 -1 -1 -1 -1000 -1000 -1000 -10 0.00334946
Car -1 -1 -10 0.000 787.026 348.428 1200.000 -1 -1 -1 -1000 -1000 -1000 -10 0.00283254
Car -1 -1 -10 295.894 538.160 603.245 688.406 -1 -1 -1 -1000 -1000 -1000 -10 0.00280792
Car -1 -1 -10 1116.277 544.959 1595.243 808.452 -1 -1 -1 -1000 -1000 -1000 -10 0.00147498
Car -1 -1 -10 7.030 544.899 336.848 899.683 -1 -1 -1 -1000 -1000 -1000 -10 0.00146122
Car -1 -1 -10 0.000 557.405 162.887 757.977 -1 -1 -1 -1000 -1000 -1000 -10 0.00255980
Car -1 -1 -10 430.452 538.849 593.279 639.808 -1 -1 -1 -1000 -1000 -1000 -10 0.00134805
Car -1 -1 -10 1142.616 613.767 1809.802 1100.105 -1 -1 -1 -1000 -1000 -1000 -10 0.00119824
Car -1 -1 -10 0.618 577.437 299.639 872.002 -1 -1 -1 -1000 -1000 -1000 -10 0.00117375
Car -1 -1 -10 0.000 559.321 216.434 756.468 -1 -1 -1 -1000 -1000 -1000 -10 0.00102753
Car -1 -1 -10 0.000 584.692 188.527 737.399 -1 -1 -1 -1000 -1000 -1000 -10 0.00097810
Car -1 -1 -10 13.564 592.700 186.499 688.667 -1 -1 -1 -1000 -1000 -1000 -10 0.00096917
Car -1 -1 -10 291.657 519.273 716.610 736.842 -1 -1 -1 -1000 -1000 -1000 -10 0.00096530
Car -1 -1 -10 441.027 163.802 597.933 1073.094 -1 -1 -1 -1000 -1000 -1000 -10 0.00096065
Car -1 -1 -10 1219.182 558.562 1798.647 930.723 -1 -1 -1 -1000 -1000 -1000 -10 0.00094513
Car -1 -1 -10 601.806 546.552 1191.872 901.911 -1 -1 -1 -1000 -1000 -1000 -10 0.00084715
Car -1 -1 -10 18.897 607.606 94.844 680.843 -1 -1 -1 -1000 -1000 -1000 -10 0.00083509
Car -1 -1 -10 202.560 550.589 872.170 958.845 -1 -1 -1 -1000 -1000 -1000 -10 0.00082703
Car -1 -1 -10 360.033 535.599 657.464 694.665 -1 -1 -1 -1000 -1000 -1000 -10 0.00080826
Car -1 -1 -10 30.542 781.201 765.653 1189.856 -1 -1 -1 -1000 -1000 -1000 -10 0.00079051
Car -1 -1 -10 0.000 646.213 328.992 1071.971 -1 -1 -1 -1000 -1000 -1000 -10 0.00152673
Car -1 -1 -10 0.000 634.614 77.364 736.010 -1 -1 -1 -1000 -1000 -1000 -10 0.00148101
Car -1 -1 -10 0.000 383.654 414.573 924.794 -1 -1 -1 -1000 -1000 -1000 -10 0.00072748
