Car -1 -1 -10 286.130 643.754 406.406 727.371 -1 -1 -1 -1000 -1000 -1000 -10 0.97547500
Car -1 -1 -10 902.390 588.094 1309.787 756.817 -1 -1 -1 -1000 -1000 -1000 -10 0.70384479
Car -1 -1 -10 1711.442 527.832 1920.000 712.144 -1 -1 -1 -1000 -1000 -1000 -10 0.05957477
Car -1 -1 -10 78.331 574.643 1339.387 1187.236 -1 -1 -1 -1000 -1000 -1000 -10 0.09460285
Car -1 -1 -10 1544.330 594.500 1764.989 707.937 -1 -1 -1 -1000 -1000 -1000 -10 0.03960341
Car -1 -1 -10 1769.139 544.871 1917.309 693.880 -1 -1 -1 -1000 -1000 -1000 -10 0.03982788
Car -1 -1 -10 6.240 681.741 625.251 1199.898 -1 -1 -1 -1000 -1000 -1000 -10 0.05129516
Car -1 -1 -10 1568.020 592.282 1807.000 716.501 -1 -1 -1 -1000 -1000 -1000 -10 0.01317926
Car -1 -1 -10 1804.385 533.715 1900.520 703.351 -1 -1 -1 -1000 -1000 -1000 -10 0.00681699
Car -1 -1 -10 1138.361 621.476 1444.485 753.546 -1 -1 -1 -1000 -1000 -1000 -10 0.00987995
Car -1 -1 -10 886.335 610.960 1101.918 748.516 -1 -1 -1 -1000 -1000 -1000 -10 0.00935203
Car -1 -1 -10 887.213 598.611 1145.608 729.663 -1 -1 -1 -1000 -1000 -1000 -10 0.00398086
Car -1 -1 -10 1699.108 488.237 1920.000 740.174 -1 -1 -1 -1000 -1000 -1000 -10 0.00378116
