Car -1 -1 -10 748.423 596.672 845.072 680.651 -1 -1 -1 -1000 -1000 -1000 -10 0.99954972
Car -1 -1 -10 0.000 798.968 455.974 1198.368 -1 -1 -1 -1000 -1000 -1000 -10 0.00758853
Car -1 -1 -10 0.000 988.022 278.114 1200.000 -1 -1 -1 -1000 -1000 -1000 -10 0.00528466
Car -1 -1 -10 0.209 926.357 234.166 1200.000 -1 -1 -1 -1000 -1000 -1000 -10 0.00180368
Car -1 -1 -10 0.000 1105.866 90.441 1200.000 -1 -1 -1 -1000 -1000 -1000 -10 0.00174177
Car -1 -1 -10 1803.057 566.788 1919.097 660.740 -1 -1 -1 -1000 -1000 -1000 -10 0.00318275
Car -1 -1 -10 0.000 1103.404 49.439 1200.000 -1 -1 -1 -1000 -1000 -1000 -10 0.00170315
Car -1 -1 -10 1838.751 409.635 1920.000 514.173 -1 -1 -1 -1000 -1000 -1000 -10 0.00318115
Car -1 -1 -10 0.000 1059.245 199.286 1200.000 -1 -1 -1 -1000 -1000 -1000 -10 0.00455148
Car -1 -1 -10 283.786 53.497 947.891 443.252 -1 -1 -1 -1000 -1000 -1000 -10 0.00136427
Car -1 -1 -10 0.000 1107.353 127.916 1200.000 -1 -1 -1 -1000 -1000 -1000 -10 0.00381416
Car -1 -1 -10 497.109 678.824 876.446 1191.213 -1 -1 -1 -1000 -1000 -1000 -10 0.00130736
Car -1 -1 -10 1817.130 551.434 1920.000 678.973 -1 -1 -1 -1000 -1000 -1000 -10 0.00258369
Car -1 -1 -10 1808.164 357.777 1920.000 558.115 -1 -1 -1 -1000 -1000 -1000 -10 0.00126867
Car -1 -1 -10 1647.914 262.946 1920.000 597.798 -1 -1 -1 -1000 -1000 -1000 -10 0.00126740
Car -1 -1 -10 1788.922 328.661 1920.000 588.002 -1 -1 -1 -1000 -1000 -1000 -10 0.00114074
Car -1 -1 -10 44.005 749.865 170.722 1200.000 -1 -1 -1 -1000 -1000 -1000 -10 0.00112799
Car -1 -1 -10 0.000 1027.217 109.477 1192.184 -1 -1 -1 -1000 -1000 -1000 -10 0.00102819
Car -1 -1 -10 0.000 1067.259 66.829 1200.000 -1 -1 -1 -1000 -1000 -1000 -10 0.00189188
Car -1 -1 -10 22.446 725.572 241.125 1195.371 -1 -1 -1 -1000 -1000 -1000 -10 0.00095332
Car -1 -1 -10 605.541 577.209 768.340 1191.810 -1 -1 -1 -1000 -1000 -1000 -10 0.00094309
Car -1 -1 -10 701.687 582.396 861.090 1182.574 -1 -1 -1 -1000 -1000 -1000 -10 0.00092483
Car -1 -1 -10 1468.592 798.778 1920.000 1200.000 -1 -1 -1 -1000 -1000 -1000 -10 0.00085027
Car -1 -1 -10 549.859 341.422 843.438 1200.000 -1 -1 -1 -1000 -1000 -1000 -10 0.00081908
