Car -1 -1 -10 631.851 526.889 690.681 582.164 -1 -1 -1 -1000 -1000 -1000 -10 0.99239790
Car -1 -1 -10 26.644 461.720 435.890 776.683 -1 -1 -1 -1000 -1000 -1000 -10 0.98614353
Car -1 -1 -10 970.122 520.642 1175.502 656.142 -1 -1 -1 -1000 -1000 -1000 -10 0.54670161
Car -1 -1 -10 1043.555 508.070 1300.815 706.791 -1 -1 -1 -1000 -1000 -1000 -10 0.47467835
Car -1 -1 -10 916.541 528.779 1046.096 627.079 -1 -1 -1 -1000 -1000 -1000 -10 0.34052733
Car -1 -1 -10 942.134 533.913 1091.189 638.757 -1 -1 -1 -1000 -1000 -1000 -10 0.32493529
Car -1 -1 -10 848.972 536.362 942.108 611.459 -1 -1 -1 -1000 -1000 -1000 -10 0.39505854
Car -1 -1 -10 903.469 528.901 1013.269 627.282 -1 -1 -1 -1000 -1000 -1000 -10 0.17146242
Car -1 -1 -10 17.798 495.897 498.424 1002.564 -1 -1 -1 -1000 -1000 -1000 -10 0.18940108
Car -1 -1 -10 184.256 471.549 461.544 757.925 -1 -1 -1 -1000 -1000 -1000 -10 0.05258948
