Car -1 -1 -10 0.000 514.937 913.333 1197.862 -1 -1 -1 -1000 -1000 -1000 -10 0.02231098
Car -1 -1 -10 13.849 398.886 534.084 1200.000 -1 -1 -1 -1000 -1000 -1000 -10 0.00362077
Car -1 -1 -10 0.000 703.296 657.978 1171.463 -1 -1 -1 -1000 -1000 -1000 -10 0.00300251
Car -1 -1 -10 0.000 591.018 505.356 1199.541 -1 -1 -1 -1000 -1000 -1000 -10 0.00486028
Car -1 -1 -10 0.000 793.381 445.040 1195.241 -1 -1 -1 -1000 -1000 -1000 -10 0.00247475
Car -1 -1 -10 136.887 585.485 684.952 1134.572 -1 -1 -1 -1000 -1000 -1000 -10 0.00232171
Car -1 -1 -10 107.447 365.820 423.926 1200.000 -1 -1 -1 -1000 -1000 -1000 -10 0.00224462
Car -1 -1 -10 259.749 332.967 563.484 1200.000 -1 -1 -1 -1000 -1000 -1000 -10 0.00198722
Car -1 -1 -10 0.000 546.036 343.942 1200.000 -1 -1 -1 -1000 -1000 -1000 -10 0.00194181
Car -1 -1 -10 132.139 756.487 477.061 1096.393 -1 -1 -1 -1000 -1000 -1000 -10 0.00183975
Car -1 -1 -10 274.714 113.624 579.783 1169.141 -1 -1 -1 -1000 -1000 -1000 -10 0.00175404
Car -1 -1 -10 138.076 245.641 392.802 1200.000 -1 -1 -1 -1000 -1000 -1000 -10 0.00174458
Car -1 -1 -10 194.590 542.183 355.142 1200.000 -1 -1 -1 -1000 -1000 -1000 -10 0.00339568
Car -1 -1 -10 20.405 582.515 149.274 1196.381 -1 -1 -1 -1000 -1000 -1000 -10 0.00283715
Car -1 -1 -10 25.815 208.679 300.134 1200.000 -1 -1 -1 -1000 -1000 -1000 -10 0.00155519
Car -1 -1 -10 225.920 640.869 469.788 1121.996 -1 -1 -1 -1000 -1000 -1000 -10 0.00153932
Car -1 -1 -10 187.235 114.259 489.733 1169.096 -1 -1 -1 -1000 -1000 -1000 -10 0.00289234
Car -1 -1 -10 0.000 725.306 268.623 1161.255 -1 -1 -1 -1000 -1000 -1000 -10 0.00243652
Car -1 -1 -10 80.757 544.177 232.496 1200.000 -1 -1 -1 -1000 -1000 -1000 -10 0.00124233
Car -1 -1 -10 85.836 618.267 648.571 1023.241 -1 -1 -1 -1000 -1000 -1000 -10 0.00120290
Car -1 -1 -10 0.000 446.850 523.755 851.347 -1 -1 -1 -1000 -1000 -1000 -10 0.00119571
Car -1 -1 -10 239.155 533.798 547.275 1134.780 -1 -1 -1 -1000 -1000 -1000 -10 0.00106686
