Car -1 -1 -10 154.595 581.386 332.460 690.836 -1 -1 -1 -1000 -1000 -1000 -10 0.99975324
Car -1 -1 -10 308.960 588.846 451.750 680.544 -1 -1 -1 -1000 -1000 -1000 -10 0.56726597
Car -1 -1 -10 897.664 554.908 1206.257 690.960 -1 -1 -1 -1000 -1000 -1000 -10 0.61244380
Car -1 -1 -10 901.137 586.671 1080.275 686.655 -1 -1 -1 -1000 -1000 -1000 -10 0.02353608
Car -1 -1 -10 711.858 597.827 773.385 646.901 -1 -1 -1 -1000 -1000 -1000 -10 0.01231080
Car -1 -1 -10 366.489 595.604 527.953 677.906 -1 -1 -1 -1000 -1000 -1000 -10 0.01071132
Car -1 -1 -10 0.000 0.000 328.889 198.581 -1 -1 -1 -1000 -1000 -1000 -10 0.00785434
Car -1 -1 -10 29.946 15.001 287.124 472.810 -1 -1 -1 -1000 -1000 -1000 -10 0.00634341
Car -1 -1 -10 534.517 496.118 1809.280 1193.117 -1 -1 -1 -1000 -1000 -1000 -10 0.00572038
Car -1 -1 -10 698.280 595.068 781.915 651.161 -1 -1 -1 -1000 -1000 -1000 -10 0.00288582
Car -1 -1 -10 28.775 0.000 250.249 119.993 -1 -1 -1 -1000 -1000 -1000 -10 0.00720183
Car -1 -1 -10 1018.555 585.248 1204.661 684.234 -1 -1 -1 -1000 -1000 -1000 -10 0.00494365
Car -1 -1 -10 9.709 1.501 258.951 255.339 -1 -1 -1 -1000 -1000 -1000 -10 0.00258135
Car -1 -1 -10 9.540 0.000 223.631 211.987 -1 -1 -1 -1000 -1000 -1000 -10 0.00256541
Car -1 -1 -10 0.388 834.849 444.177 1199.044 -1 -1 -1 -1000 -1000 -1000 -10 0.00966806
Car -1 -1 -10 105.683 650.270 254.435 1200.000 -1 -1 -1 -1000 -1000 -1000 -10 0.00438361
Car -1 -1 -10 0.000 931.397 235.659 1200.000 -1 -1 -1 -1000 -1000 -1000 -10 0.00237462
Car -1 -1 -10 246.303 675.975 459.429 1185.946 -1 -1 -1 -1000 -1000 -1000 -10 0.00235491
Car -1 -1 -10 177.727 649.638 326.995 1200.000 -1 -1 -1 -1000 -1000 -1000 -10 0.00233269
Car -1 -1 -10 64.646 22.103 197.047 411.675 -1 -1 -1 -1000 -1000 -1000 -10 0.00421690
Car -1 -1 -10 479.230 801.961 1106.531 1197.675 -1 -1 -1 -1000 -1000 -1000 -10 0.00406101
Car -1 -1 -10 95.399 3.534 265.098 335.341 -1 -1 -1 -1000 -1000 -1000 -10 0.00212179
Car -1 -1 -10 93.023 8.941 208.467 233.260 -1 -1 -1 -1000 -1000 -1000 -10 0.00203248
Car -1 -1 -10 9.272 0.000 174.134 167.602 -1 -1 -1 -1000 -1000 -1000 -10 0.00202669
Car -1 -1 -10 398.607 596.896 549.029 678.685 -1 -1 -1 -1000 -1000 -1000 -10 0.00400955
Car -1 -1 -10 0.000 0.000 490.272 212.815 -1 -1 -1 -1000 -1000 -1000 -10 0.00199016
Car -1 -1 -10 229.598 585.951 340.361 673.966 -1 -1 -1 -1000 -1000 -1000 -10 0.00197445
Car -1 -1 -10 92.583 0.000 184.584 99.551 -1 -1 -1 -1000 -1000 -1000 -10 0.00194492
Car -1 -1 -10 691.896 668.774 906.512 1188.975 -1 -1 -1 -1000 -1000 -1000 -10 0.00194384
Car -1 -1 -10 0.540 0.000 319.104 120.786 -1 -1 -1 -1000 -1000 -1000 -10 0.00190373
Car -1 -1 -10 0.000 553.951 365.695 1200.000 -1 -1 -1 -1000 -1000 -1000 -10 0.00186738
Car -1 -1 -10 67.915 0.000 160.253 181.030 -1 -1 -1 -1000 -1000 -1000 -10 0.00181528
Car -1 -1 -10 0.000 981.863 293.459 1200.000 -1 -1 -1 -1000 -1000 -1000 -10 0.00178088
Car -1 -1 -10 53.802 625.318 206.557 1200.000 -1 -1 -1 -1000 -1000 -1000 -10 0.00177802
Car -1 -1 -10 55.592 15.642 172.613 330.525 -1 -1 -1 -1000 -1000 -1000 -10 0.00157927
