Car -1 -1 -10 398.488 605.209 497.247 692.926 -1 -1 -1 -1000 -1000 -1000 -10 0.99940541
Car -1 -1 -10 467.756 501.680 1722.816 1198.151 -1 -1 -1 -1000 -1000 -1000 -10 0.00864003
Car -1 -1 -10 212.601 517.731 1460.490 1195.396 -1 -1 -1 -1000 -1000 -1000 -10 0.00823925
Car -1 -1 -10 1776.784 480.004 1920.000 597.510 -1 -1 -1 -1000 -1000 -1000 -10 0.00350228
Car -1 -1 -10 1396.401 588.524 1920.000 969.042 -1 -1 -1 -1000 -1000 -1000 -10 0.00716172
Car -1 -1 -10 1803.351 490.837 1920.000 585.892 -1 -1 -1 -1000 -1000 -1000 -10 0.00291290
Car -1 -1 -10 230.773 1102.589 487.944 1200.000 -1 -1 -1 -1000 -1000 -1000 -10 0.00673269
Car -1 -1 -10 0.000 757.725 469.517 1198.331 -1 -1 -1 -1000 -1000 -1000 -10 0.01038101
Car -1 -1 -10 979.844 611.565 1110.547 1192.542 -1 -1 -1 -1000 -1000 -1000 -10 0.00252324
Car -1 -1 -10 1191.790 532.418 1920.000 1199.344 -1 -1 -1 -1000 -1000 -1000 -10 0.00458761
Car -1 -1 -10 1074.053 612.440 1203.821 1194.296 -1 -1 -1 -1000 -1000 -1000 -10 0.00244591
Car -1 -1 -10 948.292 583.479 1088.944 1196.715 -1 -1 -1 -1000 -1000 -1000 -10 0.00406785
Car -1 -1 -10 1051.204 605.039 1182.763 1193.135 -1 -1 -1 -1000 -1000 -1000 -10 0.00234564
Car -1 -1 -10 1443.986 506.080 1918.103 1002.467 -1 -1 -1 -1000 -1000 -1000 -10 0.00224966
Car -1 -1 -10 197.741 1026.385 655.495 1200.000 -1 -1 -1 -1000 -1000 -1000 -10 0.00613400
Car -1 -1 -10 278.278 827.825 610.202 1195.647 -1 -1 -1 -1000 -1000 -1000 -10 0.00413876
Car -1 -1 -10 933.112 562.021 1063.503 1193.736 -1 -1 -1 -1000 -1000 -1000 -10 0.00219468
Car -1 -1 -10 581.054 798.114 1208.160 1190.012 -1 -1 -1 -1000 -1000 -1000 -10 0.00417258
Car -1 -1 -10 797.935 632.842 1014.271 1176.160 -1 -1 -1 -1000 -1000 -1000 -10 0.00215020
Car -1 -1 -10 854.041 686.337 1143.531 1183.047 -1 -1 -1 -1000 -1000 -1000 -10 0.00207973
Car -1 -1 -10 901.547 558.375 1041.924 1195.662 -1 -1 -1 -1000 -1000 -1000 -10 0.00363904
Car -1 -1 -10 672.406 656.237 1290.238 1071.305 -1 -1 -1 -1000 -1000 -1000 -10 0.00204288
Car -1 -1 -10 348.364 1090.745 517.340 1189.575 -1 -1 -1 -1000 -1000 -1000 -10 0.00372647
Car -1 -1 -10 736.262 666.962 923.560 1188.114 -1 -1 -1 -1000 -1000 -1000 -10 0.00201633
Car -1 -1 -10 674.825 664.486 860.976 1190.173 -1 -1 -1 -1000 -1000 -1000 -10 0.00386136
Car -1 -1 -10 303.924 1117.133 386.968 1200.000 -1 -1 -1 -1000 -1000 -1000 -10 0.00379914
Car -1 -1 -10 1468.386 433.200 1920.000 808.027 -1 -1 -1 -1000 -1000 -1000 -10 0.00192786
Car -1 -1 -10 17.417 366.878 311.202 1200.000 -1 -1 -1 -1000 -1000 -1000 -10 0.00191666
Car -1 -1 -10 251.568 1056.971 652.604 1200.000 -1 -1 -1 -1000 -1000 -1000 -10 0.00190010
Car -1 -1 -10 846.442 757.782 1192.869 1085.591 -1 -1 -1 -1000 -1000 -1000 -10 0.00365275
Car -1 -1 -10 1513.004 660.176 1920.000 899.397 -1 -1 -1 -1000 -1000 -1000 -10 0.00184736
Car -1 -1 -10 248.769 884.507 539.184 1200.000 -1 -1 -1 -1000 -1000 -1000 -10 0.00184245
Car -1 -1 -10 5.156 794.211 207.647 1195.912 -1 -1 -1 -1000 -1000 -1000 -10 0.00514237
Car -1 -1 -10 9.963 1049.715 432.526 1200.000 -1 -1 -1 -1000 -1000 -1000 -10 0.00337151
Car -1 -1 -10 413.340 799.653 1057.073 1189.929 -1 -1 -1 -1000 -1000 -1000 -10 0.00179827
Car -1 -1 -10 677.964 712.285 1396.597 1166.845 -1 -1 -1 -1000 -1000 -1000 -10 0.00356010
Car -1 -1 -10 971.579 850.380 1252.049 1020.475 -1 -1 -1 -1000 -1000 -1000 -10 0.00179059
Car -1 -1 -10 765.602 803.692 1204.903 1045.816 -1 -1 -1 -1000 -1000 -1000 -10 0.00173206
Car -1 -1 -10 802.721 596.383 950.037 1200.000 -1 -1 -1 -1000 -1000 -1000 -10 0.00172374
Car -1 -1 -10 1016.067 556.057 1165.863 1200.000 -1 -1 -1 -1000 -1000 -1000 -10 0.00169152
Car -1 -1 -10 312.860 1100.928 567.806 1200.000 -1 -1 -1 -1000 -1000 -1000 -10 0.00169073
Car -1 -1 -10 1737.873 474.386 1920.000 611.057 -1 -1 -1 -1000 -1000 -1000 -10 0.00164623
Car -1 -1 -10 307.568 760.621 435.201 1200.000 -1 -1 -1 -1000 -1000 -1000 -10 0.00156597
Car -1 -1 -10 9.031 1102.305 246.870 1200.000 -1 -1 -1 -1000 -1000 -1000 -10 0.00153166
