Car -1 -1 -10 1347.211 491.718 1787.751 834.662 -1 -1 -1 -1000 -1000 -1000 -10 0.99918507
Car -1 -1 -10 624.289 538.802 806.709 676.700 -1 -1 -1 -1000 -1000 -1000 -10 0.54341304
Car -1 -1 -10 1206.673 567.066 1394.442 707.366 -1 -1 -1 -1000 -1000 -1000 -10 0.48461868
Car -1 -1 -10 1116.180 559.819 1259.671 668.635 -1 -1 -1 -1000 -1000 -1000 -10 0.74118140
Car -1 -1 -10 1272.100 572.869 1463.341 734.232 -1 -1 -1 -1000 -1000 -1000 -10 0.50739688
Car -1 -1 -10 843.913 559.893 893.762 605.735 -1 -1 -1 -1000 -1000 -1000 -10 0.59049998
Car -1 -1 -10 279.340 572.792 366.620 640.228 -1 -1 -1 -1000 -1000 -1000 -10 0.04334496
Car -1 -1 -10 1138.677 569.512 1347.542 690.811 -1 -1 -1 -1000 -1000 -1000 -10 0.02004269
Car -1 -1 -10 1136.727 577.165 1296.502 680.327 -1 -1 -1 -1000 -1000 -1000 -10 0.01875368
Car -1 -1 -10 156.880 573.108 307.402 646.473 -1 -1 -1 -1000 -1000 -1000 -10 0.01412311
