Car -1 -1 -10 1086.508 568.418 1319.105 752.931 -1 -1 -1 -1000 -1000 -1000 -10 0.99937776
Car -1 -1 -10 1023.644 608.082 1168.510 715.182 -1 -1 -1 -1000 -1000 -1000 -10 0.33746360
Car -1 -1 -10 0.000 561.754 1310.094 1192.603 -1 -1 -1 -1000 -1000 -1000 -10 0.04887363
Car -1 -1 -10 204.285 535.815 1605.259 1194.633 -1 -1 -1 -1000 -1000 -1000 -10 0.02540523
Car -1 -1 -10 1045.753 590.927 1239.845 732.445 -1 -1 -1 -1000 -1000 -1000 -10 0.02227257
Car -1 -1 -10 290.037 726.157 1130.338 1184.045 -1 -1 -1 -1000 -1000 -1000 -10 0.01926346
Car -1 -1 -10 529.925 708.373 1075.144 1046.020 -1 -1 -1 -1000 -1000 -1000 -10 0.00415088
Car -1 -1 -10 474.556 729.319 959.524 1024.612 -1 -1 -1 -1000 -1000 -1000 -10 0.00732596
Car -1 -1 -10 683.104 698.091 921.505 1148.029 -1 -1 -1 -1000 -1000 -1000 -10 0.00334504
Car -1 -1 -10 617.359 796.921 1050.517 1051.008 -1 -1 -1 -1000 -1000 -1000 -10 0.00905568
Car -1 -1 -10 716.433 559.662 846.977 1193.541 -1 -1 -1 -1000 -1000 -1000 -10 0.00315877
Car -1 -1 -10 556.301 608.170 860.188 1160.616 -1 -1 -1 -1000 -1000 -1000 -10 0.00304229
Car -1 -1 -10 647.151 794.493 981.993 1020.775 -1 -1 -1 -1000 -1000 -1000 -10 0.00293908
Car -1 -1 -10 1005.302 622.588 1105.961 713.726 -1 -1 -1 -1000 -1000 -1000 -10 0.00275833
Car -1 -1 -10 561.989 474.320 826.993 1200.000 -1 -1 -1 -1000 -1000 -1000 -10 0.00258156
Car -1 -1 -10 3.992 813.099 366.275 1195.675 -1 -1 -1 -1000 -1000 -1000 -10 0.00472596
Car -1 -1 -10 655.910 507.764 806.929 1200.000 -1 -1 -1 -1000 -1000 -1000 -10 0.00253875
Car -1 -1 -10 658.913 667.937 944.487 1177.499 -1 -1 -1 -1000 -1000 -1000 -10 0.00223409
Car -1 -1 -10 727.960 511.957 877.541 1200.000 -1 -1 -1 -1000 -1000 -1000 -10 0.00222349
Car -1 -1 -10 503.769 662.379 1199.821 1066.166 -1 -1 -1 -1000 -1000 -1000 -10 0.00214762
