Car -1 -1 -10 1091.896 549.715 1183.276 624.106 -1 -1 -1 -1000 -1000 -1000 -10 0.99466015
Car -1 -1 -10 0.000 508.943 929.177 1199.975 -1 -1 -1 -1000 -1000 -1000 -10 0.02789996
Car -1 -1 -10 0.681 586.395 518.587 1195.481 -1 -1 -1 -1000 -1000 -1000 -10 0.02165638
Car -1 -1 -10 0.000 516.051 416.962 1196.519 -1 -1 -1 -1000 -1000 -1000 -10 0.00521233
Car -1 -1 -10 1081.092 1090.095 1247.630 1189.347 -1 -1 -1 -1000 -1000 -1000 -10 0.00757782
Car -1 -1 -10 907.191 1058.173 1302.315 1200.000 -1 -1 -1 -1000 -1000 -1000 -10 0.00715241
Car -1 -1 -10 6.987 531.704 257.336 1006.292 -1 -1 -1 -1000 -1000 -1000 -10 0.00366997
Car -1 -1 -10 828.758 1039.527 1191.764 1192.802 -1 -1 -1 -1000 -1000 -1000 -10 0.00831575
Car -1 -1 -10 717.466 791.444 1317.592 1192.713 -1 -1 -1 -1000 -1000 -1000 -10 0.00316282
Car -1 -1 -10 71.564 235.453 390.044 1192.909 -1 -1 -1 -1000 -1000 -1000 -10 0.00279449
Car -1 -1 -10 923.908 1088.136 1087.928 1189.941 -1 -1 -1 -1000 -1000 -1000 -10 0.00261039
Car -1 -1 -10 806.011 946.744 1426.995 1200.000 -1 -1 -1 -1000 -1000 -1000 -10 0.00240399
Car -1 -1 -10 1043.753 1070.771 1214.069 1164.603 -1 -1 -1 -1000 -1000 -1000 -10 0.00417968
Car -1 -1 -10 654.946 1046.299 1079.500 1200.000 -1 -1 -1 -1000 -1000 -1000 -10 0.00445430
Car -1 -1 -10 922.440 709.723 1172.240 1196.071 -1 -1 -1 -1000 -1000 -1000 -10 0.00237258
Car -1 -1 -10 727.468 1100.965 982.529 1200.000 -1 -1 -1 -1000 -1000 -1000 -10 0.00233050
Car -1 -1 -10 948.200 500.263 1296.304 1195.000 -1 -1 -1 -1000 -1000 -1000 -10 0.00214954
Car -1 -1 -10 870.612 642.119 1364.364 1197.446 -1 -1 -1 -1000 -1000 -1000 -10 0.00209485
Car -1 -1 -10 755.359 1055.276 994.889 1195.077 -1 -1 -1 -1000 -1000 -1000 -10 0.00204306
Car -1 -1 -10 869.843 1099.621 1131.438 1200.000 -1 -1 -1 -1000 -1000 -1000 -10 0.00389180
Car -1 -1 -10 711.435 864.908 1015.050 1199.742 -1 -1 -1 -1000 -1000 -1000 -10 0.00382725
Car -1 -1 -10 871.699 881.051 1167.486 1200.000 -1 -1 -1 -1000 -1000 -1000 -10 0.00196461
Car -1 -1 -10 748.996 1067.901 912.600 1165.025 -1 -1 -1 -1000 -1000 -1000 -10 0.00186909
Car -1 -1 -10 936.882 357.325 1225.734 1200.000 -1 -1 -1 -1000 -1000 -1000 -10 0.00186777
Car -1 -1 -10 919.913 1157.970 956.684 1200.000 -1 -1 -1 -1000 -1000 -1000 -10 0.00185944
Car -1 -1 -10 783.773 1067.181 947.480 1165.724 -1 -1 -1 -1000 -1000 -1000 -10 0.00185337
Car -1 -1 -10 1163.353 1080.542 1297.056 1200.000 -1 -1 -1 -1000 -1000 -1000 -10 0.00184062
Car -1 -1 -10 1067.810 750.928 1176.526 1200.000 -1 -1 -1 -1000 -1000 -1000 -10 0.00183747
