Car -1 -1 -10 1003.352 514.148 1920.000 1200.000 -1 -1 -1 -1000 -1000 -1000 -10 0.01148699
Car -1 -1 -10 1419.328 470.750 1920.000 1034.140 -1 -1 -1 -1000 -1000 -1000 -10 0.00381784
Car -1 -1 -10 1328.201 542.031 1920.000 955.636 -1 -1 -1 -1000 -1000 -1000 -10 0.00581175
Car -1 -1 -10 1368.936 450.182 1911.377 860.528 -1 -1 -1 -1000 -1000 -1000 -10 0.00262615
Car -1 -1 -10 524.867 160.325 1912.541 1200.000 -1 -1 -1 -1000 -1000 -1000 -10 0.00419504
Car -1 -1 -10 0.000 798.898 459.061 1199.564 -1 -1 -1 -1000 -1000 -1000 -10 0.00783292
Car -1 -1 -10 1386.591 388.838 1920.000 749.427 -1 -1 -1 -1000 -1000 -1000 -10 0.00642230
Car -1 -1 -10 1384.531 631.986 1865.402 919.143 -1 -1 -1 -1000 -1000 -1000 -10 0.00199901
Car -1 -1 -10 0.527 926.479 234.621 1200.000 -1 -1 -1 -1000 -1000 -1000 -10 0.00173809
Car -1 -1 -10 1562.251 552.305 1920.000 1200.000 -1 -1 -1 -1000 -1000 -1000 -10 0.00155372
Car -1 -1 -10 945.141 367.994 1920.000 1064.825 -1 -1 -1 -1000 -1000 -1000 -10 0.00150953
Car -1 -1 -10 0.000 1006.850 257.586 1200.000 -1 -1 -1 -1000 -1000 -1000 -10 0.00148685
Car -1 -1 -10 1424.156 409.098 1803.354 1101.262 -1 -1 -1 -1000 -1000 -1000 -10 0.00147914
Car -1 -1 -10 1460.343 804.481 1920.000 1200.000 -1 -1 -1 -1000 -1000 -1000 -10 0.00277575
Car -1 -1 -10 1433.222 655.494 1872.785 896.928 -1 -1 -1 -1000 -1000 -1000 -10 0.00137493
Car -1 -1 -10 1547.626 434.103 1914.793 719.675 -1 -1 -1 -1000 -1000 -1000 -10 0.00136797
Car -1 -1 -10 1357.191 230.424 1916.272 685.151 -1 -1 -1 -1000 -1000 -1000 -10 0.00132978
Car -1 -1 -10 1508.184 608.833 1916.880 950.309 -1 -1 -1 -1000 -1000 -1000 -10 0.00132281
