Car -1 -1 -10 1188.115 484.844 1920.000 1200.000 -1 -1 -1 -1000 -1000 -1000 -10 0.00499722
Car -1 -1 -10 1338.418 389.502 1911.413 1106.881 -1 -1 -1 -1000 -1000 -1000 -10 0.00471027
Car -1 -1 -10 0.000 794.722 465.408 1197.432 -1 -1 -1 -1000 -1000 -1000 -10 0.01310893
Car -1 -1 -10 1499.318 438.366 1920.000 880.237 -1 -1 -1 -1000 -1000 -1000 -10 0.00394688
Car -1 -1 -10 1438.616 391.935 1920.000 908.357 -1 -1 -1 -1000 -1000 -1000 -10 0.00375594
Car -1 -1 -10 1240.964 186.751 1920.000 1200.000 -1 -1 -1 -1000 -1000 -1000 -10 0.00707963
Car -1 -1 -10 1509.715 368.404 1920.000 590.479 -1 -1 -1 -1000 -1000 -1000 -10 0.00549380
Car -1 -1 -10 1493.475 745.582 1920.000 1015.269 -1 -1 -1 -1000 -1000 -1000 -10 0.00277108
Car -1 -1 -10 1518.589 554.213 1890.108 889.930 -1 -1 -1 -1000 -1000 -1000 -10 0.00410674
Car -1 -1 -10 1343.378 609.057 1916.239 1095.882 -1 -1 -1 -1000 -1000 -1000 -10 0.00239269
Car -1 -1 -10 1436.135 578.791 1920.000 955.634 -1 -1 -1 -1000 -1000 -1000 -10 0.00238839
Car -1 -1 -10 1516.550 491.208 1920.000 746.861 -1 -1 -1 -1000 -1000 -1000 -10 0.00224477
Car -1 -1 -10 1435.878 756.090 1863.939 1000.184 -1 -1 -1 -1000 -1000 -1000 -10 0.00216917
Car -1 -1 -10 1423.030 642.590 1912.368 1061.010 -1 -1 -1 -1000 -1000 -1000 -10 0.00207039
Car -1 -1 -10 1357.962 262.239 1920.000 674.386 -1 -1 -1 -1000 -1000 -1000 -10 0.00205619
Car -1 -1 -10 1344.678 717.468 1920.000 1198.769 -1 -1 -1 -1000 -1000 -1000 -10 0.00182927
Car -1 -1 -10 1615.255 781.325 1911.157 948.940 -1 -1 -1 -1000 -1000 -1000 -10 0.00163253
Car -1 -1 -10 0.000 966.756 209.837 1200.000 -1 -1 -1 -1000 -1000 -1000 -10 0.00157424
Car -1 -1 -10 1504.228 817.102 1920.000 1127.750 -1 -1 -1 -1000 -1000 -1000 -10 0.00154371
