Car -1 -1 -10 0.683 563.167 198.134 711.786 -1 -1 -1 -1000 -1000 -1000 -10 0.99998912
Car -1 -1 -10 442.603 544.718 624.996 667.074 -1 -1 -1 -1000 -1000 -1000 -10 0.99927098
Car -1 -1 -10 381.032 489.262 1623.387 1189.220 -1 -1 -1 -1000 -1000 -1000 -10 0.00835486
Car -1 -1 -10 812.015 792.524 1368.597 1190.173 -1 -1 -1 -1000 -1000 -1000 -10 0.00585750
Car -1 -1 -10 17.036 501.691 1151.612 1181.116 -1 -1 -1 -1000 -1000 -1000 -10 0.00627058
Car -1 -1 -10 369.974 578.023 451.574 639.404 -1 -1 -1 -1000 -1000 -1000 -10 0.00510365
Car -1 -1 -10 1146.455 1126.929 1212.081 1200.000 -1 -1 -1 -1000 -1000 -1000 -10 0.00225906
Car -1 -1 -10 1001.018 787.881 1824.012 1191.826 -1 -1 -1 -1000 -1000 -1000 -10 0.00379623
Car -1 -1 -10 1167.428 1081.464 1227.255 1200.000 -1 -1 -1 -1000 -1000 -1000 -10 0.00196773
Car -1 -1 -10 1239.607 1083.370 1298.862 1200.000 -1 -1 -1 -1000 -1000 -1000 -10 0.00189413
Car -1 -1 -10 862.727 525.793 1920.000 1187.424 -1 -1 -1 -1000 -1000 -1000 -10 0.00669191
Car -1 -1 -10 1138.701 1118.317 1218.399 1200.000 -1 -1 -1 -1000 -1000 -1000 -10 0.00182976
Car -1 -1 -10 945.846 729.996 1193.253 1161.257 -1 -1 -1 -1000 -1000 -1000 -10 0.00179348
Car -1 -1 -10 948.147 1082.695 1257.064 1200.000 -1 -1 -1 -1000 -1000 -1000 -10 0.00319774
Car -1 -1 -10 1201.664 1118.503 1282.140 1200.000 -1 -1 -1 -1000 -1000 -1000 -10 0.00301177
Car -1 -1 -10 727.309 766.158 1324.490 1173.026 -1 -1 -1 -1000 -1000 -1000 -10 0.00168519
Car -1 -1 -10 1160.815 1156.811 1198.510 1200.000 -1 -1 -1 -1000 -1000 -1000 -10 0.00168173
Car -1 -1 -10 1062.827 1101.339 1229.931 1200.000 -1 -1 -1 -1000 -1000 -1000 -10 0.00163788
Car -1 -1 -10 920.964 869.897 1207.554 1200.000 -1 -1 -1 -1000 -1000 -1000 -10 0.00163461
Car -1 -1 -10 1153.545 1142.187 1204.894 1200.000 -1 -1 -1 -1000 -1000 -1000 -10 0.00158059
Car -1 -1 -10 0.000 785.920 450.433 1192.854 -1 -1 -1 -1000 -1000 -1000 -10 0.00307941
Car -1 -1 -10 1227.682 1083.697 1286.530 1200.000 -1 -1 -1 -1000 -1000 -1000 -10 0.00153644
Car -1 -1 -10 1000.355 1108.952 1117.021 1200.000 -1 -1 -1 -1000 -1000 -1000 -10 0.00153391
Car -1 -1 -10 128.987 783.961 966.103 1191.144 -1 -1 -1 -1000 -1000 -1000 -10 0.00151593
Car -1 -1 -10 614.405 794.251 971.259 1197.706 -1 -1 -1 -1000 -1000 -1000 -10 0.00272529
Car -1 -1 -10 944.989 832.945 1490.560 1192.290 -1 -1 -1 -1000 -1000 -1000 -10 0.00149317
Car -1 -1 -10 1067.803 1113.071 1146.666 1200.000 -1 -1 -1 -1000 -1000 -1000 -10 0.00139562
Car -1 -1 -10 856.102 872.981 1137.061 1200.000 -1 -1 -1 -1000 -1000 -1000 -10 0.00139460
Car -1 -1 -10 550.052 778.615 1395.072 1198.280 -1 -1 -1 -1000 -1000 -1000 -10 0.00137976
Car -1 -1 -10 0.000 517.870 904.380 1198.210 -1 -1 -1 -1000 -1000 -1000 -10 0.00263706
Car -1 -1 -10 575.380 1033.692 1011.423 1200.000 -1 -1 -1 -1000 -1000 -1000 -10 0.00136764
Car -1 -1 -10 812.455 1035.376 1239.363 1200.000 -1 -1 -1 -1000 -1000 -1000 -10 0.00136714
Car -1 -1 -10 1021.429 1101.980 1194.171 1200.000 -1 -1 -1 -1000 -1000 -1000 -10 0.00136495
Car -1 -1 -10 760.129 178.350 1060.826 1187.484 -1 -1 -1 -1000 -1000 -1000 -10 0.00261291
Car -1 -1 -10 1097.167 1103.709 1264.703 1200.000 -1 -1 -1 -1000 -1000 -1000 -10 0.00134238
Car -1 -1 -10 819.769 816.131 1087.627 1000.451 -1 -1 -1 -1000 -1000 -1000 -10 0.00132794
Car -1 -1 -10 0.000 1106.313 90.585 1200.000 -1 -1 -1 -1000 -1000 -1000 -10 0.00132397
Car -1 -1 -10 957.262 754.077 1084.374 1200.000 -1 -1 -1 -1000 -1000 -1000 -10 0.00130120
Car -1 -1 -10 625.172 931.885 1240.448 1200.000 -1 -1 -1 -1000 -1000 -1000 -10 0.00130094
Car -1 -1 -10 949.336 1101.332 1120.261 1200.000 -1 -1 -1 -1000 -1000 -1000 -10 0.00128403
Car -1 -1 -10 804.453 516.824 1166.061 1200.000 -1 -1 -1 -1000 -1000 -1000 -10 0.00122766
Car -1 -1 -10 820.899 828.937 979.978 1200.000 -1 -1 -1 -1000 -1000 -1000 -10 0.00122603
