Car -1 -1 -10 353.282 582.254 528.462 712.733 -1 -1 -1 -1000 -1000 -1000 -10 0.99803302
Car -1 -1 -10 166.854 613.368 305.315 719.059 -1 -1 -1 -1000 -1000 -1000 -10 0.99132609
Car -1 -1 -10 489.353 591.316 560.865 672.554 -1 -1 -1 -1000 -1000 -1000 -10 0.98797914
Car -1 -1 -10 786.307 584.083 880.177 656.563 -1 -1 -1 -1000 -1000 -1000 -10 0.86330268
Car -1 -1 -10 1560.532 506.402 1722.586 621.038 -1 -1 -1 -1000 -1000 -1000 -10 0.51192797
Car -1 -1 -10 231.660 624.681 332.457 710.478 -1 -1 -1 -1000 -1000 -1000 -10 0.04606099
Car -1 -1 -10 437.112 589.040 546.891 695.319 -1 -1 -1 -1000 -1000 -1000 -10 0.02322310
Car -1 -1 -10 264.379 615.365 352.982 699.035 -1 -1 -1 -1000 -1000 -1000 -10 0.01309954
Car -1 -1 -10 275.683 616.630 374.937 696.120 -1 -1 -1 -1000 -1000 -1000 -10 0.00447332
Car -1 -1 -10 544.148 583.303 619.644 653.783 -1 -1 -1 -1000 -1000 -1000 -10 0.00379808
Car -1 -1 -10 312.937 604.551 404.479 686.341 -1 -1 -1 -1000 -1000 -1000 -10 0.00654766
Car -1 -1 -10 533.963 578.093 628.668 659.536 -1 -1 -1 -1000 -1000 -1000 -10 0.00344664
Car -1 -1 -10 269.765 638.498 328.739 698.758 -1 -1 -1 -1000 -1000 -1000 -10 0.00287048
Car -1 -1 -10 338.346 593.306 448.091 701.586 -1 -1 -1 -1000 -1000 -1000 -10 0.00683154
Car -1 -1 -10 672.355 590.204 718.813 633.650 -1 -1 -1 -1000 -1000 -1000 -10 0.00224800
Car -1 -1 -10 0.000 796.234 457.921 1197.245 -1 -1 -1 -1000 -1000 -1000 -10 0.00382881
