Car -1 -1 -10 141.375 639.544 304.776 738.692 -1 -1 -1 -1000 -1000 -1000 -10 0.99808228
Car -1 -1 -10 412.342 549.261 737.594 863.061 -1 -1 -1 -1000 -1000 -1000 -10 0.56564043
Car -1 -1 -10 542.272 537.728 1735.317 1189.260 -1 -1 -1 -1000 -1000 -1000 -10 0.02821617
Car -1 -1 -10 79.947 642.165 244.212 733.193 -1 -1 -1 -1000 -1000 -1000 -10 0.00846872
Car -1 -1 -10 483.517 555.507 745.376 733.234 -1 -1 -1 -1000 -1000 -1000 -10 0.00459338
Car -1 -1 -10 119.999 649.425 223.847 737.008 -1 -1 -1 -1000 -1000 -1000 -10 0.00761765
Car -1 -1 -10 216.272 642.349 1085.236 1200.000 -1 -1 -1 -1000 -1000 -1000 -10 0.00392908
Car -1 -1 -10 0.000 783.597 463.726 1192.997 -1 -1 -1 -1000 -1000 -1000 -10 0.00643669
Car -1 -1 -10 487.654 561.826 699.887 713.597 -1 -1 -1 -1000 -1000 -1000 -10 0.00848427
Car -1 -1 -10 345.047 782.499 1042.598 1200.000 -1 -1 -1 -1000 -1000 -1000 -10 0.00597625
Car -1 -1 -10 215.252 639.427 310.105 722.001 -1 -1 -1 -1000 -1000 -1000 -10 0.00547976
Car -1 -1 -10 536.250 573.380 673.370 701.251 -1 -1 -1 -1000 -1000 -1000 -10 0.00308374
Car -1 -1 -10 91.598 544.283 1222.564 1200.000 -1 -1 -1 -1000 -1000 -1000 -10 0.00280936
Car -1 -1 -10 0.832 830.268 299.060 1199.810 -1 -1 -1 -1000 -1000 -1000 -10 0.00496099
Car -1 -1 -10 1396.776 577.219 1920.000 1200.000 -1 -1 -1 -1000 -1000 -1000 -10 0.00238965
Car -1 -1 -10 0.000 1083.365 304.566 1200.000 -1 -1 -1 -1000 -1000 -1000 -10 0.00238498
Car -1 -1 -10 1629.396 4.616 1920.000 379.357 -1 -1 -1 -1000 -1000 -1000 -10 0.00237525
Car -1 -1 -10 384.602 810.842 810.256 1046.578 -1 -1 -1 -1000 -1000 -1000 -10 0.00454710
Car -1 -1 -10 155.502 471.868 274.576 888.938 -1 -1 -1 -1000 -1000 -1000 -10 0.00443642
Car -1 -1 -10 1037.035 217.631 1210.301 1165.613 -1 -1 -1 -1000 -1000 -1000 -10 0.00217545
Car -1 -1 -10 1454.046 0.000 1920.000 530.534 -1 -1 -1 -1000 -1000 -1000 -10 0.00211878
Car -1 -1 -10 1584.273 8.007 1920.000 464.292 -1 -1 -1 -1000 -1000 -1000 -10 0.00211248
Car -1 -1 -10 549.745 805.556 916.737 1195.216 -1 -1 -1 -1000 -1000 -1000 -10 0.00208807
Car -1 -1 -10 411.613 781.788 1255.076 1186.218 -1 -1 -1 -1000 -1000 -1000 -10 0.00206475
Car -1 -1 -10 18.319 1102.307 270.085 1200.000 -1 -1 -1 -1000 -1000 -1000 -10 0.00205769
Car -1 -1 -10 1563.248 557.867 1920.000 1200.000 -1 -1 -1 -1000 -1000 -1000 -10 0.00202554
Car -1 -1 -10 406.634 589.350 787.618 1163.901 -1 -1 -1 -1000 -1000 -1000 -10 0.00194492
Car -1 -1 -10 884.897 777.933 1726.937 1186.646 -1 -1 -1 -1000 -1000 -1000 -10 0.00193767
