Car -1 -1 -10 1120.858 556.399 1240.361 653.890 -1 -1 -1 -1000 -1000 -1000 -10 0.99993464
Car -1 -1 -10 702.789 788.575 1375.107 1198.627 -1 -1 -1 -1000 -1000 -1000 -10 0.02090651
Car -1 -1 -10 851.237 1067.863 1201.460 1199.801 -1 -1 -1 -1000 -1000 -1000 -10 0.02055732
Car -1 -1 -10 0.000 765.849 629.412 1200.000 -1 -1 -1 -1000 -1000 -1000 -10 0.01004751
Car -1 -1 -10 926.536 1087.180 1087.876 1188.466 -1 -1 -1 -1000 -1000 -1000 -10 0.01283005
Car -1 -1 -10 874.960 854.272 1198.821 1195.816 -1 -1 -1 -1000 -1000 -1000 -10 0.01210671
Car -1 -1 -10 748.455 989.449 1311.896 1200.000 -1 -1 -1 -1000 -1000 -1000 -10 0.00987694
Car -1 -1 -10 0.000 661.188 491.660 1199.603 -1 -1 -1 -1000 -1000 -1000 -10 0.00683408
Car -1 -1 -10 971.107 1057.227 1362.522 1200.000 -1 -1 -1 -1000 -1000 -1000 -10 0.00633498
Car -1 -1 -10 1050.990 1069.302 1213.550 1164.046 -1 -1 -1 -1000 -1000 -1000 -10 0.00643670
Car -1 -1 -10 962.955 806.488 1552.770 1195.304 -1 -1 -1 -1000 -1000 -1000 -10 0.00643051
Car -1 -1 -10 931.041 1099.143 1185.998 1200.000 -1 -1 -1 -1000 -1000 -1000 -10 0.00327671
Car -1 -1 -10 912.545 744.657 1128.923 1193.715 -1 -1 -1 -1000 -1000 -1000 -10 0.00322322
Car -1 -1 -10 1119.129 1069.188 1275.695 1162.626 -1 -1 -1 -1000 -1000 -1000 -10 0.00314378
Car -1 -1 -10 4.250 795.961 309.952 1195.888 -1 -1 -1 -1000 -1000 -1000 -10 0.00566483
Car -1 -1 -10 961.918 970.127 1256.791 1190.568 -1 -1 -1 -1000 -1000 -1000 -10 0.00299056
Car -1 -1 -10 961.813 1068.744 1126.415 1166.117 -1 -1 -1 -1000 -1000 -1000 -10 0.00294460
Car -1 -1 -10 960.414 705.799 1129.232 1196.695 -1 -1 -1 -1000 -1000 -1000 -10 0.00558588
Car -1 -1 -10 371.423 514.938 1561.110 1192.306 -1 -1 -1 -1000 -1000 -1000 -10 0.00561483
Car -1 -1 -10 942.639 715.182 1095.927 1200.000 -1 -1 -1 -1000 -1000 -1000 -10 0.00280791
Car -1 -1 -10 945.472 1027.888 1128.878 1200.000 -1 -1 -1 -1000 -1000 -1000 -10 0.00270414
Car -1 -1 -10 1096.036 1091.141 1255.348 1189.754 -1 -1 -1 -1000 -1000 -1000 -10 0.00527948
Car -1 -1 -10 994.099 825.916 1336.247 1195.872 -1 -1 -1 -1000 -1000 -1000 -10 0.00249886
