Car -1 -1 -10 959.038 531.180 1121.854 686.197 -1 -1 -1 -1000 -1000 -1000 -10 0.99990104
Car -1 -1 -10 1214.579 581.337 1371.437 688.605 -1 -1 -1 -1000 -1000 -1000 -10 0.99763036
Car -1 -1 -10 788.666 567.253 880.475 651.200 -1 -1 -1 -1000 -1000 -1000 -10 0.88860743
Car -1 -1 -10 1167.775 588.154 1311.233 677.913 -1 -1 -1 -1000 -1000 -1000 -10 0.09283792
Car -1 -1 -10 1150.242 580.791 1252.353 662.266 -1 -1 -1 -1000 -1000 -1000 -10 0.06217452
Car -1 -1 -10 1205.242 581.501 1305.239 669.601 -1 -1 -1 -1000 -1000 -1000 -10 0.00573892
Car -1 -1 -10 1.161 0.000 316.301 368.541 -1 -1 -1 -1000 -1000 -1000 -10 0.00776194
Car -1 -1 -10 0.000 0.000 272.214 197.014 -1 -1 -1 -1000 -1000 -1000 -10 0.00561250
Car -1 -1 -10 0.000 0.000 441.565 321.209 -1 -1 -1 -1000 -1000 -1000 -10 0.00207524
Car -1 -1 -10 0.000 0.000 406.177 684.865 -1 -1 -1 -1000 -1000 -1000 -10 0.00349398
Car -1 -1 -10 0.000 0.000 115.235 131.792 -1 -1 -1 -1000 -1000 -1000 -10 0.00345936
Car -1 -1 -10 1180.591 441.585 1403.129 809.044 -1 -1 -1 -1000 -1000 -1000 -10 0.00178850
Car -1 -1 -10 3.186 8.693 254.999 476.337 -1 -1 -1 -1000 -1000 -1000 -10 0.00177571
Car -1 -1 -10 0.000 795.462 453.928 1198.148 -1 -1 -1 -1000 -1000 -1000 -10 0.00332459
Car -1 -1 -10 11.268 0.000 361.406 176.692 -1 -1 -1 -1000 -1000 -1000 -10 0.00169269
Car -1 -1 -10 373.055 0.000 743.786 215.650 -1 -1 -1 -1000 -1000 -1000 -10 0.00155703
Car -1 -1 -10 29.601 39.926 233.580 591.510 -1 -1 -1 -1000 -1000 -1000 -10 0.00152390
Car -1 -1 -10 1197.135 1085.232 1256.472 1200.000 -1 -1 -1 -1000 -1000 -1000 -10 0.00294912
Car -1 -1 -10 0.000 2.196 222.816 248.893 -1 -1 -1 -1000 -1000 -1000 -10 0.00150594
Car -1 -1 -10 1206.979 1156.820 1245.836 1200.000 -1 -1 -1 -1000 -1000 -1000 -10 0.00147475
Car -1 -1 -10 1206.620 1142.323 1258.128 1200.000 -1 -1 -1 -1000 -1000 -1000 -10 0.00135484
