Car -1 -1 -10 551.514 126.146 1915.222 1200.000 -1 -1 -1 -1000 -1000 -1000 -10 0.00778022
Car -1 -1 -10 1331.678 431.384 1918.423 1064.906 -1 -1 -1 -1000 -1000 -1000 -10 0.00639750
Car -1 -1 -10 991.914 482.432 1920.000 1200.000 -1 -1 -1 -1000 -1000 -1000 -10 0.00857342
Car -1 -1 -10 1343.494 195.927 1890.451 1200.000 -1 -1 -1 -1000 -1000 -1000 -10 0.00676282
Car -1 -1 -10 1531.146 402.959 1920.000 840.425 -1 -1 -1 -1000 -1000 -1000 -10 0.00269889
Car -1 -1 -10 1494.575 532.706 1920.000 823.282 -1 -1 -1 -1000 -1000 -1000 -10 0.00244673
Car -1 -1 -10 1263.100 537.518 1915.213 963.998 -1 -1 -1 -1000 -1000 -1000 -10 0.00435776
Car -1 -1 -10 1563.740 367.985 1868.036 974.841 -1 -1 -1 -1000 -1000 -1000 -10 0.00228039
Car -1 -1 -10 100.414 618.263 279.675 709.247 -1 -1 -1 -1000 -1000 -1000 -10 0.00218518
Car -1 -1 -10 25.512 560.372 322.438 709.471 -1 -1 -1 -1000 -1000 -1000 -10 0.00383567
Car -1 -1 -10 0.000 534.236 342.898 982.092 -1 -1 -1 -1000 -1000 -1000 -10 0.00189540
Car -1 -1 -10 0.000 694.508 100.579 834.056 -1 -1 -1 -1000 -1000 -1000 -10 0.00354979
Car -1 -1 -10 0.000 494.047 407.280 1031.180 -1 -1 -1 -1000 -1000 -1000 -10 0.00173583
Car -1 -1 -10 0.000 578.968 514.240 1189.386 -1 -1 -1 -1000 -1000 -1000 -10 0.00163077
Car -1 -1 -10 0.000 556.632 177.007 713.750 -1 -1 -1 -1000 -1000 -1000 -10 0.00152373
Car -1 -1 -10 0.000 806.618 465.964 1200.000 -1 -1 -1 -1000 -1000 -1000 -10 0.00146477
Car -1 -1 -10 0.000 558.158 265.094 709.762 -1 -1 -1 -1000 -1000 -1000 -10 0.00142092
Car -1 -1 -10 0.000 681.488 152.558 891.282 -1 -1 -1 -1000 -1000 -1000 -10 0.00265064
Car -1 -1 -10 0.000 591.962 101.271 730.849 -1 -1 -1 -1000 -1000 -1000 -10 0.00136806
Car -1 -1 -10 1326.025 317.251 1920.000 768.193 -1 -1 -1 -1000 -1000 -1000 -10 0.00125723
Car -1 -1 -10 1509.790 522.449 1920.000 1200.000 -1 -1 -1 -1000 -1000 -1000 -10 0.00123425
Car -1 -1 -10 1109.479 456.498 1789.073 851.713 -1 -1 -1 -1000 -1000 -1000 -10 0.00119708
