Car -1 -1 -10 156.189 579.481 333.134 689.078 -1 -1 -1 -1000 -1000 -1000 -10 0.99970877
Car -1 -1 -10 312.559 585.022 455.709 680.174 -1 -1 -1 -1000 -1000 -1000 -10 0.95121162
Car -1 -1 -10 970.535 568.696 1134.502 664.938 -1 -1 -1 -1000 -1000 -1000 -10 0.89217314
Car -1 -1 -10 363.566 594.731 517.973 678.868 -1 -1 -1 -1000 -1000 -1000 -10 0.02180136
Car -1 -1 -10 414.244 604.184 498.554 671.406 -1 -1 -1 -1000 -1000 -1000 -10 0.01002162
Car -1 -1 -10 0.000 0.000 328.866 198.844 -1 -1 -1 -1000 -1000 -1000 -10 0.00599521
Car -1 -1 -10 1.691 841.289 451.657 1195.317 -1 -1 -1 -1000 -1000 -1000 -10 0.00740691
Car -1 -1 -10 30.353 15.664 287.864 472.883 -1 -1 -1 -1000 -1000 -1000 -10 0.00489666
Car -1 -1 -10 10.933 1.973 259.726 255.591 -1 -1 -1 -1000 -1000 -1000 -10 0.00271417
Car -1 -1 -10 82.086 655.075 231.165 1200.000 -1 -1 -1 -1000 -1000 -1000 -10 0.00416949
Car -1 -1 -10 2.529 768.802 330.609 1190.881 -1 -1 -1 -1000 -1000 -1000 -10 0.00243146
Car -1 -1 -10 26.850 42.049 232.909 591.377 -1 -1 -1 -1000 -1000 -1000 -10 0.00239857
Car -1 -1 -10 0.000 580.980 496.931 1193.642 -1 -1 -1 -1000 -1000 -1000 -10 0.00234522
Car -1 -1 -10 0.000 934.496 233.948 1200.000 -1 -1 -1 -1000 -1000 -1000 -10 0.00231290
Car -1 -1 -10 511.130 813.550 1151.801 1190.666 -1 -1 -1 -1000 -1000 -1000 -10 0.00420008
Car -1 -1 -10 19.308 0.000 238.785 212.412 -1 -1 -1 -1000 -1000 -1000 -10 0.00226379
Car -1 -1 -10 245.952 676.173 459.320 1184.599 -1 -1 -1 -1000 -1000 -1000 -10 0.00212847
Car -1 -1 -10 0.000 0.000 491.087 214.879 -1 -1 -1 -1000 -1000 -1000 -10 0.00207117
Car -1 -1 -10 104.246 647.772 254.270 1200.000 -1 -1 -1 -1000 -1000 -1000 -10 0.00369879
Car -1 -1 -10 202.067 646.429 351.477 1199.652 -1 -1 -1 -1000 -1000 -1000 -10 0.00196881
Car -1 -1 -10 69.534 2.081 352.517 130.533 -1 -1 -1 -1000 -1000 -1000 -10 0.00357507
Car -1 -1 -10 697.251 593.570 782.004 650.128 -1 -1 -1 -1000 -1000 -1000 -10 0.00194603
Car -1 -1 -10 129.640 13.902 326.192 389.779 -1 -1 -1 -1000 -1000 -1000 -10 0.00191199
Car -1 -1 -10 70.061 2.915 240.666 336.441 -1 -1 -1 -1000 -1000 -1000 -10 0.00189582
Car -1 -1 -10 23.136 890.125 580.361 1193.044 -1 -1 -1 -1000 -1000 -1000 -10 0.00185916
Car -1 -1 -10 20.254 757.032 147.048 1194.698 -1 -1 -1 -1000 -1000 -1000 -10 0.00185483
Car -1 -1 -10 715.329 677.298 930.551 1187.966 -1 -1 -1 -1000 -1000 -1000 -10 0.00184075
Car -1 -1 -10 0.000 984.610 293.181 1200.000 -1 -1 -1 -1000 -1000 -1000 -10 0.00176825
Car -1 -1 -10 66.373 0.000 233.316 162.815 -1 -1 -1 -1000 -1000 -1000 -10 0.00170642
Car -1 -1 -10 43.045 0.000 184.368 146.184 -1 -1 -1 -1000 -1000 -1000 -10 0.00167860
