Car -1 -1 -10 1134.766 566.586 1220.648 623.351 -1 -1 -1 -1000 -1000 -1000 -10 0.00347899
Car -1 -1 -10 1147.229 570.697 1210.907 622.264 -1 -1 -1 -1000 -1000 -1000 -10 0.00304210
Car -1 -1 -10 0.000 795.039 461.322 1199.373 -1 -1 -1 -1000 -1000 -1000 -10 0.00941974
Car -1 -1 -10 0.000 521.029 901.000 1199.426 -1 -1 -1 -1000 -1000 -1000 -10 0.00788281
Car -1 -1 -10 5.639 684.872 269.755 1177.088 -1 -1 -1 -1000 -1000 -1000 -10 0.00516112
Car -1 -1 -10 0.000 412.717 497.504 1185.467 -1 -1 -1 -1000 -1000 -1000 -10 0.00177407
Car -1 -1 -10 1097.166 569.027 1243.812 641.607 -1 -1 -1 -1000 -1000 -1000 -10 0.00164010
Car -1 -1 -10 1101.924 552.101 1258.778 627.299 -1 -1 -1 -1000 -1000 -1000 -10 0.00431359
Car -1 -1 -10 5.342 1073.922 321.434 1200.000 -1 -1 -1 -1000 -1000 -1000 -10 0.00280919
Car -1 -1 -10 39.146 322.562 392.295 1200.000 -1 -1 -1 -1000 -1000 -1000 -10 0.00286656
Car -1 -1 -10 16.434 990.606 422.248 1200.000 -1 -1 -1 -1000 -1000 -1000 -10 0.00146995
Car -1 -1 -10 3.863 618.988 571.515 1094.893 -1 -1 -1 -1000 -1000 -1000 -10 0.00375601
Car -1 -1 -10 112.351 619.586 293.827 1186.690 -1 -1 -1 -1000 -1000 -1000 -10 0.00271933
Car -1 -1 -10 108.317 377.070 421.488 1200.000 -1 -1 -1 -1000 -1000 -1000 -10 0.00137908
Car -1 -1 -10 0.000 938.646 316.744 1200.000 -1 -1 -1 -1000 -1000 -1000 -10 0.00135163
Car -1 -1 -10 39.917 936.661 270.052 1200.000 -1 -1 -1 -1000 -1000 -1000 -10 0.00132510
Car -1 -1 -10 0.000 1021.701 244.161 1200.000 -1 -1 -1 -1000 -1000 -1000 -10 0.00132322
Car -1 -1 -10 81.056 545.385 232.273 1200.000 -1 -1 -1 -1000 -1000 -1000 -10 0.00129771
Car -1 -1 -10 0.000 790.914 257.234 1061.447 -1 -1 -1 -1000 -1000 -1000 -10 0.00126552
Car -1 -1 -10 505.248 1158.818 542.499 1200.000 -1 -1 -1 -1000 -1000 -1000 -10 0.00126408
Car -1 -1 -10 9.142 1107.045 262.045 1200.000 -1 -1 -1 -1000 -1000 -1000 -10 0.00119666
Car -1 -1 -10 1.610 937.354 220.044 1200.000 -1 -1 -1 -1000 -1000 -1000 -10 0.00118663
Car -1 -1 -10 237.925 634.385 409.767 1192.135 -1 -1 -1 -1000 -1000 -1000 -10 0.00114536
Car -1 -1 -10 154.923 544.091 304.010 1200.000 -1 -1 -1 -1000 -1000 -1000 -10 0.00112423
