Car -1 -1 -10 0.000 791.067 459.796 1198.270 -1 -1 -1 -1000 -1000 -1000 -10 0.00797120
Car -1 -1 -10 0.000 515.037 890.687 1198.405 -1 -1 -1 -1000 -1000 -1000 -10 0.00603155
Car -1 -1 -10 39.679 644.761 216.936 1185.868 -1 -1 -1 -1000 -1000 -1000 -10 0.00126610
Car -1 -1 -10 0.000 813.580 212.277 1195.005 -1 -1 -1 -1000 -1000 -1000 -10 0.00234084
Car -1 -1 -10 129.618 586.085 280.581 1199.184 -1 -1 -1 -1000 -1000 -1000 -10 0.00221502
Car -1 -1 -10 0.670 994.150 294.999 1200.000 -1 -1 -1 -1000 -1000 -1000 -10 0.00405934
Car -1 -1 -10 5.178 628.049 573.688 1096.739 -1 -1 -1 -1000 -1000 -1000 -10 0.00405346
Car -1 -1 -10 197.264 604.031 355.795 1197.587 -1 -1 -1 -1000 -1000 -1000 -10 0.00281222
Car -1 -1 -10 1734.566 429.620 1919.118 641.811 -1 -1 -1 -1000 -1000 -1000 -10 0.00105403
Car -1 -1 -10 0.000 1067.020 282.361 1200.000 -1 -1 -1 -1000 -1000 -1000 -10 0.00100916
Car -1 -1 -10 33.582 756.104 222.209 1200.000 -1 -1 -1 -1000 -1000 -1000 -10 0.00098476
Car -1 -1 -10 51.765 282.065 377.824 1195.693 -1 -1 -1 -1000 -1000 -1000 -10 0.00180778
Car -1 -1 -10 104.604 393.155 428.869 1200.000 -1 -1 -1 -1000 -1000 -1000 -10 0.00082205
Car -1 -1 -10 1642.682 406.285 1920.000 641.617 -1 -1 -1 -1000 -1000 -1000 -10 0.00077645
Car -1 -1 -10 245.851 580.585 399.923 1188.341 -1 -1 -1 -1000 -1000 -1000 -10 0.00076128
Car -1 -1 -10 1576.732 370.974 1905.243 675.303 -1 -1 -1 -1000 -1000 -1000 -10 0.00075374
Car -1 -1 -10 76.689 523.950 229.950 1200.000 -1 -1 -1 -1000 -1000 -1000 -10 0.00073516
