Car -1 -1 -10 499.459 553.524 925.704 826.002 -1 -1 -1 -1000 -1000 -1000 -10 0.98827486
Car -1 -1 -10 480.075 602.923 591.547 695.351 -1 -1 -1 -1000 -1000 -1000 -10 0.97898993
Car -1 -1 -10 182.444 615.401 351.494 705.523 -1 -1 -1 -1000 -1000 -1000 -10 0.43404432
Car -1 -1 -10 47.420 619.146 226.497 716.751 -1 -1 -1 -1000 -1000 -1000 -10 0.27231212
Car -1 -1 -10 24.246 609.479 236.441 728.626 -1 -1 -1 -1000 -1000 -1000 -10 0.14482352
Car -1 -1 -10 493.335 582.361 728.854 819.231 -1 -1 -1 -1000 -1000 -1000 -10 0.03179657
Car -1 -1 -10 473.821 588.725 659.423 721.457 -1 -1 -1 -1000 -1000 -1000 -10 0.02589250
Car -1 -1 -10 0.000 599.011 148.568 815.815 -1 -1 -1 -1000 -1000 -1000 -10 0.00812205
Car -1 -1 -10 0.992 608.649 139.926 715.231 -1 -1 -1 -1000 -1000 -1000 -10 0.01291540
Car -1 -1 -10 0.000 594.923 415.637 1149.388 -1 -1 -1 -1000 -1000 -1000 -10 0.01055002
