Car -1 -1 -10 919.169 570.435 1011.459 651.491 -1 -1 -1 -1000 -1000 -1000 -10 0.99945165
Car -1 -1 -10 87.239 584.073 305.827 709.489 -1 -1 -1 -1000 -1000 -1000 -10 0.99854530
Car -1 -1 -10 0.000 515.992 1143.706 1197.618 -1 -1 -1 -1000 -1000 -1000 -10 0.04961625
Car -1 -1 -10 4.318 627.623 706.961 1200.000 -1 -1 -1 -1000 -1000 -1000 -10 0.01489245
Car -1 -1 -10 789.593 1033.030 1231.895 1200.000 -1 -1 -1 -1000 -1000 -1000 -10 0.01194004
Car -1 -1 -10 848.242 850.650 1194.142 1191.339 -1 -1 -1 -1000 -1000 -1000 -10 0.00464324
Car -1 -1 -10 888.205 892.562 1178.283 1200.000 -1 -1 -1 -1000 -1000 -1000 -10 0.00619436
Car -1 -1 -10 780.611 801.770 1443.999 1199.675 -1 -1 -1 -1000 -1000 -1000 -10 0.01034261
Car -1 -1 -10 975.699 1038.104 1419.810 1200.000 -1 -1 -1 -1000 -1000 -1000 -10 0.00614712
Car -1 -1 -10 1297.942 661.247 1920.000 1200.000 -1 -1 -1 -1000 -1000 -1000 -10 0.00597648
Car -1 -1 -10 940.356 1087.419 1107.051 1190.160 -1 -1 -1 -1000 -1000 -1000 -10 0.00339214
Car -1 -1 -10 0.000 564.590 506.231 1192.199 -1 -1 -1 -1000 -1000 -1000 -10 0.00631139
Car -1 -1 -10 555.427 513.992 1721.419 1196.542 -1 -1 -1 -1000 -1000 -1000 -10 0.00587987
Car -1 -1 -10 708.615 822.871 1342.295 1200.000 -1 -1 -1 -1000 -1000 -1000 -10 0.00296627
Car -1 -1 -10 1043.213 1068.382 1212.776 1165.035 -1 -1 -1 -1000 -1000 -1000 -10 0.00280825
Car -1 -1 -10 886.983 1064.485 1166.178 1196.705 -1 -1 -1 -1000 -1000 -1000 -10 0.00506946
Car -1 -1 -10 976.584 684.842 1196.491 1185.635 -1 -1 -1 -1000 -1000 -1000 -10 0.00279716
Car -1 -1 -10 499.214 814.381 1130.375 1192.920 -1 -1 -1 -1000 -1000 -1000 -10 0.00276897
Car -1 -1 -10 861.436 943.256 1496.781 1200.000 -1 -1 -1 -1000 -1000 -1000 -10 0.00267590
Car -1 -1 -10 254.982 686.450 994.395 1185.857 -1 -1 -1 -1000 -1000 -1000 -10 0.00503043
Car -1 -1 -10 945.238 734.187 1095.789 1200.000 -1 -1 -1 -1000 -1000 -1000 -10 0.00260215
Car -1 -1 -10 1005.112 1075.787 1114.740 1187.183 -1 -1 -1 -1000 -1000 -1000 -10 0.00259550
Car -1 -1 -10 995.584 791.101 1184.830 1197.968 -1 -1 -1 -1000 -1000 -1000 -10 0.00258252
Car -1 -1 -10 989.612 1082.681 1312.553 1200.000 -1 -1 -1 -1000 -1000 -1000 -10 0.00257478
Car -1 -1 -10 1023.931 1100.693 1275.872 1200.000 -1 -1 -1 -1000 -1000 -1000 -10 0.00252982
Car -1 -1 -10 915.445 672.878 1445.220 1199.466 -1 -1 -1 -1000 -1000 -1000 -10 0.00251863
Car -1 -1 -10 943.023 525.205 1300.790 1200.000 -1 -1 -1 -1000 -1000 -1000 -10 0.00248381
Car -1 -1 -10 691.020 0.000 1113.237 243.843 -1 -1 -1 -1000 -1000 -1000 -10 0.00240948
Car -1 -1 -10 1130.752 1090.695 1287.123 1189.424 -1 -1 -1 -1000 -1000 -1000 -10 0.00240534
Car -1 -1 -10 1023.546 1088.537 1190.200 1188.783 -1 -1 -1 -1000 -1000 -1000 -10 0.00239999
Car -1 -1 -10 105.499 753.340 991.956 1187.219 -1 -1 -1 -1000 -1000 -1000 -10 0.00238388
Car -1 -1 -10 1446.088 795.023 1920.000 1200.000 -1 -1 -1 -1000 -1000 -1000 -10 0.00237960
Car -1 -1 -10 0.000 543.764 363.172 1200.000 -1 -1 -1 -1000 -1000 -1000 -10 0.00217347
