Car -1 -1 -10 902.650 490.404 1920.000 1200.000 -1 -1 -1 -1000 -1000 -1000 -10 0.00662388
Car -1 -1 -10 1237.531 465.941 1617.122 1189.429 -1 -1 -1 -1000 -1000 -1000 -10 0.00222070
Car -1 -1 -10 1435.014 382.167 1920.000 761.488 -1 -1 -1 -1000 -1000 -1000 -10 0.00204114
Car -1 -1 -10 1511.763 386.045 1917.261 665.146 -1 -1 -1 -1000 -1000 -1000 -10 0.00482792
Car -1 -1 -10 1242.750 702.933 1669.172 948.117 -1 -1 -1 -1000 -1000 -1000 -10 0.00192952
Car -1 -1 -10 1305.817 582.883 1547.228 1051.553 -1 -1 -1 -1000 -1000 -1000 -10 0.00176383
Car -1 -1 -10 1632.250 425.162 1919.271 600.462 -1 -1 -1 -1000 -1000 -1000 -10 0.00171211
Car -1 -1 -10 1433.706 442.225 1920.000 1009.124 -1 -1 -1 -1000 -1000 -1000 -10 0.00292916
Car -1 -1 -10 595.335 497.857 1844.794 1200.000 -1 -1 -1 -1000 -1000 -1000 -10 0.00314735
Car -1 -1 -10 1157.273 594.840 1736.005 996.457 -1 -1 -1 -1000 -1000 -1000 -10 0.00305553
Car -1 -1 -10 933.430 520.783 1531.428 922.985 -1 -1 -1 -1000 -1000 -1000 -10 0.00150218
Car -1 -1 -10 0.000 798.911 462.684 1199.193 -1 -1 -1 -1000 -1000 -1000 -10 0.00549289
Car -1 -1 -10 1272.774 519.887 1582.278 1129.312 -1 -1 -1 -1000 -1000 -1000 -10 0.00145265
Car -1 -1 -10 1544.910 338.644 1906.913 624.832 -1 -1 -1 -1000 -1000 -1000 -10 0.00135722
Car -1 -1 -10 1527.797 618.269 1913.774 932.404 -1 -1 -1 -1000 -1000 -1000 -10 0.00247540
Car -1 -1 -10 1401.918 413.042 1908.439 880.665 -1 -1 -1 -1000 -1000 -1000 -10 0.00126853
Car -1 -1 -10 978.253 337.688 1560.794 699.826 -1 -1 -1 -1000 -1000 -1000 -10 0.00124806
Car -1 -1 -10 1042.238 403.954 1696.235 1105.204 -1 -1 -1 -1000 -1000 -1000 -10 0.00124111
Car -1 -1 -10 1320.370 529.154 1920.000 965.029 -1 -1 -1 -1000 -1000 -1000 -10 0.00123786
Car -1 -1 -10 1331.298 180.590 1920.000 1200.000 -1 -1 -1 -1000 -1000 -1000 -10 0.00121922
Car -1 -1 -10 1071.803 351.558 1441.528 1042.334 -1 -1 -1 -1000 -1000 -1000 -10 0.00118744
Car -1 -1 -10 1649.946 429.022 1890.256 641.811 -1 -1 -1 -1000 -1000 -1000 -10 0.00118738
Car -1 -1 -10 1012.311 474.822 1494.159 968.660 -1 -1 -1 -1000 -1000 -1000 -10 0.00116548
Car -1 -1 -10 1702.327 437.141 1859.930 539.929 -1 -1 -1 -1000 -1000 -1000 -10 0.00115831
Car -1 -1 -10 1016.173 550.129 1441.356 799.776 -1 -1 -1 -1000 -1000 -1000 -10 0.00113257
Car -1 -1 -10 461.800 1109.355 720.061 1200.000 -1 -1 -1 -1000 -1000 -1000 -10 0.00097728
