Car -1 -1 -10 632.954 587.846 880.942 789.930 -1 -1 -1 -1000 -1000 -1000 -10 0.99992388
Car -1 -1 -10 434.281 593.833 555.337 687.194 -1 -1 -1 -1000 -1000 -1000 -10 0.99218914
Car -1 -1 -10 744.426 557.137 909.075 724.764 -1 -1 -1 -1000 -1000 -1000 -10 0.99303164
Car -1 -1 -10 515.973 601.238 590.357 674.075 -1 -1 -1 -1000 -1000 -1000 -10 0.72228247
Car -1 -1 -10 875.611 593.422 944.002 662.498 -1 -1 -1 -1000 -1000 -1000 -10 0.62428375
Car -1 -1 -10 335.644 596.717 430.757 658.356 -1 -1 -1 -1000 -1000 -1000 -10 0.03524513
Car -1 -1 -10 831.655 572.572 970.890 659.996 -1 -1 -1 -1000 -1000 -1000 -10 0.01108290
Car -1 -1 -10 912.873 592.097 986.682 650.896 -1 -1 -1 -1000 -1000 -1000 -10 0.00415346
Car -1 -1 -10 895.141 589.547 967.568 652.716 -1 -1 -1 -1000 -1000 -1000 -10 0.00408600
Car -1 -1 -10 923.022 597.224 985.166 648.458 -1 -1 -1 -1000 -1000 -1000 -10 0.00397978
Car -1 -1 -10 12.077 596.400 173.740 681.327 -1 -1 -1 -1000 -1000 -1000 -10 0.00751728
