Car -1 -1 -10 714.943 568.187 812.727 646.194 -1 -1 -1 -1000 -1000 -1000 -10 0.99980649
Car -1 -1 -10 83.928 576.691 236.518 657.341 -1 -1 -1 -1000 -1000 -1000 -10 0.02714649
Car -1 -1 -10 145.563 584.410 215.858 658.555 -1 -1 -1 -1000 -1000 -1000 -10 0.00494561
Car -1 -1 -10 643.681 1.581 1253.420 300.050 -1 -1 -1 -1000 -1000 -1000 -10 0.00571953
Car -1 -1 -10 135.029 589.445 215.553 666.641 -1 -1 -1 -1000 -1000 -1000 -10 0.00153558
Car -1 -1 -10 1556.729 350.715 1896.465 569.982 -1 -1 -1 -1000 -1000 -1000 -10 0.00242418
Car -1 -1 -10 877.846 810.461 1493.895 1188.238 -1 -1 -1 -1000 -1000 -1000 -10 0.00338768
Car -1 -1 -10 818.713 12.455 1176.367 406.188 -1 -1 -1 -1000 -1000 -1000 -10 0.00244529
Car -1 -1 -10 895.805 45.840 1093.773 722.407 -1 -1 -1 -1000 -1000 -1000 -10 0.00125452
Car -1 -1 -10 1479.029 283.120 1917.821 658.834 -1 -1 -1 -1000 -1000 -1000 -10 0.00321495
Car -1 -1 -10 1633.287 370.476 1808.186 546.492 -1 -1 -1 -1000 -1000 -1000 -10 0.00119533
Car -1 -1 -10 779.626 9.847 1067.250 398.404 -1 -1 -1 -1000 -1000 -1000 -10 0.00229406
Car -1 -1 -10 1064.265 1097.623 1175.120 1200.000 -1 -1 -1 -1000 -1000 -1000 -10 0.00117472
Car -1 -1 -10 110.545 592.390 197.663 666.832 -1 -1 -1 -1000 -1000 -1000 -10 0.00111182
Car -1 -1 -10 1117.216 1122.799 1156.348 1200.000 -1 -1 -1 -1000 -1000 -1000 -10 0.00111167
Car -1 -1 -10 1749.834 360.513 1917.108 538.613 -1 -1 -1 -1000 -1000 -1000 -10 0.00191743
Car -1 -1 -10 1102.900 1113.334 1182.952 1200.000 -1 -1 -1 -1000 -1000 -1000 -10 0.00106939
Car -1 -1 -10 769.021 33.132 1070.495 917.174 -1 -1 -1 -1000 -1000 -1000 -10 0.00284689
Car -1 -1 -10 848.942 50.678 1000.439 588.702 -1 -1 -1 -1000 -1000 -1000 -10 0.00201940
Car -1 -1 -10 918.997 58.366 1070.830 595.218 -1 -1 -1 -1000 -1000 -1000 -10 0.00103966
Car -1 -1 -10 1650.615 491.895 1811.651 586.169 -1 -1 -1 -1000 -1000 -1000 -10 0.00189361
Car -1 -1 -10 1118.592 1156.750 1156.181 1200.000 -1 -1 -1 -1000 -1000 -1000 -10 0.00173007
Car -1 -1 -10 813.309 4.048 1173.607 195.938 -1 -1 -1 -1000 -1000 -1000 -10 0.00098080
Car -1 -1 -10 836.169 47.622 1134.206 851.086 -1 -1 -1 -1000 -1000 -1000 -10 0.00096887
Car -1 -1 -10 888.075 1036.936 1316.143 1200.000 -1 -1 -1 -1000 -1000 -1000 -10 0.00177537
Car -1 -1 -10 671.860 5.760 1044.199 374.178 -1 -1 -1 -1000 -1000 -1000 -10 0.00095526
Car -1 -1 -10 1053.973 1080.441 1190.249 1198.902 -1 -1 -1 -1000 -1000 -1000 -10 0.00094660
Car -1 -1 -10 993.213 773.715 1283.108 1200.000 -1 -1 -1 -1000 -1000 -1000 -10 0.00090390
Car -1 -1 -10 974.330 695.703 1213.076 1199.128 -1 -1 -1 -1000 -1000 -1000 -10 0.00084702
Car -1 -1 -10 970.872 1084.865 1284.172 1200.000 -1 -1 -1 -1000 -1000 -1000 -10 0.00084463
Car -1 -1 -10 1111.086 1157.834 1149.205 1200.000 -1 -1 -1 -1000 -1000 -1000 -10 0.00083434
Car -1 -1 -10 564.927 4.358 937.360 374.922 -1 -1 -1 -1000 -1000 -1000 -10 0.00082899
Car -1 -1 -10 1657.457 396.073 1785.627 527.747 -1 -1 -1 -1000 -1000 -1000 -10 0.00082441
Car -1 -1 -10 1088.482 1104.755 1162.612 1182.533 -1 -1 -1 -1000 -1000 -1000 -10 0.00081744
Car -1 -1 -10 475.124 0.000 1066.614 210.724 -1 -1 -1 -1000 -1000 -1000 -10 0.00146094
Car -1 -1 -10 1626.408 0.000 1920.000 209.642 -1 -1 -1 -1000 -1000 -1000 -10 0.00156269
Car -1 -1 -10 0.000 0.000 290.924 206.101 -1 -1 -1 -1000 -1000 -1000 -10 0.00069115
Car -1 -1 -10 987.085 822.331 1147.882 1200.000 -1 -1 -1 -1000 -1000 -1000 -10 0.00068295
Car -1 -1 -10 579.631 0.000 1098.777 558.320 -1 -1 -1 -1000 -1000 -1000 -10 0.00067441
Car -1 -1 -10 1474.128 0.000 1920.000 323.534 -1 -1 -1 -1000 -1000 -1000 -10 0.00067335
Car -1 -1 -10 761.081 0.000 1084.051 182.359 -1 -1 -1 -1000 -1000 -1000 -10 0.00066438
Car -1 -1 -10 932.931 360.725 1223.419 1200.000 -1 -1 -1 -1000 -1000 -1000 -10 0.00066397
