Car -1 -1 -10 775.694 584.152 863.258 664.165 -1 -1 -1 -1000 -1000 -1000 -10 0.98964985
Car -1 -1 -10 54.552 612.699 233.359 695.596 -1 -1 -1 -1000 -1000 -1000 -10 0.30962623
Car -1 -1 -10 901.698 594.779 998.238 647.347 -1 -1 -1 -1000 -1000 -1000 -10 0.09313487
Car -1 -1 -10 0.000 592.135 524.606 1193.808 -1 -1 -1 -1000 -1000 -1000 -10 0.00906755
Car -1 -1 -10 26.928 564.946 269.257 682.760 -1 -1 -1 -1000 -1000 -1000 -10 0.01069228
Car -1 -1 -10 134.435 597.843 307.801 680.428 -1 -1 -1 -1000 -1000 -1000 -10 0.01349862
Car -1 -1 -10 0.000 730.198 453.265 1198.346 -1 -1 -1 -1000 -1000 -1000 -10 0.00425842
Car -1 -1 -10 1.388 570.982 384.986 775.312 -1 -1 -1 -1000 -1000 -1000 -10 0.00689392
Car -1 -1 -10 783.336 564.976 857.678 632.792 -1 -1 -1 -1000 -1000 -1000 -10 0.00369432
Car -1 -1 -10 0.000 517.142 912.608 1191.722 -1 -1 -1 -1000 -1000 -1000 -10 0.00413271
Car -1 -1 -10 27.391 554.558 330.760 688.967 -1 -1 -1 -1000 -1000 -1000 -10 0.00175653
Car -1 -1 -10 141.186 234.906 308.934 1173.571 -1 -1 -1 -1000 -1000 -1000 -10 0.00247364
Car -1 -1 -10 71.844 230.114 237.945 1148.983 -1 -1 -1 -1000 -1000 -1000 -10 0.00162269
Car -1 -1 -10 795.844 578.415 853.742 638.773 -1 -1 -1 -1000 -1000 -1000 -10 0.00286906
Car -1 -1 -10 106.772 556.177 353.226 670.628 -1 -1 -1 -1000 -1000 -1000 -10 0.00286050
Car -1 -1 -10 122.330 606.641 234.269 683.888 -1 -1 -1 -1000 -1000 -1000 -10 0.00244177
Car -1 -1 -10 0.000 620.311 136.300 706.286 -1 -1 -1 -1000 -1000 -1000 -10 0.00238149
Car -1 -1 -10 129.327 313.895 334.614 1046.465 -1 -1 -1 -1000 -1000 -1000 -10 0.00138156
Car -1 -1 -10 603.875 770.289 1081.971 1196.213 -1 -1 -1 -1000 -1000 -1000 -10 0.00255375
Car -1 -1 -10 113.496 610.718 206.681 677.141 -1 -1 -1 -1000 -1000 -1000 -10 0.00126312
Car -1 -1 -10 169.352 617.274 324.645 699.798 -1 -1 -1 -1000 -1000 -1000 -10 0.00114706
Car -1 -1 -10 0.000 909.309 354.658 1200.000 -1 -1 -1 -1000 -1000 -1000 -10 0.00112616
Car -1 -1 -10 651.689 572.092 897.397 1187.339 -1 -1 -1 -1000 -1000 -1000 -10 0.00108516
Car -1 -1 -10 766.702 585.832 800.302 635.135 -1 -1 -1 -1000 -1000 -1000 -10 0.00107503
Car -1 -1 -10 1580.683 570.245 1920.000 1200.000 -1 -1 -1 -1000 -1000 -1000 -10 0.00188872
Car -1 -1 -10 181.015 392.103 360.278 1047.607 -1 -1 -1 -1000 -1000 -1000 -10 0.00106020
Car -1 -1 -10 2.399 608.530 255.013 751.483 -1 -1 -1 -1000 -1000 -1000 -10 0.00105688
Car -1 -1 -10 8.618 602.515 405.558 949.654 -1 -1 -1 -1000 -1000 -1000 -10 0.00201748
Car -1 -1 -10 0.000 879.614 264.981 1200.000 -1 -1 -1 -1000 -1000 -1000 -10 0.00105005
Car -1 -1 -10 89.762 444.809 183.900 798.691 -1 -1 -1 -1000 -1000 -1000 -10 0.00104724
Car -1 -1 -10 0.000 509.435 617.522 843.134 -1 -1 -1 -1000 -1000 -1000 -10 0.00103006
Car -1 -1 -10 69.831 87.607 362.958 1200.000 -1 -1 -1 -1000 -1000 -1000 -10 0.00100928
Car -1 -1 -10 162.709 573.919 330.831 662.051 -1 -1 -1 -1000 -1000 -1000 -10 0.00100857
Car -1 -1 -10 753.767 642.016 947.293 1190.397 -1 -1 -1 -1000 -1000 -1000 -10 0.00098994
Car -1 -1 -10 223.774 618.018 277.057 674.133 -1 -1 -1 -1000 -1000 -1000 -10 0.00098537
Car -1 -1 -10 13.719 620.046 177.549 701.236 -1 -1 -1 -1000 -1000 -1000 -10 0.00098229
Car -1 -1 -10 682.222 636.525 874.029 1190.976 -1 -1 -1 -1000 -1000 -1000 -10 0.00096893
Car -1 -1 -10 158.249 573.017 386.639 692.610 -1 -1 -1 -1000 -1000 -1000 -10 0.00094518
Car -1 -1 -10 26.300 468.231 240.755 816.855 -1 -1 -1 -1000 -1000 -1000 -10 0.00093480
Car -1 -1 -10 78.011 326.772 282.675 1052.177 -1 -1 -1 -1000 -1000 -1000 -10 0.00092190
Car -1 -1 -10 116.782 481.080 159.528 819.259 -1 -1 -1 -1000 -1000 -1000 -10 0.00089254
Car -1 -1 -10 162.930 620.395 241.737 689.913 -1 -1 -1 -1000 -1000 -1000 -10 0.00076919
Car -1 -1 -10 207.878 611.244 281.707 675.887 -1 -1 -1 -1000 -1000 -1000 -10 0.00076616
Car -1 -1 -10 18.589 551.380 565.372 987.260 -1 -1 -1 -1000 -1000 -1000 -10 0.00075654
Car -1 -1 -10 811.142 584.164 838.943 677.789 -1 -1 -1 -1000 -1000 -1000 -10 0.00074920
