Car -1 -1 -10 0.000 799.166 474.256 1200.000 -1 -1 -1 -1000 -1000 -1000 -10 0.00334067
Car -1 -1 -10 0.000 579.391 529.599 1200.000 -1 -1 -1 -1000 -1000 -1000 -10 0.00885263
Car -1 -1 -10 288.205 490.948 1486.507 1200.000 -1 -1 -1 -1000 -1000 -1000 -10 0.00691898
Car -1 -1 -10 0.000 506.353 849.802 1198.714 -1 -1 -1 -1000 -1000 -1000 -10 0.00362614
Car -1 -1 -10 28.456 174.253 1244.297 1200.000 -1 -1 -1 -1000 -1000 -1000 -10 0.00297024
Car -1 -1 -10 0.000 803.956 341.118 1199.131 -1 -1 -1 -1000 -1000 -1000 -10 0.00444404
Car -1 -1 -10 25.689 535.220 190.968 1192.174 -1 -1 -1 -1000 -1000 -1000 -10 0.00293461
Car -1 -1 -10 10.526 621.091 147.487 1200.000 -1 -1 -1 -1000 -1000 -1000 -10 0.00235620
Car -1 -1 -10 776.201 653.280 974.247 1190.483 -1 -1 -1 -1000 -1000 -1000 -10 0.00124922
Car -1 -1 -10 0.000 115.514 470.658 506.622 -1 -1 -1 -1000 -1000 -1000 -10 0.00121916
Car -1 -1 -10 579.725 756.827 1157.282 1186.576 -1 -1 -1 -1000 -1000 -1000 -10 0.00121575
Car -1 -1 -10 582.727 694.126 1070.618 1200.000 -1 -1 -1 -1000 -1000 -1000 -10 0.00120698
Car -1 -1 -10 1570.124 565.764 1920.000 1200.000 -1 -1 -1 -1000 -1000 -1000 -10 0.00118536
Car -1 -1 -10 1.372 39.818 548.820 469.117 -1 -1 -1 -1000 -1000 -1000 -10 0.00202517
Car -1 -1 -10 70.667 28.177 234.484 656.859 -1 -1 -1 -1000 -1000 -1000 -10 0.00115656
Car -1 -1 -10 2.751 428.895 547.656 884.812 -1 -1 -1 -1000 -1000 -1000 -10 0.00213483
Car -1 -1 -10 0.000 878.508 273.288 1200.000 -1 -1 -1 -1000 -1000 -1000 -10 0.00110613
Car -1 -1 -10 1468.333 802.023 1920.000 1200.000 -1 -1 -1 -1000 -1000 -1000 -10 0.00212850
Car -1 -1 -10 0.000 899.237 212.864 1126.472 -1 -1 -1 -1000 -1000 -1000 -10 0.00106412
Car -1 -1 -10 679.633 375.663 996.628 1200.000 -1 -1 -1 -1000 -1000 -1000 -10 0.00101703
Car -1 -1 -10 12.412 37.490 222.660 770.900 -1 -1 -1 -1000 -1000 -1000 -10 0.00185342
Car -1 -1 -10 798.384 588.609 956.856 1198.681 -1 -1 -1 -1000 -1000 -1000 -10 0.00099397
Car -1 -1 -10 3.187 179.003 430.286 553.899 -1 -1 -1 -1000 -1000 -1000 -10 0.00097177
Car -1 -1 -10 79.899 771.594 751.332 1200.000 -1 -1 -1 -1000 -1000 -1000 -10 0.00096169
Car -1 -1 -10 758.937 94.704 1067.867 1168.503 -1 -1 -1 -1000 -1000 -1000 -10 0.00095633
Car -1 -1 -10 7.821 504.712 333.986 852.936 -1 -1 -1 -1000 -1000 -1000 -10 0.00093784
Car -1 -1 -10 925.007 349.323 1526.628 700.383 -1 -1 -1 -1000 -1000 -1000 -10 0.00093712
Car -1 -1 -10 871.614 581.108 1026.805 1199.610 -1 -1 -1 -1000 -1000 -1000 -10 0.00085939
Car -1 -1 -10 51.257 32.817 420.880 802.443 -1 -1 -1 -1000 -1000 -1000 -10 0.00083918
