Car -1 -1 -10 980.128 599.702 1088.372 703.956 -1 -1 -1 -1000 -1000 -1000 -10 0.49837860
Car -1 -1 -10 982.309 599.979 1116.582 710.054 -1 -1 -1 -1000 -1000 -1000 -10 0.49584164
Car -1 -1 -10 943.227 595.471 1033.444 688.612 -1 -1 -1 -1000 -1000 -1000 -10 0.44854908
Car -1 -1 -10 938.908 590.918 1069.670 697.238 -1 -1 -1 -1000 -1000 -1000 -10 0.37278825
Car -1 -1 -10 893.673 606.184 943.666 661.417 -1 -1 -1 -1000 -1000 -1000 -10 0.05144991
Car -1 -1 -10 44.227 101.932 1107.573 1200.000 -1 -1 -1 -1000 -1000 -1000 -10 0.04425926
Car -1 -1 -10 0.000 481.926 760.274 1199.853 -1 -1 -1 -1000 -1000 -1000 -10 0.05569069
Car -1 -1 -10 111.598 7.727 384.636 159.201 -1 -1 -1 -1000 -1000 -1000 -10 0.03088371
Car -1 -1 -10 112.562 778.017 714.931 1195.365 -1 -1 -1 -1000 -1000 -1000 -10 0.01361789
Car -1 -1 -10 920.772 591.410 1013.527 682.700 -1 -1 -1 -1000 -1000 -1000 -10 0.01596172
Car -1 -1 -10 0.000 7.960 529.723 386.198 -1 -1 -1 -1000 -1000 -1000 -10 0.01931893
Car -1 -1 -10 0.000 701.183 685.960 1194.781 -1 -1 -1 -1000 -1000 -1000 -10 0.00810279
Car -1 -1 -10 143.159 0.470 367.117 208.331 -1 -1 -1 -1000 -1000 -1000 -10 0.01310119
Car -1 -1 -10 148.690 32.480 319.398 141.583 -1 -1 -1 -1000 -1000 -1000 -10 0.00594827
Car -1 -1 -10 97.088 4.506 458.216 316.187 -1 -1 -1 -1000 -1000 -1000 -10 0.01059025
Car -1 -1 -10 524.817 593.053 619.065 677.091 -1 -1 -1 -1000 -1000 -1000 -10 0.01052528
Car -1 -1 -10 710.869 597.491 764.282 643.287 -1 -1 -1 -1000 -1000 -1000 -10 0.00555052
Car -1 -1 -10 1020.690 611.131 1124.373 698.938 -1 -1 -1 -1000 -1000 -1000 -10 0.01034351
Car -1 -1 -10 898.097 599.116 954.547 662.280 -1 -1 -1 -1000 -1000 -1000 -10 0.00522543
Car -1 -1 -10 141.825 58.486 302.696 158.264 -1 -1 -1 -1000 -1000 -1000 -10 0.00473690
Car -1 -1 -10 91.096 0.781 408.600 274.326 -1 -1 -1 -1000 -1000 -1000 -10 0.00462040
Car -1 -1 -10 279.010 221.574 584.470 1194.393 -1 -1 -1 -1000 -1000 -1000 -10 0.00889268
Car -1 -1 -10 131.271 524.965 639.664 912.439 -1 -1 -1 -1000 -1000 -1000 -10 0.00421360
Car -1 -1 -10 248.546 478.513 491.545 951.811 -1 -1 -1 -1000 -1000 -1000 -10 0.00394987
