Car -1 -1 -10 802.438 564.209 861.857 620.233 -1 -1 -1 -1000 -1000 -1000 -10 0.34443556
Car -1 -1 -10 0.000 794.617 463.544 1196.886 -1 -1 -1 -1000 -1000 -1000 -10 0.01308996
Car -1 -1 -10 54.088 676.682 249.012 1198.573 -1 -1 -1 -1000 -1000 -1000 -10 0.00218031
Car -1 -1 -10 12.789 1032.348 366.216 1200.000 -1 -1 -1 -1000 -1000 -1000 -10 0.00187220
Car -1 -1 -10 1100.265 555.175 1886.499 1200.000 -1 -1 -1 -1000 -1000 -1000 -10 0.00183097
Car -1 -1 -10 11.404 724.344 229.743 1194.406 -1 -1 -1 -1000 -1000 -1000 -10 0.00324615
Car -1 -1 -10 14.936 985.128 428.252 1200.000 -1 -1 -1 -1000 -1000 -1000 -10 0.00173608
Car -1 -1 -10 738.097 528.745 1902.199 1200.000 -1 -1 -1 -1000 -1000 -1000 -10 0.00157031
Car -1 -1 -10 1153.335 693.322 1643.241 964.266 -1 -1 -1 -1000 -1000 -1000 -10 0.00134294
Car -1 -1 -10 1276.597 741.099 1758.126 1018.153 -1 -1 -1 -1000 -1000 -1000 -10 0.00121554
Car -1 -1 -10 1.959 922.822 233.846 1200.000 -1 -1 -1 -1000 -1000 -1000 -10 0.00118500
Car -1 -1 -10 1456.883 517.709 1915.972 906.031 -1 -1 -1 -1000 -1000 -1000 -10 0.00115201
Car -1 -1 -10 0.000 1020.061 268.095 1200.000 -1 -1 -1 -1000 -1000 -1000 -10 0.00113089
Car -1 -1 -10 818.487 557.040 874.472 613.003 -1 -1 -1 -1000 -1000 -1000 -10 0.00112279
Car -1 -1 -10 1050.877 707.808 1748.543 1190.349 -1 -1 -1 -1000 -1000 -1000 -10 0.00104274
Car -1 -1 -10 0.000 1064.426 304.414 1200.000 -1 -1 -1 -1000 -1000 -1000 -10 0.00102766
Car -1 -1 -10 65.820 745.275 193.643 1200.000 -1 -1 -1 -1000 -1000 -1000 -10 0.00096625
Car -1 -1 -10 827.901 546.910 977.459 629.691 -1 -1 -1 -1000 -1000 -1000 -10 0.00094784
Car -1 -1 -10 739.754 597.152 869.634 1188.011 -1 -1 -1 -1000 -1000 -1000 -10 0.00094211
Car -1 -1 -10 1062.108 528.816 1745.703 978.280 -1 -1 -1 -1000 -1000 -1000 -10 0.00093888
Car -1 -1 -10 1224.285 786.952 1800.375 1197.911 -1 -1 -1 -1000 -1000 -1000 -10 0.00092549
Car -1 -1 -10 0.000 1112.209 123.188 1200.000 -1 -1 -1 -1000 -1000 -1000 -10 0.00085268
Car -1 -1 -10 1220.026 646.574 1853.224 1056.891 -1 -1 -1 -1000 -1000 -1000 -10 0.00075094
