Car -1 -1 -10 647.387 570.671 726.993 639.426 -1 -1 -1 -1000 -1000 -1000 -10 0.99950005
Car -1 -1 -10 732.888 531.559 929.964 726.653 -1 -1 -1 -1000 -1000 -1000 -10 0.96409868
Car -1 -1 -10 730.898 539.042 837.763 650.712 -1 -1 -1 -1000 -1000 -1000 -10 0.00400510
Car -1 -1 -10 0.000 801.584 454.413 1199.537 -1 -1 -1 -1000 -1000 -1000 -10 0.00552621
Car -1 -1 -10 0.510 1156.939 32.988 1200.000 -1 -1 -1 -1000 -1000 -1000 -10 0.00300819
Car -1 -1 -10 727.790 548.628 849.272 683.551 -1 -1 -1 -1000 -1000 -1000 -10 0.00129333
Car -1 -1 -10 0.111 1109.348 123.917 1200.000 -1 -1 -1 -1000 -1000 -1000 -10 0.00228931
Car -1 -1 -10 803.652 530.046 930.477 652.567 -1 -1 -1 -1000 -1000 -1000 -10 0.00124809
Car -1 -1 -10 808.997 481.339 856.724 784.129 -1 -1 -1 -1000 -1000 -1000 -10 0.00121780
Car -1 -1 -10 497.468 613.028 673.761 1178.754 -1 -1 -1 -1000 -1000 -1000 -10 0.00177025
Car -1 -1 -10 745.313 537.718 858.464 650.682 -1 -1 -1 -1000 -1000 -1000 -10 0.00102218
Car -1 -1 -10 0.000 1028.265 237.278 1200.000 -1 -1 -1 -1000 -1000 -1000 -10 0.00193982
Car -1 -1 -10 0.000 1068.085 67.232 1200.000 -1 -1 -1 -1000 -1000 -1000 -10 0.00088985
Car -1 -1 -10 83.263 560.841 234.086 1199.397 -1 -1 -1 -1000 -1000 -1000 -10 0.00088967
Car -1 -1 -10 384.862 590.621 570.288 1172.205 -1 -1 -1 -1000 -1000 -1000 -10 0.00159452
Car -1 -1 -10 233.341 620.432 411.754 1180.521 -1 -1 -1 -1000 -1000 -1000 -10 0.00154942
Car -1 -1 -10 706.536 563.819 812.152 673.108 -1 -1 -1 -1000 -1000 -1000 -10 0.00169093
Car -1 -1 -10 0.000 1137.928 50.720 1200.000 -1 -1 -1 -1000 -1000 -1000 -10 0.00083295
Car -1 -1 -10 724.916 551.405 827.581 714.014 -1 -1 -1 -1000 -1000 -1000 -10 0.00083196
Car -1 -1 -10 1577.989 567.611 1920.000 1200.000 -1 -1 -1 -1000 -1000 -1000 -10 0.00150576
Car -1 -1 -10 1702.977 1040.267 1920.000 1200.000 -1 -1 -1 -1000 -1000 -1000 -10 0.00080410
Car -1 -1 -10 159.647 665.539 342.013 1194.717 -1 -1 -1 -1000 -1000 -1000 -10 0.00078791
Car -1 -1 -10 334.203 631.505 504.185 1186.810 -1 -1 -1 -1000 -1000 -1000 -10 0.00078462
Car -1 -1 -10 86.001 663.387 268.482 1192.850 -1 -1 -1 -1000 -1000 -1000 -10 0.00078352
Car -1 -1 -10 14.295 1109.943 240.187 1200.000 -1 -1 -1 -1000 -1000 -1000 -10 0.00076214
Car -1 -1 -10 0.000 942.338 320.020 1200.000 -1 -1 -1 -1000 -1000 -1000 -10 0.00075742
Car -1 -1 -10 1668.857 1015.327 1920.000 1200.000 -1 -1 -1 -1000 -1000 -1000 -10 0.00075718
Car -1 -1 -10 743.681 556.652 799.329 656.387 -1 -1 -1 -1000 -1000 -1000 -10 0.00072180
Car -1 -1 -10 1796.128 1114.541 1920.000 1200.000 -1 -1 -1 -1000 -1000 -1000 -10 0.00067799
Car -1 -1 -10 797.074 479.347 847.471 771.531 -1 -1 -1 -1000 -1000 -1000 -10 0.00067577
Car -1 -1 -10 175.016 561.478 324.860 1197.668 -1 -1 -1 -1000 -1000 -1000 -10 0.00065914
