Car -1 -1 -10 828.601 574.767 1083.012 690.864 -1 -1 -1 -1000 -1000 -1000 -10 0.99708307
Car -1 -1 -10 390.823 592.662 589.546 726.399 -1 -1 -1 -1000 -1000 -1000 -10 0.98550017
Car -1 -1 -10 194.154 616.958 307.223 692.381 -1 -1 -1 -1000 -1000 -1000 -10 0.97085664
Car -1 -1 -10 44.876 501.538 1233.043 1185.339 -1 -1 -1 -1000 -1000 -1000 -10 0.02651352
Car -1 -1 -10 1263.646 571.562 1424.058 658.660 -1 -1 -1 -1000 -1000 -1000 -10 0.01514729
Car -1 -1 -10 586.845 536.953 1743.643 1185.127 -1 -1 -1 -1000 -1000 -1000 -10 0.01659042
Car -1 -1 -10 212.680 749.596 894.726 1200.000 -1 -1 -1 -1000 -1000 -1000 -10 0.00336186
Car -1 -1 -10 270.098 643.193 825.262 1200.000 -1 -1 -1 -1000 -1000 -1000 -10 0.00259377
Car -1 -1 -10 115.367 771.214 790.142 1200.000 -1 -1 -1 -1000 -1000 -1000 -10 0.00445893
Car -1 -1 -10 361.087 633.721 636.825 1200.000 -1 -1 -1 -1000 -1000 -1000 -10 0.00248136
Car -1 -1 -10 328.566 841.770 649.845 1198.549 -1 -1 -1 -1000 -1000 -1000 -10 0.00211903
Car -1 -1 -10 884.392 457.312 975.848 789.979 -1 -1 -1 -1000 -1000 -1000 -10 0.00350921
Car -1 -1 -10 228.845 980.529 776.282 1200.000 -1 -1 -1 -1000 -1000 -1000 -10 0.00196191
Car -1 -1 -10 327.790 1044.882 746.035 1200.000 -1 -1 -1 -1000 -1000 -1000 -10 0.00510060
Car -1 -1 -10 391.058 547.307 612.175 1197.093 -1 -1 -1 -1000 -1000 -1000 -10 0.00179309
Car -1 -1 -10 366.295 813.825 709.372 1193.238 -1 -1 -1 -1000 -1000 -1000 -10 0.00175188
Car -1 -1 -10 1615.972 489.982 1920.000 856.566 -1 -1 -1 -1000 -1000 -1000 -10 0.00170843
Car -1 -1 -10 367.430 1102.790 615.598 1200.000 -1 -1 -1 -1000 -1000 -1000 -10 0.00331175
Car -1 -1 -10 0.000 793.813 461.312 1198.302 -1 -1 -1 -1000 -1000 -1000 -10 0.00319695
Car -1 -1 -10 289.514 663.015 509.076 1186.656 -1 -1 -1 -1000 -1000 -1000 -10 0.00167636
Car -1 -1 -10 378.963 476.311 610.104 818.436 -1 -1 -1 -1000 -1000 -1000 -10 0.00457322
Car -1 -1 -10 932.204 451.497 1023.779 797.562 -1 -1 -1 -1000 -1000 -1000 -10 0.00163128
Car -1 -1 -10 426.196 762.808 555.642 1200.000 -1 -1 -1 -1000 -1000 -1000 -10 0.00162081
Car -1 -1 -10 463.206 640.624 614.996 1200.000 -1 -1 -1 -1000 -1000 -1000 -10 0.00159709
Car -1 -1 -10 372.525 934.148 610.014 1200.000 -1 -1 -1 -1000 -1000 -1000 -10 0.00155265
Car -1 -1 -10 277.522 817.628 621.762 1196.908 -1 -1 -1 -1000 -1000 -1000 -10 0.00154081
Car -1 -1 -10 437.925 1103.851 685.487 1200.000 -1 -1 -1 -1000 -1000 -1000 -10 0.00152498
Car -1 -1 -10 460.571 828.088 621.065 1200.000 -1 -1 -1 -1000 -1000 -1000 -10 0.00151989
Car -1 -1 -10 206.630 1061.495 600.400 1200.000 -1 -1 -1 -1000 -1000 -1000 -10 0.00148240
Car -1 -1 -10 326.843 769.188 516.645 1200.000 -1 -1 -1 -1000 -1000 -1000 -10 0.00146354
Car -1 -1 -10 322.957 521.161 690.300 1200.000 -1 -1 -1 -1000 -1000 -1000 -10 0.00137372
