Car -1 -1 -10 722.860 597.826 845.895 705.840 -1 -1 -1 -1000 -1000 -1000 -10 0.99151163
Car -1 -1 -10 1341.289 574.520 1507.903 657.639 -1 -1 -1 -1000 -1000 -1000 -10 0.15107920
Car -1 -1 -10 705.282 607.430 759.153 662.067 -1 -1 -1 -1000 -1000 -1000 -10 0.01444173
Car -1 -1 -10 760.770 594.260 856.805 673.394 -1 -1 -1 -1000 -1000 -1000 -10 0.00331828
Car -1 -1 -10 812.399 606.907 860.590 656.699 -1 -1 -1 -1000 -1000 -1000 -10 0.00572385
Car -1 -1 -10 0.000 797.413 453.676 1198.834 -1 -1 -1 -1000 -1000 -1000 -10 0.00713175
Car -1 -1 -10 724.094 599.826 812.026 667.928 -1 -1 -1 -1000 -1000 -1000 -10 0.00171492
Car -1 -1 -10 767.327 599.378 863.879 686.580 -1 -1 -1 -1000 -1000 -1000 -10 0.00166463
Car -1 -1 -10 1816.644 362.479 1919.658 508.787 -1 -1 -1 -1000 -1000 -1000 -10 0.00275429
Car -1 -1 -10 0.000 590.141 665.472 1188.957 -1 -1 -1 -1000 -1000 -1000 -10 0.00148936
Car -1 -1 -10 1864.958 387.287 1917.771 471.224 -1 -1 -1 -1000 -1000 -1000 -10 0.00144249
Car -1 -1 -10 0.000 535.023 915.826 1200.000 -1 -1 -1 -1000 -1000 -1000 -10 0.00141876
Car -1 -1 -10 1384.349 590.374 1551.583 676.459 -1 -1 -1 -1000 -1000 -1000 -10 0.00427343
Car -1 -1 -10 45.909 647.818 211.736 1198.225 -1 -1 -1 -1000 -1000 -1000 -10 0.00218587
Car -1 -1 -10 831.405 597.233 864.375 647.329 -1 -1 -1 -1000 -1000 -1000 -10 0.00215563
Car -1 -1 -10 564.118 7.050 921.465 199.026 -1 -1 -1 -1000 -1000 -1000 -10 0.00109065
Car -1 -1 -10 1304.125 520.280 1624.551 661.752 -1 -1 -1 -1000 -1000 -1000 -10 0.00108991
Car -1 -1 -10 681.051 25.428 807.179 150.104 -1 -1 -1 -1000 -1000 -1000 -10 0.00194231
Car -1 -1 -10 517.071 0.238 947.063 301.206 -1 -1 -1 -1000 -1000 -1000 -10 0.00105332
Car -1 -1 -10 108.084 392.141 426.812 1200.000 -1 -1 -1 -1000 -1000 -1000 -10 0.00104817
Car -1 -1 -10 113.039 174.031 407.756 1185.644 -1 -1 -1 -1000 -1000 -1000 -10 0.00102603
Car -1 -1 -10 214.409 630.756 387.128 1190.212 -1 -1 -1 -1000 -1000 -1000 -10 0.00094793
Car -1 -1 -10 586.492 8.635 876.915 173.068 -1 -1 -1 -1000 -1000 -1000 -10 0.00179434
Car -1 -1 -10 319.870 0.000 910.554 214.160 -1 -1 -1 -1000 -1000 -1000 -10 0.00088248
Car -1 -1 -10 56.964 579.962 253.776 1180.656 -1 -1 -1 -1000 -1000 -1000 -10 0.00087705
Car -1 -1 -10 763.503 606.829 822.761 659.479 -1 -1 -1 -1000 -1000 -1000 -10 0.00080411
Car -1 -1 -10 0.000 941.186 313.448 1200.000 -1 -1 -1 -1000 -1000 -1000 -10 0.00079181
Car -1 -1 -10 1348.163 609.003 1494.740 704.578 -1 -1 -1 -1000 -1000 -1000 -10 0.00078233
Car -1 -1 -10 752.166 571.142 791.337 722.865 -1 -1 -1 -1000 -1000 -1000 -10 0.00077953
