Car -1 -1 -10 462.971 616.115 518.957 671.250 -1 -1 -1 -1000 -1000 -1000 -10 0.84243654
Car -1 -1 -10 601.281 606.656 642.101 680.159 -1 -1 -1 -1000 -1000 -1000 -10 0.14006509
Car -1 -1 -10 1064.646 566.724 1552.287 879.617 -1 -1 -1 -1000 -1000 -1000 -10 0.01184847
Car -1 -1 -10 339.380 634.395 389.613 680.093 -1 -1 -1 -1000 -1000 -1000 -10 0.01154857
Car -1 -1 -10 0.000 791.348 471.623 1200.000 -1 -1 -1 -1000 -1000 -1000 -10 0.00693193
Car -1 -1 -10 1758.790 521.625 1920.000 741.921 -1 -1 -1 -1000 -1000 -1000 -10 0.00631250
Car -1 -1 -10 241.721 1041.866 660.398 1200.000 -1 -1 -1 -1000 -1000 -1000 -10 0.01145741
Car -1 -1 -10 0.000 757.051 586.223 1200.000 -1 -1 -1 -1000 -1000 -1000 -10 0.00309923
Car -1 -1 -10 1.552 1017.060 264.400 1200.000 -1 -1 -1 -1000 -1000 -1000 -10 0.00286742
Car -1 -1 -10 15.545 790.735 198.655 1199.330 -1 -1 -1 -1000 -1000 -1000 -10 0.00542334
Car -1 -1 -10 315.837 1099.162 568.734 1200.000 -1 -1 -1 -1000 -1000 -1000 -10 0.00932230
Car -1 -1 -10 0.000 644.500 535.596 1200.000 -1 -1 -1 -1000 -1000 -1000 -10 0.00262072
Car -1 -1 -10 291.155 885.113 590.096 1198.159 -1 -1 -1 -1000 -1000 -1000 -10 0.00698526
Car -1 -1 -10 0.000 1056.214 301.200 1200.000 -1 -1 -1 -1000 -1000 -1000 -10 0.00249211
Car -1 -1 -10 290.162 832.082 640.761 1192.324 -1 -1 -1 -1000 -1000 -1000 -10 0.00248998
Car -1 -1 -10 54.072 1138.349 168.985 1200.000 -1 -1 -1 -1000 -1000 -1000 -10 0.00226894
Car -1 -1 -10 0.000 533.899 930.995 1200.000 -1 -1 -1 -1000 -1000 -1000 -10 0.00448236
Car -1 -1 -10 145.124 815.511 786.046 1185.286 -1 -1 -1 -1000 -1000 -1000 -10 0.00224582
Car -1 -1 -10 1450.076 536.528 1920.000 899.509 -1 -1 -1 -1000 -1000 -1000 -10 0.00223524
Car -1 -1 -10 9.259 1102.927 180.989 1200.000 -1 -1 -1 -1000 -1000 -1000 -10 0.00400490
Car -1 -1 -10 1103.513 534.521 1504.663 751.778 -1 -1 -1 -1000 -1000 -1000 -10 0.00197905
Car -1 -1 -10 1131.243 524.639 1357.779 916.914 -1 -1 -1 -1000 -1000 -1000 -10 0.00184771
Car -1 -1 -10 0.000 1072.476 107.048 1200.000 -1 -1 -1 -1000 -1000 -1000 -10 0.00183474
Car -1 -1 -10 380.947 764.823 509.453 1200.000 -1 -1 -1 -1000 -1000 -1000 -10 0.00181037
Car -1 -1 -10 0.000 809.396 309.658 1196.942 -1 -1 -1 -1000 -1000 -1000 -10 0.00333774
Car -1 -1 -10 331.665 663.318 510.037 1192.890 -1 -1 -1 -1000 -1000 -1000 -10 0.00170756
Car -1 -1 -10 1512.247 486.298 1920.000 1009.895 -1 -1 -1 -1000 -1000 -1000 -10 0.00164273
Car -1 -1 -10 98.471 935.992 718.916 1200.000 -1 -1 -1 -1000 -1000 -1000 -10 0.00163818
Car -1 -1 -10 373.596 944.500 607.830 1200.000 -1 -1 -1 -1000 -1000 -1000 -10 0.00160449
Car -1 -1 -10 401.473 666.798 580.886 1192.058 -1 -1 -1 -1000 -1000 -1000 -10 0.00296314
Car -1 -1 -10 253.306 655.921 443.027 1190.123 -1 -1 -1 -1000 -1000 -1000 -10 0.00152448
Car -1 -1 -10 1644.861 492.953 1920.000 845.983 -1 -1 -1 -1000 -1000 -1000 -10 0.00152350
Car -1 -1 -10 1829.967 528.190 1920.000 704.135 -1 -1 -1 -1000 -1000 -1000 -10 0.00150261
Car -1 -1 -10 1084.591 614.862 1453.228 855.379 -1 -1 -1 -1000 -1000 -1000 -10 0.00150093
Car -1 -1 -10 332.657 755.825 460.918 1200.000 -1 -1 -1 -1000 -1000 -1000 -10 0.00142235
