Car -1 -1 -10 729.282 559.170 844.774 665.235 -1 -1 -1 -1000 -1000 -1000 -10 0.99992689
Car -1 -1 -10 605.001 571.775 690.196 638.661 -1 -1 -1 -1000 -1000 -1000 -10 0.94539782
Car -1 -1 -10 157.344 571.216 408.965 689.034 -1 -1 -1 -1000 -1000 -1000 -10 0.45622998
Car -1 -1 -10 275.723 569.064 446.996 664.114 -1 -1 -1 -1000 -1000 -1000 -10 0.59650011
Car -1 -1 -10 340.844 563.403 514.354 656.382 -1 -1 -1 -1000 -1000 -1000 -10 0.79491878
Car -1 -1 -10 90.341 561.338 395.545 700.926 -1 -1 -1 -1000 -1000 -1000 -10 0.40453884
Car -1 -1 -10 940.315 539.921 1170.610 657.388 -1 -1 -1 -1000 -1000 -1000 -10 0.39444017
Car -1 -1 -10 905.627 542.519 1072.661 633.520 -1 -1 -1 -1000 -1000 -1000 -10 0.22112706
Car -1 -1 -10 409.616 566.429 565.898 649.551 -1 -1 -1 -1000 -1000 -1000 -10 0.22936883
Car -1 -1 -10 820.089 559.192 878.524 611.430 -1 -1 -1 -1000 -1000 -1000 -10 0.07803106
Car -1 -1 -10 685.953 571.792 740.129 620.667 -1 -1 -1 -1000 -1000 -1000 -10 0.03524931
Car -1 -1 -10 104.725 588.933 295.698 685.229 -1 -1 -1 -1000 -1000 -1000 -10 0.05621666
Car -1 -1 -10 773.897 560.031 863.264 650.147 -1 -1 -1 -1000 -1000 -1000 -10 0.01760465
Car -1 -1 -10 0.416 793.674 579.702 1200.000 -1 -1 -1 -1000 -1000 -1000 -10 0.01895897
Car -1 -1 -10 731.830 566.960 776.343 643.582 -1 -1 -1 -1000 -1000 -1000 -10 0.00513732
Car -1 -1 -10 710.978 569.423 759.536 622.859 -1 -1 -1 -1000 -1000 -1000 -10 0.00855869
Car -1 -1 -10 229.844 573.768 386.286 691.871 -1 -1 -1 -1000 -1000 -1000 -10 0.00436296
Car -1 -1 -10 676.143 569.198 729.006 621.474 -1 -1 -1 -1000 -1000 -1000 -10 0.00423953
Car -1 -1 -10 810.499 567.020 862.340 622.523 -1 -1 -1 -1000 -1000 -1000 -10 0.00733508
Car -1 -1 -10 42.248 568.100 335.360 705.908 -1 -1 -1 -1000 -1000 -1000 -10 0.00327945
