Car -1 -1 -10 1229.935 539.197 1494.615 733.344 -1 -1 -1 -1000 -1000 -1000 -10 0.99143641
Car -1 -1 -10 630.072 514.225 774.792 651.165 -1 -1 -1 -1000 -1000 -1000 -10 0.99763431
Car -1 -1 -10 785.266 527.942 974.433 671.082 -1 -1 -1 -1000 -1000 -1000 -10 0.30188571
Car -1 -1 -10 753.374 535.225 888.421 640.327 -1 -1 -1 -1000 -1000 -1000 -10 0.03768763
Car -1 -1 -10 680.918 532.531 830.406 641.042 -1 -1 -1 -1000 -1000 -1000 -10 0.00329698
Car -1 -1 -10 689.200 512.126 801.058 626.573 -1 -1 -1 -1000 -1000 -1000 -10 0.00250627
Car -1 -1 -10 0.000 0.000 537.428 365.679 -1 -1 -1 -1000 -1000 -1000 -10 0.00528114
Car -1 -1 -10 0.000 0.000 376.896 681.627 -1 -1 -1 -1000 -1000 -1000 -10 0.00554390
Car -1 -1 -10 0.000 0.000 309.213 369.652 -1 -1 -1 -1000 -1000 -1000 -10 0.00172819
Car -1 -1 -10 46.909 22.673 414.290 803.908 -1 -1 -1 -1000 -1000 -1000 -10 0.00158812
Car -1 -1 -10 1339.249 553.203 1460.268 660.148 -1 -1 -1 -1000 -1000 -1000 -10 0.00156100
Car -1 -1 -10 923.922 1156.789 964.059 1200.000 -1 -1 -1 -1000 -1000 -1000 -10 0.00155837
Car -1 -1 -10 768.921 552.036 851.684 630.962 -1 -1 -1 -1000 -1000 -1000 -10 0.00153225
Car -1 -1 -10 722.970 5.107 1094.117 374.690 -1 -1 -1 -1000 -1000 -1000 -10 0.00147671
Car -1 -1 -10 630.569 323.968 775.754 781.177 -1 -1 -1 -1000 -1000 -1000 -10 0.00146846
Car -1 -1 -10 775.266 543.249 853.823 622.552 -1 -1 -1 -1000 -1000 -1000 -10 0.00144759
Car -1 -1 -10 80.702 18.664 384.173 959.038 -1 -1 -1 -1000 -1000 -1000 -10 0.00142137
Car -1 -1 -10 9.071 0.000 549.567 281.620 -1 -1 -1 -1000 -1000 -1000 -10 0.00124130
Car -1 -1 -10 708.079 537.647 857.663 638.379 -1 -1 -1 -1000 -1000 -1000 -10 0.00122906
Car -1 -1 -10 0.000 0.000 250.256 192.457 -1 -1 -1 -1000 -1000 -1000 -10 0.00118329
Car -1 -1 -10 0.000 0.000 126.057 145.607 -1 -1 -1 -1000 -1000 -1000 -10 0.00115522
