Car -1 -1 -10 5.821 769.340 671.910 1199.370 -1 -1 -1 -1000 -1000 -1000 -10 0.04364817
Car -1 -1 -10 885.618 549.674 1920.000 1191.600 -1 -1 -1 -1000 -1000 -1000 -10 0.04011606
Car -1 -1 -10 0.000 559.689 951.805 1197.228 -1 -1 -1 -1000 -1000 -1000 -10 0.03165127
Car -1 -1 -10 0.000 794.828 423.160 1069.239 -1 -1 -1 -1000 -1000 -1000 -10 0.01343121
Car -1 -1 -10 0.000 584.633 396.767 1200.000 -1 -1 -1 -1000 -1000 -1000 -10 0.00847159
Car -1 -1 -10 116.110 171.657 403.794 1191.904 -1 -1 -1 -1000 -1000 -1000 -10 0.00668438
Car -1 -1 -10 30.767 329.178 222.532 1200.000 -1 -1 -1 -1000 -1000 -1000 -10 0.00342988
Car -1 -1 -10 1.460 777.665 270.351 1193.418 -1 -1 -1 -1000 -1000 -1000 -10 0.00530083
Car -1 -1 -10 72.383 679.879 769.898 1062.481 -1 -1 -1 -1000 -1000 -1000 -10 0.00320054
Car -1 -1 -10 115.678 582.895 247.112 1200.000 -1 -1 -1 -1000 -1000 -1000 -10 0.00305296
Car -1 -1 -10 52.556 696.467 453.893 1056.878 -1 -1 -1 -1000 -1000 -1000 -10 0.00274089
Car -1 -1 -10 33.497 240.291 299.248 1200.000 -1 -1 -1 -1000 -1000 -1000 -10 0.00264642
Car -1 -1 -10 29.909 345.930 392.399 1200.000 -1 -1 -1 -1000 -1000 -1000 -10 0.00257758
Car -1 -1 -10 147.655 577.904 312.345 1200.000 -1 -1 -1 -1000 -1000 -1000 -10 0.00255733
Car -1 -1 -10 1265.610 601.750 1920.000 1200.000 -1 -1 -1 -1000 -1000 -1000 -10 0.00243896
Car -1 -1 -10 129.524 521.579 280.250 1200.000 -1 -1 -1 -1000 -1000 -1000 -10 0.00224530
Car -1 -1 -10 0.000 759.111 72.538 826.339 -1 -1 -1 -1000 -1000 -1000 -10 0.00207627
Car -1 -1 -10 61.308 799.935 336.864 973.971 -1 -1 -1 -1000 -1000 -1000 -10 0.00205773
Car -1 -1 -10 0.000 744.811 156.314 837.255 -1 -1 -1 -1000 -1000 -1000 -10 0.00205769
Car -1 -1 -10 54.850 590.689 623.074 957.951 -1 -1 -1 -1000 -1000 -1000 -10 0.00201368
Car -1 -1 -10 190.104 257.348 489.740 1200.000 -1 -1 -1 -1000 -1000 -1000 -10 0.00199459
Car -1 -1 -10 98.505 648.767 362.208 1117.907 -1 -1 -1 -1000 -1000 -1000 -10 0.00194647
Car -1 -1 -10 1253.012 649.197 1916.311 1078.476 -1 -1 -1 -1000 -1000 -1000 -10 0.00190598
