Car -1 -1 -10 0.000 796.262 435.431 1199.827 -1 -1 -1 -1000 -1000 -1000 -10 0.00904941
Car -1 -1 -10 0.000 806.908 214.689 1195.213 -1 -1 -1 -1000 -1000 -1000 -10 0.00195719
Car -1 -1 -10 1.303 938.760 222.253 1200.000 -1 -1 -1 -1000 -1000 -1000 -10 0.00267575
Car -1 -1 -10 40.831 663.433 223.306 1195.564 -1 -1 -1 -1000 -1000 -1000 -10 0.00159536
Car -1 -1 -10 1.288 1058.370 330.932 1200.000 -1 -1 -1 -1000 -1000 -1000 -10 0.00130427
Car -1 -1 -10 4.436 958.187 335.740 1200.000 -1 -1 -1 -1000 -1000 -1000 -10 0.00219875
Car -1 -1 -10 115.735 754.930 245.840 1200.000 -1 -1 -1 -1000 -1000 -1000 -10 0.00122711
Car -1 -1 -10 61.913 734.257 291.899 1194.880 -1 -1 -1 -1000 -1000 -1000 -10 0.00099843
Car -1 -1 -10 0.000 1048.902 212.200 1200.000 -1 -1 -1 -1000 -1000 -1000 -10 0.00151974
Car -1 -1 -10 392.498 1104.763 640.803 1200.000 -1 -1 -1 -1000 -1000 -1000 -10 0.00145239
Car -1 -1 -10 260.734 1108.304 508.884 1200.000 -1 -1 -1 -1000 -1000 -1000 -10 0.00121206
Car -1 -1 -10 423.585 611.079 608.600 1185.880 -1 -1 -1 -1000 -1000 -1000 -10 0.00113689
Car -1 -1 -10 573.801 636.822 745.911 1193.696 -1 -1 -1 -1000 -1000 -1000 -10 0.00061380
Car -1 -1 -10 296.036 1054.436 718.724 1200.000 -1 -1 -1 -1000 -1000 -1000 -10 0.00110853
Car -1 -1 -10 476.027 1087.148 793.404 1200.000 -1 -1 -1 -1000 -1000 -1000 -10 0.00060548
Car -1 -1 -10 641.857 649.108 824.663 1194.195 -1 -1 -1 -1000 -1000 -1000 -10 0.00060432
Car -1 -1 -10 272.409 576.926 471.182 1184.224 -1 -1 -1 -1000 -1000 -1000 -10 0.00109889
Car -1 -1 -10 620.348 1106.113 869.882 1200.000 -1 -1 -1 -1000 -1000 -1000 -10 0.00058896
Car -1 -1 -10 742.749 630.635 914.171 1192.466 -1 -1 -1 -1000 -1000 -1000 -10 0.00056174
Car -1 -1 -10 588.296 592.147 781.026 1179.147 -1 -1 -1 -1000 -1000 -1000 -10 0.00055434
Car -1 -1 -10 455.205 1044.695 898.834 1200.000 -1 -1 -1 -1000 -1000 -1000 -10 0.00055283
Car -1 -1 -10 58.222 357.686 365.479 1200.000 -1 -1 -1 -1000 -1000 -1000 -10 0.00054846
Car -1 -1 -10 1829.364 1111.537 1920.000 1200.000 -1 -1 -1 -1000 -1000 -1000 -10 0.00054068
Car -1 -1 -10 501.209 631.346 674.474 1193.426 -1 -1 -1 -1000 -1000 -1000 -10 0.00053780
Car -1 -1 -10 804.090 579.613 997.756 1179.384 -1 -1 -1 -1000 -1000 -1000 -10 0.00053741
Car -1 -1 -10 13.947 600.040 306.251 950.065 -1 -1 -1 -1000 -1000 -1000 -10 0.00052830
Car -1 -1 -10 422.760 1115.999 507.718 1200.000 -1 -1 -1 -1000 -1000 -1000 -10 0.00052579
Car -1 -1 -10 651.804 814.421 811.100 1200.000 -1 -1 -1 -1000 -1000 -1000 -10 0.00051955
Car -1 -1 -10 1474.964 804.760 1920.000 1200.000 -1 -1 -1 -1000 -1000 -1000 -10 0.00051626
Car -1 -1 -10 567.004 1088.551 625.648 1200.000 -1 -1 -1 -1000 -1000 -1000 -10 0.00050908
Car -1 -1 -10 572.788 739.379 697.768 1200.000 -1 -1 -1 -1000 -1000 -1000 -10 0.00050347
Car -1 -1 -10 46.277 814.274 208.119 1200.000 -1 -1 -1 -1000 -1000 -1000 -10 0.00050049
Car -1 -1 -10 473.872 1019.421 569.191 1200.000 -1 -1 -1 -1000 -1000 -1000 -10 0.00049997
Car -1 -1 -10 0.000 0.000 293.602 205.199 -1 -1 -1 -1000 -1000 -1000 -10 0.00049591
Car -1 -1 -10 538.370 907.543 778.856 1200.000 -1 -1 -1 -1000 -1000 -1000 -10 0.00048768
