Car -1 -1 -10 1151.002 557.454 1292.413 663.222 -1 -1 -1 -1000 -1000 -1000 -10 0.99979801
Car -1 -1 -10 1272.733 567.357 1497.652 718.899 -1 -1 -1 -1000 -1000 -1000 -10 0.99895503
Car -1 -1 -10 22.383 571.402 183.363 667.081 -1 -1 -1 -1000 -1000 -1000 -10 0.98330550
Car -1 -1 -10 529.206 572.888 616.334 634.370 -1 -1 -1 -1000 -1000 -1000 -10 0.12256199
Car -1 -1 -10 67.626 553.502 307.835 669.404 -1 -1 -1 -1000 -1000 -1000 -10 0.06225366
Car -1 -1 -10 517.078 564.771 607.889 627.520 -1 -1 -1 -1000 -1000 -1000 -10 0.01124229
Car -1 -1 -10 5.110 580.121 58.016 680.787 -1 -1 -1 -1000 -1000 -1000 -10 0.01090297
Car -1 -1 -10 416.401 550.266 558.497 626.215 -1 -1 -1 -1000 -1000 -1000 -10 0.01537059
Car -1 -1 -10 436.676 1096.353 604.508 1186.689 -1 -1 -1 -1000 -1000 -1000 -10 0.01483916
Car -1 -1 -10 1370.713 572.613 1516.329 705.408 -1 -1 -1 -1000 -1000 -1000 -10 0.01007929
Car -1 -1 -10 324.235 1096.965 595.412 1200.000 -1 -1 -1 -1000 -1000 -1000 -10 0.00591423
Car -1 -1 -10 291.189 1081.669 629.896 1200.000 -1 -1 -1 -1000 -1000 -1000 -10 0.00586523
Car -1 -1 -10 449.765 561.343 536.537 626.489 -1 -1 -1 -1000 -1000 -1000 -10 0.00507798
Car -1 -1 -10 416.776 645.874 584.843 1189.176 -1 -1 -1 -1000 -1000 -1000 -10 0.01076264
Car -1 -1 -10 440.561 558.454 545.534 631.037 -1 -1 -1 -1000 -1000 -1000 -10 0.00451853
Car -1 -1 -10 247.616 1049.893 705.076 1199.499 -1 -1 -1 -1000 -1000 -1000 -10 0.00401663
Car -1 -1 -10 480.319 650.963 649.064 1188.759 -1 -1 -1 -1000 -1000 -1000 -10 0.00389827
Car -1 -1 -10 160.629 535.046 323.221 649.860 -1 -1 -1 -1000 -1000 -1000 -10 0.00356108
Car -1 -1 -10 96.309 564.656 265.725 661.755 -1 -1 -1 -1000 -1000 -1000 -10 0.00657621
Car -1 -1 -10 136.162 526.815 347.567 650.926 -1 -1 -1 -1000 -1000 -1000 -10 0.00325362
Car -1 -1 -10 183.154 1011.134 757.780 1200.000 -1 -1 -1 -1000 -1000 -1000 -10 0.00303459
