Car -1 -1 -10 870.987 526.483 1020.149 656.654 -1 -1 -1 -1000 -1000 -1000 -10 0.77819107
Car -1 -1 -10 1053.925 558.280 1127.737 623.048 -1 -1 -1 -1000 -1000 -1000 -10 0.37793198
Car -1 -1 -10 86.685 547.919 244.632 624.108 -1 -1 -1 -1000 -1000 -1000 -10 0.01224258
Car -1 -1 -10 751.958 790.589 1381.883 1195.535 -1 -1 -1 -1000 -1000 -1000 -10 0.00729350
Car -1 -1 -10 0.000 802.840 464.614 1199.462 -1 -1 -1 -1000 -1000 -1000 -10 0.00706336
Car -1 -1 -10 1149.944 1102.623 1268.830 1198.753 -1 -1 -1 -1000 -1000 -1000 -10 0.00179001
Car -1 -1 -10 986.950 1024.774 1448.997 1200.000 -1 -1 -1 -1000 -1000 -1000 -10 0.00301985
Car -1 -1 -10 1050.128 1086.211 1373.020 1200.000 -1 -1 -1 -1000 -1000 -1000 -10 0.00166805
Car -1 -1 -10 860.399 1033.190 1302.940 1200.000 -1 -1 -1 -1000 -1000 -1000 -10 0.00164865
Car -1 -1 -10 1132.743 553.613 1240.299 656.923 -1 -1 -1 -1000 -1000 -1000 -10 0.00162604
Car -1 -1 -10 11.078 701.341 241.712 1196.578 -1 -1 -1 -1000 -1000 -1000 -10 0.00433700
Car -1 -1 -10 877.331 301.342 1025.188 796.823 -1 -1 -1 -1000 -1000 -1000 -10 0.00282314
Car -1 -1 -10 1251.125 1159.174 1288.135 1200.000 -1 -1 -1 -1000 -1000 -1000 -10 0.00157790
Car -1 -1 -10 1105.396 1104.624 1278.586 1200.000 -1 -1 -1 -1000 -1000 -1000 -10 0.00155602
Car -1 -1 -10 960.909 654.557 1204.489 1192.538 -1 -1 -1 -1000 -1000 -1000 -10 0.00282459
Car -1 -1 -10 912.263 653.481 1104.460 1188.587 -1 -1 -1 -1000 -1000 -1000 -10 0.00283241
Car -1 -1 -10 172.146 501.536 1368.063 1192.161 -1 -1 -1 -1000 -1000 -1000 -10 0.00274991
Car -1 -1 -10 991.690 1103.941 1238.827 1200.000 -1 -1 -1 -1000 -1000 -1000 -10 0.00261043
Car -1 -1 -10 845.347 828.608 1076.556 1040.752 -1 -1 -1 -1000 -1000 -1000 -10 0.00262719
Car -1 -1 -10 1133.540 561.169 1272.851 663.903 -1 -1 -1 -1000 -1000 -1000 -10 0.00133564
Car -1 -1 -10 828.345 652.186 1018.564 1186.134 -1 -1 -1 -1000 -1000 -1000 -10 0.00133542
Car -1 -1 -10 1034.523 1104.107 1210.075 1200.000 -1 -1 -1 -1000 -1000 -1000 -10 0.00129658
Car -1 -1 -10 1035.344 824.003 1196.303 1200.000 -1 -1 -1 -1000 -1000 -1000 -10 0.00129179
Car -1 -1 -10 1256.708 1158.149 1293.792 1200.000 -1 -1 -1 -1000 -1000 -1000 -10 0.00128953
Car -1 -1 -10 904.764 1059.558 1299.247 1200.000 -1 -1 -1 -1000 -1000 -1000 -10 0.00238927
Car -1 -1 -10 1077.824 1115.830 1158.777 1200.000 -1 -1 -1 -1000 -1000 -1000 -10 0.00235937
Car -1 -1 -10 764.364 1033.380 1198.052 1200.000 -1 -1 -1 -1000 -1000 -1000 -10 0.00125520
Car -1 -1 -10 1024.683 760.247 1210.245 1199.862 -1 -1 -1 -1000 -1000 -1000 -10 0.00125292
Car -1 -1 -10 1098.332 1104.716 1347.620 1200.000 -1 -1 -1 -1000 -1000 -1000 -10 0.00124881
Car -1 -1 -10 10.556 704.885 160.377 1200.000 -1 -1 -1 -1000 -1000 -1000 -10 0.00115066
Car -1 -1 -10 943.927 593.347 1093.763 1197.784 -1 -1 -1 -1000 -1000 -1000 -10 0.00114592
Car -1 -1 -10 1350.640 1156.818 1389.078 1200.000 -1 -1 -1 -1000 -1000 -1000 -10 0.00112899
Car -1 -1 -10 1147.348 1018.719 1241.951 1200.000 -1 -1 -1 -1000 -1000 -1000 -10 0.00110979
Car -1 -1 -10 892.912 823.658 1052.728 1200.000 -1 -1 -1 -1000 -1000 -1000 -10 0.00109451
Car -1 -1 -10 962.227 824.076 1124.032 1200.000 -1 -1 -1 -1000 -1000 -1000 -10 0.00104948
Car -1 -1 -10 1.623 886.961 239.876 1200.000 -1 -1 -1 -1000 -1000 -1000 -10 0.00098652
