Car -1 -1 -10 1102.176 555.859 1184.069 627.047 -1 -1 -1 -1000 -1000 -1000 -10 0.99081977
Car -1 -1 -10 552.793 1082.718 884.434 1200.000 -1 -1 -1 -1000 -1000 -1000 -10 0.00685779
Car -1 -1 -10 742.863 797.080 1367.667 1194.558 -1 -1 -1 -1000 -1000 -1000 -10 0.00529659
Car -1 -1 -10 813.526 1025.013 1196.979 1193.575 -1 -1 -1 -1000 -1000 -1000 -10 0.01205642
Car -1 -1 -10 0.000 790.112 466.764 1198.959 -1 -1 -1 -1000 -1000 -1000 -10 0.00864153
Car -1 -1 -10 1029.818 669.362 1205.079 1188.470 -1 -1 -1 -1000 -1000 -1000 -10 0.00321108
Car -1 -1 -10 901.882 1059.244 1308.019 1200.000 -1 -1 -1 -1000 -1000 -1000 -10 0.00585880
Car -1 -1 -10 0.000 714.854 397.236 1200.000 -1 -1 -1 -1000 -1000 -1000 -10 0.00286661
Car -1 -1 -10 898.505 713.148 1149.933 1196.085 -1 -1 -1 -1000 -1000 -1000 -10 0.00265345
Car -1 -1 -10 1074.062 1091.199 1244.277 1189.295 -1 -1 -1 -1000 -1000 -1000 -10 0.00467233
Car -1 -1 -10 951.417 677.421 1173.170 1186.877 -1 -1 -1 -1000 -1000 -1000 -10 0.00233327
Car -1 -1 -10 1064.172 657.976 1217.536 1200.000 -1 -1 -1 -1000 -1000 -1000 -10 0.00226380
Car -1 -1 -10 1408.270 602.895 1920.000 1200.000 -1 -1 -1 -1000 -1000 -1000 -10 0.00431789
Car -1 -1 -10 857.032 801.228 1228.751 1196.512 -1 -1 -1 -1000 -1000 -1000 -10 0.00220593
Car -1 -1 -10 851.413 896.464 1142.620 1200.000 -1 -1 -1 -1000 -1000 -1000 -10 0.00408812
Car -1 -1 -10 638.882 624.829 820.570 1187.650 -1 -1 -1 -1000 -1000 -1000 -10 0.00382383
Car -1 -1 -10 617.038 1081.212 943.124 1200.000 -1 -1 -1 -1000 -1000 -1000 -10 0.00210084
Car -1 -1 -10 618.754 1049.399 1038.916 1200.000 -1 -1 -1 -1000 -1000 -1000 -10 0.00408796
Car -1 -1 -10 622.628 1102.327 802.626 1200.000 -1 -1 -1 -1000 -1000 -1000 -10 0.00208817
Car -1 -1 -10 561.604 1103.106 820.754 1200.000 -1 -1 -1 -1000 -1000 -1000 -10 0.00388436
Car -1 -1 -10 41.216 637.706 219.655 1190.348 -1 -1 -1 -1000 -1000 -1000 -10 0.00385186
Car -1 -1 -10 937.425 833.601 1100.757 1200.000 -1 -1 -1 -1000 -1000 -1000 -10 0.00203660
Car -1 -1 -10 646.484 1103.530 830.420 1200.000 -1 -1 -1 -1000 -1000 -1000 -10 0.00202237
Car -1 -1 -10 1212.026 1158.136 1248.000 1200.000 -1 -1 -1 -1000 -1000 -1000 -10 0.00386596
Car -1 -1 -10 880.714 1100.267 1141.967 1200.000 -1 -1 -1 -1000 -1000 -1000 -10 0.00396548
Car -1 -1 -10 946.063 876.183 1235.198 1200.000 -1 -1 -1 -1000 -1000 -1000 -10 0.00199175
Car -1 -1 -10 809.040 942.915 1430.522 1200.000 -1 -1 -1 -1000 -1000 -1000 -10 0.00198673
Car -1 -1 -10 699.494 1083.086 759.282 1200.000 -1 -1 -1 -1000 -1000 -1000 -10 0.00530993
Car -1 -1 -10 964.228 1051.428 1396.560 1200.000 -1 -1 -1 -1000 -1000 -1000 -10 0.00336229
Car -1 -1 -10 1030.429 1069.678 1202.476 1164.204 -1 -1 -1 -1000 -1000 -1000 -10 0.00191155
Car -1 -1 -10 0.000 520.342 922.815 1200.000 -1 -1 -1 -1000 -1000 -1000 -10 0.00360179
Car -1 -1 -10 709.643 1101.058 963.032 1200.000 -1 -1 -1 -1000 -1000 -1000 -10 0.00185030
Car -1 -1 -10 751.107 1086.268 809.576 1200.000 -1 -1 -1 -1000 -1000 -1000 -10 0.00332163
Car -1 -1 -10 933.212 1076.685 1072.732 1197.460 -1 -1 -1 -1000 -1000 -1000 -10 0.00176346
Car -1 -1 -10 1028.581 753.694 1155.508 1200.000 -1 -1 -1 -1000 -1000 -1000 -10 0.00175708
Car -1 -1 -10 934.973 1055.840 1070.132 1177.161 -1 -1 -1 -1000 -1000 -1000 -10 0.00173740
Car -1 -1 -10 957.459 769.969 1083.831 1200.000 -1 -1 -1 -1000 -1000 -1000 -10 0.00169956
Car -1 -1 -10 477.770 1027.992 986.581 1200.000 -1 -1 -1 -1000 -1000 -1000 -10 0.00167717
Car -1 -1 -10 26.759 691.384 257.258 1198.532 -1 -1 -1 -1000 -1000 -1000 -10 0.00329499
Car -1 -1 -10 955.951 510.858 1920.000 1184.839 -1 -1 -1 -1000 -1000 -1000 -10 0.00322067
Car -1 -1 -10 1116.994 1091.401 1276.719 1187.998 -1 -1 -1 -1000 -1000 -1000 -10 0.00161552
Car -1 -1 -10 914.570 1065.650 1082.782 1163.642 -1 -1 -1 -1000 -1000 -1000 -10 0.00160413
Car -1 -1 -10 764.475 1156.377 803.548 1200.000 -1 -1 -1 -1000 -1000 -1000 -10 0.00159972
Car -1 -1 -10 1245.937 1158.146 1281.984 1200.000 -1 -1 -1 -1000 -1000 -1000 -10 0.00157938
Car -1 -1 -10 995.323 886.120 1281.449 1200.000 -1 -1 -1 -1000 -1000 -1000 -10 0.00155646
Car -1 -1 -10 819.065 1100.095 1074.041 1200.000 -1 -1 -1 -1000 -1000 -1000 -10 0.00149894
Car -1 -1 -10 667.717 1025.248 760.694 1200.000 -1 -1 -1 -1000 -1000 -1000 -10 0.00148317
Car -1 -1 -10 763.914 1124.119 802.519 1200.000 -1 -1 -1 -1000 -1000 -1000 -10 0.00147601
Car -1 -1 -10 0.000 938.371 325.067 1200.000 -1 -1 -1 -1000 -1000 -1000 -10 0.00146218
Car -1 -1 -10 677.431 945.021 1299.246 1200.000 -1 -1 -1 -1000 -1000 -1000 -10 0.00144273
