Car -1 -1 -10 967.687 566.758 1227.367 690.770 -1 -1 -1 -1000 -1000 -1000 -10 0.93391357
Car -1 -1 -10 1532.155 572.993 1795.945 684.175 -1 -1 -1 -1000 -1000 -1000 -10 0.90281965
Car -1 -1 -10 66.458 295.781 1010.325 1167.137 -1 -1 -1 -1000 -1000 -1000 -10 0.10560934
Car -1 -1 -10 0.000 320.223 796.419 1175.755 -1 -1 -1 -1000 -1000 -1000 -10 0.05103282
Car -1 -1 -10 226.356 193.958 1128.305 1200.000 -1 -1 -1 -1000 -1000 -1000 -10 0.00618868
Car -1 -1 -10 146.177 235.684 1104.083 877.139 -1 -1 -1 -1000 -1000 -1000 -10 0.00611067
Car -1 -1 -10 0.000 552.156 520.447 1196.484 -1 -1 -1 -1000 -1000 -1000 -10 0.01062610
Car -1 -1 -10 515.595 310.435 913.305 1060.072 -1 -1 -1 -1000 -1000 -1000 -10 0.00879040
Car -1 -1 -10 15.422 358.873 401.373 1082.161 -1 -1 -1 -1000 -1000 -1000 -10 0.01171777
Car -1 -1 -10 1504.197 590.144 1669.818 681.580 -1 -1 -1 -1000 -1000 -1000 -10 0.01585405
Car -1 -1 -10 0.000 759.832 608.132 1200.000 -1 -1 -1 -1000 -1000 -1000 -10 0.00393741
Car -1 -1 -10 191.251 692.340 1032.880 1182.158 -1 -1 -1 -1000 -1000 -1000 -10 0.00666596
Car -1 -1 -10 0.000 574.592 519.631 959.608 -1 -1 -1 -1000 -1000 -1000 -10 0.00336556
Car -1 -1 -10 20.520 589.341 432.612 862.413 -1 -1 -1 -1000 -1000 -1000 -10 0.00325517
Car -1 -1 -10 255.557 304.151 980.779 824.566 -1 -1 -1 -1000 -1000 -1000 -10 0.00821171
Car -1 -1 -10 69.627 809.303 435.441 1194.795 -1 -1 -1 -1000 -1000 -1000 -10 0.00568681
Car -1 -1 -10 188.522 562.956 321.197 1199.965 -1 -1 -1 -1000 -1000 -1000 -10 0.00296131
Car -1 -1 -10 0.000 702.047 562.052 1132.673 -1 -1 -1 -1000 -1000 -1000 -10 0.00289585
Car -1 -1 -10 173.113 402.086 328.747 1200.000 -1 -1 -1 -1000 -1000 -1000 -10 0.00284956
Car -1 -1 -10 440.127 655.413 872.463 898.055 -1 -1 -1 -1000 -1000 -1000 -10 0.00568988
Car -1 -1 -10 48.988 694.930 462.048 953.939 -1 -1 -1 -1000 -1000 -1000 -10 0.00279192
Car -1 -1 -10 126.408 527.209 372.379 993.483 -1 -1 -1 -1000 -1000 -1000 -10 0.00270637
Car -1 -1 -10 94.524 599.782 320.974 820.761 -1 -1 -1 -1000 -1000 -1000 -10 0.00268424
Car -1 -1 -10 460.528 717.441 854.983 1182.228 -1 -1 -1 -1000 -1000 -1000 -10 0.00257073
Car -1 -1 -10 589.423 394.192 730.566 1187.776 -1 -1 -1 -1000 -1000 -1000 -10 0.00488813
Car -1 -1 -10 70.228 54.473 392.431 1172.396 -1 -1 -1 -1000 -1000 -1000 -10 0.00242715
Car -1 -1 -10 584.712 714.905 743.825 812.263 -1 -1 -1 -1000 -1000 -1000 -10 0.00242115
Car -1 -1 -10 157.132 674.507 287.817 804.563 -1 -1 -1 -1000 -1000 -1000 -10 0.00233168
Car -1 -1 -10 411.511 721.732 902.733 1023.437 -1 -1 -1 -1000 -1000 -1000 -10 0.00231244
Car -1 -1 -10 374.477 79.820 683.372 1183.425 -1 -1 -1 -1000 -1000 -1000 -10 0.00460107
Car -1 -1 -10 476.143 536.321 887.912 805.893 -1 -1 -1 -1000 -1000 -1000 -10 0.00230132
Car -1 -1 -10 17.987 1030.619 468.178 1200.000 -1 -1 -1 -1000 -1000 -1000 -10 0.00228552
