Car -1 -1 -10 399.332 643.218 480.818 698.608 -1 -1 -1 -1000 -1000 -1000 -10 0.58989182
Car -1 -1 -10 1588.254 597.123 1745.588 683.617 -1 -1 -1 -1000 -1000 -1000 -10 0.01500680
Car -1 -1 -10 1381.189 622.320 1548.304 698.741 -1 -1 -1 -1000 -1000 -1000 -10 0.01558006
Car -1 -1 -10 1659.994 592.316 1829.976 683.437 -1 -1 -1 -1000 -1000 -1000 -10 0.00958186
Car -1 -1 -10 1391.888 617.972 1445.848 668.594 -1 -1 -1 -1000 -1000 -1000 -10 0.00546341
Car -1 -1 -10 1317.324 622.269 1482.865 705.673 -1 -1 -1 -1000 -1000 -1000 -10 0.00774082
Car -1 -1 -10 1606.210 597.717 1772.914 677.186 -1 -1 -1 -1000 -1000 -1000 -10 0.00416663
Car -1 -1 -10 1568.411 545.616 1861.261 685.909 -1 -1 -1 -1000 -1000 -1000 -10 0.00415310
Car -1 -1 -10 1514.404 598.130 1672.502 680.429 -1 -1 -1 -1000 -1000 -1000 -10 0.00397151
Car -1 -1 -10 1609.031 571.475 1778.085 663.541 -1 -1 -1 -1000 -1000 -1000 -10 0.00182608
Car -1 -1 -10 1441.387 497.754 1911.454 846.675 -1 -1 -1 -1000 -1000 -1000 -10 0.00174089
Car -1 -1 -10 1830.727 514.339 1920.000 687.106 -1 -1 -1 -1000 -1000 -1000 -10 0.00374540
Car -1 -1 -10 1345.120 603.840 1515.089 680.024 -1 -1 -1 -1000 -1000 -1000 -10 0.00163839
Car -1 -1 -10 1760.092 662.230 1903.824 766.586 -1 -1 -1 -1000 -1000 -1000 -10 0.00154072
Car -1 -1 -10 1294.852 640.534 1451.343 734.026 -1 -1 -1 -1000 -1000 -1000 -10 0.00348751
Car -1 -1 -10 0.000 798.753 452.675 1198.663 -1 -1 -1 -1000 -1000 -1000 -10 0.00504127
Car -1 -1 -10 621.138 1157.443 659.092 1200.000 -1 -1 -1 -1000 -1000 -1000 -10 0.00224006
Car -1 -1 -10 1594.783 598.580 1678.965 664.377 -1 -1 -1 -1000 -1000 -1000 -10 0.00224801
Car -1 -1 -10 1495.796 486.620 1920.000 1036.235 -1 -1 -1 -1000 -1000 -1000 -10 0.00133053
Car -1 -1 -10 1501.299 401.430 1920.000 925.401 -1 -1 -1 -1000 -1000 -1000 -10 0.00131052
Car -1 -1 -10 1262.656 616.005 1549.644 760.141 -1 -1 -1 -1000 -1000 -1000 -10 0.00209378
Car -1 -1 -10 1770.063 651.607 1892.224 773.159 -1 -1 -1 -1000 -1000 -1000 -10 0.00122399
Car -1 -1 -10 1451.020 619.719 1604.922 696.836 -1 -1 -1 -1000 -1000 -1000 -10 0.00188746
Car -1 -1 -10 392.590 1080.070 453.169 1200.000 -1 -1 -1 -1000 -1000 -1000 -10 0.00120724
Car -1 -1 -10 1615.116 544.165 1920.000 685.743 -1 -1 -1 -1000 -1000 -1000 -10 0.00237428
Car -1 -1 -10 1568.651 350.988 1920.000 778.476 -1 -1 -1 -1000 -1000 -1000 -10 0.00118133
Car -1 -1 -10 1363.091 637.061 1523.100 728.849 -1 -1 -1 -1000 -1000 -1000 -10 0.00219867
Car -1 -1 -10 1189.435 590.248 1630.601 864.449 -1 -1 -1 -1000 -1000 -1000 -10 0.00193854
Car -1 -1 -10 0.000 1166.608 25.486 1200.000 -1 -1 -1 -1000 -1000 -1000 -10 0.00108535
Car -1 -1 -10 1770.347 498.021 1920.000 719.320 -1 -1 -1 -1000 -1000 -1000 -10 0.00108346
Car -1 -1 -10 1497.273 542.932 1910.851 811.773 -1 -1 -1 -1000 -1000 -1000 -10 0.00107065
Car -1 -1 -10 1662.111 612.147 1917.348 814.117 -1 -1 -1 -1000 -1000 -1000 -10 0.00101619
Car -1 -1 -10 1503.678 207.741 1920.000 727.343 -1 -1 -1 -1000 -1000 -1000 -10 0.00098902
Car -1 -1 -10 1778.513 602.088 1906.416 726.308 -1 -1 -1 -1000 -1000 -1000 -10 0.00098742
Car -1 -1 -10 651.333 1157.969 689.390 1200.000 -1 -1 -1 -1000 -1000 -1000 -10 0.00097026
Car -1 -1 -10 1461.702 799.165 1920.000 1200.000 -1 -1 -1 -1000 -1000 -1000 -10 0.00187724
Car -1 -1 -10 1701.236 477.319 1919.350 906.738 -1 -1 -1 -1000 -1000 -1000 -10 0.00096295
Car -1 -1 -10 289.901 1108.892 546.835 1200.000 -1 -1 -1 -1000 -1000 -1000 -10 0.00186271
Car -1 -1 -10 1812.605 499.352 1920.000 711.147 -1 -1 -1 -1000 -1000 -1000 -10 0.00096187
Car -1 -1 -10 1303.880 655.399 1377.959 731.847 -1 -1 -1 -1000 -1000 -1000 -10 0.00092581
Car -1 -1 -10 1771.173 613.595 1914.394 715.168 -1 -1 -1 -1000 -1000 -1000 -10 0.00091885
Car -1 -1 -10 1640.201 526.058 1914.550 828.147 -1 -1 -1 -1000 -1000 -1000 -10 0.00091228
Car -1 -1 -10 1427.610 351.803 1920.000 703.003 -1 -1 -1 -1000 -1000 -1000 -10 0.00090965
Car -1 -1 -10 510.581 1158.315 549.016 1200.000 -1 -1 -1 -1000 -1000 -1000 -10 0.00090394
Car -1 -1 -10 1426.515 575.259 1920.000 1200.000 -1 -1 -1 -1000 -1000 -1000 -10 0.00090138
Car -1 -1 -10 547.110 1158.247 585.026 1200.000 -1 -1 -1 -1000 -1000 -1000 -10 0.00089876
Car -1 -1 -10 1693.290 630.174 1920.000 794.372 -1 -1 -1 -1000 -1000 -1000 -10 0.00089453
Car -1 -1 -10 1764.952 623.324 1893.752 751.126 -1 -1 -1 -1000 -1000 -1000 -10 0.00088793
Car -1 -1 -10 1679.882 615.273 1831.304 705.282 -1 -1 -1 -1000 -1000 -1000 -10 0.00088529
Car -1 -1 -10 1525.330 240.910 1914.906 515.233 -1 -1 -1 -1000 -1000 -1000 -10 0.00087658
Car -1 -1 -10 1544.243 615.966 1599.727 669.389 -1 -1 -1 -1000 -1000 -1000 -10 0.00086827
Car -1 -1 -10 530.413 1158.424 567.467 1200.000 -1 -1 -1 -1000 -1000 -1000 -10 0.00158608
Car -1 -1 -10 1272.175 292.525 1338.069 370.360 -1 -1 -1 -1000 -1000 -1000 -10 0.00086045
Car -1 -1 -10 331.084 634.995 508.370 1194.864 -1 -1 -1 -1000 -1000 -1000 -10 0.00085940
Car -1 -1 -10 1728.250 530.847 1920.000 695.964 -1 -1 -1 -1000 -1000 -1000 -10 0.00083969
Car -1 -1 -10 0.000 936.233 320.679 1200.000 -1 -1 -1 -1000 -1000 -1000 -10 0.00082419
Car -1 -1 -10 1528.895 590.601 1806.406 727.148 -1 -1 -1 -1000 -1000 -1000 -10 0.00082278
Car -1 -1 -10 1227.457 641.901 1382.637 732.771 -1 -1 -1 -1000 -1000 -1000 -10 0.00156521
Car -1 -1 -10 1302.333 544.892 1615.579 688.201 -1 -1 -1 -1000 -1000 -1000 -10 0.00080717
Car -1 -1 -10 1814.126 640.833 1917.368 739.079 -1 -1 -1 -1000 -1000 -1000 -10 0.00080084
Car -1 -1 -10 1715.006 579.396 1914.864 792.212 -1 -1 -1 -1000 -1000 -1000 -10 0.00080077
Car -1 -1 -10 1531.177 459.967 1890.382 663.563 -1 -1 -1 -1000 -1000 -1000 -10 0.00079729
Car -1 -1 -10 1632.496 618.713 1717.129 688.745 -1 -1 -1 -1000 -1000 -1000 -10 0.00078818
Car -1 -1 -10 638.537 654.336 824.527 1194.215 -1 -1 -1 -1000 -1000 -1000 -10 0.00078746
Car -1 -1 -10 1531.757 612.380 1612.165 671.528 -1 -1 -1 -1000 -1000 -1000 -10 0.00078164
Car -1 -1 -10 1739.611 580.991 1909.852 746.761 -1 -1 -1 -1000 -1000 -1000 -10 0.00078129
Car -1 -1 -10 304.082 1159.352 340.248 1200.000 -1 -1 -1 -1000 -1000 -1000 -10 0.00078021
Car -1 -1 -10 398.741 1158.891 436.112 1200.000 -1 -1 -1 -1000 -1000 -1000 -10 0.00076909
Car -1 -1 -10 380.597 1087.946 439.978 1200.000 -1 -1 -1 -1000 -1000 -1000 -10 0.00076637
Car -1 -1 -10 1662.475 532.908 1920.000 911.006 -1 -1 -1 -1000 -1000 -1000 -10 0.00076014
Car -1 -1 -10 607.639 1127.920 672.974 1200.000 -1 -1 -1 -1000 -1000 -1000 -10 0.00075991
Car -1 -1 -10 1125.541 342.206 1704.229 700.643 -1 -1 -1 -1000 -1000 -1000 -10 0.00074150
Car -1 -1 -10 1485.885 338.041 1780.440 491.064 -1 -1 -1 -1000 -1000 -1000 -10 0.00073627
Car -1 -1 -10 636.501 1128.735 703.550 1200.000 -1 -1 -1 -1000 -1000 -1000 -10 0.00072835
Car -1 -1 -10 1305.762 359.647 1614.424 517.858 -1 -1 -1 -1000 -1000 -1000 -10 0.00140907
Car -1 -1 -10 1562.746 561.487 1804.973 670.450 -1 -1 -1 -1000 -1000 -1000 -10 0.00071199
Car -1 -1 -10 1552.234 620.002 1704.716 698.523 -1 -1 -1 -1000 -1000 -1000 -10 0.00070271
Car -1 -1 -10 1752.074 535.004 1906.849 644.530 -1 -1 -1 -1000 -1000 -1000 -10 0.00067877
Car -1 -1 -10 392.558 1158.190 429.704 1200.000 -1 -1 -1 -1000 -1000 -1000 -10 0.00067404
Car -1 -1 -10 1706.132 612.635 1868.470 713.481 -1 -1 -1 -1000 -1000 -1000 -10 0.00067277
