Car -1 -1 -10 544.099 522.853 782.813 737.969 -1 -1 -1 -1000 -1000 -1000 -10 0.99982950
Car -1 -1 -10 217.366 581.171 382.117 738.765 -1 -1 -1 -1000 -1000 -1000 -10 0.99897467
Car -1 -1 -10 0.000 802.185 313.930 1197.682 -1 -1 -1 -1000 -1000 -1000 -10 0.00277154
Car -1 -1 -10 0.000 792.035 467.932 1200.000 -1 -1 -1 -1000 -1000 -1000 -10 0.00441858
Car -1 -1 -10 0.000 719.713 399.196 1198.008 -1 -1 -1 -1000 -1000 -1000 -10 0.00194286
Car -1 -1 -10 579.464 536.611 700.506 650.694 -1 -1 -1 -1000 -1000 -1000 -10 0.00148896
Car -1 -1 -10 636.297 528.966 764.474 653.957 -1 -1 -1 -1000 -1000 -1000 -10 0.00127005
Car -1 -1 -10 586.376 508.940 742.823 621.131 -1 -1 -1 -1000 -1000 -1000 -10 0.00120637
Car -1 -1 -10 280.987 583.039 393.742 702.316 -1 -1 -1 -1000 -1000 -1000 -10 0.00119308
Car -1 -1 -10 566.972 509.456 718.880 619.172 -1 -1 -1 -1000 -1000 -1000 -10 0.00118163
Car -1 -1 -10 0.000 935.883 326.312 1200.000 -1 -1 -1 -1000 -1000 -1000 -10 0.00111073
Car -1 -1 -10 11.681 742.184 241.080 1192.434 -1 -1 -1 -1000 -1000 -1000 -10 0.00108327
Car -1 -1 -10 205.686 587.138 320.862 698.654 -1 -1 -1 -1000 -1000 -1000 -10 0.00104111
