Car -1 -1 -10 747.667 613.386 844.050 728.733 -1 -1 -1 -1000 -1000 -1000 -10 0.14568114
Car -1 -1 -10 749.259 623.908 863.367 734.777 -1 -1 -1 -1000 -1000 -1000 -10 0.03057673
Car -1 -1 -10 0.000 584.073 529.227 1200.000 -1 -1 -1 -1000 -1000 -1000 -10 0.01827261
Car -1 -1 -10 0.000 495.950 949.121 1190.414 -1 -1 -1 -1000 -1000 -1000 -10 0.01306900
Car -1 -1 -10 1030.128 521.156 1532.737 822.287 -1 -1 -1 -1000 -1000 -1000 -10 0.00515594
Car -1 -1 -10 68.651 62.179 361.086 1200.000 -1 -1 -1 -1000 -1000 -1000 -10 0.00275095
Car -1 -1 -10 1215.372 585.482 1372.697 689.559 -1 -1 -1 -1000 -1000 -1000 -10 0.00473823
Car -1 -1 -10 1327.006 517.490 1917.421 974.416 -1 -1 -1 -1000 -1000 -1000 -10 0.00503340
Car -1 -1 -10 770.088 582.873 819.736 748.256 -1 -1 -1 -1000 -1000 -1000 -10 0.00265345
Car -1 -1 -10 1280.003 257.551 1920.000 833.256 -1 -1 -1 -1000 -1000 -1000 -10 0.00469634
Car -1 -1 -10 1148.302 557.297 1426.697 717.985 -1 -1 -1 -1000 -1000 -1000 -10 0.00240660
Car -1 -1 -10 1462.404 454.514 1920.000 797.436 -1 -1 -1 -1000 -1000 -1000 -10 0.00238280
Car -1 -1 -10 766.039 634.777 823.933 702.431 -1 -1 -1 -1000 -1000 -1000 -10 0.00237507
Car -1 -1 -10 725.115 148.317 1909.413 1200.000 -1 -1 -1 -1000 -1000 -1000 -10 0.00400271
Car -1 -1 -10 0.042 740.837 395.769 1115.872 -1 -1 -1 -1000 -1000 -1000 -10 0.00366680
Car -1 -1 -10 1511.221 452.816 1920.000 699.781 -1 -1 -1 -1000 -1000 -1000 -10 0.00580322
Car -1 -1 -10 1354.622 317.928 1909.877 797.302 -1 -1 -1 -1000 -1000 -1000 -10 0.00190824
Car -1 -1 -10 94.444 173.871 429.966 1200.000 -1 -1 -1 -1000 -1000 -1000 -10 0.00190638
Car -1 -1 -10 1618.198 479.258 1904.456 646.106 -1 -1 -1 -1000 -1000 -1000 -10 0.00185004
Car -1 -1 -10 1589.962 501.396 1891.113 673.387 -1 -1 -1 -1000 -1000 -1000 -10 0.00171268
Car -1 -1 -10 6.837 555.270 267.534 995.291 -1 -1 -1 -1000 -1000 -1000 -10 0.00170756
Car -1 -1 -10 1035.742 557.237 1459.460 792.358 -1 -1 -1 -1000 -1000 -1000 -10 0.00170727
Car -1 -1 -10 48.147 594.127 210.301 1200.000 -1 -1 -1 -1000 -1000 -1000 -10 0.00166103
Car -1 -1 -10 1340.294 127.715 1920.000 1200.000 -1 -1 -1 -1000 -1000 -1000 -10 0.00165287
Car -1 -1 -10 1130.684 410.160 1434.915 968.240 -1 -1 -1 -1000 -1000 -1000 -10 0.00161060
Car -1 -1 -10 1029.829 525.684 1920.000 1200.000 -1 -1 -1 -1000 -1000 -1000 -10 0.00158962
Car -1 -1 -10 1459.519 797.996 1920.000 1200.000 -1 -1 -1 -1000 -1000 -1000 -10 0.00152460
Car -1 -1 -10 0.000 633.022 331.312 1072.408 -1 -1 -1 -1000 -1000 -1000 -10 0.00146957
