Car -1 -1 -10 658.842 509.617 939.074 772.023 -1 -1 -1 -1000 -1000 -1000 -10 0.05280556
Car -1 -1 -10 9.431 589.961 558.762 1161.405 -1 -1 -1 -1000 -1000 -1000 -10 0.00783454
Car -1 -1 -10 647.790 522.136 832.104 701.618 -1 -1 -1 -1000 -1000 -1000 -10 0.00573678
Car -1 -1 -10 0.000 789.541 455.621 1197.651 -1 -1 -1 -1000 -1000 -1000 -10 0.00374517
Car -1 -1 -10 676.158 560.723 795.729 671.967 -1 -1 -1 -1000 -1000 -1000 -10 0.00297053
Car -1 -1 -10 1092.183 595.202 1257.317 690.368 -1 -1 -1 -1000 -1000 -1000 -10 0.00169643
Car -1 -1 -10 718.566 558.935 831.437 673.552 -1 -1 -1 -1000 -1000 -1000 -10 0.00390116
Car -1 -1 -10 647.429 555.420 783.764 671.087 -1 -1 -1 -1000 -1000 -1000 -10 0.00279271
Car -1 -1 -10 755.408 544.958 891.097 679.166 -1 -1 -1 -1000 -1000 -1000 -10 0.00146959
Car -1 -1 -10 720.251 522.822 901.206 707.617 -1 -1 -1 -1000 -1000 -1000 -10 0.00141181
Car -1 -1 -10 1095.522 613.995 1265.650 708.066 -1 -1 -1 -1000 -1000 -1000 -10 0.00141138
Car -1 -1 -10 834.425 589.695 944.509 699.779 -1 -1 -1 -1000 -1000 -1000 -10 0.00123095
Car -1 -1 -10 697.088 510.682 848.358 616.414 -1 -1 -1 -1000 -1000 -1000 -10 0.00223589
Car -1 -1 -10 755.614 561.088 870.426 670.954 -1 -1 -1 -1000 -1000 -1000 -10 0.00113849
Car -1 -1 -10 0.000 820.804 318.123 1200.000 -1 -1 -1 -1000 -1000 -1000 -10 0.00211691
Car -1 -1 -10 743.623 524.535 877.743 654.711 -1 -1 -1 -1000 -1000 -1000 -10 0.00193819
Car -1 -1 -10 0.000 953.618 305.585 1200.000 -1 -1 -1 -1000 -1000 -1000 -10 0.00204236
Car -1 -1 -10 0.000 691.680 244.863 1049.852 -1 -1 -1 -1000 -1000 -1000 -10 0.00096735
Car -1 -1 -10 0.000 528.923 920.783 1200.000 -1 -1 -1 -1000 -1000 -1000 -10 0.00095602
Car -1 -1 -10 441.290 585.275 637.966 1180.313 -1 -1 -1 -1000 -1000 -1000 -10 0.00093690
Car -1 -1 -10 0.000 666.707 295.239 1081.074 -1 -1 -1 -1000 -1000 -1000 -10 0.00093409
Car -1 -1 -10 0.000 962.953 210.738 1200.000 -1 -1 -1 -1000 -1000 -1000 -10 0.00087093
Car -1 -1 -10 1575.070 566.336 1920.000 1200.000 -1 -1 -1 -1000 -1000 -1000 -10 0.00086803
Car -1 -1 -10 1433.544 608.181 1920.000 1200.000 -1 -1 -1 -1000 -1000 -1000 -10 0.00083920
Car -1 -1 -10 532.811 560.476 678.757 666.283 -1 -1 -1 -1000 -1000 -1000 -10 0.00079967
