Car -1 -1 -10 0.000 535.155 1212.842 1196.149 -1 -1 -1 -1000 -1000 -1000 -10 0.15565920
Car -1 -1 -10 296.484 492.279 1859.232 1200.000 -1 -1 -1 -1000 -1000 -1000 -10 0.04231835
Car -1 -1 -10 48.364 139.170 1777.989 1200.000 -1 -1 -1 -1000 -1000 -1000 -10 0.10093926
Car -1 -1 -10 726.227 479.689 1877.187 1200.000 -1 -1 -1 -1000 -1000 -1000 -10 0.08476661
Car -1 -1 -10 56.888 645.753 886.528 1125.649 -1 -1 -1 -1000 -1000 -1000 -10 0.04722914
Car -1 -1 -10 1277.340 495.652 1918.455 1192.959 -1 -1 -1 -1000 -1000 -1000 -10 0.03377206
Car -1 -1 -10 1437.162 254.030 1919.876 1200.000 -1 -1 -1 -1000 -1000 -1000 -10 0.01246063
Car -1 -1 -10 960.065 579.244 1920.000 1142.070 -1 -1 -1 -1000 -1000 -1000 -10 0.01244808
Car -1 -1 -10 208.180 671.562 721.009 938.013 -1 -1 -1 -1000 -1000 -1000 -10 0.01980424
Car -1 -1 -10 0.000 526.692 503.627 1193.384 -1 -1 -1 -1000 -1000 -1000 -10 0.03532912
Car -1 -1 -10 17.902 579.232 659.299 947.644 -1 -1 -1 -1000 -1000 -1000 -10 0.01810814
Car -1 -1 -10 1331.075 549.659 1920.000 960.092 -1 -1 -1 -1000 -1000 -1000 -10 0.00948870
Car -1 -1 -10 0.000 135.011 1207.383 1200.000 -1 -1 -1 -1000 -1000 -1000 -10 0.00929846
Car -1 -1 -10 1396.380 513.700 1814.856 935.539 -1 -1 -1 -1000 -1000 -1000 -10 0.01609378
Car -1 -1 -10 266.232 616.077 1249.226 1140.249 -1 -1 -1 -1000 -1000 -1000 -10 0.00918649
Car -1 -1 -10 815.901 598.576 1718.223 1132.756 -1 -1 -1 -1000 -1000 -1000 -10 0.01768354
Car -1 -1 -10 82.837 653.222 503.298 893.567 -1 -1 -1 -1000 -1000 -1000 -10 0.00898822
Car -1 -1 -10 373.920 520.364 1307.404 1200.000 -1 -1 -1 -1000 -1000 -1000 -10 0.00883514
Car -1 -1 -10 1242.680 579.025 1829.982 969.987 -1 -1 -1 -1000 -1000 -1000 -10 0.00835976
Car -1 -1 -10 23.089 50.440 309.403 1196.525 -1 -1 -1 -1000 -1000 -1000 -10 0.02299472
Car -1 -1 -10 467.240 670.323 915.414 889.928 -1 -1 -1 -1000 -1000 -1000 -10 0.00807876
Car -1 -1 -10 909.188 571.390 1602.051 944.784 -1 -1 -1 -1000 -1000 -1000 -10 0.00806749
Car -1 -1 -10 72.267 31.115 361.210 1200.000 -1 -1 -1 -1000 -1000 -1000 -10 0.00773734
Car -1 -1 -10 748.011 640.842 1504.520 1092.909 -1 -1 -1 -1000 -1000 -1000 -10 0.00749428
Car -1 -1 -10 1232.345 740.502 1403.398 832.776 -1 -1 -1 -1000 -1000 -1000 -10 0.00743416
Car -1 -1 -10 1381.467 560.822 1615.559 992.054 -1 -1 -1 -1000 -1000 -1000 -10 0.00729770
Car -1 -1 -10 1453.033 642.696 1920.000 1001.190 -1 -1 -1 -1000 -1000 -1000 -10 0.00728897
Car -1 -1 -10 372.445 694.615 994.750 1060.625 -1 -1 -1 -1000 -1000 -1000 -10 0.00724913
Car -1 -1 -10 1194.495 603.389 1714.979 946.301 -1 -1 -1 -1000 -1000 -1000 -10 0.00716864
Car -1 -1 -10 1103.930 633.584 1796.097 1062.770 -1 -1 -1 -1000 -1000 -1000 -10 0.00697911
