Car -1 -1 -10 1456.372 454.143 1918.903 1195.103 -1 -1 -1 -1000 -1000 -1000 -10 0.05931506
Car -1 -1 -10 984.658 503.935 1920.000 1200.000 -1 -1 -1 -1000 -1000 -1000 -10 0.03284081
Car -1 -1 -10 1461.197 702.510 1920.000 1060.250 -1 -1 -1 -1000 -1000 -1000 -10 0.00941972
Car -1 -1 -10 0.000 460.538 899.523 1200.000 -1 -1 -1 -1000 -1000 -1000 -10 0.01535568
Car -1 -1 -10 1457.340 625.361 1749.207 1157.043 -1 -1 -1 -1000 -1000 -1000 -10 0.01415569
Car -1 -1 -10 1290.959 687.543 1858.962 1067.349 -1 -1 -1 -1000 -1000 -1000 -10 0.00752507
Car -1 -1 -10 1445.424 675.539 1920.000 977.360 -1 -1 -1 -1000 -1000 -1000 -10 0.01483901
Car -1 -1 -10 0.000 479.693 649.095 1043.448 -1 -1 -1 -1000 -1000 -1000 -10 0.01326123
Car -1 -1 -10 625.975 135.633 1888.897 1200.000 -1 -1 -1 -1000 -1000 -1000 -10 0.00643151
Car -1 -1 -10 633.671 487.242 1920.000 1200.000 -1 -1 -1 -1000 -1000 -1000 -10 0.00630476
Car -1 -1 -10 1320.757 634.355 1777.461 921.030 -1 -1 -1 -1000 -1000 -1000 -10 0.00602869
