Car -1 -1 -10 614.111 582.488 725.205 680.918 -1 -1 -1 -1000 -1000 -1000 -10 0.99993083
Car -1 -1 -10 66.357 596.162 322.718 744.999 -1 -1 -1 -1000 -1000 -1000 -10 0.99760054
Car -1 -1 -10 961.183 596.169 1073.978 682.655 -1 -1 -1 -1000 -1000 -1000 -10 0.99035968
Car -1 -1 -10 812.326 599.941 855.757 645.343 -1 -1 -1 -1000 -1000 -1000 -10 0.05825168
Car -1 -1 -10 879.430 594.826 930.510 644.652 -1 -1 -1 -1000 -1000 -1000 -10 0.03225760
Car -1 -1 -10 0.000 591.710 520.088 1194.463 -1 -1 -1 -1000 -1000 -1000 -10 0.02179925
Car -1 -1 -10 182.671 596.827 329.077 724.799 -1 -1 -1 -1000 -1000 -1000 -10 0.00295948
Car -1 -1 -10 0.000 782.653 477.595 1200.000 -1 -1 -1 -1000 -1000 -1000 -10 0.00231593
Car -1 -1 -10 79.984 255.055 388.616 1194.059 -1 -1 -1 -1000 -1000 -1000 -10 0.00433905
Car -1 -1 -10 56.649 1137.795 167.561 1200.000 -1 -1 -1 -1000 -1000 -1000 -10 0.00189900
Car -1 -1 -10 807.102 604.992 839.068 652.099 -1 -1 -1 -1000 -1000 -1000 -10 0.00156828
Car -1 -1 -10 0.000 1087.578 209.255 1200.000 -1 -1 -1 -1000 -1000 -1000 -10 0.00154152
Car -1 -1 -10 2.642 1023.589 291.341 1200.000 -1 -1 -1 -1000 -1000 -1000 -10 0.00152533
Car -1 -1 -10 16.277 767.870 197.844 1200.000 -1 -1 -1 -1000 -1000 -1000 -10 0.00140784
Car -1 -1 -10 595.684 806.371 1245.282 1190.860 -1 -1 -1 -1000 -1000 -1000 -10 0.00140427
Car -1 -1 -10 1.471 815.556 306.793 1200.000 -1 -1 -1 -1000 -1000 -1000 -10 0.00138185
Car -1 -1 -10 16.312 1106.907 193.868 1200.000 -1 -1 -1 -1000 -1000 -1000 -10 0.00134769
Car -1 -1 -10 78.791 1143.135 130.921 1200.000 -1 -1 -1 -1000 -1000 -1000 -10 0.00131598
Car -1 -1 -10 69.766 1120.743 151.929 1200.000 -1 -1 -1 -1000 -1000 -1000 -10 0.00126102
Car -1 -1 -10 6.738 965.803 309.889 1200.000 -1 -1 -1 -1000 -1000 -1000 -10 0.00125536
Car -1 -1 -10 4.182 1120.982 85.317 1200.000 -1 -1 -1 -1000 -1000 -1000 -10 0.00123585
