Car -1 -1 -10 778.145 569.462 890.933 662.834 -1 -1 -1 -1000 -1000 -1000 -10 0.99991527
Car -1 -1 -10 1225.859 569.590 1370.564 693.235 -1 -1 -1 -1000 -1000 -1000 -10 0.99940373
Car -1 -1 -10 339.288 579.492 499.076 689.025 -1 -1 -1 -1000 -1000 -1000 -10 0.99790290
Car -1 -1 -10 1144.361 548.853 1291.131 672.331 -1 -1 -1 -1000 -1000 -1000 -10 0.99925663
Car -1 -1 -10 1297.863 555.634 1496.719 710.870 -1 -1 -1 -1000 -1000 -1000 -10 0.99935246
Car -1 -1 -10 6.076 579.044 250.666 750.617 -1 -1 -1 -1000 -1000 -1000 -10 0.99781649
Car -1 -1 -10 1008.966 579.976 1117.627 664.698 -1 -1 -1 -1000 -1000 -1000 -10 0.99608724
Car -1 -1 -10 646.766 587.562 745.046 658.946 -1 -1 -1 -1000 -1000 -1000 -10 0.99417767
Car -1 -1 -10 1446.973 550.562 1778.531 760.583 -1 -1 -1 -1000 -1000 -1000 -10 0.49837834
Car -1 -1 -10 443.349 579.045 588.848 679.281 -1 -1 -1 -1000 -1000 -1000 -10 0.99108644
Car -1 -1 -10 1409.064 560.211 1685.065 749.895 -1 -1 -1 -1000 -1000 -1000 -10 0.49610861
Car -1 -1 -10 214.032 595.810 369.635 712.401 -1 -1 -1 -1000 -1000 -1000 -10 0.49559359
Car -1 -1 -10 173.384 584.799 371.752 710.944 -1 -1 -1 -1000 -1000 -1000 -10 0.49217644
