Car -1 -1 -10 0.046 9.484 1472.921 1190.871 -1 -1 -1 -1000 -1000 -1000 -10 0.03973755
Car -1 -1 -10 0.000 12.722 743.557 1182.790 -1 -1 -1 -1000 -1000 -1000 -10 0.02230944
Car -1 -1 -10 0.000 556.047 542.986 1200.000 -1 -1 -1 -1000 -1000 -1000 -10 0.00871970
Car -1 -1 -10 0.000 321.774 473.995 1196.686 -1 -1 -1 -1000 -1000 -1000 -10 0.02223044
Car -1 -1 -10 0.000 523.588 1009.569 1200.000 -1 -1 -1 -1000 -1000 -1000 -10 0.00719815
Car -1 -1 -10 0.000 515.111 392.127 933.203 -1 -1 -1 -1000 -1000 -1000 -10 0.00594089
Car -1 -1 -10 2.001 532.532 545.042 967.980 -1 -1 -1 -1000 -1000 -1000 -10 0.01070131
Car -1 -1 -10 158.678 363.197 293.474 1119.168 -1 -1 -1 -1000 -1000 -1000 -10 0.00531829
Car -1 -1 -10 110.479 417.803 244.581 1172.307 -1 -1 -1 -1000 -1000 -1000 -10 0.00522367
Car -1 -1 -10 1.868 312.016 902.083 1165.186 -1 -1 -1 -1000 -1000 -1000 -10 0.00500574
Car -1 -1 -10 84.440 65.544 339.252 1200.000 -1 -1 -1 -1000 -1000 -1000 -10 0.00488772
Car -1 -1 -10 42.813 269.420 214.495 1177.411 -1 -1 -1 -1000 -1000 -1000 -10 0.00445476
Car -1 -1 -10 208.298 323.651 340.962 1066.913 -1 -1 -1 -1000 -1000 -1000 -10 0.00439832
Car -1 -1 -10 137.012 73.626 390.615 1200.000 -1 -1 -1 -1000 -1000 -1000 -10 0.00430344
Car -1 -1 -10 0.864 584.556 372.909 866.207 -1 -1 -1 -1000 -1000 -1000 -10 0.00788314
Car -1 -1 -10 0.000 461.052 347.212 883.691 -1 -1 -1 -1000 -1000 -1000 -10 0.00421895
Car -1 -1 -10 175.550 5.554 445.939 1189.560 -1 -1 -1 -1000 -1000 -1000 -10 0.01221696
Car -1 -1 -10 0.000 795.656 474.483 1200.000 -1 -1 -1 -1000 -1000 -1000 -10 0.00781160
Car -1 -1 -10 96.477 345.968 761.298 753.935 -1 -1 -1 -1000 -1000 -1000 -10 0.00416521
Car -1 -1 -10 1.818 552.204 220.072 720.385 -1 -1 -1 -1000 -1000 -1000 -10 0.00414838
Car -1 -1 -10 0.000 453.301 664.041 860.115 -1 -1 -1 -1000 -1000 -1000 -10 0.00410531
Car -1 -1 -10 0.000 329.159 573.216 764.901 -1 -1 -1 -1000 -1000 -1000 -10 0.00365119
Car -1 -1 -10 32.039 487.238 286.290 965.263 -1 -1 -1 -1000 -1000 -1000 -10 0.00338494
