Car -1 -1 -10 938.155 622.089 1045.394 708.522 -1 -1 -1 -1000 -1000 -1000 -10 0.94128211
Car -1 -1 -10 8.864 521.950 688.760 839.190 -1 -1 -1 -1000 -1000 -1000 -10 0.42297055
Car -1 -1 -10 1.522 539.781 389.146 796.724 -1 -1 -1 -1000 -1000 -1000 -10 0.02493969
Car -1 -1 -10 301.350 543.487 719.781 788.988 -1 -1 -1 -1000 -1000 -1000 -10 0.02866317
Car -1 -1 -10 16.345 539.362 595.889 1171.130 -1 -1 -1 -1000 -1000 -1000 -10 0.01366271
Car -1 -1 -10 163.531 544.927 550.801 784.946 -1 -1 -1 -1000 -1000 -1000 -10 0.01076220
Car -1 -1 -10 486.873 529.330 1745.068 1199.552 -1 -1 -1 -1000 -1000 -1000 -10 0.01192641
Car -1 -1 -10 1083.939 521.380 1920.000 1197.398 -1 -1 -1 -1000 -1000 -1000 -10 0.01997684
Car -1 -1 -10 0.000 468.316 429.145 1003.379 -1 -1 -1 -1000 -1000 -1000 -10 0.00529566
Car -1 -1 -10 0.000 532.186 350.075 752.774 -1 -1 -1 -1000 -1000 -1000 -10 0.00527491
Car -1 -1 -10 112.280 512.903 1324.930 1192.789 -1 -1 -1 -1000 -1000 -1000 -10 0.01046676
Car -1 -1 -10 259.861 509.886 616.781 718.807 -1 -1 -1 -1000 -1000 -1000 -10 0.00517414
Car -1 -1 -10 0.000 570.767 683.139 1111.051 -1 -1 -1 -1000 -1000 -1000 -10 0.00498434
Car -1 -1 -10 0.000 462.299 238.107 881.839 -1 -1 -1 -1000 -1000 -1000 -10 0.00843769
Car -1 -1 -10 662.337 635.528 699.660 699.592 -1 -1 -1 -1000 -1000 -1000 -10 0.00782721
Car -1 -1 -10 277.424 525.930 572.940 695.615 -1 -1 -1 -1000 -1000 -1000 -10 0.00393948
Car -1 -1 -10 77.235 521.743 698.505 1161.943 -1 -1 -1 -1000 -1000 -1000 -10 0.00378651
Car -1 -1 -10 569.056 636.338 725.663 739.757 -1 -1 -1 -1000 -1000 -1000 -10 0.00333715
