Car -1 -1 -10 788.848 592.160 864.378 656.824 -1 -1 -1 -1000 -1000 -1000 -10 0.99842820
Car -1 -1 -10 3.848 626.181 130.250 804.072 -1 -1 -1 -1000 -1000 -1000 -10 0.59281991
Car -1 -1 -10 553.937 613.021 616.143 660.583 -1 -1 -1 -1000 -1000 -1000 -10 0.18873567
Car -1 -1 -10 1136.752 360.346 1835.319 892.300 -1 -1 -1 -1000 -1000 -1000 -10 0.10391373
Car -1 -1 -10 1174.057 366.070 1500.466 886.845 -1 -1 -1 -1000 -1000 -1000 -10 0.00997416
Car -1 -1 -10 1166.818 430.074 1539.008 820.923 -1 -1 -1 -1000 -1000 -1000 -10 0.00978268
Car -1 -1 -10 0.000 663.873 444.880 1200.000 -1 -1 -1 -1000 -1000 -1000 -10 0.00652778
Car -1 -1 -10 1454.521 431.827 1754.073 722.275 -1 -1 -1 -1000 -1000 -1000 -10 0.00302992
Car -1 -1 -10 1280.196 356.879 1791.570 700.837 -1 -1 -1 -1000 -1000 -1000 -10 0.00292887
Car -1 -1 -10 0.000 593.386 204.066 854.149 -1 -1 -1 -1000 -1000 -1000 -10 0.00217847
