Car -1 -1 -10 607.536 603.865 714.643 687.342 -1 -1 -1 -1000 -1000 -1000 -10 0.99524130
Car -1 -1 -10 818.798 606.404 871.929 658.933 -1 -1 -1 -1000 -1000 -1000 -10 0.28315521
Car -1 -1 -10 0.000 794.650 466.855 1198.419 -1 -1 -1 -1000 -1000 -1000 -10 0.01008326
Car -1 -1 -10 5.818 968.606 345.136 1200.000 -1 -1 -1 -1000 -1000 -1000 -10 0.00559041
Car -1 -1 -10 0.000 816.518 215.123 1192.092 -1 -1 -1 -1000 -1000 -1000 -10 0.00415303
Car -1 -1 -10 0.000 518.572 864.223 1200.000 -1 -1 -1 -1000 -1000 -1000 -10 0.00461951
Car -1 -1 -10 440.521 1158.781 478.907 1200.000 -1 -1 -1 -1000 -1000 -1000 -10 0.00153676
Car -1 -1 -10 284.873 645.209 459.070 1189.844 -1 -1 -1 -1000 -1000 -1000 -10 0.00141842
Car -1 -1 -10 228.908 586.336 421.700 1178.511 -1 -1 -1 -1000 -1000 -1000 -10 0.00249013
Car -1 -1 -10 54.655 340.110 375.909 1200.000 -1 -1 -1 -1000 -1000 -1000 -10 0.00513490
Car -1 -1 -10 4.055 626.229 540.362 1096.370 -1 -1 -1 -1000 -1000 -1000 -10 0.00249515
Car -1 -1 -10 2.795 922.483 237.730 1200.000 -1 -1 -1 -1000 -1000 -1000 -10 0.00134929
Car -1 -1 -10 176.694 1064.846 576.505 1200.000 -1 -1 -1 -1000 -1000 -1000 -10 0.00131655
Car -1 -1 -10 698.651 1156.663 737.693 1200.000 -1 -1 -1 -1000 -1000 -1000 -10 0.00127447
Car -1 -1 -10 434.413 1157.455 472.122 1200.000 -1 -1 -1 -1000 -1000 -1000 -10 0.00123563
Car -1 -1 -10 125.256 837.822 285.696 1200.000 -1 -1 -1 -1000 -1000 -1000 -10 0.00120885
Car -1 -1 -10 122.345 1067.297 516.871 1200.000 -1 -1 -1 -1000 -1000 -1000 -10 0.00119610
Car -1 -1 -10 104.363 526.331 257.082 1200.000 -1 -1 -1 -1000 -1000 -1000 -10 0.00117880
Car -1 -1 -10 27.691 826.079 186.109 1200.000 -1 -1 -1 -1000 -1000 -1000 -10 0.00108757
Car -1 -1 -10 280.218 678.112 513.525 1198.352 -1 -1 -1 -1000 -1000 -1000 -10 0.00105785
Car -1 -1 -10 272.131 1094.816 439.651 1189.896 -1 -1 -1 -1000 -1000 -1000 -10 0.00202782
Car -1 -1 -10 0.000 0.000 343.292 280.088 -1 -1 -1 -1000 -1000 -1000 -10 0.00097411
Car -1 -1 -10 74.730 613.988 294.419 1191.274 -1 -1 -1 -1000 -1000 -1000 -10 0.00095871
Car -1 -1 -10 159.139 1106.663 416.004 1200.000 -1 -1 -1 -1000 -1000 -1000 -10 0.00094693
Car -1 -1 -10 236.863 596.008 394.996 674.342 -1 -1 -1 -1000 -1000 -1000 -10 0.00094286
Car -1 -1 -10 0.000 1034.444 358.696 1200.000 -1 -1 -1 -1000 -1000 -1000 -10 0.00093859
Car -1 -1 -10 368.219 580.147 566.480 1178.266 -1 -1 -1 -1000 -1000 -1000 -10 0.00091439
