Car -1 -1 -10 640.781 630.585 687.835 679.945 -1 -1 -1 -1000 -1000 -1000 -10 0.12946216
Car -1 -1 -10 1599.859 686.581 1773.803 779.978 -1 -1 -1 -1000 -1000 -1000 -10 0.05258061
Car -1 -1 -10 1596.970 667.837 1757.491 765.115 -1 -1 -1 -1000 -1000 -1000 -10 0.03907638
Car -1 -1 -10 5.352 531.623 1039.342 1182.677 -1 -1 -1 -1000 -1000 -1000 -10 0.03892725
Car -1 -1 -10 1574.794 648.784 1878.635 787.990 -1 -1 -1 -1000 -1000 -1000 -10 0.02418448
Car -1 -1 -10 309.712 517.916 709.930 1200.000 -1 -1 -1 -1000 -1000 -1000 -10 0.00274804
Car -1 -1 -10 421.358 567.261 830.277 1200.000 -1 -1 -1 -1000 -1000 -1000 -10 0.00244490
Car -1 -1 -10 196.483 616.384 837.773 1100.671 -1 -1 -1 -1000 -1000 -1000 -10 0.00221763
Car -1 -1 -10 0.000 793.739 459.336 1197.573 -1 -1 -1 -1000 -1000 -1000 -10 0.00530296
Car -1 -1 -10 0.000 642.185 474.043 1200.000 -1 -1 -1 -1000 -1000 -1000 -10 0.00180196
Car -1 -1 -10 290.503 613.054 804.118 1200.000 -1 -1 -1 -1000 -1000 -1000 -10 0.00177236
Car -1 -1 -10 11.377 676.395 253.976 1199.561 -1 -1 -1 -1000 -1000 -1000 -10 0.00304571
Car -1 -1 -10 1641.539 664.119 1828.554 764.465 -1 -1 -1 -1000 -1000 -1000 -10 0.00166325
Car -1 -1 -10 1632.833 689.210 1812.593 780.003 -1 -1 -1 -1000 -1000 -1000 -10 0.00328783
Car -1 -1 -10 624.819 1158.770 662.550 1200.000 -1 -1 -1 -1000 -1000 -1000 -10 0.00161029
Car -1 -1 -10 406.339 601.966 811.302 1060.408 -1 -1 -1 -1000 -1000 -1000 -10 0.00159900
Car -1 -1 -10 367.832 670.600 621.486 1200.000 -1 -1 -1 -1000 -1000 -1000 -10 0.00156061
Car -1 -1 -10 1347.180 600.855 1878.000 940.954 -1 -1 -1 -1000 -1000 -1000 -10 0.00151088
Car -1 -1 -10 1577.706 543.335 1797.653 885.502 -1 -1 -1 -1000 -1000 -1000 -10 0.00148017
Car -1 -1 -10 13.201 599.423 206.640 1190.282 -1 -1 -1 -1000 -1000 -1000 -10 0.00145983
Car -1 -1 -10 390.487 409.898 707.629 1200.000 -1 -1 -1 -1000 -1000 -1000 -10 0.00144660
Car -1 -1 -10 462.004 486.520 619.208 1200.000 -1 -1 -1 -1000 -1000 -1000 -10 0.00272944
Car -1 -1 -10 322.870 788.824 742.572 1056.434 -1 -1 -1 -1000 -1000 -1000 -10 0.00136185
Car -1 -1 -10 473.001 242.758 773.771 1195.072 -1 -1 -1 -1000 -1000 -1000 -10 0.00262075
Car -1 -1 -10 4.411 1063.387 334.262 1200.000 -1 -1 -1 -1000 -1000 -1000 -10 0.00227788
Car -1 -1 -10 365.615 771.014 948.898 1192.564 -1 -1 -1 -1000 -1000 -1000 -10 0.00128561
Car -1 -1 -10 1588.074 644.014 1707.574 745.848 -1 -1 -1 -1000 -1000 -1000 -10 0.00127861
Car -1 -1 -10 247.280 928.006 854.428 1200.000 -1 -1 -1 -1000 -1000 -1000 -10 0.00127156
Car -1 -1 -10 4.262 1085.742 269.612 1200.000 -1 -1 -1 -1000 -1000 -1000 -10 0.00121908
Car -1 -1 -10 563.270 629.941 754.374 1192.201 -1 -1 -1 -1000 -1000 -1000 -10 0.00116610
Car -1 -1 -10 8.795 1105.938 210.171 1200.000 -1 -1 -1 -1000 -1000 -1000 -10 0.00114321
Car -1 -1 -10 368.018 405.607 641.021 1200.000 -1 -1 -1 -1000 -1000 -1000 -10 0.00113876
Car -1 -1 -10 375.055 235.914 689.674 1197.356 -1 -1 -1 -1000 -1000 -1000 -10 0.00113549
Car -1 -1 -10 1596.968 653.456 1699.675 738.531 -1 -1 -1 -1000 -1000 -1000 -10 0.00108239
Car -1 -1 -10 467.467 677.602 718.825 1200.000 -1 -1 -1 -1000 -1000 -1000 -10 0.00106523
Car -1 -1 -10 104.086 589.312 300.519 1181.375 -1 -1 -1 -1000 -1000 -1000 -10 0.00106170
Car -1 -1 -10 333.951 816.056 648.497 1200.000 -1 -1 -1 -1000 -1000 -1000 -10 0.00101337
Car -1 -1 -10 315.494 1086.864 641.507 1200.000 -1 -1 -1 -1000 -1000 -1000 -10 0.00098926
Car -1 -1 -10 182.533 1157.957 219.692 1200.000 -1 -1 -1 -1000 -1000 -1000 -10 0.00098314
