Car -1 -1 -10 923.718 551.926 1041.443 652.423 -1 -1 -1 -1000 -1000 -1000 -10 0.99521549
Car -1 -1 -10 521.235 534.355 715.463 693.319 -1 -1 -1 -1000 -1000 -1000 -10 0.49719340
Car -1 -1 -10 892.792 556.689 946.043 611.347 -1 -1 -1 -1000 -1000 -1000 -10 0.01015040
Car -1 -1 -10 755.361 769.495 1312.424 1191.924 -1 -1 -1 -1000 -1000 -1000 -10 0.00224678
Car -1 -1 -10 895.098 559.297 984.871 643.597 -1 -1 -1 -1000 -1000 -1000 -10 0.00356838
Car -1 -1 -10 596.156 534.272 721.483 649.643 -1 -1 -1 -1000 -1000 -1000 -10 0.00341445
Car -1 -1 -10 241.229 487.293 1319.991 1184.162 -1 -1 -1 -1000 -1000 -1000 -10 0.00300343
Car -1 -1 -10 890.393 549.950 972.670 634.425 -1 -1 -1 -1000 -1000 -1000 -10 0.00153764
Car -1 -1 -10 0.000 704.841 279.343 1198.160 -1 -1 -1 -1000 -1000 -1000 -10 0.00142929
Car -1 -1 -10 471.318 504.925 792.252 733.808 -1 -1 -1 -1000 -1000 -1000 -10 0.00249154
Car -1 -1 -10 928.324 786.584 1507.846 1186.713 -1 -1 -1 -1000 -1000 -1000 -10 0.00211662
Car -1 -1 -10 178.547 787.222 808.628 1191.838 -1 -1 -1 -1000 -1000 -1000 -10 0.00235680
Car -1 -1 -10 881.833 675.677 1243.451 1192.959 -1 -1 -1 -1000 -1000 -1000 -10 0.00133157
Car -1 -1 -10 0.000 592.102 514.545 1200.000 -1 -1 -1 -1000 -1000 -1000 -10 0.00236004
Car -1 -1 -10 982.688 655.322 1177.167 1188.349 -1 -1 -1 -1000 -1000 -1000 -10 0.00238837
Car -1 -1 -10 934.643 337.966 1225.162 1197.645 -1 -1 -1 -1000 -1000 -1000 -10 0.00121924
Car -1 -1 -10 949.609 823.788 1367.436 1117.623 -1 -1 -1 -1000 -1000 -1000 -10 0.00210042
Car -1 -1 -10 396.658 666.104 586.411 1195.769 -1 -1 -1 -1000 -1000 -1000 -10 0.00116358
Car -1 -1 -10 502.515 756.583 1086.616 1192.633 -1 -1 -1 -1000 -1000 -1000 -10 0.00114198
Car -1 -1 -10 0.000 795.011 440.993 1199.281 -1 -1 -1 -1000 -1000 -1000 -10 0.00112209
Car -1 -1 -10 179.505 651.980 371.040 1193.303 -1 -1 -1 -1000 -1000 -1000 -10 0.00111148
Car -1 -1 -10 59.133 602.456 201.320 1199.340 -1 -1 -1 -1000 -1000 -1000 -10 0.00202763
Car -1 -1 -10 0.000 597.184 297.624 953.657 -1 -1 -1 -1000 -1000 -1000 -10 0.00180868
Car -1 -1 -10 275.097 656.878 466.637 1194.590 -1 -1 -1 -1000 -1000 -1000 -10 0.00103447
Car -1 -1 -10 966.966 589.164 1124.238 1200.000 -1 -1 -1 -1000 -1000 -1000 -10 0.00092330
Car -1 -1 -10 1038.650 587.853 1195.884 1200.000 -1 -1 -1 -1000 -1000 -1000 -10 0.00089511
Car -1 -1 -10 197.206 585.768 352.165 1200.000 -1 -1 -1 -1000 -1000 -1000 -10 0.00087601
Car -1 -1 -10 104.931 404.206 424.997 1200.000 -1 -1 -1 -1000 -1000 -1000 -10 0.00087542
Car -1 -1 -10 413.939 597.970 568.177 1198.948 -1 -1 -1 -1000 -1000 -1000 -10 0.00078479
Car -1 -1 -10 125.357 588.004 280.268 1200.000 -1 -1 -1 -1000 -1000 -1000 -10 0.00077095
Car -1 -1 -10 309.021 851.834 744.781 1103.849 -1 -1 -1 -1000 -1000 -1000 -10 0.00073507
Car -1 -1 -10 0.000 0.000 293.847 208.337 -1 -1 -1 -1000 -1000 -1000 -10 0.00071844
