Car -1 -1 -10 248.016 551.996 449.479 679.845 -1 -1 -1 -1000 -1000 -1000 -10 0.99956854
Car -1 -1 -10 1099.231 550.085 1260.880 670.615 -1 -1 -1 -1000 -1000 -1000 -10 0.99836229
Car -1 -1 -10 1041.988 559.515 1130.124 636.820 -1 -1 -1 -1000 -1000 -1000 -10 0.96111400
Car -1 -1 -10 993.460 547.357 1062.596 616.318 -1 -1 -1 -1000 -1000 -1000 -10 0.21914741
Car -1 -1 -10 644.263 555.409 700.879 611.238 -1 -1 -1 -1000 -1000 -1000 -10 0.04536267
Car -1 -1 -10 977.247 553.671 1023.206 607.625 -1 -1 -1 -1000 -1000 -1000 -10 0.02001252
Car -1 -1 -10 837.293 877.967 1783.217 1200.000 -1 -1 -1 -1000 -1000 -1000 -10 0.00891385
Car -1 -1 -10 113.595 506.038 1337.257 1199.948 -1 -1 -1 -1000 -1000 -1000 -10 0.01428849
Car -1 -1 -10 1153.806 748.157 1920.000 1189.921 -1 -1 -1 -1000 -1000 -1000 -10 0.00669479
Car -1 -1 -10 677.229 808.199 1315.456 1196.206 -1 -1 -1 -1000 -1000 -1000 -10 0.00930799
Car -1 -1 -10 392.111 818.250 1025.266 1196.581 -1 -1 -1 -1000 -1000 -1000 -10 0.01127574
Car -1 -1 -10 1061.588 864.935 1920.000 1200.000 -1 -1 -1 -1000 -1000 -1000 -10 0.00325273
Car -1 -1 -10 945.665 938.418 1249.604 1187.253 -1 -1 -1 -1000 -1000 -1000 -10 0.00302289
Car -1 -1 -10 0.000 871.271 885.757 1200.000 -1 -1 -1 -1000 -1000 -1000 -10 0.00545940
Car -1 -1 -10 924.905 836.872 1563.477 1189.664 -1 -1 -1 -1000 -1000 -1000 -10 0.00496588
Car -1 -1 -10 904.807 1059.407 1306.924 1200.000 -1 -1 -1 -1000 -1000 -1000 -10 0.00515272
Car -1 -1 -10 1341.980 971.561 1700.859 1193.781 -1 -1 -1 -1000 -1000 -1000 -10 0.00498452
Car -1 -1 -10 1029.852 818.702 1202.733 1197.495 -1 -1 -1 -1000 -1000 -1000 -10 0.00464862
Car -1 -1 -10 975.216 657.059 1201.266 1189.088 -1 -1 -1 -1000 -1000 -1000 -10 0.00265890
Car -1 -1 -10 1196.366 886.130 1838.325 1192.690 -1 -1 -1 -1000 -1000 -1000 -10 0.00264422
Car -1 -1 -10 508.909 682.143 724.670 1187.221 -1 -1 -1 -1000 -1000 -1000 -10 0.00252656
Car -1 -1 -10 440.227 953.911 790.573 1172.636 -1 -1 -1 -1000 -1000 -1000 -10 0.00244615
Car -1 -1 -10 1436.757 684.839 1920.000 1200.000 -1 -1 -1 -1000 -1000 -1000 -10 0.00470732
Car -1 -1 -10 1015.052 923.538 1480.323 1143.376 -1 -1 -1 -1000 -1000 -1000 -10 0.00226827
Car -1 -1 -10 589.700 939.071 882.459 1184.672 -1 -1 -1 -1000 -1000 -1000 -10 0.00225352
Car -1 -1 -10 929.230 824.314 1298.602 1194.450 -1 -1 -1 -1000 -1000 -1000 -10 0.00222503
Car -1 -1 -10 1145.577 917.981 1626.367 1139.198 -1 -1 -1 -1000 -1000 -1000 -10 0.00222358
Car -1 -1 -10 0.000 807.494 470.992 1200.000 -1 -1 -1 -1000 -1000 -1000 -10 0.00219213
Car -1 -1 -10 471.293 914.743 918.585 1148.883 -1 -1 -1 -1000 -1000 -1000 -10 0.00207070
Car -1 -1 -10 196.737 919.794 677.762 1141.833 -1 -1 -1 -1000 -1000 -1000 -10 0.00200829
Car -1 -1 -10 549.548 480.264 850.661 1200.000 -1 -1 -1 -1000 -1000 -1000 -10 0.00186596
