Car -1 -1 -10 1069.494 570.294 1233.049 663.232 -1 -1 -1 -1000 -1000 -1000 -10 0.02909113
Car -1 -1 -10 83.976 975.722 683.206 1199.488 -1 -1 -1 -1000 -1000 -1000 -10 0.01032016
Car -1 -1 -10 0.000 978.137 564.626 1200.000 -1 -1 -1 -1000 -1000 -1000 -10 0.00325757
Car -1 -1 -10 0.000 803.134 499.866 1200.000 -1 -1 -1 -1000 -1000 -1000 -10 0.00575890
Car -1 -1 -10 236.474 508.773 1398.022 1197.981 -1 -1 -1 -1000 -1000 -1000 -10 0.00693574
Car -1 -1 -10 9.443 1026.813 484.394 1200.000 -1 -1 -1 -1000 -1000 -1000 -10 0.00294754
Car -1 -1 -10 67.928 847.675 441.715 1195.328 -1 -1 -1 -1000 -1000 -1000 -10 0.00210544
Car -1 -1 -10 257.835 887.720 579.629 1200.000 -1 -1 -1 -1000 -1000 -1000 -10 0.00207572
Car -1 -1 -10 203.058 941.789 683.024 1200.000 -1 -1 -1 -1000 -1000 -1000 -10 0.00202034
Car -1 -1 -10 199.896 881.030 534.956 1200.000 -1 -1 -1 -1000 -1000 -1000 -10 0.00379105
Car -1 -1 -10 157.953 943.496 395.435 1200.000 -1 -1 -1 -1000 -1000 -1000 -10 0.00185928
Car -1 -1 -10 171.875 848.809 334.609 1200.000 -1 -1 -1 -1000 -1000 -1000 -10 0.00170381
Car -1 -1 -10 776.934 571.258 827.884 621.483 -1 -1 -1 -1000 -1000 -1000 -10 0.00306471
Car -1 -1 -10 67.318 343.800 362.438 1200.000 -1 -1 -1 -1000 -1000 -1000 -10 0.00297020
Car -1 -1 -10 352.575 805.882 539.060 1200.000 -1 -1 -1 -1000 -1000 -1000 -10 0.00156106
Car -1 -1 -10 267.942 852.668 429.868 1200.000 -1 -1 -1 -1000 -1000 -1000 -10 0.00155144
Car -1 -1 -10 377.649 847.221 736.846 1197.723 -1 -1 -1 -1000 -1000 -1000 -10 0.00380042
Car -1 -1 -10 232.304 796.625 421.501 1200.000 -1 -1 -1 -1000 -1000 -1000 -10 0.00148018
Car -1 -1 -10 541.985 577.008 934.074 1200.000 -1 -1 -1 -1000 -1000 -1000 -10 0.00147955
Car -1 -1 -10 17.449 877.995 900.650 1200.000 -1 -1 -1 -1000 -1000 -1000 -10 0.00146189
Car -1 -1 -10 162.759 876.113 1035.107 1200.000 -1 -1 -1 -1000 -1000 -1000 -10 0.00145986
Car -1 -1 -10 314.538 855.093 474.536 1200.000 -1 -1 -1 -1000 -1000 -1000 -10 0.00140667
Car -1 -1 -10 237.148 772.960 363.862 1200.000 -1 -1 -1 -1000 -1000 -1000 -10 0.00138064
Car -1 -1 -10 341.951 1025.837 802.909 1200.000 -1 -1 -1 -1000 -1000 -1000 -10 0.00137787
Car -1 -1 -10 356.042 780.084 485.375 1200.000 -1 -1 -1 -1000 -1000 -1000 -10 0.00135517
Car -1 -1 -10 162.854 1050.023 595.385 1200.000 -1 -1 -1 -1000 -1000 -1000 -10 0.00134794
Car -1 -1 -10 189.647 779.417 317.198 1200.000 -1 -1 -1 -1000 -1000 -1000 -10 0.00134272
Car -1 -1 -10 0.000 820.986 299.885 1198.106 -1 -1 -1 -1000 -1000 -1000 -10 0.00133664
Car -1 -1 -10 0.000 0.000 384.130 301.139 -1 -1 -1 -1000 -1000 -1000 -10 0.00413051
Car -1 -1 -10 4.295 655.113 537.098 1200.000 -1 -1 -1 -1000 -1000 -1000 -10 0.00120751
Car -1 -1 -10 283.942 783.487 409.834 1200.000 -1 -1 -1 -1000 -1000 -1000 -10 0.00120038
Car -1 -1 -10 0.000 880.808 265.384 1200.000 -1 -1 -1 -1000 -1000 -1000 -10 0.00118466
Car -1 -1 -10 418.676 846.590 944.847 1200.000 -1 -1 -1 -1000 -1000 -1000 -10 0.00115720
Car -1 -1 -10 847.792 611.983 1004.555 1200.000 -1 -1 -1 -1000 -1000 -1000 -10 0.00194962
Car -1 -1 -10 307.472 782.119 434.404 1200.000 -1 -1 -1 -1000 -1000 -1000 -10 0.00111572
Car -1 -1 -10 539.603 708.883 1230.435 1160.450 -1 -1 -1 -1000 -1000 -1000 -10 0.00107190
Car -1 -1 -10 217.770 848.396 379.325 1200.000 -1 -1 -1 -1000 -1000 -1000 -10 0.00102454
Car -1 -1 -10 213.020 353.887 502.154 1200.000 -1 -1 -1 -1000 -1000 -1000 -10 0.00186844
Car -1 -1 -10 849.307 914.285 1005.568 1011.932 -1 -1 -1 -1000 -1000 -1000 -10 0.00096384
Car -1 -1 -10 1474.753 804.429 1920.000 1200.000 -1 -1 -1 -1000 -1000 -1000 -10 0.00184914
Car -1 -1 -10 754.221 626.343 950.426 1197.307 -1 -1 -1 -1000 -1000 -1000 -10 0.00094172
Car -1 -1 -10 355.533 983.207 923.218 1200.000 -1 -1 -1 -1000 -1000 -1000 -10 0.00091366
Car -1 -1 -10 664.519 251.416 965.049 1200.000 -1 -1 -1 -1000 -1000 -1000 -10 0.00088635
Car -1 -1 -10 145.854 841.250 306.696 1200.000 -1 -1 -1 -1000 -1000 -1000 -10 0.00088301
Car -1 -1 -10 514.953 565.446 665.541 1182.255 -1 -1 -1 -1000 -1000 -1000 -10 0.00087482
Car -1 -1 -10 595.024 769.252 1199.736 1179.457 -1 -1 -1 -1000 -1000 -1000 -10 0.00085006
Car -1 -1 -10 755.836 852.713 1096.604 1069.078 -1 -1 -1 -1000 -1000 -1000 -10 0.00084827
Car -1 -1 -10 151.203 783.398 342.932 1200.000 -1 -1 -1 -1000 -1000 -1000 -10 0.00084008
Car -1 -1 -10 440.274 1031.028 892.692 1200.000 -1 -1 -1 -1000 -1000 -1000 -10 0.00083258
Car -1 -1 -10 923.038 788.936 964.324 1130.068 -1 -1 -1 -1000 -1000 -1000 -10 0.00081113
Car -1 -1 -10 234.857 684.352 410.367 1194.777 -1 -1 -1 -1000 -1000 -1000 -10 0.00080616
Car -1 -1 -10 706.080 858.315 1162.059 1095.640 -1 -1 -1 -1000 -1000 -1000 -10 0.00080435
Car -1 -1 -10 704.712 524.293 1063.399 1200.000 -1 -1 -1 -1000 -1000 -1000 -10 0.00080137
Car -1 -1 -10 0.000 939.647 322.029 1200.000 -1 -1 -1 -1000 -1000 -1000 -10 0.00077340
Car -1 -1 -10 0.000 0.000 292.143 210.211 -1 -1 -1 -1000 -1000 -1000 -10 0.00077151
Car -1 -1 -10 723.042 824.490 884.372 1200.000 -1 -1 -1 -1000 -1000 -1000 -10 0.00076185
Car -1 -1 -10 655.652 641.989 924.346 1200.000 -1 -1 -1 -1000 -1000 -1000 -10 0.00075961
Car -1 -1 -10 652.443 826.259 812.139 1200.000 -1 -1 -1 -1000 -1000 -1000 -10 0.00074532
Car -1 -1 -10 795.791 817.444 954.926 1200.000 -1 -1 -1 -1000 -1000 -1000 -10 0.00074356
Car -1 -1 -10 117.180 676.369 598.492 1200.000 -1 -1 -1 -1000 -1000 -1000 -10 0.00074287
