Car -1 -1 -10 513.973 622.406 651.032 713.921 -1 -1 -1 -1000 -1000 -1000 -10 0.99502935
Car -1 -1 -10 939.284 624.247 1045.496 708.306 -1 -1 -1 -1000 -1000 -1000 -10 0.87326218
Car -1 -1 -10 196.004 611.535 337.794 703.859 -1 -1 -1 -1000 -1000 -1000 -10 0.84874839
Car -1 -1 -10 342.613 629.887 447.925 703.255 -1 -1 -1 -1000 -1000 -1000 -10 0.25055613
Car -1 -1 -10 691.564 633.333 741.618 678.039 -1 -1 -1 -1000 -1000 -1000 -10 0.22669483
Car -1 -1 -10 317.587 628.244 457.409 699.520 -1 -1 -1 -1000 -1000 -1000 -10 0.10207146
Car -1 -1 -10 282.856 624.878 388.187 696.639 -1 -1 -1 -1000 -1000 -1000 -10 0.01465038
Car -1 -1 -10 0.000 573.354 535.871 1200.000 -1 -1 -1 -1000 -1000 -1000 -10 0.01102978
Car -1 -1 -10 293.470 634.602 382.497 697.216 -1 -1 -1 -1000 -1000 -1000 -10 0.01869857
Car -1 -1 -10 0.000 545.573 744.106 1195.826 -1 -1 -1 -1000 -1000 -1000 -10 0.00966784
Car -1 -1 -10 0.000 540.150 227.167 815.954 -1 -1 -1 -1000 -1000 -1000 -10 0.00944059
Car -1 -1 -10 1087.936 516.542 1920.000 1194.757 -1 -1 -1 -1000 -1000 -1000 -10 0.01587162
Car -1 -1 -10 491.388 521.525 1760.887 1200.000 -1 -1 -1 -1000 -1000 -1000 -10 0.00784475
Car -1 -1 -10 0.000 771.194 471.173 1198.519 -1 -1 -1 -1000 -1000 -1000 -10 0.00401834
Car -1 -1 -10 0.386 586.335 111.380 792.962 -1 -1 -1 -1000 -1000 -1000 -10 0.01111320
Car -1 -1 -10 600.450 623.393 673.278 689.978 -1 -1 -1 -1000 -1000 -1000 -10 0.00267534
Car -1 -1 -10 0.000 573.568 417.282 1141.428 -1 -1 -1 -1000 -1000 -1000 -10 0.00443307
Car -1 -1 -10 0.000 522.818 292.442 846.419 -1 -1 -1 -1000 -1000 -1000 -10 0.00220675
Car -1 -1 -10 231.822 755.527 571.122 1185.727 -1 -1 -1 -1000 -1000 -1000 -10 0.00214581
Car -1 -1 -10 4.134 801.423 344.608 1197.149 -1 -1 -1 -1000 -1000 -1000 -10 0.00392555
Car -1 -1 -10 580.379 620.354 671.499 710.890 -1 -1 -1 -1000 -1000 -1000 -10 0.00202177
Car -1 -1 -10 454.228 1104.655 699.132 1200.000 -1 -1 -1 -1000 -1000 -1000 -10 0.00196221
Car -1 -1 -10 492.287 625.527 580.986 709.888 -1 -1 -1 -1000 -1000 -1000 -10 0.00192380
Car -1 -1 -10 0.000 1021.634 317.965 1200.000 -1 -1 -1 -1000 -1000 -1000 -10 0.00186641
Car -1 -1 -10 172.342 1061.344 563.494 1200.000 -1 -1 -1 -1000 -1000 -1000 -10 0.00181795
Car -1 -1 -10 749.330 778.697 1435.673 1200.000 -1 -1 -1 -1000 -1000 -1000 -10 0.00181129
Car -1 -1 -10 340.319 1029.969 766.304 1200.000 -1 -1 -1 -1000 -1000 -1000 -10 0.00180146
Car -1 -1 -10 444.105 878.468 728.767 1200.000 -1 -1 -1 -1000 -1000 -1000 -10 0.00177129
Car -1 -1 -10 0.000 1059.440 371.769 1200.000 -1 -1 -1 -1000 -1000 -1000 -10 0.00175866
Car -1 -1 -10 307.014 985.398 841.888 1200.000 -1 -1 -1 -1000 -1000 -1000 -10 0.00175392
