Car -1 -1 -10 1515.278 547.863 1620.696 640.687 -1 -1 -1 -1000 -1000 -1000 -10 0.99660468
Car -1 -1 -10 885.317 566.727 991.472 646.060 -1 -1 -1 -1000 -1000 -1000 -10 0.38727867
Car -1 -1 -10 0.000 541.792 1145.955 1198.471 -1 -1 -1 -1000 -1000 -1000 -10 0.03192521
Car -1 -1 -10 867.892 774.719 1795.270 1193.984 -1 -1 -1 -1000 -1000 -1000 -10 0.01816994
Car -1 -1 -10 719.024 518.342 1886.155 1196.406 -1 -1 -1 -1000 -1000 -1000 -10 0.02641770
Car -1 -1 -10 291.688 775.516 1183.708 1192.254 -1 -1 -1 -1000 -1000 -1000 -10 0.02039333
Car -1 -1 -10 162.546 713.464 890.616 1198.712 -1 -1 -1 -1000 -1000 -1000 -10 0.01030847
Car -1 -1 -10 1294.659 786.765 1916.823 1198.818 -1 -1 -1 -1000 -1000 -1000 -10 0.01350085
Car -1 -1 -10 0.000 814.066 550.521 1196.646 -1 -1 -1 -1000 -1000 -1000 -10 0.00912724
Car -1 -1 -10 2.377 767.609 718.299 1194.347 -1 -1 -1 -1000 -1000 -1000 -10 0.00820388
Car -1 -1 -10 677.476 777.368 1562.203 1190.233 -1 -1 -1 -1000 -1000 -1000 -10 0.00430525
Car -1 -1 -10 1424.271 685.108 1920.000 1200.000 -1 -1 -1 -1000 -1000 -1000 -10 0.00383778
Car -1 -1 -10 0.000 594.946 499.782 1199.649 -1 -1 -1 -1000 -1000 -1000 -10 0.00311002
Car -1 -1 -10 512.644 748.640 1433.270 1200.000 -1 -1 -1 -1000 -1000 -1000 -10 0.00305022
Car -1 -1 -10 1090.678 920.651 1733.926 1200.000 -1 -1 -1 -1000 -1000 -1000 -10 0.00271461
Car -1 -1 -10 30.349 405.579 399.921 1200.000 -1 -1 -1 -1000 -1000 -1000 -10 0.00246086
