Car -1 -1 -10 785.018 629.883 838.580 678.275 -1 -1 -1 -1000 -1000 -1000 -10 0.55184446
Car -1 -1 -10 0.000 597.564 521.076 1197.339 -1 -1 -1 -1000 -1000 -1000 -10 0.01821862
Car -1 -1 -10 0.000 524.506 863.915 1193.050 -1 -1 -1 -1000 -1000 -1000 -10 0.01771787
Car -1 -1 -10 0.000 783.127 460.962 1192.841 -1 -1 -1 -1000 -1000 -1000 -10 0.00583019
Car -1 -1 -10 1494.262 568.111 1671.255 661.954 -1 -1 -1 -1000 -1000 -1000 -10 0.00389024
Car -1 -1 -10 0.000 801.145 211.747 1193.940 -1 -1 -1 -1000 -1000 -1000 -10 0.00335791
Car -1 -1 -10 12.011 603.692 209.366 1190.516 -1 -1 -1 -1000 -1000 -1000 -10 0.00160372
Car -1 -1 -10 0.000 641.471 645.526 1089.183 -1 -1 -1 -1000 -1000 -1000 -10 0.00155424
Car -1 -1 -10 1442.707 545.936 1735.153 683.926 -1 -1 -1 -1000 -1000 -1000 -10 0.00265693
Car -1 -1 -10 3.354 1061.502 331.293 1200.000 -1 -1 -1 -1000 -1000 -1000 -10 0.00135744
Car -1 -1 -10 73.303 222.979 379.672 1193.973 -1 -1 -1 -1000 -1000 -1000 -10 0.00260995
Car -1 -1 -10 30.657 172.734 1166.069 1200.000 -1 -1 -1 -1000 -1000 -1000 -10 0.00125819
Car -1 -1 -10 1463.226 804.245 1920.000 1199.308 -1 -1 -1 -1000 -1000 -1000 -10 0.00349566
Car -1 -1 -10 20.867 713.561 239.199 1200.000 -1 -1 -1 -1000 -1000 -1000 -10 0.00117231
Car -1 -1 -10 16.274 987.218 425.094 1200.000 -1 -1 -1 -1000 -1000 -1000 -10 0.00111974
Car -1 -1 -10 0.000 1024.500 246.575 1200.000 -1 -1 -1 -1000 -1000 -1000 -10 0.00104747
