Car -1 -1 -10 1024.086 603.124 1116.442 676.702 -1 -1 -1 -1000 -1000 -1000 -10 0.99363790
Car -1 -1 -10 570.839 598.417 646.088 660.780 -1 -1 -1 -1000 -1000 -1000 -10 0.71044824
Car -1 -1 -10 871.593 609.364 930.147 658.816 -1 -1 -1 -1000 -1000 -1000 -10 0.96887866
Car -1 -1 -10 1682.982 562.963 1919.215 879.859 -1 -1 -1 -1000 -1000 -1000 -10 0.70670955
Car -1 -1 -10 982.839 608.977 1043.927 662.299 -1 -1 -1 -1000 -1000 -1000 -10 0.43046050
Car -1 -1 -10 941.468 603.691 993.851 653.831 -1 -1 -1 -1000 -1000 -1000 -10 0.40490746
Car -1 -1 -10 1639.025 545.613 1849.294 670.325 -1 -1 -1 -1000 -1000 -1000 -10 0.22156312
Car -1 -1 -10 1587.562 547.884 1786.612 674.200 -1 -1 -1 -1000 -1000 -1000 -10 0.12241087
Car -1 -1 -10 1347.257 573.067 1531.826 654.130 -1 -1 -1 -1000 -1000 -1000 -10 0.12244013
Car -1 -1 -10 1575.695 558.299 1733.690 661.309 -1 -1 -1 -1000 -1000 -1000 -10 0.03361788
Car -1 -1 -10 771.963 595.859 823.657 643.177 -1 -1 -1 -1000 -1000 -1000 -10 0.00496320
