Car -1 -1 -10 886.984 554.245 1012.137 665.646 -1 -1 -1 -1000 -1000 -1000 -10 0.99991262
Car -1 -1 -10 522.890 494.875 760.495 676.579 -1 -1 -1 -1000 -1000 -1000 -10 0.99978672
Car -1 -1 -10 336.091 573.349 419.186 635.609 -1 -1 -1 -1000 -1000 -1000 -10 0.51712204
Car -1 -1 -10 408.443 563.603 494.903 627.949 -1 -1 -1 -1000 -1000 -1000 -10 0.22285432
Car -1 -1 -10 439.290 568.036 525.869 635.329 -1 -1 -1 -1000 -1000 -1000 -10 0.22673504
Car -1 -1 -10 92.897 858.769 619.016 1195.373 -1 -1 -1 -1000 -1000 -1000 -10 0.00587091
Car -1 -1 -10 745.854 817.201 1359.716 1194.892 -1 -1 -1 -1000 -1000 -1000 -10 0.00838124
Car -1 -1 -10 74.868 477.459 341.637 737.357 -1 -1 -1 -1000 -1000 -1000 -10 0.00536399
Car -1 -1 -10 697.774 541.019 804.516 649.775 -1 -1 -1 -1000 -1000 -1000 -10 0.00254689
Car -1 -1 -10 606.068 505.275 1823.690 1199.232 -1 -1 -1 -1000 -1000 -1000 -10 0.00466492
Car -1 -1 -10 674.200 515.068 781.204 621.900 -1 -1 -1 -1000 -1000 -1000 -10 0.00242020
Car -1 -1 -10 1160.912 1082.155 1220.262 1200.000 -1 -1 -1 -1000 -1000 -1000 -10 0.00234670
Car -1 -1 -10 911.036 896.427 1250.812 1196.952 -1 -1 -1 -1000 -1000 -1000 -10 0.00228459
Car -1 -1 -10 1050.428 1099.913 1218.807 1200.000 -1 -1 -1 -1000 -1000 -1000 -10 0.00196353
Car -1 -1 -10 130.738 695.962 375.300 1198.787 -1 -1 -1 -1000 -1000 -1000 -10 0.00175913
Car -1 -1 -10 351.476 1099.884 520.015 1200.000 -1 -1 -1 -1000 -1000 -1000 -10 0.00175903
