Car -1 -1 -10 246.597 567.770 436.873 705.192 -1 -1 -1 -1000 -1000 -1000 -10 0.99967089
Car -1 -1 -10 382.274 586.004 488.907 685.401 -1 -1 -1 -1000 -1000 -1000 -10 0.99532942
Car -1 -1 -10 46.819 583.685 327.979 738.289 -1 -1 -1 -1000 -1000 -1000 -10 0.99857320
Car -1 -1 -10 763.732 587.986 849.931 663.769 -1 -1 -1 -1000 -1000 -1000 -10 0.99369502
Car -1 -1 -10 463.769 593.835 564.666 671.321 -1 -1 -1 -1000 -1000 -1000 -10 0.60246693
Car -1 -1 -10 653.383 598.139 722.613 646.283 -1 -1 -1 -1000 -1000 -1000 -10 0.08735380
Car -1 -1 -10 230.215 576.863 350.628 686.516 -1 -1 -1 -1000 -1000 -1000 -10 0.04009422
Car -1 -1 -10 447.671 595.201 523.370 665.272 -1 -1 -1 -1000 -1000 -1000 -10 0.02134935
Car -1 -1 -10 637.225 593.274 730.889 648.763 -1 -1 -1 -1000 -1000 -1000 -10 0.01780326
Car -1 -1 -10 332.465 571.512 451.151 689.310 -1 -1 -1 -1000 -1000 -1000 -10 0.00864000
Car -1 -1 -10 678.495 599.738 747.723 644.940 -1 -1 -1 -1000 -1000 -1000 -10 0.00887650
Car -1 -1 -10 59.081 595.580 201.816 726.801 -1 -1 -1 -1000 -1000 -1000 -10 0.00383305
