Car -1 -1 -10 541.466 597.000 650.829 675.665 -1 -1 -1 -1000 -1000 -1000 -10 0.99522950
Car -1 -1 -10 193.504 596.370 311.742 679.075 -1 -1 -1 -1000 -1000 -1000 -10 0.99605644
Car -1 -1 -10 0.000 652.494 459.856 1200.000 -1 -1 -1 -1000 -1000 -1000 -10 0.00519255
Car -1 -1 -10 1411.854 472.950 1916.418 863.217 -1 -1 -1 -1000 -1000 -1000 -10 0.00460385
Car -1 -1 -10 0.000 797.105 461.762 1200.000 -1 -1 -1 -1000 -1000 -1000 -10 0.00309306
Car -1 -1 -10 1523.912 617.131 1914.187 934.711 -1 -1 -1 -1000 -1000 -1000 -10 0.00218012
Car -1 -1 -10 1436.776 333.391 1919.995 713.857 -1 -1 -1 -1000 -1000 -1000 -10 0.00113313
Car -1 -1 -10 715.694 1158.011 752.490 1200.000 -1 -1 -1 -1000 -1000 -1000 -10 0.00111396
Car -1 -1 -10 201.995 439.449 271.526 781.401 -1 -1 -1 -1000 -1000 -1000 -10 0.00107569
Car -1 -1 -10 1658.588 552.210 1911.060 993.099 -1 -1 -1 -1000 -1000 -1000 -10 0.00106645
Car -1 -1 -10 1571.230 556.198 1916.494 803.753 -1 -1 -1 -1000 -1000 -1000 -10 0.00103317
Car -1 -1 -10 419.250 674.241 652.814 1196.201 -1 -1 -1 -1000 -1000 -1000 -10 0.00102705
Car -1 -1 -10 221.223 445.072 291.677 789.617 -1 -1 -1 -1000 -1000 -1000 -10 0.00101529
Car -1 -1 -10 1579.896 563.371 1920.000 1200.000 -1 -1 -1 -1000 -1000 -1000 -10 0.00101197
Car -1 -1 -10 518.279 1156.421 557.568 1200.000 -1 -1 -1 -1000 -1000 -1000 -10 0.00094176
Car -1 -1 -10 1499.365 526.198 1913.558 985.212 -1 -1 -1 -1000 -1000 -1000 -10 0.00092599
Car -1 -1 -10 1435.449 596.735 1920.000 1200.000 -1 -1 -1 -1000 -1000 -1000 -10 0.00088022
Car -1 -1 -10 520.385 677.630 754.884 1197.055 -1 -1 -1 -1000 -1000 -1000 -10 0.00086368
Car -1 -1 -10 1681.022 655.334 1920.000 986.226 -1 -1 -1 -1000 -1000 -1000 -10 0.00084759
Car -1 -1 -10 227.235 580.288 420.365 1176.264 -1 -1 -1 -1000 -1000 -1000 -10 0.00083751
Car -1 -1 -10 0.000 909.567 351.703 1200.000 -1 -1 -1 -1000 -1000 -1000 -10 0.00080578
Car -1 -1 -10 1653.659 496.525 1920.000 867.057 -1 -1 -1 -1000 -1000 -1000 -10 0.00078273
Car -1 -1 -10 1372.400 338.918 1915.328 786.690 -1 -1 -1 -1000 -1000 -1000 -10 0.00077932
