Car -1 -1 -10 637.459 537.261 747.722 624.691 -1 -1 -1 -1000 -1000 -1000 -10 0.99260250
Car -1 -1 -10 1030.036 560.266 1131.351 632.609 -1 -1 -1 -1000 -1000 -1000 -10 0.28780737
Car -1 -1 -10 643.081 817.506 998.569 1193.611 -1 -1 -1 -1000 -1000 -1000 -10 0.01285781
Car -1 -1 -10 0.000 508.781 927.791 1200.000 -1 -1 -1 -1000 -1000 -1000 -10 0.01244516
Car -1 -1 -10 861.622 993.645 1214.441 1194.674 -1 -1 -1 -1000 -1000 -1000 -10 0.00676256
Car -1 -1 -10 588.268 1024.353 1026.498 1200.000 -1 -1 -1 -1000 -1000 -1000 -10 0.00596455
Car -1 -1 -10 876.601 865.420 1182.776 1197.907 -1 -1 -1 -1000 -1000 -1000 -10 0.00582150
Car -1 -1 -10 529.359 978.485 1084.434 1200.000 -1 -1 -1 -1000 -1000 -1000 -10 0.00556990
Car -1 -1 -10 748.469 980.201 1312.706 1200.000 -1 -1 -1 -1000 -1000 -1000 -10 0.00316420
Car -1 -1 -10 38.739 775.501 767.182 1197.806 -1 -1 -1 -1000 -1000 -1000 -10 0.01026580
Car -1 -1 -10 741.166 821.504 1383.090 1196.163 -1 -1 -1 -1000 -1000 -1000 -10 0.00271794
Car -1 -1 -10 900.880 1125.583 966.313 1200.000 -1 -1 -1 -1000 -1000 -1000 -10 0.00267724
Car -1 -1 -10 1094.896 1082.782 1154.579 1200.000 -1 -1 -1 -1000 -1000 -1000 -10 0.00257476
Car -1 -1 -10 377.242 849.954 1219.619 1200.000 -1 -1 -1 -1000 -1000 -1000 -10 0.00252281
Car -1 -1 -10 1052.739 1081.971 1112.745 1200.000 -1 -1 -1 -1000 -1000 -1000 -10 0.00490818
Car -1 -1 -10 660.556 936.712 903.961 1200.000 -1 -1 -1 -1000 -1000 -1000 -10 0.00245797
Car -1 -1 -10 697.337 836.743 862.636 1200.000 -1 -1 -1 -1000 -1000 -1000 -10 0.00244612
Car -1 -1 -10 830.576 1053.544 1218.575 1200.000 -1 -1 -1 -1000 -1000 -1000 -10 0.00242712
Car -1 -1 -10 764.927 1091.513 934.444 1190.184 -1 -1 -1 -1000 -1000 -1000 -10 0.00240610
Car -1 -1 -10 1010.809 562.206 1088.309 626.203 -1 -1 -1 -1000 -1000 -1000 -10 0.00238275
Car -1 -1 -10 925.560 1102.015 1100.672 1200.000 -1 -1 -1 -1000 -1000 -1000 -10 0.00454246
Car -1 -1 -10 830.852 1157.842 869.082 1200.000 -1 -1 -1 -1000 -1000 -1000 -10 0.00231507
Car -1 -1 -10 935.933 1126.840 1002.388 1200.000 -1 -1 -1 -1000 -1000 -1000 -10 0.00227396
Car -1 -1 -10 880.700 1113.294 961.827 1200.000 -1 -1 -1 -1000 -1000 -1000 -10 0.00222861
Car -1 -1 -10 728.664 1055.399 1119.292 1200.000 -1 -1 -1 -1000 -1000 -1000 -10 0.00221203
Car -1 -1 -10 783.524 840.092 1105.029 1197.951 -1 -1 -1 -1000 -1000 -1000 -10 0.00221150
Car -1 -1 -10 939.734 787.275 1141.663 1200.000 -1 -1 -1 -1000 -1000 -1000 -10 0.00220659
Car -1 -1 -10 885.762 1081.433 946.053 1200.000 -1 -1 -1 -1000 -1000 -1000 -10 0.00220115
Car -1 -1 -10 559.820 781.461 1232.452 1200.000 -1 -1 -1 -1000 -1000 -1000 -10 0.00397369
Car -1 -1 -10 980.054 1105.228 1028.270 1200.000 -1 -1 -1 -1000 -1000 -1000 -10 0.00218375
Car -1 -1 -10 961.764 1063.894 1131.380 1165.444 -1 -1 -1 -1000 -1000 -1000 -10 0.00217445
Car -1 -1 -10 242.955 808.950 593.986 1195.642 -1 -1 -1 -1000 -1000 -1000 -10 0.00216171
Car -1 -1 -10 901.836 1123.154 940.270 1200.000 -1 -1 -1 -1000 -1000 -1000 -10 0.00215743
Car -1 -1 -10 895.161 1049.743 1193.043 1191.337 -1 -1 -1 -1000 -1000 -1000 -10 0.00214850
Car -1 -1 -10 961.742 1088.424 1130.750 1190.528 -1 -1 -1 -1000 -1000 -1000 -10 0.00211181
Car -1 -1 -10 907.899 1155.247 945.824 1200.000 -1 -1 -1 -1000 -1000 -1000 -10 0.00211171
Car -1 -1 -10 693.963 1034.611 990.900 1192.645 -1 -1 -1 -1000 -1000 -1000 -10 0.00389701
Car -1 -1 -10 994.923 1083.426 1314.669 1200.000 -1 -1 -1 -1000 -1000 -1000 -10 0.00407472
Car -1 -1 -10 956.233 763.670 1085.341 1199.420 -1 -1 -1 -1000 -1000 -1000 -10 0.00198258
Car -1 -1 -10 912.843 1155.990 951.827 1200.000 -1 -1 -1 -1000 -1000 -1000 -10 0.00196662
Car -1 -1 -10 844.069 826.255 1005.621 1200.000 -1 -1 -1 -1000 -1000 -1000 -10 0.00195439
Car -1 -1 -10 746.354 837.065 907.662 1200.000 -1 -1 -1 -1000 -1000 -1000 -10 0.00192559
Car -1 -1 -10 759.765 1084.112 1079.588 1200.000 -1 -1 -1 -1000 -1000 -1000 -10 0.00190582
Car -1 -1 -10 1450.676 797.365 1920.000 1200.000 -1 -1 -1 -1000 -1000 -1000 -10 0.00190024
Car -1 -1 -10 968.109 725.531 1123.107 1200.000 -1 -1 -1 -1000 -1000 -1000 -10 0.00186734
Car -1 -1 -10 980.160 1155.925 1017.951 1200.000 -1 -1 -1 -1000 -1000 -1000 -10 0.00170134
