Car -1 -1 -10 1272.879 115.775 1920.000 576.413 -1 -1 -1 -1000 -1000 -1000 -10 0.00287243
Car -1 -1 -10 0.000 803.722 337.877 1198.557 -1 -1 -1 -1000 -1000 -1000 -10 0.00229686
Car -1 -1 -10 0.000 822.350 213.357 1194.259 -1 -1 -1 -1000 -1000 -1000 -10 0.00127782
Car -1 -1 -10 1334.985 285.772 1798.796 570.715 -1 -1 -1 -1000 -1000 -1000 -10 0.00119821
Car -1 -1 -10 643.137 13.468 1897.653 1152.303 -1 -1 -1 -1000 -1000 -1000 -10 0.00203566
Car -1 -1 -10 0.000 807.223 461.530 1200.000 -1 -1 -1 -1000 -1000 -1000 -10 0.00202672
Car -1 -1 -10 7.299 1037.210 288.649 1200.000 -1 -1 -1 -1000 -1000 -1000 -10 0.00099256
Car -1 -1 -10 1441.931 233.371 1920.000 661.887 -1 -1 -1 -1000 -1000 -1000 -10 0.00096595
Car -1 -1 -10 0.000 1107.921 90.092 1200.000 -1 -1 -1 -1000 -1000 -1000 -10 0.00094982
Car -1 -1 -10 1232.564 327.492 1791.220 710.994 -1 -1 -1 -1000 -1000 -1000 -10 0.00176596
Car -1 -1 -10 1410.292 427.378 1704.887 594.338 -1 -1 -1 -1000 -1000 -1000 -10 0.00093508
Car -1 -1 -10 9.706 989.441 347.948 1200.000 -1 -1 -1 -1000 -1000 -1000 -10 0.00091117
Car -1 -1 -10 1406.279 14.128 1801.285 711.624 -1 -1 -1 -1000 -1000 -1000 -10 0.00090884
Car -1 -1 -10 1368.981 381.986 1737.038 589.397 -1 -1 -1 -1000 -1000 -1000 -10 0.00090153
Car -1 -1 -10 0.000 482.482 1058.999 1194.472 -1 -1 -1 -1000 -1000 -1000 -10 0.00176330
Car -1 -1 -10 0.000 1105.291 48.582 1200.000 -1 -1 -1 -1000 -1000 -1000 -10 0.00086940
Car -1 -1 -10 1535.889 212.059 1908.963 538.057 -1 -1 -1 -1000 -1000 -1000 -10 0.00162677
Car -1 -1 -10 68.479 667.188 239.637 1184.026 -1 -1 -1 -1000 -1000 -1000 -10 0.00086669
Car -1 -1 -10 364.428 242.461 903.254 607.992 -1 -1 -1 -1000 -1000 -1000 -10 0.00086519
Car -1 -1 -10 1440.448 216.199 1920.000 812.723 -1 -1 -1 -1000 -1000 -1000 -10 0.00080400
Car -1 -1 -10 1447.589 383.046 1920.000 924.389 -1 -1 -1 -1000 -1000 -1000 -10 0.00078662
Car -1 -1 -10 9.592 977.292 462.220 1200.000 -1 -1 -1 -1000 -1000 -1000 -10 0.00078431
Car -1 -1 -10 0.000 1038.969 400.386 1200.000 -1 -1 -1 -1000 -1000 -1000 -10 0.00077597
Car -1 -1 -10 1450.778 19.715 1918.041 399.437 -1 -1 -1 -1000 -1000 -1000 -10 0.00202781
Car -1 -1 -10 57.088 766.291 247.340 1200.000 -1 -1 -1 -1000 -1000 -1000 -10 0.00075826
Car -1 -1 -10 1152.688 236.951 1713.127 608.216 -1 -1 -1 -1000 -1000 -1000 -10 0.00075095
Car -1 -1 -10 40.013 657.027 220.172 1193.337 -1 -1 -1 -1000 -1000 -1000 -10 0.00074534
Car -1 -1 -10 8.415 1106.335 186.687 1200.000 -1 -1 -1 -1000 -1000 -1000 -10 0.00141662
Car -1 -1 -10 1290.278 314.909 1831.790 637.221 -1 -1 -1 -1000 -1000 -1000 -10 0.00072105
Car -1 -1 -10 0.000 1157.516 34.883 1200.000 -1 -1 -1 -1000 -1000 -1000 -10 0.00070142
Car -1 -1 -10 1537.866 41.973 1920.000 647.830 -1 -1 -1 -1000 -1000 -1000 -10 0.00134134
Car -1 -1 -10 116.096 750.902 244.053 1200.000 -1 -1 -1 -1000 -1000 -1000 -10 0.00067584
Car -1 -1 -10 0.000 966.183 210.677 1200.000 -1 -1 -1 -1000 -1000 -1000 -10 0.00066873
Car -1 -1 -10 0.000 1063.901 353.007 1200.000 -1 -1 -1 -1000 -1000 -1000 -10 0.00066291
Car -1 -1 -10 1436.961 18.956 1745.038 574.534 -1 -1 -1 -1000 -1000 -1000 -10 0.00066023
Car -1 -1 -10 99.343 827.850 260.308 1200.000 -1 -1 -1 -1000 -1000 -1000 -10 0.00065609
Car -1 -1 -10 1679.045 204.612 1920.000 541.735 -1 -1 -1 -1000 -1000 -1000 -10 0.00063453
Car -1 -1 -10 1577.218 334.104 1920.000 714.757 -1 -1 -1 -1000 -1000 -1000 -10 0.00060011
Car -1 -1 -10 1628.665 27.780 1920.000 195.691 -1 -1 -1 -1000 -1000 -1000 -10 0.00057166
Car -1 -1 -10 0.000 1022.142 165.693 1200.000 -1 -1 -1 -1000 -1000 -1000 -10 0.00056076
Car -1 -1 -10 480.454 322.032 808.862 541.771 -1 -1 -1 -1000 -1000 -1000 -10 0.00055981
