Car -1 -1 -10 0.000 503.039 912.163 1191.841 -1 -1 -1 -1000 -1000 -1000 -10 0.01501423
Car -1 -1 -10 0.000 792.722 457.389 1198.122 -1 -1 -1 -1000 -1000 -1000 -10 0.00519522
Car -1 -1 -10 0.000 588.776 503.185 1197.622 -1 -1 -1 -1000 -1000 -1000 -10 0.00469158
Car -1 -1 -10 1334.193 539.676 1913.741 937.816 -1 -1 -1 -1000 -1000 -1000 -10 0.00433803
Car -1 -1 -10 4.036 629.842 592.963 1094.355 -1 -1 -1 -1000 -1000 -1000 -10 0.00429413
Car -1 -1 -10 104.852 379.479 423.425 1200.000 -1 -1 -1 -1000 -1000 -1000 -10 0.00167712
Car -1 -1 -10 60.477 171.801 369.048 1186.917 -1 -1 -1 -1000 -1000 -1000 -10 0.00157364
Car -1 -1 -10 52.776 522.769 208.056 1200.000 -1 -1 -1 -1000 -1000 -1000 -10 0.00156429
Car -1 -1 -10 0.000 1006.891 260.166 1200.000 -1 -1 -1 -1000 -1000 -1000 -10 0.00149401
Car -1 -1 -10 20.187 629.466 224.226 1199.386 -1 -1 -1 -1000 -1000 -1000 -10 0.00285676
Car -1 -1 -10 1398.496 356.099 1904.739 1200.000 -1 -1 -1 -1000 -1000 -1000 -10 0.00143919
Car -1 -1 -10 8.649 1106.532 176.956 1200.000 -1 -1 -1 -1000 -1000 -1000 -10 0.00277144
Car -1 -1 -10 1442.511 385.069 1920.000 752.698 -1 -1 -1 -1000 -1000 -1000 -10 0.00142085
Car -1 -1 -10 0.000 1106.546 90.884 1200.000 -1 -1 -1 -1000 -1000 -1000 -10 0.00140883
Car -1 -1 -10 1399.325 656.944 1830.673 890.098 -1 -1 -1 -1000 -1000 -1000 -10 0.00136735
Car -1 -1 -10 1460.766 804.222 1920.000 1199.622 -1 -1 -1 -1000 -1000 -1000 -10 0.00505157
Car -1 -1 -10 0.000 937.686 322.876 1200.000 -1 -1 -1 -1000 -1000 -1000 -10 0.00132096
Car -1 -1 -10 0.000 1104.039 49.151 1200.000 -1 -1 -1 -1000 -1000 -1000 -10 0.00131945
Car -1 -1 -10 200.013 490.058 349.406 1200.000 -1 -1 -1 -1000 -1000 -1000 -10 0.00130989
Car -1 -1 -10 85.747 804.574 526.228 1052.120 -1 -1 -1 -1000 -1000 -1000 -10 0.00124476
Car -1 -1 -10 243.131 847.707 413.722 1023.657 -1 -1 -1 -1000 -1000 -1000 -10 0.00122577
Car -1 -1 -10 0.000 681.920 260.476 1071.324 -1 -1 -1 -1000 -1000 -1000 -10 0.00118060
Car -1 -1 -10 1320.976 360.090 1914.120 751.268 -1 -1 -1 -1000 -1000 -1000 -10 0.00109449
Car -1 -1 -10 128.955 500.630 280.592 1200.000 -1 -1 -1 -1000 -1000 -1000 -10 0.00106953
Car -1 -1 -10 21.415 594.339 148.161 1200.000 -1 -1 -1 -1000 -1000 -1000 -10 0.00106711
