Car -1 -1 -10 796.286 557.899 986.458 735.106 -1 -1 -1 -1000 -1000 -1000 -10 0.99992734
Car -1 -1 -10 548.164 574.768 651.335 650.699 -1 -1 -1 -1000 -1000 -1000 -10 0.98402429
Car -1 -1 -10 141.397 542.421 530.145 788.806 -1 -1 -1 -1000 -1000 -1000 -10 0.48696087
Car -1 -1 -10 230.617 551.416 523.710 792.290 -1 -1 -1 -1000 -1000 -1000 -10 0.37947568
Car -1 -1 -10 992.812 575.596 1049.249 635.775 -1 -1 -1 -1000 -1000 -1000 -10 0.12852647
Car -1 -1 -10 505.985 575.454 591.829 638.844 -1 -1 -1 -1000 -1000 -1000 -10 0.05958152
Car -1 -1 -10 405.037 0.452 996.406 197.258 -1 -1 -1 -1000 -1000 -1000 -10 0.00828017
Car -1 -1 -10 545.895 0.000 1096.789 372.092 -1 -1 -1 -1000 -1000 -1000 -10 0.00524123
Car -1 -1 -10 668.883 33.053 965.580 967.280 -1 -1 -1 -1000 -1000 -1000 -10 0.00487204
Car -1 -1 -10 509.322 580.597 568.412 632.981 -1 -1 -1 -1000 -1000 -1000 -10 0.00216485
Car -1 -1 -10 729.499 8.717 976.289 405.939 -1 -1 -1 -1000 -1000 -1000 -10 0.00214915
Car -1 -1 -10 383.152 7.041 1240.035 318.995 -1 -1 -1 -1000 -1000 -1000 -10 0.00210024
Car -1 -1 -10 670.323 1.316 1046.997 368.569 -1 -1 -1 -1000 -1000 -1000 -10 0.00206214
