Car -1 -1 -10 1447.167 473.964 1920.000 707.682 -1 -1 -1 -1000 -1000 -1000 -10 0.78677242
Car -1 -1 -10 0.000 561.547 443.129 776.101 -1 -1 -1 -1000 -1000 -1000 -10 0.10433713
Car -1 -1 -10 273.445 562.248 567.142 718.800 -1 -1 -1 -1000 -1000 -1000 -10 0.03758007
Car -1 -1 -10 20.549 556.525 595.110 1159.729 -1 -1 -1 -1000 -1000 -1000 -10 0.02751525
Car -1 -1 -10 60.647 558.260 467.503 751.407 -1 -1 -1 -1000 -1000 -1000 -10 0.01436737
Car -1 -1 -10 4.957 486.319 143.709 646.667 -1 -1 -1 -1000 -1000 -1000 -10 0.02495044
Car -1 -1 -10 1402.209 482.189 1731.213 743.204 -1 -1 -1 -1000 -1000 -1000 -10 0.01015208
Car -1 -1 -10 570.132 607.123 626.014 662.054 -1 -1 -1 -1000 -1000 -1000 -10 0.01164537
Car -1 -1 -10 8.082 578.464 446.810 964.641 -1 -1 -1 -1000 -1000 -1000 -10 0.00885199
Car -1 -1 -10 1410.946 481.788 1905.443 1050.936 -1 -1 -1 -1000 -1000 -1000 -10 0.00503398
Car -1 -1 -10 1449.651 435.898 1920.000 986.865 -1 -1 -1 -1000 -1000 -1000 -10 0.00386185
Car -1 -1 -10 369.330 585.832 541.713 690.539 -1 -1 -1 -1000 -1000 -1000 -10 0.00635633
Car -1 -1 -10 1458.436 482.775 1769.702 653.991 -1 -1 -1 -1000 -1000 -1000 -10 0.00317937
Car -1 -1 -10 0.000 491.658 933.365 1178.547 -1 -1 -1 -1000 -1000 -1000 -10 0.00788569
Car -1 -1 -10 1328.839 511.487 1878.174 1009.810 -1 -1 -1 -1000 -1000 -1000 -10 0.00493937
Car -1 -1 -10 862.536 839.245 1518.644 1189.344 -1 -1 -1 -1000 -1000 -1000 -10 0.00460023
Car -1 -1 -10 320.300 565.924 481.888 665.801 -1 -1 -1 -1000 -1000 -1000 -10 0.00454889
Car -1 -1 -10 530.361 620.429 579.381 670.550 -1 -1 -1 -1000 -1000 -1000 -10 0.00244726
