Car -1 -1 -10 167.582 621.655 302.962 705.248 -1 -1 -1 -1000 -1000 -1000 -10 0.99896519
Car -1 -1 -10 1649.315 535.444 1882.020 641.467 -1 -1 -1 -1000 -1000 -1000 -10 0.18579100
Car -1 -1 -10 1575.005 522.320 1883.524 661.425 -1 -1 -1 -1000 -1000 -1000 -10 0.02905049
Car -1 -1 -10 1625.862 545.244 1804.757 634.365 -1 -1 -1 -1000 -1000 -1000 -10 0.01411106
Car -1 -1 -10 1685.568 541.565 1868.149 640.168 -1 -1 -1 -1000 -1000 -1000 -10 0.00484834
Car -1 -1 -10 1627.617 560.133 1801.113 650.885 -1 -1 -1 -1000 -1000 -1000 -10 0.00442070
Car -1 -1 -10 1685.319 556.568 1869.193 657.143 -1 -1 -1 -1000 -1000 -1000 -10 0.00301147
Car -1 -1 -10 1663.254 358.607 1898.111 757.015 -1 -1 -1 -1000 -1000 -1000 -10 0.00318580
Car -1 -1 -10 1707.756 550.511 1833.301 657.436 -1 -1 -1 -1000 -1000 -1000 -10 0.00290429
Car -1 -1 -10 0.000 800.786 452.566 1199.287 -1 -1 -1 -1000 -1000 -1000 -10 0.00531380
Car -1 -1 -10 31.455 576.921 233.135 1187.891 -1 -1 -1 -1000 -1000 -1000 -10 0.00357656
Car -1 -1 -10 209.283 465.518 279.788 826.164 -1 -1 -1 -1000 -1000 -1000 -10 0.00114334
Car -1 -1 -10 1589.409 495.014 1919.286 710.369 -1 -1 -1 -1000 -1000 -1000 -10 0.00215404
Car -1 -1 -10 193.029 672.280 429.828 1198.626 -1 -1 -1 -1000 -1000 -1000 -10 0.00214766
Car -1 -1 -10 47.161 513.603 1151.054 1200.000 -1 -1 -1 -1000 -1000 -1000 -10 0.00376045
Car -1 -1 -10 189.165 462.272 258.506 830.921 -1 -1 -1 -1000 -1000 -1000 -10 0.00103210
Car -1 -1 -10 1746.977 549.390 1883.413 670.935 -1 -1 -1 -1000 -1000 -1000 -10 0.00101797
Car -1 -1 -10 146.716 1157.950 184.557 1200.000 -1 -1 -1 -1000 -1000 -1000 -10 0.00184356
Car -1 -1 -10 1518.810 482.726 1906.064 754.519 -1 -1 -1 -1000 -1000 -1000 -10 0.00170212
Car -1 -1 -10 1604.617 462.482 1908.370 628.807 -1 -1 -1 -1000 -1000 -1000 -10 0.00171206
Car -1 -1 -10 115.143 1067.961 508.598 1200.000 -1 -1 -1 -1000 -1000 -1000 -10 0.00180916
Car -1 -1 -10 0.000 939.805 317.009 1200.000 -1 -1 -1 -1000 -1000 -1000 -10 0.00182192
Car -1 -1 -10 1655.913 531.526 1759.271 611.053 -1 -1 -1 -1000 -1000 -1000 -10 0.00090046
Car -1 -1 -10 564.969 636.243 753.785 1188.845 -1 -1 -1 -1000 -1000 -1000 -10 0.00089886
Car -1 -1 -10 16.119 367.941 313.103 1200.000 -1 -1 -1 -1000 -1000 -1000 -10 0.00088372
Car -1 -1 -10 124.795 466.062 344.927 832.812 -1 -1 -1 -1000 -1000 -1000 -10 0.00169298
Car -1 -1 -10 0.000 1107.965 91.187 1200.000 -1 -1 -1 -1000 -1000 -1000 -10 0.00087463
Car -1 -1 -10 636.917 636.337 826.698 1187.763 -1 -1 -1 -1000 -1000 -1000 -10 0.00087429
Car -1 -1 -10 1649.054 560.830 1871.138 692.122 -1 -1 -1 -1000 -1000 -1000 -10 0.00087168
Car -1 -1 -10 770.247 640.042 959.003 1190.039 -1 -1 -1 -1000 -1000 -1000 -10 0.00169913
Car -1 -1 -10 0.000 1010.478 258.624 1200.000 -1 -1 -1 -1000 -1000 -1000 -10 0.00086915
Car -1 -1 -10 1586.676 545.990 1752.172 633.526 -1 -1 -1 -1000 -1000 -1000 -10 0.00086690
Car -1 -1 -10 200.799 577.920 246.651 743.685 -1 -1 -1 -1000 -1000 -1000 -10 0.00086418
Car -1 -1 -10 192.819 1120.222 276.019 1200.000 -1 -1 -1 -1000 -1000 -1000 -10 0.00162473
Car -1 -1 -10 86.367 605.284 273.268 1186.617 -1 -1 -1 -1000 -1000 -1000 -10 0.00162060
Car -1 -1 -10 295.425 578.384 495.278 1178.576 -1 -1 -1 -1000 -1000 -1000 -10 0.00085913
Car -1 -1 -10 221.002 518.948 271.743 813.209 -1 -1 -1 -1000 -1000 -1000 -10 0.00085274
Car -1 -1 -10 212.710 1157.617 250.007 1200.000 -1 -1 -1 -1000 -1000 -1000 -10 0.00085171
Car -1 -1 -10 268.980 702.121 937.476 1159.720 -1 -1 -1 -1000 -1000 -1000 -10 0.00084068
Car -1 -1 -10 1752.609 541.982 1915.369 676.417 -1 -1 -1 -1000 -1000 -1000 -10 0.00084017
Car -1 -1 -10 469.149 636.536 656.782 1187.639 -1 -1 -1 -1000 -1000 -1000 -10 0.00082777
Car -1 -1 -10 709.476 637.101 898.357 1187.980 -1 -1 -1 -1000 -1000 -1000 -10 0.00082391
Car -1 -1 -10 227.248 1158.134 264.747 1200.000 -1 -1 -1 -1000 -1000 -1000 -10 0.00162942
Car -1 -1 -10 1684.981 553.978 1732.801 605.628 -1 -1 -1 -1000 -1000 -1000 -10 0.00081726
Car -1 -1 -10 450.546 567.651 844.202 1183.556 -1 -1 -1 -1000 -1000 -1000 -10 0.00081426
Car -1 -1 -10 1483.646 733.800 1920.000 1200.000 -1 -1 -1 -1000 -1000 -1000 -10 0.00157110
Car -1 -1 -10 0.000 1112.318 123.758 1200.000 -1 -1 -1 -1000 -1000 -1000 -10 0.00081179
Car -1 -1 -10 217.404 1116.833 303.070 1200.000 -1 -1 -1 -1000 -1000 -1000 -10 0.00080859
Car -1 -1 -10 214.495 584.497 409.676 1179.075 -1 -1 -1 -1000 -1000 -1000 -10 0.00155702
Car -1 -1 -10 130.881 1121.443 211.553 1200.000 -1 -1 -1 -1000 -1000 -1000 -10 0.00079080
Car -1 -1 -10 189.603 1106.271 438.393 1200.000 -1 -1 -1 -1000 -1000 -1000 -10 0.00078154
Car -1 -1 -10 9.806 1088.523 240.672 1200.000 -1 -1 -1 -1000 -1000 -1000 -10 0.00077671
Car -1 -1 -10 582.024 576.751 735.544 1195.796 -1 -1 -1 -1000 -1000 -1000 -10 0.00077035
Car -1 -1 -10 203.916 394.411 290.759 905.711 -1 -1 -1 -1000 -1000 -1000 -10 0.00076424
Car -1 -1 -10 1478.867 0.000 1920.000 329.463 -1 -1 -1 -1000 -1000 -1000 -10 0.00074644
Car -1 -1 -10 0.000 1067.769 195.848 1200.000 -1 -1 -1 -1000 -1000 -1000 -10 0.00074300
Car -1 -1 -10 54.988 1106.991 308.184 1200.000 -1 -1 -1 -1000 -1000 -1000 -10 0.00072824
Car -1 -1 -10 236.071 1157.690 273.262 1200.000 -1 -1 -1 -1000 -1000 -1000 -10 0.00071310
Car -1 -1 -10 418.770 538.720 568.104 1200.000 -1 -1 -1 -1000 -1000 -1000 -10 0.00070725
Car -1 -1 -10 197.339 521.089 247.279 813.277 -1 -1 -1 -1000 -1000 -1000 -10 0.00070215
