Car -1 -1 -10 799.658 583.234 868.972 641.025 -1 -1 -1 -1000 -1000 -1000 -10 0.34553797
Car -1 -1 -10 802.116 588.497 858.967 641.840 -1 -1 -1 -1000 -1000 -1000 -10 0.04868127
Car -1 -1 -10 0.000 795.996 461.316 1198.580 -1 -1 -1 -1000 -1000 -1000 -10 0.00949371
Car -1 -1 -10 15.366 826.931 224.475 1198.592 -1 -1 -1 -1000 -1000 -1000 -10 0.00379863
Car -1 -1 -10 2.332 1062.938 317.522 1200.000 -1 -1 -1 -1000 -1000 -1000 -10 0.00254529
Car -1 -1 -10 14.309 987.690 425.387 1200.000 -1 -1 -1 -1000 -1000 -1000 -10 0.00131315
Car -1 -1 -10 0.398 1156.562 33.283 1200.000 -1 -1 -1 -1000 -1000 -1000 -10 0.00222642
Car -1 -1 -10 0.000 1021.335 265.765 1200.000 -1 -1 -1 -1000 -1000 -1000 -10 0.00117349
Car -1 -1 -10 37.683 933.493 273.126 1200.000 -1 -1 -1 -1000 -1000 -1000 -10 0.00115165
Car -1 -1 -10 0.000 1105.886 49.294 1200.000 -1 -1 -1 -1000 -1000 -1000 -10 0.00109134
Car -1 -1 -10 51.379 601.265 252.719 1183.441 -1 -1 -1 -1000 -1000 -1000 -10 0.00108979
Car -1 -1 -10 0.000 1109.176 90.881 1200.000 -1 -1 -1 -1000 -1000 -1000 -10 0.00108840
Car -1 -1 -10 0.000 1140.036 53.793 1200.000 -1 -1 -1 -1000 -1000 -1000 -10 0.00107117
Car -1 -1 -10 8.182 1103.807 253.906 1200.000 -1 -1 -1 -1000 -1000 -1000 -10 0.00104509
Car -1 -1 -10 99.072 821.185 261.080 1200.000 -1 -1 -1 -1000 -1000 -1000 -10 0.00104432
Car -1 -1 -10 66.409 741.232 194.085 1200.000 -1 -1 -1 -1000 -1000 -1000 -10 0.00100153
Car -1 -1 -10 25.426 568.306 561.313 1158.728 -1 -1 -1 -1000 -1000 -1000 -10 0.00084401
Car -1 -1 -10 5.415 1110.266 168.334 1200.000 -1 -1 -1 -1000 -1000 -1000 -10 0.00081328
