Car -1 -1 -10 1408.848 477.007 1564.978 591.808 -1 -1 -1 -1000 -1000 -1000 -10 0.22263364
Car -1 -1 -10 27.600 588.568 127.505 676.235 -1 -1 -1 -1000 -1000 -1000 -10 0.14836488
Car -1 -1 -10 7.353 588.658 153.688 682.333 -1 -1 -1 -1000 -1000 -1000 -10 0.00805772
Car -1 -1 -10 35.330 603.478 114.909 677.745 -1 -1 -1 -1000 -1000 -1000 -10 0.00382165
Car -1 -1 -10 0.000 637.304 439.004 1199.048 -1 -1 -1 -1000 -1000 -1000 -10 0.00520566
Car -1 -1 -10 0.000 588.859 54.765 696.494 -1 -1 -1 -1000 -1000 -1000 -10 0.00288907
Car -1 -1 -10 1554.440 537.721 1718.280 630.108 -1 -1 -1 -1000 -1000 -1000 -10 0.00636101
Car -1 -1 -10 1294.309 462.146 1571.168 609.949 -1 -1 -1 -1000 -1000 -1000 -10 0.00227178
Car -1 -1 -10 1602.336 502.591 1917.207 744.920 -1 -1 -1 -1000 -1000 -1000 -10 0.00539078
Car -1 -1 -10 0.323 1077.131 207.328 1200.000 -1 -1 -1 -1000 -1000 -1000 -10 0.00496825
Car -1 -1 -10 11.106 590.785 207.002 1190.243 -1 -1 -1 -1000 -1000 -1000 -10 0.00321005
Car -1 -1 -10 3.626 577.809 185.848 686.828 -1 -1 -1 -1000 -1000 -1000 -10 0.00170989
Car -1 -1 -10 35.167 1127.914 101.732 1200.000 -1 -1 -1 -1000 -1000 -1000 -10 0.00163648
Car -1 -1 -10 0.000 803.583 460.180 1200.000 -1 -1 -1 -1000 -1000 -1000 -10 0.00321403
Car -1 -1 -10 1772.069 518.747 1919.270 661.078 -1 -1 -1 -1000 -1000 -1000 -10 0.00160383
Car -1 -1 -10 48.782 1143.068 100.698 1200.000 -1 -1 -1 -1000 -1000 -1000 -10 0.00160263
Car -1 -1 -10 1.086 931.053 235.155 1200.000 -1 -1 -1 -1000 -1000 -1000 -10 0.00156801
Car -1 -1 -10 0.000 571.492 108.234 661.594 -1 -1 -1 -1000 -1000 -1000 -10 0.00154333
Car -1 -1 -10 49.254 1157.588 86.894 1200.000 -1 -1 -1 -1000 -1000 -1000 -10 0.00154269
Car -1 -1 -10 0.000 967.363 297.897 1200.000 -1 -1 -1 -1000 -1000 -1000 -10 0.00421049
Car -1 -1 -10 39.405 1087.497 97.310 1200.000 -1 -1 -1 -1000 -1000 -1000 -10 0.00150868
Car -1 -1 -10 1312.300 468.652 1535.344 600.585 -1 -1 -1 -1000 -1000 -1000 -10 0.00149584
Car -1 -1 -10 76.543 1126.675 143.248 1200.000 -1 -1 -1 -1000 -1000 -1000 -10 0.00146790
Car -1 -1 -10 0.000 1113.009 98.717 1200.000 -1 -1 -1 -1000 -1000 -1000 -10 0.00277427
Car -1 -1 -10 1780.847 531.602 1920.000 696.088 -1 -1 -1 -1000 -1000 -1000 -10 0.00143378
Car -1 -1 -10 0.000 588.655 77.182 684.353 -1 -1 -1 -1000 -1000 -1000 -10 0.00136944
Car -1 -1 -10 0.000 1103.631 49.398 1200.000 -1 -1 -1 -1000 -1000 -1000 -10 0.00135865
Car -1 -1 -10 56.808 1082.515 116.041 1200.000 -1 -1 -1 -1000 -1000 -1000 -10 0.00132470
Car -1 -1 -10 1502.148 471.428 1920.000 1023.828 -1 -1 -1 -1000 -1000 -1000 -10 0.00251070
Car -1 -1 -10 49.462 592.215 111.184 650.736 -1 -1 -1 -1000 -1000 -1000 -10 0.00131684
Car -1 -1 -10 7.334 1106.654 195.346 1200.000 -1 -1 -1 -1000 -1000 -1000 -10 0.00130210
Car -1 -1 -10 42.727 633.266 219.354 1198.515 -1 -1 -1 -1000 -1000 -1000 -10 0.00229964
Car -1 -1 -10 57.467 547.227 104.820 706.677 -1 -1 -1 -1000 -1000 -1000 -10 0.00125413
Car -1 -1 -10 1469.703 802.126 1920.000 1199.278 -1 -1 -1 -1000 -1000 -1000 -10 0.00348270
Car -1 -1 -10 67.877 1122.965 106.755 1200.000 -1 -1 -1 -1000 -1000 -1000 -10 0.00123482
Car -1 -1 -10 1741.203 525.363 1920.000 792.821 -1 -1 -1 -1000 -1000 -1000 -10 0.00122826
Car -1 -1 -10 40.482 594.458 89.083 671.567 -1 -1 -1 -1000 -1000 -1000 -10 0.00121555
Car -1 -1 -10 52.155 1118.106 133.768 1200.000 -1 -1 -1 -1000 -1000 -1000 -10 0.00121080
Car -1 -1 -10 52.920 1015.097 150.398 1200.000 -1 -1 -1 -1000 -1000 -1000 -10 0.00120971
Car -1 -1 -10 0.000 1067.345 67.549 1200.000 -1 -1 -1 -1000 -1000 -1000 -10 0.00118882
Car -1 -1 -10 1743.718 515.147 1919.292 674.633 -1 -1 -1 -1000 -1000 -1000 -10 0.00116871
Car -1 -1 -10 1485.919 488.450 1648.446 589.260 -1 -1 -1 -1000 -1000 -1000 -10 0.00114574
Car -1 -1 -10 111.332 1157.839 148.838 1200.000 -1 -1 -1 -1000 -1000 -1000 -10 0.00109555
Car -1 -1 -10 1711.674 481.101 1920.000 874.785 -1 -1 -1 -1000 -1000 -1000 -10 0.00100689
