Car -1 -1 -10 325.617 608.285 454.552 694.523 -1 -1 -1 -1000 -1000 -1000 -10 0.97540064
Car -1 -1 -10 678.516 595.725 780.218 677.489 -1 -1 -1 -1000 -1000 -1000 -10 0.61535069
Car -1 -1 -10 610.139 608.921 669.849 659.670 -1 -1 -1 -1000 -1000 -1000 -10 0.01548422
Car -1 -1 -10 399.375 607.482 479.392 678.318 -1 -1 -1 -1000 -1000 -1000 -10 0.00732577
Car -1 -1 -10 0.000 593.911 524.471 1198.560 -1 -1 -1 -1000 -1000 -1000 -10 0.00559240
Car -1 -1 -10 0.000 814.678 452.399 1199.378 -1 -1 -1 -1000 -1000 -1000 -10 0.00635477
Car -1 -1 -10 655.451 1158.564 692.519 1200.000 -1 -1 -1 -1000 -1000 -1000 -10 0.00488840
Car -1 -1 -10 746.989 1157.772 784.403 1200.000 -1 -1 -1 -1000 -1000 -1000 -10 0.00372393
Car -1 -1 -10 639.817 608.655 700.202 662.866 -1 -1 -1 -1000 -1000 -1000 -10 0.00367649
Car -1 -1 -10 0.000 547.498 755.216 1194.494 -1 -1 -1 -1000 -1000 -1000 -10 0.00175685
Car -1 -1 -10 1449.294 440.606 1920.000 799.946 -1 -1 -1 -1000 -1000 -1000 -10 0.00328491
Car -1 -1 -10 321.062 1085.551 379.987 1200.000 -1 -1 -1 -1000 -1000 -1000 -10 0.00307087
Car -1 -1 -10 29.464 621.445 211.967 1189.754 -1 -1 -1 -1000 -1000 -1000 -10 0.00454765
Car -1 -1 -10 126.895 1052.046 549.169 1200.000 -1 -1 -1 -1000 -1000 -1000 -10 0.00294016
Car -1 -1 -10 740.217 1123.324 778.032 1200.000 -1 -1 -1 -1000 -1000 -1000 -10 0.00166839
Car -1 -1 -10 17.961 1103.850 228.277 1200.000 -1 -1 -1 -1000 -1000 -1000 -10 0.00297350
Car -1 -1 -10 67.692 799.542 693.148 1191.334 -1 -1 -1 -1000 -1000 -1000 -10 0.00324336
Car -1 -1 -10 0.000 791.595 346.714 1200.000 -1 -1 -1 -1000 -1000 -1000 -10 0.00164216
Car -1 -1 -10 254.177 661.922 442.756 1194.604 -1 -1 -1 -1000 -1000 -1000 -10 0.00162678
Car -1 -1 -10 0.000 1104.853 90.091 1200.000 -1 -1 -1 -1000 -1000 -1000 -10 0.00153516
Car -1 -1 -10 682.868 603.689 728.121 668.844 -1 -1 -1 -1000 -1000 -1000 -10 0.00151563
Car -1 -1 -10 0.000 969.999 299.459 1200.000 -1 -1 -1 -1000 -1000 -1000 -10 0.00401001
Car -1 -1 -10 274.389 1059.717 671.604 1200.000 -1 -1 -1 -1000 -1000 -1000 -10 0.00275492
Car -1 -1 -10 291.669 1034.314 721.419 1200.000 -1 -1 -1 -1000 -1000 -1000 -10 0.00146490
Car -1 -1 -10 262.229 621.122 481.206 1193.019 -1 -1 -1 -1000 -1000 -1000 -10 0.00143039
Car -1 -1 -10 677.068 611.586 737.391 675.748 -1 -1 -1 -1000 -1000 -1000 -10 0.00137694
Car -1 -1 -10 632.139 1118.915 711.931 1200.000 -1 -1 -1 -1000 -1000 -1000 -10 0.00252222
Car -1 -1 -10 331.758 1157.089 369.429 1200.000 -1 -1 -1 -1000 -1000 -1000 -10 0.00256960
Car -1 -1 -10 0.000 1102.906 49.121 1200.000 -1 -1 -1 -1000 -1000 -1000 -10 0.00135733
Car -1 -1 -10 637.307 1127.233 702.757 1200.000 -1 -1 -1 -1000 -1000 -1000 -10 0.00135670
Car -1 -1 -10 0.966 1025.886 265.159 1200.000 -1 -1 -1 -1000 -1000 -1000 -10 0.00135539
Car -1 -1 -10 0.000 1107.600 124.156 1200.000 -1 -1 -1 -1000 -1000 -1000 -10 0.00134052
Car -1 -1 -10 728.497 1157.205 765.719 1200.000 -1 -1 -1 -1000 -1000 -1000 -10 0.00131303
Car -1 -1 -10 210.776 1102.767 462.946 1200.000 -1 -1 -1 -1000 -1000 -1000 -10 0.00130872
Car -1 -1 -10 62.781 206.043 368.232 1194.578 -1 -1 -1 -1000 -1000 -1000 -10 0.00130255
Car -1 -1 -10 274.863 820.439 611.537 1199.781 -1 -1 -1 -1000 -1000 -1000 -10 0.00247728
Car -1 -1 -10 594.195 1126.931 661.032 1200.000 -1 -1 -1 -1000 -1000 -1000 -10 0.00125381
Car -1 -1 -10 345.976 1081.515 660.481 1200.000 -1 -1 -1 -1000 -1000 -1000 -10 0.00124748
Car -1 -1 -10 14.640 366.974 308.191 1200.000 -1 -1 -1 -1000 -1000 -1000 -10 0.00122491
Car -1 -1 -10 723.934 1086.144 781.925 1200.000 -1 -1 -1 -1000 -1000 -1000 -10 0.00122188
Car -1 -1 -10 1252.576 460.167 1754.144 791.098 -1 -1 -1 -1000 -1000 -1000 -10 0.00121998
Car -1 -1 -10 0.000 1083.016 163.777 1200.000 -1 -1 -1 -1000 -1000 -1000 -10 0.00121372
Car -1 -1 -10 581.405 600.113 726.572 674.660 -1 -1 -1 -1000 -1000 -1000 -10 0.00119927
Car -1 -1 -10 596.324 1157.018 633.986 1200.000 -1 -1 -1 -1000 -1000 -1000 -10 0.00116401
Car -1 -1 -10 67.557 592.661 196.494 1200.000 -1 -1 -1 -1000 -1000 -1000 -10 0.00115495
Car -1 -1 -10 413.220 1103.399 663.889 1200.000 -1 -1 -1 -1000 -1000 -1000 -10 0.00115478
