Car -1 -1 -10 569.705 465.580 1135.751 744.451 -1 -1 -1 -1000 -1000 -1000 -10 0.30447066
Car -1 -1 -10 1785.001 527.258 1919.815 701.057 -1 -1 -1 -1000 -1000 -1000 -10 0.04274966
Car -1 -1 -10 931.218 494.369 1271.816 721.747 -1 -1 -1 -1000 -1000 -1000 -10 0.01759783
Car -1 -1 -10 548.158 474.700 908.311 703.944 -1 -1 -1 -1000 -1000 -1000 -10 0.01132944
Car -1 -1 -10 829.114 548.807 1914.085 1178.925 -1 -1 -1 -1000 -1000 -1000 -10 0.02030068
Car -1 -1 -10 1196.435 517.866 1352.169 605.081 -1 -1 -1 -1000 -1000 -1000 -10 0.01367078
Car -1 -1 -10 1010.791 745.814 1593.922 1199.547 -1 -1 -1 -1000 -1000 -1000 -10 0.00324616
Car -1 -1 -10 626.005 1093.191 794.029 1189.715 -1 -1 -1 -1000 -1000 -1000 -10 0.00524956
Car -1 -1 -10 555.692 489.289 856.698 745.641 -1 -1 -1 -1000 -1000 -1000 -10 0.00549067
Car -1 -1 -10 1067.024 733.685 1702.419 1184.553 -1 -1 -1 -1000 -1000 -1000 -10 0.00506379
Car -1 -1 -10 615.624 620.501 798.749 1185.026 -1 -1 -1 -1000 -1000 -1000 -10 0.00802079
Car -1 -1 -10 510.488 1062.503 904.693 1200.000 -1 -1 -1 -1000 -1000 -1000 -10 0.00227450
Car -1 -1 -10 666.382 533.779 825.458 637.590 -1 -1 -1 -1000 -1000 -1000 -10 0.00354492
Car -1 -1 -10 638.972 511.091 794.665 612.777 -1 -1 -1 -1000 -1000 -1000 -10 0.00389365
Car -1 -1 -10 539.825 1086.097 860.902 1200.000 -1 -1 -1 -1000 -1000 -1000 -10 0.00202008
Car -1 -1 -10 1044.427 512.815 1196.569 613.242 -1 -1 -1 -1000 -1000 -1000 -10 0.00187839
Car -1 -1 -10 1031.632 533.822 1187.361 639.646 -1 -1 -1 -1000 -1000 -1000 -10 0.00154847
