Car -1 -1 -10 805.528 576.485 1013.400 742.616 -1 -1 -1 -1000 -1000 -1000 -10 0.99996147
Car -1 -1 -10 695.269 571.945 801.051 679.146 -1 -1 -1 -1000 -1000 -1000 -10 0.49200192
Car -1 -1 -10 1165.619 539.616 1316.431 688.163 -1 -1 -1 -1000 -1000 -1000 -10 0.94060881
Car -1 -1 -10 529.095 547.067 746.937 709.078 -1 -1 -1 -1000 -1000 -1000 -10 0.90027589
Car -1 -1 -10 669.990 567.397 808.788 691.412 -1 -1 -1 -1000 -1000 -1000 -10 0.43467346
Car -1 -1 -10 1059.454 569.040 1115.196 621.082 -1 -1 -1 -1000 -1000 -1000 -10 0.53921907
Car -1 -1 -10 1195.913 528.863 1428.971 710.211 -1 -1 -1 -1000 -1000 -1000 -10 0.10374954
Car -1 -1 -10 607.427 567.671 795.848 707.094 -1 -1 -1 -1000 -1000 -1000 -10 0.06150203
Car -1 -1 -10 769.302 584.828 868.348 671.149 -1 -1 -1 -1000 -1000 -1000 -10 0.02405242
Car -1 -1 -10 1141.280 533.125 1255.514 654.977 -1 -1 -1 -1000 -1000 -1000 -10 0.02135088
Car -1 -1 -10 1238.259 523.433 1460.296 720.640 -1 -1 -1 -1000 -1000 -1000 -10 0.02109098
Car -1 -1 -10 1127.365 564.921 1182.936 624.329 -1 -1 -1 -1000 -1000 -1000 -10 0.00980960
Car -1 -1 -10 738.309 568.367 833.338 669.131 -1 -1 -1 -1000 -1000 -1000 -10 0.00835981
Car -1 -1 -10 647.482 552.168 765.243 661.195 -1 -1 -1 -1000 -1000 -1000 -10 0.00427064
Car -1 -1 -10 1119.347 554.493 1214.406 632.882 -1 -1 -1 -1000 -1000 -1000 -10 0.00404904
Car -1 -1 -10 667.729 565.471 773.824 652.177 -1 -1 -1 -1000 -1000 -1000 -10 0.00404732
Car -1 -1 -10 0.000 787.220 471.669 1200.000 -1 -1 -1 -1000 -1000 -1000 -10 0.00393170
Car -1 -1 -10 0.000 676.157 442.099 1200.000 -1 -1 -1 -1000 -1000 -1000 -10 0.00368954
Car -1 -1 -10 601.143 555.126 732.007 678.814 -1 -1 -1 -1000 -1000 -1000 -10 0.00353685
