Car -1 -1 -10 997.900 547.409 1296.414 784.020 -1 -1 -1 -1000 -1000 -1000 -10 0.99993515
Car -1 -1 -10 32.815 615.774 285.863 773.098 -1 -1 -1 -1000 -1000 -1000 -10 0.99683008
Car -1 -1 -10 929.320 592.940 1057.676 718.547 -1 -1 -1 -1000 -1000 -1000 -10 0.59597699
Car -1 -1 -10 964.790 578.079 1111.981 737.579 -1 -1 -1 -1000 -1000 -1000 -10 0.94547050
Car -1 -1 -10 3.747 635.245 135.527 808.197 -1 -1 -1 -1000 -1000 -1000 -10 0.44254643
Car -1 -1 -10 986.141 561.531 1165.333 757.569 -1 -1 -1 -1000 -1000 -1000 -10 0.13088460
Car -1 -1 -10 742.559 612.089 862.080 753.882 -1 -1 -1 -1000 -1000 -1000 -10 0.11270964
Car -1 -1 -10 894.503 596.287 1000.611 690.410 -1 -1 -1 -1000 -1000 -1000 -10 0.10354083
Car -1 -1 -10 231.198 625.474 374.312 736.133 -1 -1 -1 -1000 -1000 -1000 -10 0.11183929
Car -1 -1 -10 891.796 587.270 1022.546 687.507 -1 -1 -1 -1000 -1000 -1000 -10 0.04432597
Car -1 -1 -10 694.948 597.976 862.464 770.807 -1 -1 -1 -1000 -1000 -1000 -10 0.02457113
