Car -1 -1 -10 653.695 779.504 1560.028 1191.553 -1 -1 -1 -1000 -1000 -1000 -10 0.02151147
Car -1 -1 -10 0.000 491.226 945.961 1195.256 -1 -1 -1 -1000 -1000 -1000 -10 0.01525842
Car -1 -1 -10 496.837 550.609 1708.158 1192.628 -1 -1 -1 -1000 -1000 -1000 -10 0.00654193
Car -1 -1 -10 3.180 686.233 630.111 1199.851 -1 -1 -1 -1000 -1000 -1000 -10 0.01952681
Car -1 -1 -10 215.966 507.733 1488.093 1199.867 -1 -1 -1 -1000 -1000 -1000 -10 0.01218508
Car -1 -1 -10 1042.512 466.465 1186.766 1200.000 -1 -1 -1 -1000 -1000 -1000 -10 0.00628637
Car -1 -1 -10 0.118 0.000 195.551 218.389 -1 -1 -1 -1000 -1000 -1000 -10 0.00648650
Car -1 -1 -10 183.041 558.842 315.546 1194.993 -1 -1 -1 -1000 -1000 -1000 -10 0.00306372
Car -1 -1 -10 54.424 761.545 402.459 1083.480 -1 -1 -1 -1000 -1000 -1000 -10 0.00579031
Car -1 -1 -10 656.646 705.820 1399.154 1179.263 -1 -1 -1 -1000 -1000 -1000 -10 0.00298182
Car -1 -1 -10 0.000 799.280 420.634 1060.423 -1 -1 -1 -1000 -1000 -1000 -10 0.00518467
Car -1 -1 -10 37.909 343.052 381.646 1200.000 -1 -1 -1 -1000 -1000 -1000 -10 0.00281551
Car -1 -1 -10 896.906 818.844 1364.769 1041.499 -1 -1 -1 -1000 -1000 -1000 -10 0.00535842
Car -1 -1 -10 111.705 563.326 444.440 1191.385 -1 -1 -1 -1000 -1000 -1000 -10 0.00264569
Car -1 -1 -10 1029.578 817.945 1199.935 907.333 -1 -1 -1 -1000 -1000 -1000 -10 0.00479330
Car -1 -1 -10 231.553 519.484 363.390 1189.410 -1 -1 -1 -1000 -1000 -1000 -10 0.00257170
Car -1 -1 -10 109.945 562.804 244.905 1200.000 -1 -1 -1 -1000 -1000 -1000 -10 0.00250442
Car -1 -1 -10 11.142 688.393 254.852 1199.560 -1 -1 -1 -1000 -1000 -1000 -10 0.00247988
Car -1 -1 -10 9.403 0.000 301.669 122.105 -1 -1 -1 -1000 -1000 -1000 -10 0.00487905
Car -1 -1 -10 39.425 0.000 164.719 135.242 -1 -1 -1 -1000 -1000 -1000 -10 0.00460805
Car -1 -1 -10 963.988 796.650 1279.812 934.951 -1 -1 -1 -1000 -1000 -1000 -10 0.00232790
Car -1 -1 -10 152.684 498.476 305.192 1200.000 -1 -1 -1 -1000 -1000 -1000 -10 0.00226845
Car -1 -1 -10 100.201 385.680 424.628 1200.000 -1 -1 -1 -1000 -1000 -1000 -10 0.00220873
Car -1 -1 -10 962.906 395.650 1125.616 1193.084 -1 -1 -1 -1000 -1000 -1000 -10 0.00219874
