Car -1 -1 -10 391.202 582.213 530.621 679.481 -1 -1 -1 -1000 -1000 -1000 -10 0.99983908
Car -1 -1 -10 501.013 589.177 590.840 662.615 -1 -1 -1 -1000 -1000 -1000 -10 0.95528027
Car -1 -1 -10 1451.438 546.805 1705.715 665.412 -1 -1 -1 -1000 -1000 -1000 -10 0.90926558
Car -1 -1 -10 703.633 515.036 1029.863 816.780 -1 -1 -1 -1000 -1000 -1000 -10 0.72565356
Car -1 -1 -10 1365.571 563.506 1545.411 654.549 -1 -1 -1 -1000 -1000 -1000 -10 0.48184117
Car -1 -1 -10 565.810 594.387 646.308 652.335 -1 -1 -1 -1000 -1000 -1000 -10 0.13423431
Car -1 -1 -10 214.199 597.260 328.290 667.322 -1 -1 -1 -1000 -1000 -1000 -10 0.05929982
Car -1 -1 -10 241.005 599.457 333.229 661.452 -1 -1 -1 -1000 -1000 -1000 -10 0.01712065
Car -1 -1 -10 1482.814 555.678 1609.898 657.298 -1 -1 -1 -1000 -1000 -1000 -10 0.00600159
Car -1 -1 -10 460.632 586.243 550.635 676.206 -1 -1 -1 -1000 -1000 -1000 -10 0.00214634
Car -1 -1 -10 888.840 546.871 1020.274 676.705 -1 -1 -1 -1000 -1000 -1000 -10 0.00179062
Car -1 -1 -10 1336.123 534.895 1637.126 658.294 -1 -1 -1 -1000 -1000 -1000 -10 0.00162201
