Car -1 -1 -10 889.843 520.379 1113.169 722.643 -1 -1 -1 -1000 -1000 -1000 -10 0.99995017
Car -1 -1 -10 336.742 571.678 488.819 672.520 -1 -1 -1 -1000 -1000 -1000 -10 0.99840836
Car -1 -1 -10 478.389 569.304 580.158 648.134 -1 -1 -1 -1000 -1000 -1000 -10 0.99438265
Car -1 -1 -10 561.471 568.354 634.513 637.976 -1 -1 -1 -1000 -1000 -1000 -10 0.96982332
Car -1 -1 -10 525.136 571.879 601.247 644.263 -1 -1 -1 -1000 -1000 -1000 -10 0.20463540
Car -1 -1 -10 560.577 1157.449 598.559 1200.000 -1 -1 -1 -1000 -1000 -1000 -10 0.00509901
Car -1 -1 -10 964.544 511.040 1081.407 624.703 -1 -1 -1 -1000 -1000 -1000 -10 0.00236216
Car -1 -1 -10 1471.744 794.246 1920.000 1198.767 -1 -1 -1 -1000 -1000 -1000 -10 0.00422112
Car -1 -1 -10 403.550 1158.138 440.568 1200.000 -1 -1 -1 -1000 -1000 -1000 -10 0.00224203
Car -1 -1 -10 486.879 1064.424 877.582 1200.000 -1 -1 -1 -1000 -1000 -1000 -10 0.00221273
Car -1 -1 -10 548.746 1103.727 801.934 1200.000 -1 -1 -1 -1000 -1000 -1000 -10 0.00216473
Car -1 -1 -10 819.040 1059.898 1216.198 1200.000 -1 -1 -1 -1000 -1000 -1000 -10 0.00391159
Car -1 -1 -10 940.253 510.439 1057.845 624.964 -1 -1 -1 -1000 -1000 -1000 -10 0.00202724
Car -1 -1 -10 564.681 595.203 757.818 1182.444 -1 -1 -1 -1000 -1000 -1000 -10 0.00391795
Car -1 -1 -10 1045.812 536.655 1154.153 648.886 -1 -1 -1 -1000 -1000 -1000 -10 0.00198797
Car -1 -1 -10 589.896 1104.724 767.780 1200.000 -1 -1 -1 -1000 -1000 -1000 -10 0.00198698
Car -1 -1 -10 929.042 502.373 1042.876 610.023 -1 -1 -1 -1000 -1000 -1000 -10 0.00197519
Car -1 -1 -10 0.000 796.933 445.202 1198.886 -1 -1 -1 -1000 -1000 -1000 -10 0.00361238
Car -1 -1 -10 945.785 508.482 1098.095 621.216 -1 -1 -1 -1000 -1000 -1000 -10 0.00186220
Car -1 -1 -10 577.158 1051.833 988.388 1200.000 -1 -1 -1 -1000 -1000 -1000 -10 0.00532102
Car -1 -1 -10 610.966 702.987 852.866 1200.000 -1 -1 -1 -1000 -1000 -1000 -10 0.00179654
Car -1 -1 -10 899.995 1104.341 1075.084 1200.000 -1 -1 -1 -1000 -1000 -1000 -10 0.00159196
Car -1 -1 -10 657.036 1090.552 826.483 1189.709 -1 -1 -1 -1000 -1000 -1000 -10 0.00156445
