Car -1 -1 -10 1124.437 589.879 1290.026 697.919 -1 -1 -1 -1000 -1000 -1000 -10 0.99779490
Car -1 -1 -10 1053.890 567.634 1193.313 657.630 -1 -1 -1 -1000 -1000 -1000 -10 0.69018534
Car -1 -1 -10 0.196 590.055 153.670 690.129 -1 -1 -1 -1000 -1000 -1000 -10 0.17399934
Car -1 -1 -10 1199.443 607.243 1303.456 699.759 -1 -1 -1 -1000 -1000 -1000 -10 0.05491176
Car -1 -1 -10 1119.566 571.275 1234.140 670.655 -1 -1 -1 -1000 -1000 -1000 -10 0.02753550
Car -1 -1 -10 1206.375 591.248 1311.966 693.038 -1 -1 -1 -1000 -1000 -1000 -10 0.01513041
Car -1 -1 -10 0.000 584.369 68.898 699.901 -1 -1 -1 -1000 -1000 -1000 -10 0.01757368
Car -1 -1 -10 266.456 516.709 1512.134 1186.594 -1 -1 -1 -1000 -1000 -1000 -10 0.00628981
Car -1 -1 -10 9.054 502.088 1286.031 1191.891 -1 -1 -1 -1000 -1000 -1000 -10 0.00579082
Car -1 -1 -10 0.000 797.264 463.315 1198.070 -1 -1 -1 -1000 -1000 -1000 -10 0.00828383
Car -1 -1 -10 0.000 568.146 90.270 710.902 -1 -1 -1 -1000 -1000 -1000 -10 0.00202813
Car -1 -1 -10 44.898 491.860 89.553 797.942 -1 -1 -1 -1000 -1000 -1000 -10 0.00169368
Car -1 -1 -10 9.713 559.281 575.422 1169.285 -1 -1 -1 -1000 -1000 -1000 -10 0.00152434
Car -1 -1 -10 20.804 491.693 66.428 789.278 -1 -1 -1 -1000 -1000 -1000 -10 0.00140847
Car -1 -1 -10 451.669 488.962 1053.513 852.064 -1 -1 -1 -1000 -1000 -1000 -10 0.00131555
Car -1 -1 -10 18.911 289.746 131.512 963.813 -1 -1 -1 -1000 -1000 -1000 -10 0.00131224
