Car -1 -1 -10 0.000 797.910 456.946 1198.158 -1 -1 -1 -1000 -1000 -1000 -10 0.00550114
Car -1 -1 -10 37.932 594.043 243.737 1185.738 -1 -1 -1 -1000 -1000 -1000 -10 0.00198565
Car -1 -1 -10 0.000 951.427 304.538 1200.000 -1 -1 -1 -1000 -1000 -1000 -10 0.00200461
Car -1 -1 -10 354.888 1105.943 607.877 1200.000 -1 -1 -1 -1000 -1000 -1000 -10 0.00099420
Car -1 -1 -10 266.698 1086.608 592.046 1200.000 -1 -1 -1 -1000 -1000 -1000 -10 0.00098809
Car -1 -1 -10 297.675 580.754 493.149 1180.766 -1 -1 -1 -1000 -1000 -1000 -10 0.00308690
Car -1 -1 -10 247.793 1067.428 646.331 1200.000 -1 -1 -1 -1000 -1000 -1000 -10 0.00090374
Car -1 -1 -10 375.075 609.413 559.620 1186.518 -1 -1 -1 -1000 -1000 -1000 -10 0.00159818
Car -1 -1 -10 0.000 1110.236 90.547 1200.000 -1 -1 -1 -1000 -1000 -1000 -10 0.00153268
Car -1 -1 -10 739.973 652.911 919.797 1196.696 -1 -1 -1 -1000 -1000 -1000 -10 0.00085570
Car -1 -1 -10 1475.693 806.518 1920.000 1200.000 -1 -1 -1 -1000 -1000 -1000 -10 0.00165432
Car -1 -1 -10 465.073 1112.990 549.215 1200.000 -1 -1 -1 -1000 -1000 -1000 -10 0.00085235
Car -1 -1 -10 519.129 1087.864 577.668 1200.000 -1 -1 -1 -1000 -1000 -1000 -10 0.00085206
Car -1 -1 -10 444.029 1083.533 760.063 1200.000 -1 -1 -1 -1000 -1000 -1000 -10 0.00084898
Car -1 -1 -10 627.437 1158.062 664.351 1200.000 -1 -1 -1 -1000 -1000 -1000 -10 0.00083356
Car -1 -1 -10 442.385 1127.951 509.680 1200.000 -1 -1 -1 -1000 -1000 -1000 -10 0.00082931
Car -1 -1 -10 616.671 656.285 801.015 1196.544 -1 -1 -1 -1000 -1000 -1000 -10 0.00082442
Car -1 -1 -10 395.378 582.387 589.339 1181.966 -1 -1 -1 -1000 -1000 -1000 -10 0.00144384
Car -1 -1 -10 478.786 1118.986 559.052 1200.000 -1 -1 -1 -1000 -1000 -1000 -10 0.00078947
Car -1 -1 -10 1578.905 568.184 1920.000 1200.000 -1 -1 -1 -1000 -1000 -1000 -10 0.00144101
Car -1 -1 -10 304.051 1031.746 766.867 1200.000 -1 -1 -1 -1000 -1000 -1000 -10 0.00141519
Car -1 -1 -10 1616.321 551.474 1905.992 894.633 -1 -1 -1 -1000 -1000 -1000 -10 0.00078500
Car -1 -1 -10 230.976 647.697 283.158 693.734 -1 -1 -1 -1000 -1000 -1000 -10 0.00077966
Car -1 -1 -10 523.061 1157.391 561.352 1200.000 -1 -1 -1 -1000 -1000 -1000 -10 0.00144621
Car -1 -1 -10 231.664 605.584 416.817 1185.160 -1 -1 -1 -1000 -1000 -1000 -10 0.00132612
Car -1 -1 -10 444.860 1088.440 503.310 1200.000 -1 -1 -1 -1000 -1000 -1000 -10 0.00142395
Car -1 -1 -10 1450.042 428.195 1920.000 1003.376 -1 -1 -1 -1000 -1000 -1000 -10 0.00145283
Car -1 -1 -10 404.726 1158.020 443.101 1200.000 -1 -1 -1 -1000 -1000 -1000 -10 0.00074442
Car -1 -1 -10 0.000 1059.968 200.701 1200.000 -1 -1 -1 -1000 -1000 -1000 -10 0.00146741
Car -1 -1 -10 0.000 1157.599 35.070 1200.000 -1 -1 -1 -1000 -1000 -1000 -10 0.00074061
Car -1 -1 -10 712.283 654.429 892.019 1194.925 -1 -1 -1 -1000 -1000 -1000 -10 0.00073961
Car -1 -1 -10 116.140 731.505 245.689 1200.000 -1 -1 -1 -1000 -1000 -1000 -10 0.00073876
Car -1 -1 -10 463.638 1157.252 501.304 1200.000 -1 -1 -1 -1000 -1000 -1000 -10 0.00137335
Car -1 -1 -10 271.206 1106.433 521.453 1200.000 -1 -1 -1 -1000 -1000 -1000 -10 0.00142900
Car -1 -1 -10 393.141 1086.822 711.276 1200.000 -1 -1 -1 -1000 -1000 -1000 -10 0.00072683
Car -1 -1 -10 500.249 1114.000 585.233 1200.000 -1 -1 -1 -1000 -1000 -1000 -10 0.00071924
Car -1 -1 -10 1481.444 182.826 1920.000 723.666 -1 -1 -1 -1000 -1000 -1000 -10 0.00138395
Car -1 -1 -10 381.843 777.288 1030.520 1200.000 -1 -1 -1 -1000 -1000 -1000 -10 0.00069172
Car -1 -1 -10 529.422 1124.784 568.345 1200.000 -1 -1 -1 -1000 -1000 -1000 -10 0.00068789
Car -1 -1 -10 476.526 741.389 602.037 1200.000 -1 -1 -1 -1000 -1000 -1000 -10 0.00135086
Car -1 -1 -10 462.529 1023.008 556.087 1200.000 -1 -1 -1 -1000 -1000 -1000 -10 0.00067800
Car -1 -1 -10 541.124 1157.886 579.388 1200.000 -1 -1 -1 -1000 -1000 -1000 -10 0.00125819
Car -1 -1 -10 495.416 611.237 679.974 1188.902 -1 -1 -1 -1000 -1000 -1000 -10 0.00133096
Car -1 -1 -10 408.017 1105.506 585.630 1200.000 -1 -1 -1 -1000 -1000 -1000 -10 0.00066294
Car -1 -1 -10 544.106 1088.037 603.029 1200.000 -1 -1 -1 -1000 -1000 -1000 -10 0.00065184
Car -1 -1 -10 812.367 648.232 992.938 1195.080 -1 -1 -1 -1000 -1000 -1000 -10 0.00064908
Car -1 -1 -10 434.403 829.998 742.960 1200.000 -1 -1 -1 -1000 -1000 -1000 -10 0.00064722
Car -1 -1 -10 498.411 1023.036 592.205 1200.000 -1 -1 -1 -1000 -1000 -1000 -10 0.00064449
Car -1 -1 -10 582.322 1087.027 902.511 1200.000 -1 -1 -1 -1000 -1000 -1000 -10 0.00064215
Car -1 -1 -10 63.815 344.153 366.017 1200.000 -1 -1 -1 -1000 -1000 -1000 -10 0.00063613
Car -1 -1 -10 555.159 822.834 714.977 1200.000 -1 -1 -1 -1000 -1000 -1000 -10 0.00062868
Car -1 -1 -10 187.886 1108.677 436.227 1200.000 -1 -1 -1 -1000 -1000 -1000 -10 0.00062615
Car -1 -1 -10 22.727 738.459 146.924 1200.000 -1 -1 -1 -1000 -1000 -1000 -10 0.00062354
Car -1 -1 -10 357.537 734.640 483.562 1200.000 -1 -1 -1 -1000 -1000 -1000 -10 0.00061954
Car -1 -1 -10 1683.149 563.419 1917.641 884.361 -1 -1 -1 -1000 -1000 -1000 -10 0.00061951
Car -1 -1 -10 198.205 1021.642 695.424 1200.000 -1 -1 -1 -1000 -1000 -1000 -10 0.00061936
Car -1 -1 -10 426.297 1022.573 520.816 1200.000 -1 -1 -1 -1000 -1000 -1000 -10 0.00061647
Car -1 -1 -10 475.271 1122.835 515.069 1200.000 -1 -1 -1 -1000 -1000 -1000 -10 0.00061044
Car -1 -1 -10 585.946 586.109 781.885 1183.640 -1 -1 -1 -1000 -1000 -1000 -10 0.00060456
Car -1 -1 -10 418.946 911.908 659.989 1200.000 -1 -1 -1 -1000 -1000 -1000 -10 0.00060350
Car -1 -1 -10 163.150 641.610 339.504 1192.645 -1 -1 -1 -1000 -1000 -1000 -10 0.00059441
Car -1 -1 -10 468.967 1125.218 508.616 1200.000 -1 -1 -1 -1000 -1000 -1000 -10 0.00059070
Car -1 -1 -10 498.780 1151.766 587.026 1200.000 -1 -1 -1 -1000 -1000 -1000 -10 0.00058821
Car -1 -1 -10 1636.446 230.469 1918.434 525.818 -1 -1 -1 -1000 -1000 -1000 -10 0.00058781
Car -1 -1 -10 429.313 860.950 545.652 1200.000 -1 -1 -1 -1000 -1000 -1000 -10 0.00058023
Car -1 -1 -10 683.912 588.994 877.473 1178.329 -1 -1 -1 -1000 -1000 -1000 -10 0.00057715
Car -1 -1 -10 375.043 1087.736 433.908 1200.000 -1 -1 -1 -1000 -1000 -1000 -10 0.00057498
Car -1 -1 -10 359.317 913.127 1049.753 1200.000 -1 -1 -1 -1000 -1000 -1000 -10 0.00057436
Car -1 -1 -10 488.844 724.600 905.319 1200.000 -1 -1 -1 -1000 -1000 -1000 -10 0.00056999
Car -1 -1 -10 555.000 1088.695 613.627 1200.000 -1 -1 -1 -1000 -1000 -1000 -10 0.00055981
Car -1 -1 -10 493.109 1124.515 532.446 1200.000 -1 -1 -1 -1000 -1000 -1000 -10 0.00055588
