Car -1 -1 -10 820.391 608.071 893.604 665.473 -1 -1 -1 -1000 -1000 -1000 -10 0.52349436
Car -1 -1 -10 976.671 596.419 1133.520 668.359 -1 -1 -1 -1000 -1000 -1000 -10 0.15530074
Car -1 -1 -10 1686.811 621.957 1849.486 706.210 -1 -1 -1 -1000 -1000 -1000 -10 0.00745577
Car -1 -1 -10 0.000 801.028 455.955 1200.000 -1 -1 -1 -1000 -1000 -1000 -10 0.00645679
Car -1 -1 -10 1590.175 623.479 1748.865 703.981 -1 -1 -1 -1000 -1000 -1000 -10 0.00285511
Car -1 -1 -10 12.917 675.367 250.874 1200.000 -1 -1 -1 -1000 -1000 -1000 -10 0.00161587
Car -1 -1 -10 1594.872 617.989 1898.593 759.559 -1 -1 -1 -1000 -1000 -1000 -10 0.00371350
Car -1 -1 -10 1758.365 621.229 1914.168 708.836 -1 -1 -1 -1000 -1000 -1000 -10 0.00378510
Car -1 -1 -10 1646.519 639.770 1805.141 729.244 -1 -1 -1 -1000 -1000 -1000 -10 0.00242062
Car -1 -1 -10 1505.050 597.103 1920.000 858.726 -1 -1 -1 -1000 -1000 -1000 -10 0.00233634
Car -1 -1 -10 0.000 1023.003 244.465 1200.000 -1 -1 -1 -1000 -1000 -1000 -10 0.00120925
Car -1 -1 -10 228.675 586.064 421.170 1176.533 -1 -1 -1 -1000 -1000 -1000 -10 0.00212397
Car -1 -1 -10 1607.250 578.142 1907.765 895.544 -1 -1 -1 -1000 -1000 -1000 -10 0.00117169
Car -1 -1 -10 1661.101 602.582 1714.536 660.744 -1 -1 -1 -1000 -1000 -1000 -10 0.00226453
Car -1 -1 -10 108.530 269.486 417.008 1195.603 -1 -1 -1 -1000 -1000 -1000 -10 0.00216981
Car -1 -1 -10 0.000 966.821 209.939 1200.000 -1 -1 -1 -1000 -1000 -1000 -10 0.00111471
Car -1 -1 -10 1693.904 638.321 1851.646 732.264 -1 -1 -1 -1000 -1000 -1000 -10 0.00109067
Car -1 -1 -10 44.197 637.774 218.202 1198.868 -1 -1 -1 -1000 -1000 -1000 -10 0.00106542
Car -1 -1 -10 1713.789 637.708 1873.168 729.380 -1 -1 -1 -1000 -1000 -1000 -10 0.00106019
Car -1 -1 -10 186.981 588.477 315.112 1193.083 -1 -1 -1 -1000 -1000 -1000 -10 0.00105561
Car -1 -1 -10 9.285 1105.145 241.815 1200.000 -1 -1 -1 -1000 -1000 -1000 -10 0.00104236
Car -1 -1 -10 1.430 1064.110 303.987 1200.000 -1 -1 -1 -1000 -1000 -1000 -10 0.00196209
Car -1 -1 -10 308.762 621.235 482.744 1190.430 -1 -1 -1 -1000 -1000 -1000 -10 0.00103932
Car -1 -1 -10 102.831 553.662 303.768 1187.689 -1 -1 -1 -1000 -1000 -1000 -10 0.00271151
Car -1 -1 -10 277.331 563.308 417.937 1191.316 -1 -1 -1 -1000 -1000 -1000 -10 0.00178998
Car -1 -1 -10 0.000 629.070 590.332 1084.038 -1 -1 -1 -1000 -1000 -1000 -10 0.00099801
Car -1 -1 -10 949.181 609.100 1007.936 657.433 -1 -1 -1 -1000 -1000 -1000 -10 0.00095779
Car -1 -1 -10 0.000 941.034 319.241 1200.000 -1 -1 -1 -1000 -1000 -1000 -10 0.00095344
Car -1 -1 -10 205.272 566.406 345.374 1196.209 -1 -1 -1 -1000 -1000 -1000 -10 0.00185789
Car -1 -1 -10 1644.961 610.482 1920.000 851.159 -1 -1 -1 -1000 -1000 -1000 -10 0.00094190
Car -1 -1 -10 7.440 1108.725 178.739 1200.000 -1 -1 -1 -1000 -1000 -1000 -10 0.00093054
Car -1 -1 -10 33.459 533.215 714.702 1200.000 -1 -1 -1 -1000 -1000 -1000 -10 0.00090487
Car -1 -1 -10 0.000 1108.105 91.004 1200.000 -1 -1 -1 -1000 -1000 -1000 -10 0.00085380
Car -1 -1 -10 1638.495 599.443 1800.962 682.150 -1 -1 -1 -1000 -1000 -1000 -10 0.00084796
