Car -1 -1 -10 1316.886 543.045 1607.379 812.301 -1 -1 -1 -1000 -1000 -1000 -10 0.96517676
Car -1 -1 -10 385.672 571.822 493.263 640.426 -1 -1 -1 -1000 -1000 -1000 -10 0.04006017
Car -1 -1 -10 349.890 573.312 508.024 638.866 -1 -1 -1 -1000 -1000 -1000 -10 0.01717412
Car -1 -1 -10 1352.908 515.397 1786.619 771.723 -1 -1 -1 -1000 -1000 -1000 -10 0.00212254
Car -1 -1 -10 0.000 795.158 456.640 1197.724 -1 -1 -1 -1000 -1000 -1000 -10 0.00801375
Car -1 -1 -10 667.735 794.428 1264.853 1195.791 -1 -1 -1 -1000 -1000 -1000 -10 0.00478538
Car -1 -1 -10 852.992 652.225 1043.866 1186.633 -1 -1 -1 -1000 -1000 -1000 -10 0.00138573
Car -1 -1 -10 406.932 572.133 470.970 620.969 -1 -1 -1 -1000 -1000 -1000 -10 0.00247826
Car -1 -1 -10 16.018 351.148 314.774 1200.000 -1 -1 -1 -1000 -1000 -1000 -10 0.00134943
Car -1 -1 -10 0.000 955.082 303.794 1200.000 -1 -1 -1 -1000 -1000 -1000 -10 0.00236288
Car -1 -1 -10 0.000 1105.422 90.231 1200.000 -1 -1 -1 -1000 -1000 -1000 -10 0.00123484
Car -1 -1 -10 0.020 925.417 229.905 1200.000 -1 -1 -1 -1000 -1000 -1000 -10 0.00122631
Car -1 -1 -10 34.363 1113.226 114.755 1200.000 -1 -1 -1 -1000 -1000 -1000 -10 0.00119660
Car -1 -1 -10 222.169 1047.167 633.434 1200.000 -1 -1 -1 -1000 -1000 -1000 -10 0.00220449
Car -1 -1 -10 0.000 1007.397 253.339 1200.000 -1 -1 -1 -1000 -1000 -1000 -10 0.00113552
Car -1 -1 -10 751.646 1045.174 1158.045 1200.000 -1 -1 -1 -1000 -1000 -1000 -10 0.00206488
Car -1 -1 -10 14.885 683.097 260.472 1198.040 -1 -1 -1 -1000 -1000 -1000 -10 0.00210938
Car -1 -1 -10 65.771 345.616 363.156 1200.000 -1 -1 -1 -1000 -1000 -1000 -10 0.00213602
Car -1 -1 -10 184.014 643.422 371.615 1187.815 -1 -1 -1 -1000 -1000 -1000 -10 0.00107982
Car -1 -1 -10 804.461 629.893 1072.705 1200.000 -1 -1 -1 -1000 -1000 -1000 -10 0.00105826
Car -1 -1 -10 873.178 587.407 1024.363 1200.000 -1 -1 -1 -1000 -1000 -1000 -10 0.00104844
Car -1 -1 -10 43.250 1122.346 82.398 1200.000 -1 -1 -1 -1000 -1000 -1000 -10 0.00103426
Car -1 -1 -10 868.894 824.912 1028.452 1200.000 -1 -1 -1 -1000 -1000 -1000 -10 0.00101922
Car -1 -1 -10 340.505 824.608 500.936 1200.000 -1 -1 -1 -1000 -1000 -1000 -10 0.00100779
Car -1 -1 -10 772.839 930.106 1385.242 1200.000 -1 -1 -1 -1000 -1000 -1000 -10 0.00100778
Car -1 -1 -10 854.563 635.727 1118.295 1200.000 -1 -1 -1 -1000 -1000 -1000 -10 0.00098950
Car -1 -1 -10 1395.895 539.952 1774.390 788.636 -1 -1 -1 -1000 -1000 -1000 -10 0.00098200
Car -1 -1 -10 1012.306 824.722 1172.807 1200.000 -1 -1 -1 -1000 -1000 -1000 -10 0.00096359
Car -1 -1 -10 756.139 503.272 1114.742 1200.000 -1 -1 -1 -1000 -1000 -1000 -10 0.00095530
Car -1 -1 -10 901.264 503.849 1261.900 1200.000 -1 -1 -1 -1000 -1000 -1000 -10 0.00094257
Car -1 -1 -10 36.972 1140.636 88.097 1200.000 -1 -1 -1 -1000 -1000 -1000 -10 0.00093969
Car -1 -1 -10 0.000 1061.704 275.115 1200.000 -1 -1 -1 -1000 -1000 -1000 -10 0.00092446
