Car -1 -1 -10 731.842 595.007 854.604 701.694 -1 -1 -1 -1000 -1000 -1000 -10 0.99994475
Car -1 -1 -10 898.474 582.015 969.117 653.323 -1 -1 -1 -1000 -1000 -1000 -10 0.36387439
Car -1 -1 -10 337.262 633.776 403.176 682.251 -1 -1 -1 -1000 -1000 -1000 -10 0.03684073
Car -1 -1 -10 330.623 630.212 415.276 686.110 -1 -1 -1 -1000 -1000 -1000 -10 0.00458713
Car -1 -1 -10 354.872 633.898 415.747 682.532 -1 -1 -1 -1000 -1000 -1000 -10 0.00382193
Car -1 -1 -10 0.000 797.711 459.554 1199.312 -1 -1 -1 -1000 -1000 -1000 -10 0.01204397
Car -1 -1 -10 0.000 928.670 236.093 1200.000 -1 -1 -1 -1000 -1000 -1000 -10 0.00252395
Car -1 -1 -10 2.631 1021.395 429.358 1200.000 -1 -1 -1 -1000 -1000 -1000 -10 0.00373383
Car -1 -1 -10 0.000 807.673 211.237 1196.392 -1 -1 -1 -1000 -1000 -1000 -10 0.00197437
Car -1 -1 -10 0.000 1003.782 259.308 1200.000 -1 -1 -1 -1000 -1000 -1000 -10 0.00195847
Car -1 -1 -10 0.000 1059.201 306.082 1200.000 -1 -1 -1 -1000 -1000 -1000 -10 0.00178051
Car -1 -1 -10 172.477 619.268 273.612 692.621 -1 -1 -1 -1000 -1000 -1000 -10 0.00330037
Car -1 -1 -10 1421.344 587.629 1920.000 1199.608 -1 -1 -1 -1000 -1000 -1000 -10 0.00336224
Car -1 -1 -10 20.025 742.714 240.264 1194.195 -1 -1 -1 -1000 -1000 -1000 -10 0.00323602
Car -1 -1 -10 43.340 678.487 216.442 1198.029 -1 -1 -1 -1000 -1000 -1000 -10 0.00152322
Car -1 -1 -10 86.215 770.830 276.732 1200.000 -1 -1 -1 -1000 -1000 -1000 -10 0.00150276
Car -1 -1 -10 0.000 1107.569 90.709 1200.000 -1 -1 -1 -1000 -1000 -1000 -10 0.00149853
Car -1 -1 -10 0.046 1109.328 124.437 1200.000 -1 -1 -1 -1000 -1000 -1000 -10 0.00284335
Car -1 -1 -10 61.859 939.530 297.782 1200.000 -1 -1 -1 -1000 -1000 -1000 -10 0.00140672
Car -1 -1 -10 1448.979 403.081 1904.479 940.852 -1 -1 -1 -1000 -1000 -1000 -10 0.00140545
Car -1 -1 -10 0.000 995.347 190.730 1200.000 -1 -1 -1 -1000 -1000 -1000 -10 0.00131525
Car -1 -1 -10 69.259 353.185 363.737 1200.000 -1 -1 -1 -1000 -1000 -1000 -10 0.00127662
