Car -1 -1 -10 585.330 531.718 916.606 807.952 -1 -1 -1 -1000 -1000 -1000 -10 0.30669040
Car -1 -1 -10 0.000 708.416 480.079 1199.602 -1 -1 -1 -1000 -1000 -1000 -10 0.00925245
Car -1 -1 -10 33.178 787.212 703.437 1200.000 -1 -1 -1 -1000 -1000 -1000 -10 0.00633956
Car -1 -1 -10 0.000 524.473 1064.239 1192.166 -1 -1 -1 -1000 -1000 -1000 -10 0.00607828
Car -1 -1 -10 636.272 792.865 1517.000 1196.751 -1 -1 -1 -1000 -1000 -1000 -10 0.01082555
Car -1 -1 -10 521.942 859.903 1112.029 1190.682 -1 -1 -1 -1000 -1000 -1000 -10 0.00486222
Car -1 -1 -10 114.359 781.611 978.449 1188.008 -1 -1 -1 -1000 -1000 -1000 -10 0.00249548
Car -1 -1 -10 210.111 793.149 888.213 1200.000 -1 -1 -1 -1000 -1000 -1000 -10 0.00447075
Car -1 -1 -10 617.737 564.662 719.085 645.705 -1 -1 -1 -1000 -1000 -1000 -10 0.00225453
Car -1 -1 -10 262.314 834.092 578.996 1199.304 -1 -1 -1 -1000 -1000 -1000 -10 0.00375421
Car -1 -1 -10 447.749 515.344 1601.313 1189.084 -1 -1 -1 -1000 -1000 -1000 -10 0.00363973
Car -1 -1 -10 16.816 373.170 310.785 1200.000 -1 -1 -1 -1000 -1000 -1000 -10 0.00201519
Car -1 -1 -10 220.000 864.246 614.565 1190.858 -1 -1 -1 -1000 -1000 -1000 -10 0.00200002
Car -1 -1 -10 7.033 1027.974 412.425 1200.000 -1 -1 -1 -1000 -1000 -1000 -10 0.00197595
Car -1 -1 -10 674.866 559.309 840.356 666.900 -1 -1 -1 -1000 -1000 -1000 -10 0.00195790
Car -1 -1 -10 0.000 563.122 378.613 1200.000 -1 -1 -1 -1000 -1000 -1000 -10 0.00190684
Car -1 -1 -10 123.950 898.911 485.080 1197.857 -1 -1 -1 -1000 -1000 -1000 -10 0.00187443
Car -1 -1 -10 248.834 1056.533 642.869 1200.000 -1 -1 -1 -1000 -1000 -1000 -10 0.00185344
Car -1 -1 -10 455.277 795.491 1127.035 1200.000 -1 -1 -1 -1000 -1000 -1000 -10 0.00171993
Car -1 -1 -10 144.137 924.831 766.683 1200.000 -1 -1 -1 -1000 -1000 -1000 -10 0.00164938
Car -1 -1 -10 885.339 756.031 1277.902 1200.000 -1 -1 -1 -1000 -1000 -1000 -10 0.00152122
Car -1 -1 -10 14.636 986.464 447.597 1200.000 -1 -1 -1 -1000 -1000 -1000 -10 0.00151958
