Car -1 -1 -10 8.851 583.980 234.312 710.125 -1 -1 -1 -1000 -1000 -1000 -10 0.96115336
Car -1 -1 -10 1043.171 559.962 1118.864 629.102 -1 -1 -1 -1000 -1000 -1000 -10 0.60027065
Car -1 -1 -10 0.000 654.406 454.171 1200.000 -1 -1 -1 -1000 -1000 -1000 -10 0.01646397
Car -1 -1 -10 0.000 588.135 99.638 727.145 -1 -1 -1 -1000 -1000 -1000 -10 0.00943192
Car -1 -1 -10 314.518 499.564 1550.931 1197.039 -1 -1 -1 -1000 -1000 -1000 -10 0.01699621
Car -1 -1 -10 0.000 608.225 145.134 708.469 -1 -1 -1 -1000 -1000 -1000 -10 0.00950224
Car -1 -1 -10 0.000 788.891 477.659 1200.000 -1 -1 -1 -1000 -1000 -1000 -10 0.00381647
Car -1 -1 -10 0.000 581.503 399.620 1126.957 -1 -1 -1 -1000 -1000 -1000 -10 0.00663069
Car -1 -1 -10 556.509 862.563 1454.451 1200.000 -1 -1 -1 -1000 -1000 -1000 -10 0.01115130
Car -1 -1 -10 3.366 583.704 192.286 847.837 -1 -1 -1 -1000 -1000 -1000 -10 0.00624712
Car -1 -1 -10 697.501 978.717 1272.144 1200.000 -1 -1 -1 -1000 -1000 -1000 -10 0.01036577
Car -1 -1 -10 1388.926 571.687 1549.610 648.125 -1 -1 -1 -1000 -1000 -1000 -10 0.00565201
Car -1 -1 -10 1190.886 568.660 1241.263 615.008 -1 -1 -1 -1000 -1000 -1000 -10 0.00279128
Car -1 -1 -10 1.712 587.154 331.426 954.329 -1 -1 -1 -1000 -1000 -1000 -10 0.00506695
Car -1 -1 -10 0.000 838.387 299.497 1198.913 -1 -1 -1 -1000 -1000 -1000 -10 0.00527988
Car -1 -1 -10 11.843 992.376 417.164 1200.000 -1 -1 -1 -1000 -1000 -1000 -10 0.00457181
Car -1 -1 -10 820.661 893.283 1120.254 1200.000 -1 -1 -1 -1000 -1000 -1000 -10 0.00221044
Car -1 -1 -10 788.087 855.192 1145.378 1195.685 -1 -1 -1 -1000 -1000 -1000 -10 0.00220526
Car -1 -1 -10 1.172 612.990 63.025 698.185 -1 -1 -1 -1000 -1000 -1000 -10 0.00213346
