Car -1 -1 -10 813.998 598.866 871.937 659.130 -1 -1 -1 -1000 -1000 -1000 -10 0.90470956
Car -1 -1 -10 0.000 623.735 484.009 1200.000 -1 -1 -1 -1000 -1000 -1000 -10 0.01139683
Car -1 -1 -10 0.000 810.255 200.700 1194.498 -1 -1 -1 -1000 -1000 -1000 -10 0.00778668
Car -1 -1 -10 0.000 783.169 453.417 1197.727 -1 -1 -1 -1000 -1000 -1000 -10 0.00247053
Car -1 -1 -10 4.644 975.705 327.682 1200.000 -1 -1 -1 -1000 -1000 -1000 -10 0.00386371
Car -1 -1 -10 0.000 537.162 735.380 1192.527 -1 -1 -1 -1000 -1000 -1000 -10 0.00134233
Car -1 -1 -10 1458.145 526.285 1914.915 909.715 -1 -1 -1 -1000 -1000 -1000 -10 0.00203791
Car -1 -1 -10 0.000 1002.734 262.696 1200.000 -1 -1 -1 -1000 -1000 -1000 -10 0.00121688
Car -1 -1 -10 10.705 590.195 351.730 969.739 -1 -1 -1 -1000 -1000 -1000 -10 0.00191693
Car -1 -1 -10 0.000 874.811 398.351 1200.000 -1 -1 -1 -1000 -1000 -1000 -10 0.00107948
Car -1 -1 -10 244.205 623.533 395.864 697.175 -1 -1 -1 -1000 -1000 -1000 -10 0.00207120
Car -1 -1 -10 0.000 1059.954 199.954 1200.000 -1 -1 -1 -1000 -1000 -1000 -10 0.00189463
Car -1 -1 -10 848.357 1158.426 887.067 1200.000 -1 -1 -1 -1000 -1000 -1000 -10 0.00103348
Car -1 -1 -10 1472.202 801.906 1920.000 1200.000 -1 -1 -1 -1000 -1000 -1000 -10 0.00176967
Car -1 -1 -10 0.000 622.659 107.208 709.620 -1 -1 -1 -1000 -1000 -1000 -10 0.00158659
Car -1 -1 -10 3.217 641.919 153.090 731.264 -1 -1 -1 -1000 -1000 -1000 -10 0.00160838
Car -1 -1 -10 0.000 1166.281 25.413 1200.000 -1 -1 -1 -1000 -1000 -1000 -10 0.00079199
Car -1 -1 -10 0.000 690.220 297.297 1140.291 -1 -1 -1 -1000 -1000 -1000 -10 0.00076515
Car -1 -1 -10 1749.502 591.915 1905.765 687.872 -1 -1 -1 -1000 -1000 -1000 -10 0.00074117
Car -1 -1 -10 267.388 625.921 355.719 686.931 -1 -1 -1 -1000 -1000 -1000 -10 0.00073618
Car -1 -1 -10 1829.066 1110.718 1920.000 1200.000 -1 -1 -1 -1000 -1000 -1000 -10 0.00072679
Car -1 -1 -10 1884.673 1157.503 1920.000 1200.000 -1 -1 -1 -1000 -1000 -1000 -10 0.00072366
Car -1 -1 -10 1605.718 938.953 1920.000 1200.000 -1 -1 -1 -1000 -1000 -1000 -10 0.00069744
Car -1 -1 -10 817.281 523.984 871.044 708.062 -1 -1 -1 -1000 -1000 -1000 -10 0.00066290
