Car -1 -1 -10 1540.672 550.996 1758.946 666.603 -1 -1 -1 -1000 -1000 -1000 -10 0.43500808
Car -1 -1 -10 1532.797 556.896 1702.901 663.670 -1 -1 -1 -1000 -1000 -1000 -10 0.40222648
Car -1 -1 -10 1604.035 561.257 1774.695 663.693 -1 -1 -1 -1000 -1000 -1000 -10 0.02252386
Car -1 -1 -10 1770.547 494.043 1920.000 697.469 -1 -1 -1 -1000 -1000 -1000 -10 0.00488855
Car -1 -1 -10 1474.985 0.000 1543.892 40.118 -1 -1 -1 -1000 -1000 -1000 -10 0.00177336
Car -1 -1 -10 0.000 802.126 455.598 1198.654 -1 -1 -1 -1000 -1000 -1000 -10 0.00538081
Car -1 -1 -10 1807.806 504.321 1920.000 687.211 -1 -1 -1 -1000 -1000 -1000 -10 0.00154893
Car -1 -1 -10 1216.002 483.209 1752.999 864.278 -1 -1 -1 -1000 -1000 -1000 -10 0.00144966
Car -1 -1 -10 1526.987 551.582 1649.313 659.354 -1 -1 -1 -1000 -1000 -1000 -10 0.00255285
Car -1 -1 -10 1187.552 0.000 1764.828 209.801 -1 -1 -1 -1000 -1000 -1000 -10 0.00230977
Car -1 -1 -10 1509.783 415.165 1740.476 786.033 -1 -1 -1 -1000 -1000 -1000 -10 0.00224560
Car -1 -1 -10 1464.528 0.000 1542.310 75.164 -1 -1 -1 -1000 -1000 -1000 -10 0.00118224
Car -1 -1 -10 1652.754 552.359 1775.071 659.433 -1 -1 -1 -1000 -1000 -1000 -10 0.00118193
Car -1 -1 -10 1346.549 22.096 1598.887 472.084 -1 -1 -1 -1000 -1000 -1000 -10 0.00116303
Car -1 -1 -10 1619.628 541.974 1786.081 645.167 -1 -1 -1 -1000 -1000 -1000 -10 0.00106386
Car -1 -1 -10 1434.312 4.408 1920.000 377.377 -1 -1 -1 -1000 -1000 -1000 -10 0.00104898
Car -1 -1 -10 1312.494 3.144 1676.909 371.549 -1 -1 -1 -1000 -1000 -1000 -10 0.00104866
Car -1 -1 -10 1024.990 0.000 1604.120 333.360 -1 -1 -1 -1000 -1000 -1000 -10 0.00104116
