Car -1 -1 -10 542.284 571.228 789.802 751.285 -1 -1 -1 -1000 -1000 -1000 -10 0.99990487
Car -1 -1 -10 452.334 558.287 666.482 669.865 -1 -1 -1 -1000 -1000 -1000 -10 0.94705047
Car -1 -1 -10 751.001 573.582 827.834 640.996 -1 -1 -1 -1000 -1000 -1000 -10 0.03305790
Car -1 -1 -10 756.583 566.014 858.699 646.785 -1 -1 -1 -1000 -1000 -1000 -10 0.01106862
Car -1 -1 -10 809.121 566.339 885.293 635.009 -1 -1 -1 -1000 -1000 -1000 -10 0.02063732
Car -1 -1 -10 728.930 569.436 868.228 651.953 -1 -1 -1 -1000 -1000 -1000 -10 0.00925033
Car -1 -1 -10 411.931 563.834 570.662 658.934 -1 -1 -1 -1000 -1000 -1000 -10 0.00706046
Car -1 -1 -10 538.040 574.193 655.696 683.738 -1 -1 -1 -1000 -1000 -1000 -10 0.00526147
Car -1 -1 -10 684.882 575.313 780.594 663.236 -1 -1 -1 -1000 -1000 -1000 -10 0.00457118
Car -1 -1 -10 1497.308 559.128 1920.000 1140.022 -1 -1 -1 -1000 -1000 -1000 -10 0.00772450
Car -1 -1 -10 0.000 617.315 470.811 1198.864 -1 -1 -1 -1000 -1000 -1000 -10 0.00384817
Car -1 -1 -10 1606.718 569.695 1913.864 877.696 -1 -1 -1 -1000 -1000 -1000 -10 0.00492174
Car -1 -1 -10 745.909 585.767 826.635 649.558 -1 -1 -1 -1000 -1000 -1000 -10 0.00217924
Car -1 -1 -10 0.000 788.862 458.599 1200.000 -1 -1 -1 -1000 -1000 -1000 -10 0.00344105
Car -1 -1 -10 755.836 591.428 812.590 647.041 -1 -1 -1 -1000 -1000 -1000 -10 0.00189644
Car -1 -1 -10 511.374 424.139 605.139 767.012 -1 -1 -1 -1000 -1000 -1000 -10 0.00617271
Car -1 -1 -10 747.301 590.973 799.180 644.293 -1 -1 -1 -1000 -1000 -1000 -10 0.00327072
Car -1 -1 -10 1634.479 541.604 1920.000 923.545 -1 -1 -1 -1000 -1000 -1000 -10 0.00176073
Car -1 -1 -10 799.534 570.660 873.973 640.326 -1 -1 -1 -1000 -1000 -1000 -10 0.00154086
Car -1 -1 -10 648.813 571.966 760.404 686.261 -1 -1 -1 -1000 -1000 -1000 -10 0.00153535
Car -1 -1 -10 1505.249 514.297 1652.232 611.098 -1 -1 -1 -1000 -1000 -1000 -10 0.00271557
Car -1 -1 -10 636.067 573.816 769.677 700.813 -1 -1 -1 -1000 -1000 -1000 -10 0.00146769
Car -1 -1 -10 0.000 1156.787 31.418 1200.000 -1 -1 -1 -1000 -1000 -1000 -10 0.00141866
Car -1 -1 -10 1728.959 598.888 1920.000 857.567 -1 -1 -1 -1000 -1000 -1000 -10 0.00139403
Car -1 -1 -10 766.720 563.837 850.182 629.564 -1 -1 -1 -1000 -1000 -1000 -10 0.00131958
Car -1 -1 -10 565.042 564.526 730.221 675.390 -1 -1 -1 -1000 -1000 -1000 -10 0.00126593
Car -1 -1 -10 501.274 570.752 609.035 662.971 -1 -1 -1 -1000 -1000 -1000 -10 0.00123245
Car -1 -1 -10 620.835 1158.734 658.778 1200.000 -1 -1 -1 -1000 -1000 -1000 -10 0.00121370
Car -1 -1 -10 865.292 580.514 920.191 635.387 -1 -1 -1 -1000 -1000 -1000 -10 0.00115799
Car -1 -1 -10 597.921 487.221 686.218 796.229 -1 -1 -1 -1000 -1000 -1000 -10 0.00115608
