Car -1 -1 -10 409.859 662.119 562.766 762.584 -1 -1 -1 -1000 -1000 -1000 -10 0.99990693
Car -1 -1 -10 287.337 666.567 446.079 765.219 -1 -1 -1 -1000 -1000 -1000 -10 0.14906411
Car -1 -1 -10 0.000 5.128 565.445 278.130 -1 -1 -1 -1000 -1000 -1000 -10 0.01081737
Car -1 -1 -10 193.329 3.672 831.227 277.065 -1 -1 -1 -1000 -1000 -1000 -10 0.00699857
Car -1 -1 -10 0.000 785.492 466.332 1195.811 -1 -1 -1 -1000 -1000 -1000 -10 0.00655169
Car -1 -1 -10 22.055 12.964 410.129 197.595 -1 -1 -1 -1000 -1000 -1000 -10 0.00662878
Car -1 -1 -10 392.785 15.594 686.821 389.788 -1 -1 -1 -1000 -1000 -1000 -10 0.00514854
Car -1 -1 -10 138.249 41.331 299.416 136.508 -1 -1 -1 -1000 -1000 -1000 -10 0.00557893
Car -1 -1 -10 73.177 17.330 427.187 385.389 -1 -1 -1 -1000 -1000 -1000 -10 0.00297224
Car -1 -1 -10 219.550 13.812 523.155 165.181 -1 -1 -1 -1000 -1000 -1000 -10 0.00287867
Car -1 -1 -10 294.160 40.106 450.768 137.943 -1 -1 -1 -1000 -1000 -1000 -10 0.00521915
Car -1 -1 -10 212.348 4.164 524.758 350.124 -1 -1 -1 -1000 -1000 -1000 -10 0.00272199
Car -1 -1 -10 182.435 10.451 555.900 190.656 -1 -1 -1 -1000 -1000 -1000 -10 0.00271946
Car -1 -1 -10 496.097 532.583 1644.363 1192.881 -1 -1 -1 -1000 -1000 -1000 -10 0.00513365
Car -1 -1 -10 0.000 654.458 484.241 1200.000 -1 -1 -1 -1000 -1000 -1000 -10 0.00499731
Car -1 -1 -10 190.634 9.620 555.478 394.977 -1 -1 -1 -1000 -1000 -1000 -10 0.00256027
Car -1 -1 -10 98.916 2.104 766.930 394.911 -1 -1 -1 -1000 -1000 -1000 -10 0.00508739
Car -1 -1 -10 318.114 6.357 751.730 250.949 -1 -1 -1 -1000 -1000 -1000 -10 0.00254982
Car -1 -1 -10 10.156 701.307 252.337 1200.000 -1 -1 -1 -1000 -1000 -1000 -10 0.00254555
Car -1 -1 -10 105.717 63.261 262.676 157.479 -1 -1 -1 -1000 -1000 -1000 -10 0.00243946
Car -1 -1 -10 210.875 40.791 370.044 136.508 -1 -1 -1 -1000 -1000 -1000 -10 0.00240394
Car -1 -1 -10 175.841 62.703 334.503 156.992 -1 -1 -1 -1000 -1000 -1000 -10 0.00239628
Car -1 -1 -10 215.816 33.259 527.938 187.015 -1 -1 -1 -1000 -1000 -1000 -10 0.00441923
Car -1 -1 -10 258.367 0.000 756.110 511.975 -1 -1 -1 -1000 -1000 -1000 -10 0.00233213
Car -1 -1 -10 0.000 0.779 417.754 298.068 -1 -1 -1 -1000 -1000 -1000 -10 0.00232728
Car -1 -1 -10 0.000 816.606 212.506 1195.043 -1 -1 -1 -1000 -1000 -1000 -10 0.00229849
Car -1 -1 -10 439.095 50.086 590.491 589.799 -1 -1 -1 -1000 -1000 -1000 -10 0.00411904
Car -1 -1 -10 5.232 1059.981 333.535 1200.000 -1 -1 -1 -1000 -1000 -1000 -10 0.00218228
Car -1 -1 -10 339.452 64.520 492.320 156.573 -1 -1 -1 -1000 -1000 -1000 -10 0.00208286
Car -1 -1 -10 314.457 63.596 471.559 155.615 -1 -1 -1 -1000 -1000 -1000 -10 0.00204192
Car -1 -1 -10 380.723 9.075 684.173 145.184 -1 -1 -1 -1000 -1000 -1000 -10 0.00195329
Car -1 -1 -10 14.558 991.137 426.264 1200.000 -1 -1 -1 -1000 -1000 -1000 -10 0.00187188
