Car -1 -1 -10 517.740 539.457 1652.105 1180.966 -1 -1 -1 -1000 -1000 -1000 -10 0.03852900
Car -1 -1 -10 508.322 766.671 1455.525 1199.171 -1 -1 -1 -1000 -1000 -1000 -10 0.01515145
Car -1 -1 -10 862.967 558.148 909.826 605.671 -1 -1 -1 -1000 -1000 -1000 -10 0.02461731
Car -1 -1 -10 372.149 761.886 1258.615 1185.279 -1 -1 -1 -1000 -1000 -1000 -10 0.00766600
Car -1 -1 -10 1.373 796.317 543.491 1199.231 -1 -1 -1 -1000 -1000 -1000 -10 0.01091048
Car -1 -1 -10 195.091 525.913 1312.050 1184.324 -1 -1 -1 -1000 -1000 -1000 -10 0.00370351
Car -1 -1 -10 669.937 912.707 1314.669 1200.000 -1 -1 -1 -1000 -1000 -1000 -10 0.00386173
Car -1 -1 -10 758.617 240.010 1062.789 1195.335 -1 -1 -1 -1000 -1000 -1000 -10 0.00502552
Car -1 -1 -10 176.766 654.652 448.773 1200.000 -1 -1 -1 -1000 -1000 -1000 -10 0.00456805
Car -1 -1 -10 859.696 247.856 1159.555 1197.660 -1 -1 -1 -1000 -1000 -1000 -10 0.00176953
Car -1 -1 -10 841.248 669.963 1118.850 1200.000 -1 -1 -1 -1000 -1000 -1000 -10 0.00173087
Car -1 -1 -10 155.181 1082.925 466.766 1200.000 -1 -1 -1 -1000 -1000 -1000 -10 0.00168645
Car -1 -1 -10 14.334 358.731 310.476 1200.000 -1 -1 -1 -1000 -1000 -1000 -10 0.00309431
Car -1 -1 -10 219.634 827.513 380.457 1200.000 -1 -1 -1 -1000 -1000 -1000 -10 0.00300990
Car -1 -1 -10 181.727 1104.260 428.070 1200.000 -1 -1 -1 -1000 -1000 -1000 -10 0.00292561
Car -1 -1 -10 261.055 1080.097 321.246 1200.000 -1 -1 -1 -1000 -1000 -1000 -10 0.00158386
Car -1 -1 -10 90.894 1030.409 525.366 1200.000 -1 -1 -1 -1000 -1000 -1000 -10 0.00431981
Car -1 -1 -10 646.193 832.965 1499.068 1200.000 -1 -1 -1 -1000 -1000 -1000 -10 0.00156010
Car -1 -1 -10 203.738 672.904 394.516 1194.233 -1 -1 -1 -1000 -1000 -1000 -10 0.00154891
Car -1 -1 -10 568.738 239.084 869.846 1198.526 -1 -1 -1 -1000 -1000 -1000 -10 0.00292338
Car -1 -1 -10 935.768 779.776 1691.978 1197.136 -1 -1 -1 -1000 -1000 -1000 -10 0.00278077
Car -1 -1 -10 241.931 1075.964 370.933 1200.000 -1 -1 -1 -1000 -1000 -1000 -10 0.00145065
Car -1 -1 -10 43.177 565.977 386.580 1198.440 -1 -1 -1 -1000 -1000 -1000 -10 0.00277493
Car -1 -1 -10 1462.856 802.187 1920.000 1199.959 -1 -1 -1 -1000 -1000 -1000 -10 0.00281948
Car -1 -1 -10 702.220 521.650 1812.003 1180.870 -1 -1 -1 -1000 -1000 -1000 -10 0.00140928
Car -1 -1 -10 0.000 855.609 439.626 1105.238 -1 -1 -1 -1000 -1000 -1000 -10 0.00138886
Car -1 -1 -10 667.768 246.566 966.443 1200.000 -1 -1 -1 -1000 -1000 -1000 -10 0.00138644
Car -1 -1 -10 38.395 982.139 583.625 1200.000 -1 -1 -1 -1000 -1000 -1000 -10 0.00136349
Car -1 -1 -10 793.857 670.908 1070.750 1200.000 -1 -1 -1 -1000 -1000 -1000 -10 0.00125011
Car -1 -1 -10 722.706 853.088 1197.374 1098.530 -1 -1 -1 -1000 -1000 -1000 -10 0.00121374
