Car -1 -1 -10 296.622 523.028 518.594 671.209 -1 -1 -1 -1000 -1000 -1000 -10 0.99881844
Car -1 -1 -10 1441.850 487.458 1920.000 752.536 -1 -1 -1 -1000 -1000 -1000 -10 0.85231562
Car -1 -1 -10 203.621 508.725 1446.974 1194.762 -1 -1 -1 -1000 -1000 -1000 -10 0.03223652
Car -1 -1 -10 1000.171 489.207 1920.000 1185.273 -1 -1 -1 -1000 -1000 -1000 -10 0.02674148
Car -1 -1 -10 1363.269 526.529 1889.796 969.567 -1 -1 -1 -1000 -1000 -1000 -10 0.00999148
Car -1 -1 -10 759.438 827.355 1394.807 1194.466 -1 -1 -1 -1000 -1000 -1000 -10 0.01676869
Car -1 -1 -10 0.000 485.700 899.605 1191.712 -1 -1 -1 -1000 -1000 -1000 -10 0.01208972
Car -1 -1 -10 964.865 793.595 1653.101 1200.000 -1 -1 -1 -1000 -1000 -1000 -10 0.01423309
Car -1 -1 -10 0.000 814.373 520.953 1199.260 -1 -1 -1 -1000 -1000 -1000 -10 0.00731237
Car -1 -1 -10 957.763 859.357 1225.884 1197.074 -1 -1 -1 -1000 -1000 -1000 -10 0.00667459
Car -1 -1 -10 537.748 783.931 1231.300 1200.000 -1 -1 -1 -1000 -1000 -1000 -10 0.00361689
Car -1 -1 -10 980.748 1057.376 1230.843 1200.000 -1 -1 -1 -1000 -1000 -1000 -10 0.00692851
Car -1 -1 -10 1284.136 693.318 1920.000 1168.699 -1 -1 -1 -1000 -1000 -1000 -10 0.00660458
Car -1 -1 -10 0.000 572.611 500.330 1200.000 -1 -1 -1 -1000 -1000 -1000 -10 0.00322585
Car -1 -1 -10 15.219 170.234 315.564 1183.811 -1 -1 -1 -1000 -1000 -1000 -10 0.00316074
Car -1 -1 -10 1126.261 847.654 1450.262 1196.168 -1 -1 -1 -1000 -1000 -1000 -10 0.00285802
Car -1 -1 -10 1020.968 984.607 1571.749 1200.000 -1 -1 -1 -1000 -1000 -1000 -10 0.00279591
