Car -1 -1 -10 260.006 545.537 1531.711 1165.985 -1 -1 -1 -1000 -1000 -1000 -10 0.11693102
Car -1 -1 -10 0.000 579.672 927.502 1190.849 -1 -1 -1 -1000 -1000 -1000 -10 0.11279256
Car -1 -1 -10 737.542 551.072 1920.000 1184.227 -1 -1 -1 -1000 -1000 -1000 -10 0.03677297
Car -1 -1 -10 15.673 733.718 642.354 1192.544 -1 -1 -1 -1000 -1000 -1000 -10 0.02594366
Car -1 -1 -10 540.329 594.955 1205.668 959.748 -1 -1 -1 -1000 -1000 -1000 -10 0.01131937
Car -1 -1 -10 749.784 753.587 1609.710 1179.156 -1 -1 -1 -1000 -1000 -1000 -10 0.01165114
Car -1 -1 -10 1116.034 763.371 1918.247 1185.001 -1 -1 -1 -1000 -1000 -1000 -10 0.01074782
Car -1 -1 -10 188.658 759.205 1078.913 1181.805 -1 -1 -1 -1000 -1000 -1000 -10 0.00287929
Car -1 -1 -10 184.704 257.427 486.226 1199.537 -1 -1 -1 -1000 -1000 -1000 -10 0.00788304
Car -1 -1 -10 373.358 246.748 674.336 1200.000 -1 -1 -1 -1000 -1000 -1000 -10 0.00447951
Car -1 -1 -10 0.000 564.776 382.194 1200.000 -1 -1 -1 -1000 -1000 -1000 -10 0.00399220
Car -1 -1 -10 1420.217 598.511 1920.000 1200.000 -1 -1 -1 -1000 -1000 -1000 -10 0.00196774
Car -1 -1 -10 541.858 678.226 1301.542 1195.021 -1 -1 -1 -1000 -1000 -1000 -10 0.00195282
Car -1 -1 -10 260.150 701.290 979.693 1197.697 -1 -1 -1 -1000 -1000 -1000 -10 0.00187842
Car -1 -1 -10 125.901 813.817 473.102 1198.225 -1 -1 -1 -1000 -1000 -1000 -10 0.00324743
Car -1 -1 -10 1353.605 462.999 1920.000 1063.094 -1 -1 -1 -1000 -1000 -1000 -10 0.00151798
