Car -1 -1 -10 515.861 441.521 1257.477 1186.110 -1 -1 -1 -1000 -1000 -1000 -10 0.51296939
Car -1 -1 -10 367.996 416.558 1443.557 1175.841 -1 -1 -1 -1000 -1000 -1000 -10 0.10211944
Car -1 -1 -10 158.116 552.710 325.395 660.511 -1 -1 -1 -1000 -1000 -1000 -10 0.12067603
Car -1 -1 -10 0.000 426.360 1081.200 1191.186 -1 -1 -1 -1000 -1000 -1000 -10 0.09173136
Car -1 -1 -10 224.076 406.245 946.474 1170.194 -1 -1 -1 -1000 -1000 -1000 -10 0.06603951
Car -1 -1 -10 148.160 560.727 298.722 663.651 -1 -1 -1 -1000 -1000 -1000 -10 0.03318400
Car -1 -1 -10 359.264 571.240 438.399 642.211 -1 -1 -1 -1000 -1000 -1000 -10 0.01359206
Car -1 -1 -10 474.660 459.655 1211.510 945.693 -1 -1 -1 -1000 -1000 -1000 -10 0.00831026
Car -1 -1 -10 260.083 446.622 968.777 919.954 -1 -1 -1 -1000 -1000 -1000 -10 0.00807078
Car -1 -1 -10 664.713 457.470 1142.312 974.665 -1 -1 -1 -1000 -1000 -1000 -10 0.00765176
Car -1 -1 -10 282.980 232.962 584.998 1186.928 -1 -1 -1 -1000 -1000 -1000 -10 0.01505616
Car -1 -1 -10 1205.768 575.428 1276.761 642.840 -1 -1 -1 -1000 -1000 -1000 -10 0.01053034
Car -1 -1 -10 854.873 251.898 1165.687 1186.491 -1 -1 -1 -1000 -1000 -1000 -10 0.01009349
Car -1 -1 -10 5.301 577.312 609.957 1198.544 -1 -1 -1 -1000 -1000 -1000 -10 0.01217390
Car -1 -1 -10 799.180 365.612 1215.585 1185.642 -1 -1 -1 -1000 -1000 -1000 -10 0.00487943
Car -1 -1 -10 256.478 465.007 829.216 1074.681 -1 -1 -1 -1000 -1000 -1000 -10 0.00484733
Car -1 -1 -10 274.038 440.740 764.415 944.069 -1 -1 -1 -1000 -1000 -1000 -10 0.00465959
Car -1 -1 -10 241.827 498.780 631.130 1199.284 -1 -1 -1 -1000 -1000 -1000 -10 0.00435641
Car -1 -1 -10 0.000 531.275 461.035 1192.296 -1 -1 -1 -1000 -1000 -1000 -10 0.00367414
