Car -1 -1 -10 1057.210 565.341 1136.425 626.107 -1 -1 -1 -1000 -1000 -1000 -10 0.89765246
Car -1 -1 -10 1414.067 630.019 1920.000 1200.000 -1 -1 -1 -1000 -1000 -1000 -10 0.01427208
Car -1 -1 -10 1346.550 719.265 1911.310 1193.827 -1 -1 -1 -1000 -1000 -1000 -10 0.01024986
Car -1 -1 -10 1270.274 685.858 1703.052 1194.776 -1 -1 -1 -1000 -1000 -1000 -10 0.01061589
Car -1 -1 -10 671.037 789.768 1253.094 1196.085 -1 -1 -1 -1000 -1000 -1000 -10 0.00586889
Car -1 -1 -10 959.548 691.877 1436.651 1199.167 -1 -1 -1 -1000 -1000 -1000 -10 0.00574339
Car -1 -1 -10 904.580 716.570 1142.135 1193.750 -1 -1 -1 -1000 -1000 -1000 -10 0.00619697
Car -1 -1 -10 1004.922 528.596 1229.326 1185.269 -1 -1 -1 -1000 -1000 -1000 -10 0.00582259
Car -1 -1 -10 793.103 1057.393 1187.867 1200.000 -1 -1 -1 -1000 -1000 -1000 -10 0.00599566
Car -1 -1 -10 937.205 338.670 1227.062 1192.918 -1 -1 -1 -1000 -1000 -1000 -10 0.00499016
Car -1 -1 -10 814.158 610.978 1224.274 1200.000 -1 -1 -1 -1000 -1000 -1000 -10 0.00294239
Car -1 -1 -10 1145.091 620.783 1661.153 1198.537 -1 -1 -1 -1000 -1000 -1000 -10 0.00274940
Car -1 -1 -10 988.092 756.785 1366.689 1163.586 -1 -1 -1 -1000 -1000 -1000 -10 0.00259656
Car -1 -1 -10 195.243 0.000 785.260 215.668 -1 -1 -1 -1000 -1000 -1000 -10 0.00236863
Car -1 -1 -10 1046.425 789.319 1880.104 1199.841 -1 -1 -1 -1000 -1000 -1000 -10 0.00228463
Car -1 -1 -10 0.000 617.600 144.117 700.091 -1 -1 -1 -1000 -1000 -1000 -10 0.00423772
Car -1 -1 -10 592.577 796.928 1401.207 1200.000 -1 -1 -1 -1000 -1000 -1000 -10 0.00199019
Car -1 -1 -10 771.325 889.330 1203.694 1159.730 -1 -1 -1 -1000 -1000 -1000 -10 0.00180964
Car -1 -1 -10 611.888 985.142 1156.386 1200.000 -1 -1 -1 -1000 -1000 -1000 -10 0.00174041
Car -1 -1 -10 866.833 825.923 1028.573 1200.000 -1 -1 -1 -1000 -1000 -1000 -10 0.00171366
Car -1 -1 -10 1220.172 770.428 1703.790 1155.517 -1 -1 -1 -1000 -1000 -1000 -10 0.00162114
