Car -1 -1 -10 726.112 579.976 891.807 790.212 -1 -1 -1 -1000 -1000 -1000 -10 0.40401886
Car -1 -1 -10 1814.412 556.346 1919.131 725.664 -1 -1 -1 -1000 -1000 -1000 -10 0.15301682
Car -1 -1 -10 9.080 438.737 1132.704 1176.930 -1 -1 -1 -1000 -1000 -1000 -10 0.07080407
Car -1 -1 -10 106.530 345.805 869.640 1131.616 -1 -1 -1 -1000 -1000 -1000 -10 0.02001626
Car -1 -1 -10 682.259 576.266 901.217 802.774 -1 -1 -1 -1000 -1000 -1000 -10 0.02678353
Car -1 -1 -10 213.902 493.708 877.316 1014.474 -1 -1 -1 -1000 -1000 -1000 -10 0.01037675
Car -1 -1 -10 175.166 596.089 922.913 1081.762 -1 -1 -1 -1000 -1000 -1000 -10 0.01801685
Car -1 -1 -10 574.966 257.821 868.168 1179.481 -1 -1 -1 -1000 -1000 -1000 -10 0.02367257
Car -1 -1 -10 0.000 759.234 951.366 1192.625 -1 -1 -1 -1000 -1000 -1000 -10 0.00676933
Car -1 -1 -10 1750.523 540.391 1905.923 700.725 -1 -1 -1 -1000 -1000 -1000 -10 0.00674357
Car -1 -1 -10 161.081 421.010 504.521 1033.674 -1 -1 -1 -1000 -1000 -1000 -10 0.00564318
Car -1 -1 -10 108.649 740.839 804.210 1154.359 -1 -1 -1 -1000 -1000 -1000 -10 0.00528909
Car -1 -1 -10 188.382 415.654 598.070 1132.582 -1 -1 -1 -1000 -1000 -1000 -10 0.00858012
Car -1 -1 -10 325.420 622.397 807.590 932.734 -1 -1 -1 -1000 -1000 -1000 -10 0.00856649
Car -1 -1 -10 159.296 809.121 823.167 1189.413 -1 -1 -1 -1000 -1000 -1000 -10 0.00844508
Car -1 -1 -10 390.098 451.807 822.057 1186.793 -1 -1 -1 -1000 -1000 -1000 -10 0.00391031
Car -1 -1 -10 372.327 58.165 677.298 1171.872 -1 -1 -1 -1000 -1000 -1000 -10 0.00370682
