Car -1 -1 -10 772.734 587.740 845.413 653.838 -1 -1 -1 -1000 -1000 -1000 -10 0.96647592
Car -1 -1 -10 582.489 597.734 640.917 646.396 -1 -1 -1 -1000 -1000 -1000 -10 0.45310409
Car -1 -1 -10 0.000 792.762 454.697 1198.812 -1 -1 -1 -1000 -1000 -1000 -10 0.00826058
Car -1 -1 -10 0.000 260.275 524.432 590.690 -1 -1 -1 -1000 -1000 -1000 -10 0.00345713
Car -1 -1 -10 0.000 548.808 718.432 1198.357 -1 -1 -1 -1000 -1000 -1000 -10 0.00679085
Car -1 -1 -10 40.753 187.565 1172.199 1200.000 -1 -1 -1 -1000 -1000 -1000 -10 0.00208713
Car -1 -1 -10 0.426 376.545 384.520 596.673 -1 -1 -1 -1000 -1000 -1000 -10 0.00155162
Car -1 -1 -10 0.000 634.123 527.581 1078.387 -1 -1 -1 -1000 -1000 -1000 -10 0.00251994
Car -1 -1 -10 0.000 90.331 125.036 182.865 -1 -1 -1 -1000 -1000 -1000 -10 0.00275040
Car -1 -1 -10 8.922 343.836 557.663 769.717 -1 -1 -1 -1000 -1000 -1000 -10 0.00460196
Car -1 -1 -10 41.260 334.425 389.781 1200.000 -1 -1 -1 -1000 -1000 -1000 -10 0.00243827
Car -1 -1 -10 58.672 225.884 241.614 890.863 -1 -1 -1 -1000 -1000 -1000 -10 0.00132361
Car -1 -1 -10 0.000 934.595 321.516 1200.000 -1 -1 -1 -1000 -1000 -1000 -10 0.00128085
Car -1 -1 -10 67.938 62.985 372.595 1200.000 -1 -1 -1 -1000 -1000 -1000 -10 0.00126713
Car -1 -1 -10 765.464 560.530 856.882 635.596 -1 -1 -1 -1000 -1000 -1000 -10 0.00123522
Car -1 -1 -10 59.756 66.530 274.428 1059.552 -1 -1 -1 -1000 -1000 -1000 -10 0.00121588
Car -1 -1 -10 627.022 572.520 785.085 1192.894 -1 -1 -1 -1000 -1000 -1000 -10 0.00120907
Car -1 -1 -10 94.023 538.619 520.654 1187.999 -1 -1 -1 -1000 -1000 -1000 -10 0.00120527
Car -1 -1 -10 444.873 787.579 954.268 1200.000 -1 -1 -1 -1000 -1000 -1000 -10 0.00119053
Car -1 -1 -10 0.000 805.309 210.638 1195.788 -1 -1 -1 -1000 -1000 -1000 -10 0.00117176
Car -1 -1 -10 781.830 567.408 832.688 623.494 -1 -1 -1 -1000 -1000 -1000 -10 0.00115450
Car -1 -1 -10 753.037 645.199 948.262 1188.591 -1 -1 -1 -1000 -1000 -1000 -10 0.00112140
Car -1 -1 -10 105.657 535.781 256.172 1200.000 -1 -1 -1 -1000 -1000 -1000 -10 0.00110910
Car -1 -1 -10 603.394 802.039 1118.279 1197.132 -1 -1 -1 -1000 -1000 -1000 -10 0.00107802
Car -1 -1 -10 708.099 637.004 898.355 1185.663 -1 -1 -1 -1000 -1000 -1000 -10 0.00107564
Car -1 -1 -10 135.167 64.164 313.646 938.305 -1 -1 -1 -1000 -1000 -1000 -10 0.00107119
Car -1 -1 -10 80.979 464.864 250.851 559.070 -1 -1 -1 -1000 -1000 -1000 -10 0.00104452
Car -1 -1 -10 43.925 438.748 359.756 591.895 -1 -1 -1 -1000 -1000 -1000 -10 0.00103930
Car -1 -1 -10 1.572 959.434 210.730 1200.000 -1 -1 -1 -1000 -1000 -1000 -10 0.00101777
Car -1 -1 -10 178.298 535.116 327.574 1200.000 -1 -1 -1 -1000 -1000 -1000 -10 0.00095618
Car -1 -1 -10 0.000 287.967 466.087 558.661 -1 -1 -1 -1000 -1000 -1000 -10 0.00094816
Car -1 -1 -10 201.882 581.838 352.314 1189.284 -1 -1 -1 -1000 -1000 -1000 -10 0.00093994
Car -1 -1 -10 661.449 637.270 853.180 1189.014 -1 -1 -1 -1000 -1000 -1000 -10 0.00092187
