Car -1 -1 -10 1050.197 568.155 1142.589 640.899 -1 -1 -1 -1000 -1000 -1000 -10 0.98682803
Car -1 -1 -10 0.000 587.226 896.393 1192.617 -1 -1 -1 -1000 -1000 -1000 -10 0.36626711
Car -1 -1 -10 9.617 684.272 536.666 1197.359 -1 -1 -1 -1000 -1000 -1000 -10 0.03223878
Car -1 -1 -10 786.155 1035.669 1215.220 1200.000 -1 -1 -1 -1000 -1000 -1000 -10 0.01716459
Car -1 -1 -10 850.951 886.127 1173.383 1197.173 -1 -1 -1 -1000 -1000 -1000 -10 0.01424321
Car -1 -1 -10 589.057 1034.732 1017.063 1200.000 -1 -1 -1 -1000 -1000 -1000 -10 0.01353246
Car -1 -1 -10 726.857 986.465 1296.338 1200.000 -1 -1 -1 -1000 -1000 -1000 -10 0.00470618
Car -1 -1 -10 805.328 907.973 1096.062 1200.000 -1 -1 -1 -1000 -1000 -1000 -10 0.00465117
Car -1 -1 -10 845.972 994.054 1071.746 1200.000 -1 -1 -1 -1000 -1000 -1000 -10 0.00453084
Car -1 -1 -10 872.436 1026.806 1061.773 1200.000 -1 -1 -1 -1000 -1000 -1000 -10 0.00451635
Car -1 -1 -10 634.959 1094.649 893.879 1200.000 -1 -1 -1 -1000 -1000 -1000 -10 0.00420009
Car -1 -1 -10 884.995 1099.276 1068.904 1200.000 -1 -1 -1 -1000 -1000 -1000 -10 0.00408853
Car -1 -1 -10 654.858 898.118 952.632 1200.000 -1 -1 -1 -1000 -1000 -1000 -10 0.00399473
Car -1 -1 -10 707.024 1097.291 885.381 1200.000 -1 -1 -1 -1000 -1000 -1000 -10 0.00386934
Car -1 -1 -10 818.514 523.615 1920.000 1200.000 -1 -1 -1 -1000 -1000 -1000 -10 0.00668140
Car -1 -1 -10 829.939 563.675 874.376 604.044 -1 -1 -1 -1000 -1000 -1000 -10 0.00325732
Car -1 -1 -10 848.856 1077.569 1175.080 1200.000 -1 -1 -1 -1000 -1000 -1000 -10 0.00318803
Car -1 -1 -10 167.984 746.011 1064.552 1184.616 -1 -1 -1 -1000 -1000 -1000 -10 0.00314465
Car -1 -1 -10 505.151 870.176 1349.298 1200.000 -1 -1 -1 -1000 -1000 -1000 -10 0.00310084
Car -1 -1 -10 216.442 529.862 492.961 1197.308 -1 -1 -1 -1000 -1000 -1000 -10 0.00301088
Car -1 -1 -10 179.558 520.258 442.157 1200.000 -1 -1 -1 -1000 -1000 -1000 -10 0.00298052
Car -1 -1 -10 728.097 893.461 1019.256 1200.000 -1 -1 -1 -1000 -1000 -1000 -10 0.00287325
Car -1 -1 -10 117.100 784.247 810.120 1200.000 -1 -1 -1 -1000 -1000 -1000 -10 0.00280941
