Car -1 -1 -10 257.281 593.897 409.345 694.612 -1 -1 -1 -1000 -1000 -1000 -10 0.99975033
Car -1 -1 -10 839.900 604.238 911.610 665.831 -1 -1 -1 -1000 -1000 -1000 -10 0.81402950
Car -1 -1 -10 0.000 798.194 456.634 1199.065 -1 -1 -1 -1000 -1000 -1000 -10 0.00651437
Car -1 -1 -10 227.868 448.655 432.662 781.077 -1 -1 -1 -1000 -1000 -1000 -10 0.00279202
Car -1 -1 -10 25.805 617.689 181.152 702.183 -1 -1 -1 -1000 -1000 -1000 -10 0.00302361
Car -1 -1 -10 275.388 412.304 396.358 828.711 -1 -1 -1 -1000 -1000 -1000 -10 0.00222379
Car -1 -1 -10 0.000 967.689 210.466 1200.000 -1 -1 -1 -1000 -1000 -1000 -10 0.00140872
Car -1 -1 -10 0.000 993.760 274.127 1200.000 -1 -1 -1 -1000 -1000 -1000 -10 0.00239843
Car -1 -1 -10 445.007 1159.155 482.450 1200.000 -1 -1 -1 -1000 -1000 -1000 -10 0.00126093
Car -1 -1 -10 0.010 1109.079 123.819 1200.000 -1 -1 -1 -1000 -1000 -1000 -10 0.00223697
Car -1 -1 -10 284.334 354.044 371.977 902.271 -1 -1 -1 -1000 -1000 -1000 -10 0.00112882
Car -1 -1 -10 0.000 939.660 321.409 1200.000 -1 -1 -1 -1000 -1000 -1000 -10 0.00106583
Car -1 -1 -10 1163.722 564.084 1322.617 659.978 -1 -1 -1 -1000 -1000 -1000 -10 0.00182950
Car -1 -1 -10 24.827 710.736 238.809 1196.248 -1 -1 -1 -1000 -1000 -1000 -10 0.00095374
Car -1 -1 -10 305.740 484.359 355.169 798.954 -1 -1 -1 -1000 -1000 -1000 -10 0.00187082
Car -1 -1 -10 611.876 621.276 803.528 1187.161 -1 -1 -1 -1000 -1000 -1000 -10 0.00094748
Car -1 -1 -10 331.959 1103.965 584.764 1200.000 -1 -1 -1 -1000 -1000 -1000 -10 0.00094598
Car -1 -1 -10 0.000 1107.014 90.762 1200.000 -1 -1 -1 -1000 -1000 -1000 -10 0.00091420
Car -1 -1 -10 444.285 770.071 1011.811 1197.831 -1 -1 -1 -1000 -1000 -1000 -10 0.00089117
Car -1 -1 -10 0.000 1104.454 48.932 1200.000 -1 -1 -1 -1000 -1000 -1000 -10 0.00088807
Car -1 -1 -10 0.000 1066.366 302.426 1200.000 -1 -1 -1 -1000 -1000 -1000 -10 0.00087686
Car -1 -1 -10 299.747 353.667 387.701 896.765 -1 -1 -1 -1000 -1000 -1000 -10 0.00085195
Car -1 -1 -10 42.444 640.564 220.185 1197.465 -1 -1 -1 -1000 -1000 -1000 -10 0.00153445
Car -1 -1 -10 508.533 561.725 665.475 1193.357 -1 -1 -1 -1000 -1000 -1000 -10 0.00081770
Car -1 -1 -10 368.285 582.038 566.769 1180.946 -1 -1 -1 -1000 -1000 -1000 -10 0.00079964
Car -1 -1 -10 1577.731 567.567 1920.000 1200.000 -1 -1 -1 -1000 -1000 -1000 -10 0.00149993
Car -1 -1 -10 685.849 628.430 873.394 1183.361 -1 -1 -1 -1000 -1000 -1000 -10 0.00079826
Car -1 -1 -10 852.723 582.205 902.769 637.600 -1 -1 -1 -1000 -1000 -1000 -10 0.00079369
Car -1 -1 -10 67.843 736.217 193.628 1200.000 -1 -1 -1 -1000 -1000 -1000 -10 0.00078034
Car -1 -1 -10 0.000 1060.025 202.002 1200.000 -1 -1 -1 -1000 -1000 -1000 -10 0.00153110
Car -1 -1 -10 121.900 621.033 275.080 699.427 -1 -1 -1 -1000 -1000 -1000 -10 0.00077497
Car -1 -1 -10 261.413 1061.586 661.104 1200.000 -1 -1 -1 -1000 -1000 -1000 -10 0.00076046
Car -1 -1 -10 1473.914 800.312 1920.000 1200.000 -1 -1 -1 -1000 -1000 -1000 -10 0.00075906
Car -1 -1 -10 315.868 492.708 367.080 795.804 -1 -1 -1 -1000 -1000 -1000 -10 0.00068655
Car -1 -1 -10 1.701 562.036 189.183 711.703 -1 -1 -1 -1000 -1000 -1000 -10 0.00067151
