Car -1 -1 -10 55.241 293.846 1001.262 1158.596 -1 -1 -1 -1000 -1000 -1000 -10 0.11905776
Car -1 -1 -10 0.000 320.146 807.862 1177.116 -1 -1 -1 -1000 -1000 -1000 -10 0.06565204
Car -1 -1 -10 1828.329 564.738 1919.282 686.586 -1 -1 -1 -1000 -1000 -1000 -10 0.06734451
Car -1 -1 -10 778.844 559.744 1167.927 744.232 -1 -1 -1 -1000 -1000 -1000 -10 0.05319497
Car -1 -1 -10 1371.929 600.792 1552.989 678.296 -1 -1 -1 -1000 -1000 -1000 -10 0.05477788
Car -1 -1 -10 145.887 241.734 1092.113 885.898 -1 -1 -1 -1000 -1000 -1000 -10 0.01588894
Car -1 -1 -10 0.000 542.865 519.247 1200.000 -1 -1 -1 -1000 -1000 -1000 -10 0.01355903
Car -1 -1 -10 512.027 309.315 911.497 1059.296 -1 -1 -1 -1000 -1000 -1000 -10 0.00947493
Car -1 -1 -10 10.524 350.825 403.919 1093.478 -1 -1 -1 -1000 -1000 -1000 -10 0.01333985
Car -1 -1 -10 1797.788 510.693 1920.000 744.240 -1 -1 -1 -1000 -1000 -1000 -10 0.00932081
Car -1 -1 -10 0.000 757.729 609.134 1200.000 -1 -1 -1 -1000 -1000 -1000 -10 0.00758621
Car -1 -1 -10 193.415 692.140 1030.596 1183.457 -1 -1 -1 -1000 -1000 -1000 -10 0.00679192
Car -1 -1 -10 1762.419 547.566 1907.210 712.168 -1 -1 -1 -1000 -1000 -1000 -10 0.00370199
Car -1 -1 -10 1632.889 461.164 1920.000 792.922 -1 -1 -1 -1000 -1000 -1000 -10 0.00342331
Car -1 -1 -10 430.568 262.902 984.430 1200.000 -1 -1 -1 -1000 -1000 -1000 -10 0.00332257
Car -1 -1 -10 158.605 466.655 1266.251 1200.000 -1 -1 -1 -1000 -1000 -1000 -10 0.00320534
Car -1 -1 -10 245.806 316.815 970.426 823.172 -1 -1 -1 -1000 -1000 -1000 -10 0.00578564
Car -1 -1 -10 441.414 652.907 871.132 899.268 -1 -1 -1 -1000 -1000 -1000 -10 0.00577608
Car -1 -1 -10 73.771 803.252 434.366 1194.197 -1 -1 -1 -1000 -1000 -1000 -10 0.00295110
