Car -1 -1 -10 0.000 796.523 456.897 1199.022 -1 -1 -1 -1000 -1000 -1000 -10 0.00768069
Car -1 -1 -10 11.294 675.779 256.121 1200.000 -1 -1 -1 -1000 -1000 -1000 -10 0.00189931
Car -1 -1 -10 653.680 568.411 897.826 1181.358 -1 -1 -1 -1000 -1000 -1000 -10 0.00176009
Car -1 -1 -10 20.630 589.046 218.827 1188.275 -1 -1 -1 -1000 -1000 -1000 -10 0.00334362
Car -1 -1 -10 0.000 1107.056 124.478 1200.000 -1 -1 -1 -1000 -1000 -1000 -10 0.00319540
Car -1 -1 -10 0.000 967.652 209.857 1200.000 -1 -1 -1 -1000 -1000 -1000 -10 0.00170447
Car -1 -1 -10 0.000 991.536 279.334 1200.000 -1 -1 -1 -1000 -1000 -1000 -10 0.00484699
Car -1 -1 -10 16.371 1102.346 228.000 1200.000 -1 -1 -1 -1000 -1000 -1000 -10 0.00393961
Car -1 -1 -10 537.005 590.757 888.531 1199.230 -1 -1 -1 -1000 -1000 -1000 -10 0.00369077
Car -1 -1 -10 0.000 1104.430 90.872 1200.000 -1 -1 -1 -1000 -1000 -1000 -10 0.00141497
Car -1 -1 -10 11.149 1127.500 76.837 1200.000 -1 -1 -1 -1000 -1000 -1000 -10 0.00130656
Car -1 -1 -10 1577.747 552.427 1920.000 1200.000 -1 -1 -1 -1000 -1000 -1000 -10 0.00239348
Car -1 -1 -10 0.000 1092.310 140.498 1189.171 -1 -1 -1 -1000 -1000 -1000 -10 0.00129220
Car -1 -1 -10 19.751 1156.787 57.675 1200.000 -1 -1 -1 -1000 -1000 -1000 -10 0.00234030
Car -1 -1 -10 0.000 1061.385 72.178 1200.000 -1 -1 -1 -1000 -1000 -1000 -10 0.00242203
Car -1 -1 -10 67.370 1085.222 126.491 1200.000 -1 -1 -1 -1000 -1000 -1000 -10 0.00304949
Car -1 -1 -10 389.589 547.778 988.275 1184.390 -1 -1 -1 -1000 -1000 -1000 -10 0.00120754
Car -1 -1 -10 1440.104 670.872 1920.000 1065.349 -1 -1 -1 -1000 -1000 -1000 -10 0.00120587
Car -1 -1 -10 49.527 1157.640 86.446 1200.000 -1 -1 -1 -1000 -1000 -1000 -10 0.00114755
Car -1 -1 -10 0.000 1102.488 49.373 1200.000 -1 -1 -1 -1000 -1000 -1000 -10 0.00114713
Car -1 -1 -10 12.566 521.788 1109.431 1194.419 -1 -1 -1 -1000 -1000 -1000 -10 0.00114262
Car -1 -1 -10 0.000 1065.384 303.436 1200.000 -1 -1 -1 -1000 -1000 -1000 -10 0.00114054
Car -1 -1 -10 32.194 692.804 184.063 1200.000 -1 -1 -1 -1000 -1000 -1000 -10 0.00113120
Car -1 -1 -10 14.612 356.287 313.403 1200.000 -1 -1 -1 -1000 -1000 -1000 -10 0.00109160
Car -1 -1 -10 64.831 1126.071 131.064 1200.000 -1 -1 -1 -1000 -1000 -1000 -10 0.00106040
Car -1 -1 -10 1457.936 816.062 1920.000 1200.000 -1 -1 -1 -1000 -1000 -1000 -10 0.00101650
Car -1 -1 -10 705.455 639.764 899.049 1186.120 -1 -1 -1 -1000 -1000 -1000 -10 0.00101477
Car -1 -1 -10 1515.017 799.429 1916.651 1158.746 -1 -1 -1 -1000 -1000 -1000 -10 0.00093031
Car -1 -1 -10 66.627 1143.009 118.739 1200.000 -1 -1 -1 -1000 -1000 -1000 -10 0.00084068
Car -1 -1 -10 21.248 1106.296 68.729 1200.000 -1 -1 -1 -1000 -1000 -1000 -10 0.00083464
