Car -1 -1 -10 1107.371 499.276 1556.857 691.103 -1 -1 -1 -1000 -1000 -1000 -10 0.37331866
Car -1 -1 -10 0.000 650.574 671.945 1189.006 -1 -1 -1 -1000 -1000 -1000 -10 0.04827352
Car -1 -1 -10 0.000 507.646 222.983 723.033 -1 -1 -1 -1000 -1000 -1000 -10 0.02824623
Car -1 -1 -10 9.630 544.811 212.212 727.698 -1 -1 -1 -1000 -1000 -1000 -10 0.02841570
Car -1 -1 -10 970.624 623.247 1323.932 1190.707 -1 -1 -1 -1000 -1000 -1000 -10 0.01942444
Car -1 -1 -10 261.188 586.596 590.601 1198.726 -1 -1 -1 -1000 -1000 -1000 -10 0.01264992
Car -1 -1 -10 16.967 531.738 154.838 654.732 -1 -1 -1 -1000 -1000 -1000 -10 0.01472904
Car -1 -1 -10 14.219 543.418 147.098 686.022 -1 -1 -1 -1000 -1000 -1000 -10 0.00676822
Car -1 -1 -10 96.592 488.773 1123.758 1185.634 -1 -1 -1 -1000 -1000 -1000 -10 0.01221807
Car -1 -1 -10 487.483 498.541 1564.062 1181.909 -1 -1 -1 -1000 -1000 -1000 -10 0.01194482
Car -1 -1 -10 708.233 793.104 1395.468 1200.000 -1 -1 -1 -1000 -1000 -1000 -10 0.00922772
Car -1 -1 -10 994.806 487.151 1548.368 853.873 -1 -1 -1 -1000 -1000 -1000 -10 0.00863334
Car -1 -1 -10 4.764 567.994 134.852 706.233 -1 -1 -1 -1000 -1000 -1000 -10 0.00490535
Car -1 -1 -10 0.000 435.815 220.586 802.916 -1 -1 -1 -1000 -1000 -1000 -10 0.00836816
Car -1 -1 -10 0.856 579.138 155.972 696.493 -1 -1 -1 -1000 -1000 -1000 -10 0.00410960
Car -1 -1 -10 1409.457 501.526 1907.522 988.976 -1 -1 -1 -1000 -1000 -1000 -10 0.00699753
