Car -1 -1 -10 447.295 589.872 612.332 693.584 -1 -1 -1 -1000 -1000 -1000 -10 0.99991521
Car -1 -1 -10 729.175 586.453 844.702 675.137 -1 -1 -1 -1000 -1000 -1000 -10 0.99970177
Car -1 -1 -10 932.107 586.627 1022.923 660.670 -1 -1 -1 -1000 -1000 -1000 -10 0.97761692
Car -1 -1 -10 1675.812 541.013 1920.000 713.952 -1 -1 -1 -1000 -1000 -1000 -10 0.21829075
Car -1 -1 -10 584.205 599.317 633.008 645.791 -1 -1 -1 -1000 -1000 -1000 -10 0.05034396
Car -1 -1 -10 1630.586 514.022 1920.000 752.400 -1 -1 -1 -1000 -1000 -1000 -10 0.01999802
Car -1 -1 -10 1502.054 487.885 1920.000 1007.193 -1 -1 -1 -1000 -1000 -1000 -10 0.00906340
Car -1 -1 -10 475.624 514.626 1743.138 1200.000 -1 -1 -1 -1000 -1000 -1000 -10 0.00728185
Car -1 -1 -10 0.000 796.668 618.867 1197.635 -1 -1 -1 -1000 -1000 -1000 -10 0.01358454
Car -1 -1 -10 116.175 597.134 264.192 668.120 -1 -1 -1 -1000 -1000 -1000 -10 0.00586833
Car -1 -1 -10 1725.764 550.273 1863.214 681.089 -1 -1 -1 -1000 -1000 -1000 -10 0.00332510
Car -1 -1 -10 1608.526 487.644 1920.000 815.261 -1 -1 -1 -1000 -1000 -1000 -10 0.00328397
Car -1 -1 -10 1785.413 565.673 1906.796 674.778 -1 -1 -1 -1000 -1000 -1000 -10 0.00314510
Car -1 -1 -10 434.694 782.269 1142.545 1200.000 -1 -1 -1 -1000 -1000 -1000 -10 0.00296266
Car -1 -1 -10 584.234 777.116 1458.771 1185.070 -1 -1 -1 -1000 -1000 -1000 -10 0.00292445
Car -1 -1 -10 519.478 588.757 620.028 675.226 -1 -1 -1 -1000 -1000 -1000 -10 0.00274171
Car -1 -1 -10 232.483 812.713 839.702 1185.309 -1 -1 -1 -1000 -1000 -1000 -10 0.00262502
Car -1 -1 -10 1721.902 536.297 1904.169 705.188 -1 -1 -1 -1000 -1000 -1000 -10 0.00466583
Car -1 -1 -10 0.000 556.795 371.908 1200.000 -1 -1 -1 -1000 -1000 -1000 -10 0.00226201
Car -1 -1 -10 0.000 861.405 423.768 1095.422 -1 -1 -1 -1000 -1000 -1000 -10 0.00210831
