Car -1 -1 -10 764.674 601.887 845.062 669.889 -1 -1 -1 -1000 -1000 -1000 -10 0.99475777
Car -1 -1 -10 586.760 616.120 684.092 672.650 -1 -1 -1 -1000 -1000 -1000 -10 0.01463096
Car -1 -1 -10 566.927 619.480 659.332 673.542 -1 -1 -1 -1000 -1000 -1000 -10 0.00848991
Car -1 -1 -10 0.000 796.243 462.836 1199.113 -1 -1 -1 -1000 -1000 -1000 -10 0.00893626
Car -1 -1 -10 0.000 799.271 213.415 1193.273 -1 -1 -1 -1000 -1000 -1000 -10 0.00305462
Car -1 -1 -10 691.865 1156.299 731.450 1200.000 -1 -1 -1 -1000 -1000 -1000 -10 0.00213171
Car -1 -1 -10 62.338 348.248 367.361 1200.000 -1 -1 -1 -1000 -1000 -1000 -10 0.00215165
Car -1 -1 -10 386.269 1083.169 698.161 1200.000 -1 -1 -1 -1000 -1000 -1000 -10 0.00105729
Car -1 -1 -10 5.871 962.810 340.661 1200.000 -1 -1 -1 -1000 -1000 -1000 -10 0.00273890
Car -1 -1 -10 0.000 540.998 773.940 1197.866 -1 -1 -1 -1000 -1000 -1000 -10 0.00265572
Car -1 -1 -10 439.534 1156.596 476.998 1200.000 -1 -1 -1 -1000 -1000 -1000 -10 0.00100510
Car -1 -1 -10 682.573 1088.846 741.116 1200.000 -1 -1 -1 -1000 -1000 -1000 -10 0.00085255
Car -1 -1 -10 413.763 1115.962 492.591 1200.000 -1 -1 -1 -1000 -1000 -1000 -10 0.00154285
Car -1 -1 -10 0.000 630.199 501.403 1083.654 -1 -1 -1 -1000 -1000 -1000 -10 0.00075844
Car -1 -1 -10 370.883 582.492 565.427 1182.512 -1 -1 -1 -1000 -1000 -1000 -10 0.00137197
Car -1 -1 -10 389.793 1084.773 449.626 1200.000 -1 -1 -1 -1000 -1000 -1000 -10 0.00136876
Car -1 -1 -10 304.611 1106.298 550.085 1200.000 -1 -1 -1 -1000 -1000 -1000 -10 0.00138201
Car -1 -1 -10 419.191 1102.832 664.277 1200.000 -1 -1 -1 -1000 -1000 -1000 -10 0.00073338
Car -1 -1 -10 465.528 1074.949 601.336 1200.000 -1 -1 -1 -1000 -1000 -1000 -10 0.00072043
Car -1 -1 -10 796.967 1126.810 863.346 1200.000 -1 -1 -1 -1000 -1000 -1000 -10 0.00069702
Car -1 -1 -10 571.836 1157.882 608.939 1200.000 -1 -1 -1 -1000 -1000 -1000 -10 0.00067286
Car -1 -1 -10 563.210 1127.448 629.254 1200.000 -1 -1 -1 -1000 -1000 -1000 -10 0.00066504
Car -1 -1 -10 636.912 678.727 874.049 1198.564 -1 -1 -1 -1000 -1000 -1000 -10 0.00066489
Car -1 -1 -10 767.247 1127.183 833.123 1200.000 -1 -1 -1 -1000 -1000 -1000 -10 0.00065432
Car -1 -1 -10 724.328 1119.867 805.248 1200.000 -1 -1 -1 -1000 -1000 -1000 -10 0.00065234
Car -1 -1 -10 458.546 822.498 619.408 1200.000 -1 -1 -1 -1000 -1000 -1000 -10 0.00065131
Car -1 -1 -10 452.473 1088.079 511.832 1200.000 -1 -1 -1 -1000 -1000 -1000 -10 0.00064955
Car -1 -1 -10 738.987 1157.910 777.398 1200.000 -1 -1 -1 -1000 -1000 -1000 -10 0.00064910
Car -1 -1 -10 445.945 1114.879 531.781 1200.000 -1 -1 -1 -1000 -1000 -1000 -10 0.00064171
Car -1 -1 -10 561.338 1088.860 619.530 1200.000 -1 -1 -1 -1000 -1000 -1000 -10 0.00064038
Car -1 -1 -10 450.093 632.734 626.975 1195.625 -1 -1 -1 -1000 -1000 -1000 -10 0.00063395
Car -1 -1 -10 433.082 1123.788 472.871 1200.000 -1 -1 -1 -1000 -1000 -1000 -10 0.00063023
Car -1 -1 -10 717.425 1084.727 776.630 1200.000 -1 -1 -1 -1000 -1000 -1000 -10 0.00062765
Car -1 -1 -10 427.481 1141.581 478.014 1200.000 -1 -1 -1 -1000 -1000 -1000 -10 0.00062356
Car -1 -1 -10 574.729 633.664 745.986 1194.496 -1 -1 -1 -1000 -1000 -1000 -10 0.00062072
Car -1 -1 -10 489.071 1127.784 558.359 1200.000 -1 -1 -1 -1000 -1000 -1000 -10 0.00061610
Car -1 -1 -10 729.682 584.713 926.187 1182.793 -1 -1 -1 -1000 -1000 -1000 -10 0.00061540
Car -1 -1 -10 302.160 1029.700 765.162 1200.000 -1 -1 -1 -1000 -1000 -1000 -10 0.00120220
Car -1 -1 -10 549.635 1107.042 798.045 1200.000 -1 -1 -1 -1000 -1000 -1000 -10 0.00060287
Car -1 -1 -10 726.851 1142.774 778.128 1200.000 -1 -1 -1 -1000 -1000 -1000 -10 0.00058711
