Car -1 -1 -10 465.158 530.140 672.265 684.048 -1 -1 -1 -1000 -1000 -1000 -10 0.99999762
Car -1 -1 -10 669.961 534.733 787.259 632.601 -1 -1 -1 -1000 -1000 -1000 -10 0.99995622
Car -1 -1 -10 930.786 513.318 1132.916 695.937 -1 -1 -1 -1000 -1000 -1000 -10 0.99943864
Car -1 -1 -10 1091.118 565.821 1196.095 646.189 -1 -1 -1 -1000 -1000 -1000 -10 0.02193058
Car -1 -1 -10 790.473 869.730 1710.617 1200.000 -1 -1 -1 -1000 -1000 -1000 -10 0.02048745
Car -1 -1 -10 195.688 853.961 1081.794 1200.000 -1 -1 -1 -1000 -1000 -1000 -10 0.01128096
Car -1 -1 -10 573.692 815.652 1200.739 1189.536 -1 -1 -1 -1000 -1000 -1000 -10 0.00605912
Car -1 -1 -10 981.385 924.059 1461.076 1200.000 -1 -1 -1 -1000 -1000 -1000 -10 0.00594669
Car -1 -1 -10 736.035 836.046 1346.132 1200.000 -1 -1 -1 -1000 -1000 -1000 -10 0.00272489
Car -1 -1 -10 447.019 907.813 916.415 1144.465 -1 -1 -1 -1000 -1000 -1000 -10 0.00472133
Car -1 -1 -10 1171.251 853.172 1542.845 1197.818 -1 -1 -1 -1000 -1000 -1000 -10 0.00239626
Car -1 -1 -10 1094.383 914.027 1580.725 1142.459 -1 -1 -1 -1000 -1000 -1000 -10 0.00235229
Car -1 -1 -10 918.005 807.028 1617.436 1200.000 -1 -1 -1 -1000 -1000 -1000 -10 0.00176069
Car -1 -1 -10 584.054 883.818 1082.513 1170.296 -1 -1 -1 -1000 -1000 -1000 -10 0.00170716
