Car -1 -1 -10 194.052 580.870 622.429 832.205 -1 -1 -1 -1000 -1000 -1000 -10 0.98856863
Car -1 -1 -10 363.791 584.655 731.097 825.900 -1 -1 -1 -1000 -1000 -1000 -10 0.49240772
Car -1 -1 -10 6.576 645.065 541.097 1191.547 -1 -1 -1 -1000 -1000 -1000 -10 0.00728390
Car -1 -1 -10 493.363 586.171 650.683 688.623 -1 -1 -1 -1000 -1000 -1000 -10 0.00526674
Car -1 -1 -10 188.545 585.828 442.435 800.305 -1 -1 -1 -1000 -1000 -1000 -10 0.00262391
Car -1 -1 -10 145.993 664.142 881.553 1163.911 -1 -1 -1 -1000 -1000 -1000 -10 0.00254480
Car -1 -1 -10 502.754 606.742 658.281 714.640 -1 -1 -1 -1000 -1000 -1000 -10 0.00224568
Car -1 -1 -10 0.000 789.108 457.099 1200.000 -1 -1 -1 -1000 -1000 -1000 -10 0.00206474
Car -1 -1 -10 179.767 622.326 836.093 1112.506 -1 -1 -1 -1000 -1000 -1000 -10 0.00197630
Car -1 -1 -10 18.759 1104.943 281.362 1200.000 -1 -1 -1 -1000 -1000 -1000 -10 0.00187100
