Car -1 -1 -10 199.736 569.595 413.668 703.831 -1 -1 -1 -1000 -1000 -1000 -10 0.99998608
Car -1 -1 -10 407.872 583.888 533.870 672.230 -1 -1 -1 -1000 -1000 -1000 -10 0.99018954
Car -1 -1 -10 782.176 588.129 837.863 639.441 -1 -1 -1 -1000 -1000 -1000 -10 0.83098243
Car -1 -1 -10 485.168 579.055 567.686 656.795 -1 -1 -1 -1000 -1000 -1000 -10 0.24721304
Car -1 -1 -10 0.000 601.535 161.834 670.121 -1 -1 -1 -1000 -1000 -1000 -10 0.07218455
Car -1 -1 -10 579.574 595.078 630.512 645.565 -1 -1 -1 -1000 -1000 -1000 -10 0.01382601
Car -1 -1 -10 298.037 563.773 416.227 673.380 -1 -1 -1 -1000 -1000 -1000 -10 0.00913416
Car -1 -1 -10 387.156 579.481 487.162 659.943 -1 -1 -1 -1000 -1000 -1000 -10 0.00359195
Car -1 -1 -10 0.000 615.034 117.105 703.273 -1 -1 -1 -1000 -1000 -1000 -10 0.00380295
Car -1 -1 -10 0.000 797.022 455.007 1199.440 -1 -1 -1 -1000 -1000 -1000 -10 0.00643510
Car -1 -1 -10 58.701 600.400 228.972 673.275 -1 -1 -1 -1000 -1000 -1000 -10 0.00188205
Car -1 -1 -10 7.736 561.458 309.318 900.807 -1 -1 -1 -1000 -1000 -1000 -10 0.00154289
Car -1 -1 -10 461.340 580.030 549.738 656.873 -1 -1 -1 -1000 -1000 -1000 -10 0.00140414
Car -1 -1 -10 35.138 607.397 226.421 1193.891 -1 -1 -1 -1000 -1000 -1000 -10 0.00219984
Car -1 -1 -10 0.000 504.798 419.575 1032.103 -1 -1 -1 -1000 -1000 -1000 -10 0.00249451
Car -1 -1 -10 0.000 967.140 209.907 1200.000 -1 -1 -1 -1000 -1000 -1000 -10 0.00126254
Car -1 -1 -10 618.325 588.014 665.447 633.444 -1 -1 -1 -1000 -1000 -1000 -10 0.00217566
Car -1 -1 -10 329.583 746.169 895.598 1188.197 -1 -1 -1 -1000 -1000 -1000 -10 0.00119687
Car -1 -1 -10 515.446 585.309 591.069 653.732 -1 -1 -1 -1000 -1000 -1000 -10 0.00118442
Car -1 -1 -10 0.000 1009.399 258.348 1200.000 -1 -1 -1 -1000 -1000 -1000 -10 0.00116312
Car -1 -1 -10 32.223 614.889 185.664 698.449 -1 -1 -1 -1000 -1000 -1000 -10 0.00116223
Car -1 -1 -10 0.000 1110.083 123.698 1200.000 -1 -1 -1 -1000 -1000 -1000 -10 0.00114935
Car -1 -1 -10 9.039 1106.127 253.340 1200.000 -1 -1 -1 -1000 -1000 -1000 -10 0.00196795
Car -1 -1 -10 1462.111 812.341 1920.000 1200.000 -1 -1 -1 -1000 -1000 -1000 -10 0.00191426
Car -1 -1 -10 192.536 566.052 309.620 673.144 -1 -1 -1 -1000 -1000 -1000 -10 0.00088434
Car -1 -1 -10 4.937 1062.774 306.367 1200.000 -1 -1 -1 -1000 -1000 -1000 -10 0.00088270
Car -1 -1 -10 341.398 578.769 420.126 656.002 -1 -1 -1 -1000 -1000 -1000 -10 0.00085838
Car -1 -1 -10 0.000 939.758 319.354 1200.000 -1 -1 -1 -1000 -1000 -1000 -10 0.00084677
