Car -1 -1 -10 1065.809 554.525 1130.068 614.753 -1 -1 -1 -1000 -1000 -1000 -10 0.66948952
Car -1 -1 -10 758.341 811.028 1354.643 1198.572 -1 -1 -1 -1000 -1000 -1000 -10 0.01702736
Car -1 -1 -10 795.369 1049.718 1200.932 1200.000 -1 -1 -1 -1000 -1000 -1000 -10 0.01472629
Car -1 -1 -10 946.427 700.994 1196.678 1192.284 -1 -1 -1 -1000 -1000 -1000 -10 0.00639008
Car -1 -1 -10 844.871 887.013 1139.073 1199.545 -1 -1 -1 -1000 -1000 -1000 -10 0.01105968
Car -1 -1 -10 925.618 849.737 1339.005 1109.948 -1 -1 -1 -1000 -1000 -1000 -10 0.00283685
Car -1 -1 -10 595.796 1061.165 999.103 1200.000 -1 -1 -1 -1000 -1000 -1000 -10 0.00657211
Car -1 -1 -10 1338.067 1157.174 1375.238 1200.000 -1 -1 -1 -1000 -1000 -1000 -10 0.00489183
Car -1 -1 -10 906.094 1085.531 1067.375 1192.927 -1 -1 -1 -1000 -1000 -1000 -10 0.00275338
Car -1 -1 -10 908.321 1061.516 1057.750 1173.159 -1 -1 -1 -1000 -1000 -1000 -10 0.00445731
Car -1 -1 -10 681.897 1081.091 1002.877 1200.000 -1 -1 -1 -1000 -1000 -1000 -10 0.00252739
Car -1 -1 -10 931.716 770.280 1059.643 1198.710 -1 -1 -1 -1000 -1000 -1000 -10 0.00685740
Car -1 -1 -10 761.237 1067.237 922.582 1165.445 -1 -1 -1 -1000 -1000 -1000 -10 0.00447556
Car -1 -1 -10 1245.082 1157.835 1282.200 1200.000 -1 -1 -1 -1000 -1000 -1000 -10 0.00423468
Car -1 -1 -10 855.644 1097.721 1103.889 1200.000 -1 -1 -1 -1000 -1000 -1000 -10 0.00237355
Car -1 -1 -10 742.209 667.239 913.891 1195.400 -1 -1 -1 -1000 -1000 -1000 -10 0.00234374
Car -1 -1 -10 886.969 674.412 1060.511 1191.502 -1 -1 -1 -1000 -1000 -1000 -10 0.00222820
Car -1 -1 -10 886.967 1098.392 1068.385 1200.000 -1 -1 -1 -1000 -1000 -1000 -10 0.00221444
Car -1 -1 -10 901.047 698.306 1147.068 1194.369 -1 -1 -1 -1000 -1000 -1000 -10 0.00208648
Car -1 -1 -10 619.996 1103.283 873.359 1200.000 -1 -1 -1 -1000 -1000 -1000 -10 0.00205655
Car -1 -1 -10 1294.357 1103.497 1549.594 1200.000 -1 -1 -1 -1000 -1000 -1000 -10 0.00394481
Car -1 -1 -10 1191.466 1102.878 1444.184 1200.000 -1 -1 -1 -1000 -1000 -1000 -10 0.00197186
Car -1 -1 -10 574.373 1020.745 1078.268 1200.000 -1 -1 -1 -1000 -1000 -1000 -10 0.00195673
Car -1 -1 -10 735.665 785.699 916.288 1200.000 -1 -1 -1 -1000 -1000 -1000 -10 0.00193059
Car -1 -1 -10 930.803 1021.177 1025.694 1200.000 -1 -1 -1 -1000 -1000 -1000 -10 0.00192809
Car -1 -1 -10 1141.727 1084.097 1467.389 1200.000 -1 -1 -1 -1000 -1000 -1000 -10 0.00191510
Car -1 -1 -10 809.487 531.079 1167.196 1200.000 -1 -1 -1 -1000 -1000 -1000 -10 0.00189133
Car -1 -1 -10 674.242 1102.279 926.336 1200.000 -1 -1 -1 -1000 -1000 -1000 -10 0.00182789
Car -1 -1 -10 1313.348 1120.020 1393.252 1200.000 -1 -1 -1 -1000 -1000 -1000 -10 0.00172843
Car -1 -1 -10 842.758 357.497 1131.031 1200.000 -1 -1 -1 -1000 -1000 -1000 -10 0.00166717
Car -1 -1 -10 1451.216 800.610 1920.000 1200.000 -1 -1 -1 -1000 -1000 -1000 -10 0.00160896
Car -1 -1 -10 1240.563 1087.322 1298.391 1200.000 -1 -1 -1 -1000 -1000 -1000 -10 0.00157338
