Car -1 -1 -10 780.149 524.726 873.578 612.797 -1 -1 -1 -1000 -1000 -1000 -10 0.85519405
Car -1 -1 -10 936.753 540.942 995.764 599.785 -1 -1 -1 -1000 -1000 -1000 -10 0.99691053
Car -1 -1 -10 1192.535 476.850 1470.508 689.978 -1 -1 -1 -1000 -1000 -1000 -10 0.47250350
Car -1 -1 -10 570.316 510.778 733.575 679.062 -1 -1 -1 -1000 -1000 -1000 -10 0.32542808
Car -1 -1 -10 1067.015 529.229 1139.583 604.697 -1 -1 -1 -1000 -1000 -1000 -10 0.26945103
Car -1 -1 -10 818.932 685.937 1320.636 1196.460 -1 -1 -1 -1000 -1000 -1000 -10 0.00869337
Car -1 -1 -10 757.062 504.662 1912.626 1188.941 -1 -1 -1 -1000 -1000 -1000 -10 0.00667350
Car -1 -1 -10 1531.595 254.411 1920.000 823.287 -1 -1 -1 -1000 -1000 -1000 -10 0.00316109
Car -1 -1 -10 818.447 522.682 865.154 595.846 -1 -1 -1 -1000 -1000 -1000 -10 0.00297629
Car -1 -1 -10 1128.444 453.161 1477.327 694.849 -1 -1 -1 -1000 -1000 -1000 -10 0.00531681
Car -1 -1 -10 822.141 531.598 889.799 605.841 -1 -1 -1 -1000 -1000 -1000 -10 0.00284236
Car -1 -1 -10 0.000 797.581 472.420 1198.822 -1 -1 -1 -1000 -1000 -1000 -10 0.00634119
Car -1 -1 -10 0.000 531.474 699.911 1200.000 -1 -1 -1 -1000 -1000 -1000 -10 0.00216637
Car -1 -1 -10 0.000 597.720 505.632 1200.000 -1 -1 -1 -1000 -1000 -1000 -10 0.00209235
Car -1 -1 -10 1691.169 333.785 1913.554 688.315 -1 -1 -1 -1000 -1000 -1000 -10 0.00200704
Car -1 -1 -10 12.759 168.007 314.995 1188.367 -1 -1 -1 -1000 -1000 -1000 -10 0.00198721
Car -1 -1 -10 967.641 767.842 1646.172 1200.000 -1 -1 -1 -1000 -1000 -1000 -10 0.00518794
Car -1 -1 -10 722.010 4.399 1093.899 374.163 -1 -1 -1 -1000 -1000 -1000 -10 0.00178208
Car -1 -1 -10 678.404 789.567 1501.260 1193.477 -1 -1 -1 -1000 -1000 -1000 -10 0.00156681
Car -1 -1 -10 1467.325 801.101 1920.000 1200.000 -1 -1 -1 -1000 -1000 -1000 -10 0.00143941
