Car -1 -1 -10 0.000 796.712 466.518 1199.441 -1 -1 -1 -1000 -1000 -1000 -10 0.01133296
Car -1 -1 -10 20.833 564.524 193.246 1187.616 -1 -1 -1 -1000 -1000 -1000 -10 0.00224220
Car -1 -1 -10 54.807 531.540 205.449 1194.400 -1 -1 -1 -1000 -1000 -1000 -10 0.00217812
Car -1 -1 -10 1443.986 529.135 1915.673 942.946 -1 -1 -1 -1000 -1000 -1000 -10 0.00335419
Car -1 -1 -10 0.000 820.279 227.400 1198.383 -1 -1 -1 -1000 -1000 -1000 -10 0.00184896
Car -1 -1 -10 0.650 1058.333 336.616 1200.000 -1 -1 -1 -1000 -1000 -1000 -10 0.00177635
Car -1 -1 -10 3.978 983.823 314.223 1200.000 -1 -1 -1 -1000 -1000 -1000 -10 0.00284217
Car -1 -1 -10 24.459 561.741 704.818 1200.000 -1 -1 -1 -1000 -1000 -1000 -10 0.00331096
Car -1 -1 -10 1544.864 674.755 1910.828 972.969 -1 -1 -1 -1000 -1000 -1000 -10 0.00156408
Car -1 -1 -10 0.000 74.194 471.824 464.916 -1 -1 -1 -1000 -1000 -1000 -10 0.00142178
Car -1 -1 -10 1549.014 486.596 1916.935 772.933 -1 -1 -1 -1000 -1000 -1000 -10 0.00139884
Car -1 -1 -10 0.000 1009.021 257.329 1200.000 -1 -1 -1 -1000 -1000 -1000 -10 0.00122125
Car -1 -1 -10 0.000 249.037 456.331 599.766 -1 -1 -1 -1000 -1000 -1000 -10 0.00121290
Car -1 -1 -10 1571.317 558.260 1920.000 1200.000 -1 -1 -1 -1000 -1000 -1000 -10 0.00119601
Car -1 -1 -10 1673.354 510.230 1905.038 946.998 -1 -1 -1 -1000 -1000 -1000 -10 0.00113562
Car -1 -1 -10 1168.063 558.755 1885.098 1200.000 -1 -1 -1 -1000 -1000 -1000 -10 0.00110188
Car -1 -1 -10 0.448 1111.323 124.921 1200.000 -1 -1 -1 -1000 -1000 -1000 -10 0.00216407
Car -1 -1 -10 49.538 1158.987 86.540 1200.000 -1 -1 -1 -1000 -1000 -1000 -10 0.00108474
Car -1 -1 -10 0.000 54.607 433.209 403.353 -1 -1 -1 -1000 -1000 -1000 -10 0.00106780
Car -1 -1 -10 1467.086 802.704 1920.000 1200.000 -1 -1 -1 -1000 -1000 -1000 -10 0.00103825
Car -1 -1 -10 1572.907 556.982 1920.000 802.071 -1 -1 -1 -1000 -1000 -1000 -10 0.00102808
Car -1 -1 -10 0.000 1065.728 195.079 1200.000 -1 -1 -1 -1000 -1000 -1000 -10 0.00101277
Car -1 -1 -10 1698.874 577.001 1920.000 749.349 -1 -1 -1 -1000 -1000 -1000 -10 0.00096610
Car -1 -1 -10 1656.480 371.610 1920.000 885.189 -1 -1 -1 -1000 -1000 -1000 -10 0.00095638
Car -1 -1 -10 8.659 132.322 516.953 581.840 -1 -1 -1 -1000 -1000 -1000 -10 0.00094499
