Car -1 -1 -10 852.142 573.985 1070.116 688.328 -1 -1 -1 -1000 -1000 -1000 -10 0.97860694
Car -1 -1 -10 814.004 582.212 986.874 684.964 -1 -1 -1 -1000 -1000 -1000 -10 0.30048841
Car -1 -1 -10 0.000 795.310 459.320 1200.000 -1 -1 -1 -1000 -1000 -1000 -10 0.00651700
Car -1 -1 -10 0.000 564.889 353.228 1200.000 -1 -1 -1 -1000 -1000 -1000 -10 0.00219036
Car -1 -1 -10 25.640 612.590 218.428 1191.329 -1 -1 -1 -1000 -1000 -1000 -10 0.00347695
Car -1 -1 -10 0.000 816.281 191.179 1197.951 -1 -1 -1 -1000 -1000 -1000 -10 0.00516464
Car -1 -1 -10 20.598 1157.296 57.482 1200.000 -1 -1 -1 -1000 -1000 -1000 -10 0.00446010
Car -1 -1 -10 0.000 1138.537 95.385 1200.000 -1 -1 -1 -1000 -1000 -1000 -10 0.00183904
Car -1 -1 -10 0.000 995.814 268.635 1200.000 -1 -1 -1 -1000 -1000 -1000 -10 0.00322297
Car -1 -1 -10 25.849 1123.548 64.623 1200.000 -1 -1 -1 -1000 -1000 -1000 -10 0.00142780
Car -1 -1 -10 79.309 541.752 231.136 1200.000 -1 -1 -1 -1000 -1000 -1000 -10 0.00244606
Car -1 -1 -10 0.000 1120.704 79.767 1200.000 -1 -1 -1 -1000 -1000 -1000 -10 0.00138758
Car -1 -1 -10 139.254 592.676 268.443 1189.420 -1 -1 -1 -1000 -1000 -1000 -10 0.00249815
Car -1 -1 -10 0.000 1063.565 196.046 1200.000 -1 -1 -1 -1000 -1000 -1000 -10 0.00136702
Car -1 -1 -10 925.108 447.407 1019.232 786.645 -1 -1 -1 -1000 -1000 -1000 -10 0.00260257
Car -1 -1 -10 152.592 537.980 302.875 1200.000 -1 -1 -1 -1000 -1000 -1000 -10 0.00237915
Car -1 -1 -10 282.983 591.272 411.003 1192.984 -1 -1 -1 -1000 -1000 -1000 -10 0.00133242
Car -1 -1 -10 0.000 697.921 639.898 1161.618 -1 -1 -1 -1000 -1000 -1000 -10 0.00120155
Car -1 -1 -10 114.628 173.075 406.687 1189.217 -1 -1 -1 -1000 -1000 -1000 -10 0.00115114
Car -1 -1 -10 0.000 850.492 285.840 1200.000 -1 -1 -1 -1000 -1000 -1000 -10 0.00113146
Car -1 -1 -10 883.498 456.388 974.705 780.159 -1 -1 -1 -1000 -1000 -1000 -10 0.00105793
Car -1 -1 -10 1.047 1157.042 35.509 1200.000 -1 -1 -1 -1000 -1000 -1000 -10 0.00105568
Car -1 -1 -10 60.882 410.454 375.667 1200.000 -1 -1 -1 -1000 -1000 -1000 -10 0.00102515
Car -1 -1 -10 8.717 1106.372 245.342 1200.000 -1 -1 -1 -1000 -1000 -1000 -10 0.00092512
