Car -1 -1 -10 685.670 560.572 792.154 638.239 -1 -1 -1 -1000 -1000 -1000 -10 0.99796985
Car -1 -1 -10 871.472 558.494 962.007 632.610 -1 -1 -1 -1000 -1000 -1000 -10 0.99278152
Car -1 -1 -10 354.410 553.105 526.567 632.289 -1 -1 -1 -1000 -1000 -1000 -10 0.36490687
Car -1 -1 -10 949.928 558.349 1004.089 607.014 -1 -1 -1 -1000 -1000 -1000 -10 0.02957295
Car -1 -1 -10 784.768 806.455 1407.625 1196.646 -1 -1 -1 -1000 -1000 -1000 -10 0.00647216
Car -1 -1 -10 1186.016 561.314 1323.173 672.883 -1 -1 -1 -1000 -1000 -1000 -10 0.00338426
Car -1 -1 -10 1093.590 797.105 1720.306 1192.494 -1 -1 -1 -1000 -1000 -1000 -10 0.01140972
Car -1 -1 -10 1062.034 508.784 1920.000 1200.000 -1 -1 -1 -1000 -1000 -1000 -10 0.00495164
Car -1 -1 -10 1390.237 586.704 1901.185 1160.725 -1 -1 -1 -1000 -1000 -1000 -10 0.00444561
Car -1 -1 -10 732.563 509.331 1916.366 1200.000 -1 -1 -1 -1000 -1000 -1000 -10 0.00475717
Car -1 -1 -10 563.975 797.061 1171.687 1198.996 -1 -1 -1 -1000 -1000 -1000 -10 0.00250267
Car -1 -1 -10 1444.575 796.660 1920.000 1200.000 -1 -1 -1 -1000 -1000 -1000 -10 0.00241508
Car -1 -1 -10 266.333 785.839 940.251 1200.000 -1 -1 -1 -1000 -1000 -1000 -10 0.00425405
Car -1 -1 -10 667.144 812.982 1281.470 1200.000 -1 -1 -1 -1000 -1000 -1000 -10 0.00410792
Car -1 -1 -10 0.000 790.531 461.655 1197.497 -1 -1 -1 -1000 -1000 -1000 -10 0.00789736
Car -1 -1 -10 1206.721 558.930 1351.639 672.753 -1 -1 -1 -1000 -1000 -1000 -10 0.00213955
Car -1 -1 -10 875.283 668.008 1069.291 1190.042 -1 -1 -1 -1000 -1000 -1000 -10 0.00190953
Car -1 -1 -10 378.551 802.141 1003.491 1192.001 -1 -1 -1 -1000 -1000 -1000 -10 0.00183441
Car -1 -1 -10 903.978 807.036 1533.656 1191.969 -1 -1 -1 -1000 -1000 -1000 -10 0.00178672
Car -1 -1 -10 847.883 650.754 1112.627 1200.000 -1 -1 -1 -1000 -1000 -1000 -10 0.00167139
Car -1 -1 -10 1190.667 807.091 1641.249 1048.735 -1 -1 -1 -1000 -1000 -1000 -10 0.00153783
Car -1 -1 -10 939.800 827.965 1100.082 1200.000 -1 -1 -1 -1000 -1000 -1000 -10 0.00147439
