Car -1 -1 -10 821.054 610.099 876.081 659.154 -1 -1 -1 -1000 -1000 -1000 -10 0.95365955
Car -1 -1 -10 87.605 6.671 437.901 221.194 -1 -1 -1 -1000 -1000 -1000 -10 0.00270928
Car -1 -1 -10 1.506 0.951 627.276 341.548 -1 -1 -1 -1000 -1000 -1000 -10 0.00395824
Car -1 -1 -10 181.869 48.080 310.548 174.789 -1 -1 -1 -1000 -1000 -1000 -10 0.00258529
Car -1 -1 -10 101.365 48.459 381.956 224.476 -1 -1 -1 -1000 -1000 -1000 -10 0.00140863
Car -1 -1 -10 0.000 800.003 454.445 1198.388 -1 -1 -1 -1000 -1000 -1000 -10 0.00475151
Car -1 -1 -10 124.269 13.490 443.537 379.046 -1 -1 -1 -1000 -1000 -1000 -10 0.00226442
Car -1 -1 -10 200.769 57.723 350.435 589.048 -1 -1 -1 -1000 -1000 -1000 -10 0.00406050
Car -1 -1 -10 64.788 10.726 500.030 251.038 -1 -1 -1 -1000 -1000 -1000 -10 0.00121282
Car -1 -1 -10 2.896 665.503 153.673 758.809 -1 -1 -1 -1000 -1000 -1000 -10 0.00229076
Car -1 -1 -10 211.140 37.196 362.662 142.229 -1 -1 -1 -1000 -1000 -1000 -10 0.00210927
Car -1 -1 -10 1580.069 574.975 1920.000 1200.000 -1 -1 -1 -1000 -1000 -1000 -10 0.00199465
Car -1 -1 -10 173.519 26.311 342.452 196.806 -1 -1 -1 -1000 -1000 -1000 -10 0.00200328
Car -1 -1 -10 247.490 48.649 375.405 172.572 -1 -1 -1 -1000 -1000 -1000 -10 0.00185967
Car -1 -1 -10 793.205 612.798 823.325 653.734 -1 -1 -1 -1000 -1000 -1000 -10 0.00176370
Car -1 -1 -10 186.984 97.022 317.764 225.751 -1 -1 -1 -1000 -1000 -1000 -10 0.00175833
Car -1 -1 -10 200.870 19.132 289.941 286.150 -1 -1 -1 -1000 -1000 -1000 -10 0.00094741
Car -1 -1 -10 842.797 618.777 878.445 675.727 -1 -1 -1 -1000 -1000 -1000 -10 0.00092818
Car -1 -1 -10 157.911 18.005 396.665 348.579 -1 -1 -1 -1000 -1000 -1000 -10 0.00089900
Car -1 -1 -10 135.631 61.331 355.661 208.640 -1 -1 -1 -1000 -1000 -1000 -10 0.00088148
Car -1 -1 -10 223.069 19.102 435.772 155.642 -1 -1 -1 -1000 -1000 -1000 -10 0.00085808
Car -1 -1 -10 1473.985 805.876 1920.000 1200.000 -1 -1 -1 -1000 -1000 -1000 -10 0.00082287
Car -1 -1 -10 159.523 51.936 456.455 842.681 -1 -1 -1 -1000 -1000 -1000 -10 0.00082204
Car -1 -1 -10 213.454 21.200 302.957 285.294 -1 -1 -1 -1000 -1000 -1000 -10 0.00079507
Car -1 -1 -10 226.474 20.267 337.228 306.986 -1 -1 -1 -1000 -1000 -1000 -10 0.00078582
Car -1 -1 -10 214.910 21.480 275.750 257.694 -1 -1 -1 -1000 -1000 -1000 -10 0.00077310
Car -1 -1 -10 638.284 678.080 876.193 1200.000 -1 -1 -1 -1000 -1000 -1000 -10 0.00076632
Car -1 -1 -10 201.255 8.070 433.465 211.376 -1 -1 -1 -1000 -1000 -1000 -10 0.00076554
Car -1 -1 -10 1463.679 630.453 1915.521 1010.553 -1 -1 -1 -1000 -1000 -1000 -10 0.00075181
Car -1 -1 -10 776.771 1158.128 814.520 1200.000 -1 -1 -1 -1000 -1000 -1000 -10 0.00075090
Car -1 -1 -10 218.283 60.405 373.411 164.390 -1 -1 -1 -1000 -1000 -1000 -10 0.00070837
Car -1 -1 -10 202.057 9.073 291.750 172.288 -1 -1 -1 -1000 -1000 -1000 -10 0.00070467
Car -1 -1 -10 759.070 1158.493 796.892 1200.000 -1 -1 -1 -1000 -1000 -1000 -10 0.00069831
Car -1 -1 -10 521.384 674.960 755.138 1197.054 -1 -1 -1 -1000 -1000 -1000 -10 0.00069416
Car -1 -1 -10 809.015 609.669 849.712 659.164 -1 -1 -1 -1000 -1000 -1000 -10 0.00068589
Car -1 -1 -10 162.657 85.169 379.267 235.682 -1 -1 -1 -1000 -1000 -1000 -10 0.00066755
Car -1 -1 -10 376.355 1043.847 817.174 1200.000 -1 -1 -1 -1000 -1000 -1000 -10 0.00065088
Car -1 -1 -10 1669.020 1011.031 1920.000 1200.000 -1 -1 -1 -1000 -1000 -1000 -10 0.00064950
Car -1 -1 -10 238.675 24.230 349.794 336.368 -1 -1 -1 -1000 -1000 -1000 -10 0.00064739
Car -1 -1 -10 0.000 936.234 323.435 1200.000 -1 -1 -1 -1000 -1000 -1000 -10 0.00062699
Car -1 -1 -10 188.582 32.235 485.565 947.712 -1 -1 -1 -1000 -1000 -1000 -10 0.00062652
