Car -1 -1 -10 694.502 538.341 895.687 726.536 -1 -1 -1 -1000 -1000 -1000 -10 0.99991783
Car -1 -1 -10 712.028 531.711 854.715 651.740 -1 -1 -1 -1000 -1000 -1000 -10 0.00604406
Car -1 -1 -10 0.000 799.899 453.856 1199.962 -1 -1 -1 -1000 -1000 -1000 -10 0.00382417
Car -1 -1 -10 0.000 588.279 502.268 1200.000 -1 -1 -1 -1000 -1000 -1000 -10 0.00154144
Car -1 -1 -10 700.735 533.185 823.762 652.627 -1 -1 -1 -1000 -1000 -1000 -10 0.00126359
Car -1 -1 -10 1576.835 559.175 1920.000 1200.000 -1 -1 -1 -1000 -1000 -1000 -10 0.00121087
Car -1 -1 -10 0.000 491.794 924.883 1192.983 -1 -1 -1 -1000 -1000 -1000 -10 0.00265872
Car -1 -1 -10 1440.985 304.417 1913.416 1200.000 -1 -1 -1 -1000 -1000 -1000 -10 0.00103479
Car -1 -1 -10 1477.912 428.572 1920.000 719.456 -1 -1 -1 -1000 -1000 -1000 -10 0.00255522
Car -1 -1 -10 1469.653 807.515 1920.000 1200.000 -1 -1 -1 -1000 -1000 -1000 -10 0.00281030
Car -1 -1 -10 1412.891 434.704 1904.419 1115.519 -1 -1 -1 -1000 -1000 -1000 -10 0.00177963
Car -1 -1 -10 723.389 578.465 916.674 1176.860 -1 -1 -1 -1000 -1000 -1000 -10 0.00230038
Car -1 -1 -10 0.000 1166.782 24.932 1200.000 -1 -1 -1 -1000 -1000 -1000 -10 0.00090738
Car -1 -1 -10 1566.627 467.878 1885.054 612.060 -1 -1 -1 -1000 -1000 -1000 -10 0.00084496
Car -1 -1 -10 520.068 606.769 700.304 1182.003 -1 -1 -1 -1000 -1000 -1000 -10 0.00149484
Car -1 -1 -10 0.000 461.022 578.230 852.149 -1 -1 -1 -1000 -1000 -1000 -10 0.00083975
Car -1 -1 -10 867.032 1157.919 905.466 1200.000 -1 -1 -1 -1000 -1000 -1000 -10 0.00083018
Car -1 -1 -10 651.962 1158.544 688.761 1200.000 -1 -1 -1 -1000 -1000 -1000 -10 0.00082443
Car -1 -1 -10 1232.781 436.730 1779.741 800.509 -1 -1 -1 -1000 -1000 -1000 -10 0.00081432
Car -1 -1 -10 1441.982 488.276 1750.519 635.730 -1 -1 -1 -1000 -1000 -1000 -10 0.00157777
Car -1 -1 -10 805.169 1158.006 843.219 1200.000 -1 -1 -1 -1000 -1000 -1000 -10 0.00078864
Car -1 -1 -10 1531.112 462.974 1848.892 1098.027 -1 -1 -1 -1000 -1000 -1000 -10 0.00151941
Car -1 -1 -10 0.127 236.007 442.015 608.190 -1 -1 -1 -1000 -1000 -1000 -10 0.00075656
Car -1 -1 -10 706.182 546.920 801.241 639.477 -1 -1 -1 -1000 -1000 -1000 -10 0.00075397
Car -1 -1 -10 0.000 803.528 329.532 1200.000 -1 -1 -1 -1000 -1000 -1000 -10 0.00070832
Car -1 -1 -10 1208.892 539.348 1884.171 1200.000 -1 -1 -1 -1000 -1000 -1000 -10 0.00070152
Car -1 -1 -10 0.000 441.781 477.806 1026.245 -1 -1 -1 -1000 -1000 -1000 -10 0.00067544
Car -1 -1 -10 787.236 1158.124 824.241 1200.000 -1 -1 -1 -1000 -1000 -1000 -10 0.00066512
Car -1 -1 -10 0.000 937.824 319.447 1200.000 -1 -1 -1 -1000 -1000 -1000 -10 0.00066338
Car -1 -1 -10 1582.161 434.300 1851.715 945.546 -1 -1 -1 -1000 -1000 -1000 -10 0.00066181
Car -1 -1 -10 765.885 536.658 883.306 650.620 -1 -1 -1 -1000 -1000 -1000 -10 0.00066171
Car -1 -1 -10 1614.931 939.392 1920.000 1200.000 -1 -1 -1 -1000 -1000 -1000 -10 0.00065904
Car -1 -1 -10 1403.118 348.487 1905.092 758.873 -1 -1 -1 -1000 -1000 -1000 -10 0.00065436
Car -1 -1 -10 1361.597 419.348 1898.023 888.172 -1 -1 -1 -1000 -1000 -1000 -10 0.00062152
Car -1 -1 -10 1307.841 457.071 1708.714 885.045 -1 -1 -1 -1000 -1000 -1000 -10 0.00060219
Car -1 -1 -10 0.000 882.297 269.911 1200.000 -1 -1 -1 -1000 -1000 -1000 -10 0.00058009
