Car -1 -1 -10 194.440 568.886 503.635 731.924 -1 -1 -1 -1000 -1000 -1000 -10 0.99544741
Car -1 -1 -10 21.554 619.051 178.926 701.748 -1 -1 -1 -1000 -1000 -1000 -10 0.39543159
Car -1 -1 -10 42.768 617.023 209.017 703.924 -1 -1 -1 -1000 -1000 -1000 -10 0.16249666
Car -1 -1 -10 1461.050 549.745 1846.987 742.587 -1 -1 -1 -1000 -1000 -1000 -10 0.16350437
Car -1 -1 -10 997.416 605.760 1048.188 655.602 -1 -1 -1 -1000 -1000 -1000 -10 0.09223580
Car -1 -1 -10 999.871 603.567 1062.572 655.898 -1 -1 -1 -1000 -1000 -1000 -10 0.07248116
Car -1 -1 -10 1579.194 512.996 1910.929 938.664 -1 -1 -1 -1000 -1000 -1000 -10 0.05700104
Car -1 -1 -10 548.935 504.122 1855.518 1179.396 -1 -1 -1 -1000 -1000 -1000 -10 0.02529544
Car -1 -1 -10 1016.210 547.616 1542.442 779.536 -1 -1 -1 -1000 -1000 -1000 -10 0.03091939
Car -1 -1 -10 140.624 570.385 374.154 711.646 -1 -1 -1 -1000 -1000 -1000 -10 0.02199432
Car -1 -1 -10 931.341 549.021 1705.378 940.879 -1 -1 -1 -1000 -1000 -1000 -10 0.01786050
Car -1 -1 -10 1064.939 563.901 1460.139 762.332 -1 -1 -1 -1000 -1000 -1000 -10 0.00730961
Car -1 -1 -10 1679.078 569.972 1847.381 657.549 -1 -1 -1 -1000 -1000 -1000 -10 0.00727730
