Car -1 -1 -10 0.000 798.322 460.716 1197.192 -1 -1 -1 -1000 -1000 -1000 -10 0.00862340
Car -1 -1 -10 19.045 503.682 1170.651 1196.094 -1 -1 -1 -1000 -1000 -1000 -10 0.00564761
Car -1 -1 -10 15.395 680.849 263.327 1200.000 -1 -1 -1 -1000 -1000 -1000 -10 0.00260100
Car -1 -1 -10 10.643 232.114 305.198 1191.198 -1 -1 -1 -1000 -1000 -1000 -10 0.00363959
Car -1 -1 -10 11.736 593.773 636.171 1183.608 -1 -1 -1 -1000 -1000 -1000 -10 0.00373042
Car -1 -1 -10 54.897 525.752 206.480 1195.501 -1 -1 -1 -1000 -1000 -1000 -10 0.00144618
Car -1 -1 -10 530.564 763.346 1130.665 1198.320 -1 -1 -1 -1000 -1000 -1000 -10 0.00135132
Car -1 -1 -10 3.110 1061.344 334.461 1200.000 -1 -1 -1 -1000 -1000 -1000 -10 0.00127084
Car -1 -1 -10 0.000 506.389 858.722 1188.389 -1 -1 -1 -1000 -1000 -1000 -10 0.00121833
Car -1 -1 -10 706.803 640.647 900.852 1191.983 -1 -1 -1 -1000 -1000 -1000 -10 0.00121588
Car -1 -1 -10 1471.991 544.359 1920.000 904.519 -1 -1 -1 -1000 -1000 -1000 -10 0.00166036
Car -1 -1 -10 72.764 819.738 236.765 1200.000 -1 -1 -1 -1000 -1000 -1000 -10 0.00110511
Car -1 -1 -10 16.750 984.993 429.174 1200.000 -1 -1 -1 -1000 -1000 -1000 -10 0.00109882
Car -1 -1 -10 37.783 1157.791 74.874 1200.000 -1 -1 -1 -1000 -1000 -1000 -10 0.00138009
Car -1 -1 -10 0.000 940.853 318.758 1200.000 -1 -1 -1 -1000 -1000 -1000 -10 0.00073782
Car -1 -1 -10 763.105 1159.311 800.110 1200.000 -1 -1 -1 -1000 -1000 -1000 -10 0.00071907
Car -1 -1 -10 634.566 627.098 827.173 1190.403 -1 -1 -1 -1000 -1000 -1000 -10 0.00071703
Car -1 -1 -10 502.034 796.347 1022.872 1198.314 -1 -1 -1 -1000 -1000 -1000 -10 0.00071190
Car -1 -1 -10 2.174 961.871 209.695 1200.000 -1 -1 -1 -1000 -1000 -1000 -10 0.00067922
Car -1 -1 -10 16.257 1127.564 83.970 1200.000 -1 -1 -1 -1000 -1000 -1000 -10 0.00066133
Car -1 -1 -10 726.950 576.585 884.587 1192.148 -1 -1 -1 -1000 -1000 -1000 -10 0.00109990
Car -1 -1 -10 572.730 634.287 748.813 1188.631 -1 -1 -1 -1000 -1000 -1000 -10 0.00060097
Car -1 -1 -10 0.000 1166.676 25.111 1200.000 -1 -1 -1 -1000 -1000 -1000 -10 0.00058897
Car -1 -1 -10 67.259 736.866 193.359 1200.000 -1 -1 -1 -1000 -1000 -1000 -10 0.00058438
Car -1 -1 -10 206.423 519.205 1288.658 1198.942 -1 -1 -1 -1000 -1000 -1000 -10 0.00057388
Car -1 -1 -10 543.802 568.384 943.423 1185.532 -1 -1 -1 -1000 -1000 -1000 -10 0.00053510
Car -1 -1 -10 655.644 573.778 811.233 1195.118 -1 -1 -1 -1000 -1000 -1000 -10 0.00052935
Car -1 -1 -10 0.000 1068.938 195.250 1200.000 -1 -1 -1 -1000 -1000 -1000 -10 0.00052212
Car -1 -1 -10 15.510 603.113 557.374 1108.873 -1 -1 -1 -1000 -1000 -1000 -10 0.00052155
Car -1 -1 -10 26.926 1088.597 85.616 1200.000 -1 -1 -1 -1000 -1000 -1000 -10 0.00052115
Car -1 -1 -10 1474.549 804.596 1920.000 1200.000 -1 -1 -1 -1000 -1000 -1000 -10 0.00050424
Car -1 -1 -10 186.054 254.711 485.607 1196.614 -1 -1 -1 -1000 -1000 -1000 -10 0.00049225
Car -1 -1 -10 116.020 738.625 241.398 1200.000 -1 -1 -1 -1000 -1000 -1000 -10 0.00044315
