Car -1 -1 -10 163.775 483.295 1364.302 1195.825 -1 -1 -1 -1000 -1000 -1000 -10 0.00788268
Car -1 -1 -10 0.000 797.963 462.287 1199.778 -1 -1 -1 -1000 -1000 -1000 -10 0.00639174
Car -1 -1 -10 1203.496 377.981 1834.104 754.072 -1 -1 -1 -1000 -1000 -1000 -10 0.00413098
Car -1 -1 -10 1446.861 337.447 1920.000 705.453 -1 -1 -1 -1000 -1000 -1000 -10 0.00151805
Car -1 -1 -10 0.000 817.484 207.688 1192.380 -1 -1 -1 -1000 -1000 -1000 -10 0.00284144
Car -1 -1 -10 1166.048 233.476 1752.490 603.015 -1 -1 -1 -1000 -1000 -1000 -10 0.00207558
Car -1 -1 -10 1320.854 447.445 1920.000 849.088 -1 -1 -1 -1000 -1000 -1000 -10 0.00124319
Car -1 -1 -10 1400.531 269.138 1920.000 654.022 -1 -1 -1 -1000 -1000 -1000 -10 0.00216079
Car -1 -1 -10 578.705 501.900 999.004 945.378 -1 -1 -1 -1000 -1000 -1000 -10 0.00217355
Car -1 -1 -10 1272.364 466.336 1699.835 691.771 -1 -1 -1 -1000 -1000 -1000 -10 0.00118967
Car -1 -1 -10 1.181 1156.575 35.200 1200.000 -1 -1 -1 -1000 -1000 -1000 -10 0.00110703
Car -1 -1 -10 1243.089 429.836 1534.332 587.535 -1 -1 -1 -1000 -1000 -1000 -10 0.00110413
Car -1 -1 -10 665.936 96.236 969.777 1162.601 -1 -1 -1 -1000 -1000 -1000 -10 0.00215999
Car -1 -1 -10 1258.280 464.723 1418.961 562.270 -1 -1 -1 -1000 -1000 -1000 -10 0.00182611
Car -1 -1 -10 2.202 954.494 331.326 1200.000 -1 -1 -1 -1000 -1000 -1000 -10 0.00308058
Car -1 -1 -10 1312.131 323.916 1915.033 782.162 -1 -1 -1 -1000 -1000 -1000 -10 0.00102697
Car -1 -1 -10 1218.406 408.447 1509.987 567.926 -1 -1 -1 -1000 -1000 -1000 -10 0.00100939
Car -1 -1 -10 1546.182 280.585 1914.444 577.289 -1 -1 -1 -1000 -1000 -1000 -10 0.00099421
Car -1 -1 -10 1559.268 366.933 1915.360 786.417 -1 -1 -1 -1000 -1000 -1000 -10 0.00097343
Car -1 -1 -10 3.514 958.929 212.045 1200.000 -1 -1 -1 -1000 -1000 -1000 -10 0.00096560
Car -1 -1 -10 695.556 426.548 863.485 1057.686 -1 -1 -1 -1000 -1000 -1000 -10 0.00094697
Car -1 -1 -10 0.000 1166.390 25.579 1200.000 -1 -1 -1 -1000 -1000 -1000 -10 0.00093803
Car -1 -1 -10 1671.998 528.502 1776.894 639.763 -1 -1 -1 -1000 -1000 -1000 -10 0.00089701
Car -1 -1 -10 1512.057 423.655 1920.000 733.111 -1 -1 -1 -1000 -1000 -1000 -10 0.00166046
Car -1 -1 -10 1580.124 481.541 1871.887 642.994 -1 -1 -1 -1000 -1000 -1000 -10 0.00078806
Car -1 -1 -10 1433.383 529.550 1887.444 821.089 -1 -1 -1 -1000 -1000 -1000 -10 0.00078503
Car -1 -1 -10 567.143 107.099 871.867 1171.087 -1 -1 -1 -1000 -1000 -1000 -10 0.00076821
Car -1 -1 -10 0.000 1066.460 198.217 1200.000 -1 -1 -1 -1000 -1000 -1000 -10 0.00075717
Car -1 -1 -10 354.406 600.340 1054.407 1105.274 -1 -1 -1 -1000 -1000 -1000 -10 0.00075256
Car -1 -1 -10 148.525 818.023 309.715 1200.000 -1 -1 -1 -1000 -1000 -1000 -10 0.00074962
Car -1 -1 -10 1442.392 433.894 1920.000 1022.253 -1 -1 -1 -1000 -1000 -1000 -10 0.00074513
Car -1 -1 -10 1258.605 454.216 1557.940 616.418 -1 -1 -1 -1000 -1000 -1000 -10 0.00073784
Car -1 -1 -10 1196.599 424.759 1735.934 741.194 -1 -1 -1 -1000 -1000 -1000 -10 0.00073189
