Car -1 -1 -10 7.108 572.158 185.525 757.690 -1 -1 -1 -1000 -1000 -1000 -10 0.04483503
Car -1 -1 -10 0.000 488.731 265.950 795.261 -1 -1 -1 -1000 -1000 -1000 -10 0.01082431
Car -1 -1 -10 0.821 594.861 110.415 735.146 -1 -1 -1 -1000 -1000 -1000 -10 0.01381957
Car -1 -1 -10 0.000 586.607 392.044 1129.749 -1 -1 -1 -1000 -1000 -1000 -10 0.00611539
Car -1 -1 -10 18.914 495.395 112.298 813.766 -1 -1 -1 -1000 -1000 -1000 -10 0.00545887
Car -1 -1 -10 14.500 554.299 141.180 685.721 -1 -1 -1 -1000 -1000 -1000 -10 0.00460567
Car -1 -1 -10 43.004 596.454 177.390 729.855 -1 -1 -1 -1000 -1000 -1000 -10 0.00510207
Car -1 -1 -10 0.000 558.171 124.065 675.931 -1 -1 -1 -1000 -1000 -1000 -10 0.00429922
Car -1 -1 -10 3.284 686.635 274.714 1195.354 -1 -1 -1 -1000 -1000 -1000 -10 0.00380778
Car -1 -1 -10 19.270 384.560 88.573 809.433 -1 -1 -1 -1000 -1000 -1000 -10 0.00191579
Car -1 -1 -10 0.000 558.751 78.078 663.133 -1 -1 -1 -1000 -1000 -1000 -10 0.00171026
