Car -1 -1 -10 1.607 588.801 166.288 770.213 -1 -1 -1 -1000 -1000 -1000 -10 0.99996191
Car -1 -1 -10 1002.206 585.728 1198.818 720.503 -1 -1 -1 -1000 -1000 -1000 -10 0.99992380
Car -1 -1 -10 305.488 616.482 441.501 702.005 -1 -1 -1 -1000 -1000 -1000 -10 0.62740362
Car -1 -1 -10 398.774 620.095 474.633 691.148 -1 -1 -1 -1000 -1000 -1000 -10 0.07254022
Car -1 -1 -10 457.710 614.814 529.743 678.314 -1 -1 -1 -1000 -1000 -1000 -10 0.04416646
Car -1 -1 -10 921.759 604.236 977.942 663.128 -1 -1 -1 -1000 -1000 -1000 -10 0.03852307
Car -1 -1 -10 467.103 626.106 528.245 684.558 -1 -1 -1 -1000 -1000 -1000 -10 0.02894969
Car -1 -1 -10 956.184 587.382 1099.667 691.562 -1 -1 -1 -1000 -1000 -1000 -10 0.01503500
Car -1 -1 -10 711.524 602.112 798.503 659.183 -1 -1 -1 -1000 -1000 -1000 -10 0.01555564
Car -1 -1 -10 922.444 600.325 992.761 665.706 -1 -1 -1 -1000 -1000 -1000 -10 0.00697831
Car -1 -1 -10 927.272 589.268 1009.974 675.116 -1 -1 -1 -1000 -1000 -1000 -10 0.01537000
Car -1 -1 -10 764.722 609.042 820.052 657.209 -1 -1 -1 -1000 -1000 -1000 -10 0.00382783
