Car -1 -1 -10 992.927 594.223 1058.915 642.974 -1 -1 -1 -1000 -1000 -1000 -10 0.78648530
Car -1 -1 -10 0.000 791.576 463.323 1196.646 -1 -1 -1 -1000 -1000 -1000 -10 0.00815776
Car -1 -1 -10 0.000 587.976 508.068 1200.000 -1 -1 -1 -1000 -1000 -1000 -10 0.00297354
Car -1 -1 -10 0.000 525.232 852.784 1196.481 -1 -1 -1 -1000 -1000 -1000 -10 0.00785681
Car -1 -1 -10 392.600 602.423 552.788 680.835 -1 -1 -1 -1000 -1000 -1000 -10 0.00373749
Car -1 -1 -10 571.536 574.793 731.255 652.970 -1 -1 -1 -1000 -1000 -1000 -10 0.00357158
Car -1 -1 -10 0.000 920.222 231.322 1200.000 -1 -1 -1 -1000 -1000 -1000 -10 0.00183060
Car -1 -1 -10 0.000 784.813 353.529 1200.000 -1 -1 -1 -1000 -1000 -1000 -10 0.00167258
Car -1 -1 -10 450.491 597.300 618.141 676.428 -1 -1 -1 -1000 -1000 -1000 -10 0.00259476
Car -1 -1 -10 1659.127 569.931 1812.627 655.973 -1 -1 -1 -1000 -1000 -1000 -10 0.00283641
Car -1 -1 -10 0.000 934.534 324.550 1200.000 -1 -1 -1 -1000 -1000 -1000 -10 0.00307928
Car -1 -1 -10 1128.698 578.300 1180.720 635.822 -1 -1 -1 -1000 -1000 -1000 -10 0.00150655
Car -1 -1 -10 356.976 645.090 529.297 1189.771 -1 -1 -1 -1000 -1000 -1000 -10 0.00145524
Car -1 -1 -10 0.000 636.645 586.992 1094.163 -1 -1 -1 -1000 -1000 -1000 -10 0.00145487
Car -1 -1 -10 444.317 633.305 507.923 682.509 -1 -1 -1 -1000 -1000 -1000 -10 0.00138858
Car -1 -1 -10 981.166 564.679 1074.195 635.954 -1 -1 -1 -1000 -1000 -1000 -10 0.00132070
Car -1 -1 -10 1587.327 564.418 1918.089 907.724 -1 -1 -1 -1000 -1000 -1000 -10 0.00222056
Car -1 -1 -10 258.015 1064.667 656.366 1200.000 -1 -1 -1 -1000 -1000 -1000 -10 0.00327718
Car -1 -1 -10 344.293 682.384 587.857 1198.615 -1 -1 -1 -1000 -1000 -1000 -10 0.00218964
Car -1 -1 -10 0.000 950.488 91.066 1122.230 -1 -1 -1 -1000 -1000 -1000 -10 0.00119537
Car -1 -1 -10 436.261 627.399 522.653 684.770 -1 -1 -1 -1000 -1000 -1000 -10 0.00118290
Car -1 -1 -10 344.200 1106.559 594.117 1200.000 -1 -1 -1 -1000 -1000 -1000 -10 0.00221261
Car -1 -1 -10 46.445 622.024 210.360 1195.296 -1 -1 -1 -1000 -1000 -1000 -10 0.00116373
Car -1 -1 -10 80.478 758.207 736.717 1200.000 -1 -1 -1 -1000 -1000 -1000 -10 0.00114898
Car -1 -1 -10 0.000 1005.998 260.779 1200.000 -1 -1 -1 -1000 -1000 -1000 -10 0.00112920
Car -1 -1 -10 1741.545 635.911 1920.000 793.477 -1 -1 -1 -1000 -1000 -1000 -10 0.00200033
Car -1 -1 -10 0.000 1039.247 223.156 1200.000 -1 -1 -1 -1000 -1000 -1000 -10 0.00100638
Car -1 -1 -10 456.615 1157.962 495.465 1200.000 -1 -1 -1 -1000 -1000 -1000 -10 0.00097782
Car -1 -1 -10 16.360 585.532 330.930 1190.764 -1 -1 -1 -1000 -1000 -1000 -10 0.00097177
Car -1 -1 -10 0.000 1156.522 31.151 1200.000 -1 -1 -1 -1000 -1000 -1000 -10 0.00093860
Car -1 -1 -10 242.035 678.443 462.750 1185.747 -1 -1 -1 -1000 -1000 -1000 -10 0.00093449
Car -1 -1 -10 1067.344 573.893 1221.129 654.973 -1 -1 -1 -1000 -1000 -1000 -10 0.00092396
Car -1 -1 -10 1810.267 662.152 1919.969 765.417 -1 -1 -1 -1000 -1000 -1000 -10 0.00091159
Car -1 -1 -10 618.198 584.436 696.162 651.860 -1 -1 -1 -1000 -1000 -1000 -10 0.00088347
Car -1 -1 -10 1491.941 574.666 1920.000 1137.161 -1 -1 -1 -1000 -1000 -1000 -10 0.00086494
Car -1 -1 -10 272.778 586.911 425.344 1200.000 -1 -1 -1 -1000 -1000 -1000 -10 0.00084456
