Car -1 -1 -10 230.553 514.048 1294.441 1183.695 -1 -1 -1 -1000 -1000 -1000 -10 0.01245810
Car -1 -1 -10 796.086 540.298 1920.000 1200.000 -1 -1 -1 -1000 -1000 -1000 -10 0.00792080
Car -1 -1 -10 293.799 654.288 675.265 1189.449 -1 -1 -1 -1000 -1000 -1000 -10 0.00376192
Car -1 -1 -10 560.034 565.495 588.998 608.231 -1 -1 -1 -1000 -1000 -1000 -10 0.00236369
Car -1 -1 -10 0.000 578.241 477.114 1188.133 -1 -1 -1 -1000 -1000 -1000 -10 0.00360710
Car -1 -1 -10 344.816 739.701 973.814 1177.095 -1 -1 -1 -1000 -1000 -1000 -10 0.00493168
Car -1 -1 -10 60.241 780.327 593.684 1193.380 -1 -1 -1 -1000 -1000 -1000 -10 0.00586796
Car -1 -1 -10 13.905 631.503 245.563 1184.593 -1 -1 -1 -1000 -1000 -1000 -10 0.00403819
Car -1 -1 -10 238.709 645.341 435.920 1188.894 -1 -1 -1 -1000 -1000 -1000 -10 0.00289526
Car -1 -1 -10 786.486 799.447 1386.756 1193.490 -1 -1 -1 -1000 -1000 -1000 -10 0.00138354
Car -1 -1 -10 964.287 1083.583 1283.434 1200.000 -1 -1 -1 -1000 -1000 -1000 -10 0.00384427
Car -1 -1 -10 410.688 586.432 567.415 1192.479 -1 -1 -1 -1000 -1000 -1000 -10 0.00133916
Car -1 -1 -10 493.947 387.047 808.272 1200.000 -1 -1 -1 -1000 -1000 -1000 -10 0.00132871
Car -1 -1 -10 994.817 875.788 1280.822 1200.000 -1 -1 -1 -1000 -1000 -1000 -10 0.00120606
Car -1 -1 -10 1000.027 780.063 1833.112 1193.699 -1 -1 -1 -1000 -1000 -1000 -10 0.00210977
Car -1 -1 -10 864.099 934.182 1482.167 1200.000 -1 -1 -1 -1000 -1000 -1000 -10 0.00113196
Car -1 -1 -10 1015.825 710.945 1260.917 1200.000 -1 -1 -1 -1000 -1000 -1000 -10 0.00108474
Car -1 -1 -10 868.613 637.937 1380.413 1200.000 -1 -1 -1 -1000 -1000 -1000 -10 0.00107842
Car -1 -1 -10 538.974 636.576 734.116 1188.011 -1 -1 -1 -1000 -1000 -1000 -10 0.00105709
Car -1 -1 -10 504.383 704.618 1175.529 1164.380 -1 -1 -1 -1000 -1000 -1000 -10 0.00104274
Car -1 -1 -10 818.085 1033.621 1253.185 1200.000 -1 -1 -1 -1000 -1000 -1000 -10 0.00102936
Car -1 -1 -10 318.980 580.551 476.140 1187.808 -1 -1 -1 -1000 -1000 -1000 -10 0.00098695
Car -1 -1 -10 247.329 584.989 403.124 1191.611 -1 -1 -1 -1000 -1000 -1000 -10 0.00094344
Car -1 -1 -10 1100.671 1104.780 1350.047 1200.000 -1 -1 -1 -1000 -1000 -1000 -10 0.00092880
Car -1 -1 -10 634.776 576.486 1038.337 1181.171 -1 -1 -1 -1000 -1000 -1000 -10 0.00092819
Car -1 -1 -10 1027.604 753.300 1154.207 1200.000 -1 -1 -1 -1000 -1000 -1000 -10 0.00090739
Car -1 -1 -10 1050.991 662.014 1227.926 1195.219 -1 -1 -1 -1000 -1000 -1000 -10 0.00086923
Car -1 -1 -10 7.604 700.987 313.674 1190.358 -1 -1 -1 -1000 -1000 -1000 -10 0.00086738
