Car -1 -1 -10 1407.608 556.758 1717.611 769.980 -1 -1 -1 -1000 -1000 -1000 -10 0.99998674
Car -1 -1 -10 1170.882 550.363 1279.202 649.049 -1 -1 -1 -1000 -1000 -1000 -10 0.99896577
Car -1 -1 -10 628.072 559.856 726.907 638.656 -1 -1 -1 -1000 -1000 -1000 -10 0.99289009
Car -1 -1 -10 1125.877 557.206 1193.693 633.107 -1 -1 -1 -1000 -1000 -1000 -10 0.79538350
Car -1 -1 -10 0.000 628.093 483.944 1194.330 -1 -1 -1 -1000 -1000 -1000 -10 0.02538157
Car -1 -1 -10 1156.320 554.211 1233.738 634.509 -1 -1 -1 -1000 -1000 -1000 -10 0.01226905
Car -1 -1 -10 381.304 765.270 1367.250 1199.420 -1 -1 -1 -1000 -1000 -1000 -10 0.00576745
Car -1 -1 -10 602.203 798.106 1310.798 1200.000 -1 -1 -1 -1000 -1000 -1000 -10 0.00879560
Car -1 -1 -10 839.396 835.396 1198.644 1195.521 -1 -1 -1 -1000 -1000 -1000 -10 0.00873225
Car -1 -1 -10 234.450 507.157 1435.527 1200.000 -1 -1 -1 -1000 -1000 -1000 -10 0.00388939
