Car -1 -1 -10 346.796 374.669 1001.277 1109.609 -1 -1 -1 -1000 -1000 -1000 -10 0.08887862
Car -1 -1 -10 139.600 377.645 1163.190 1084.295 -1 -1 -1 -1000 -1000 -1000 -10 0.04286502
Car -1 -1 -10 0.000 456.813 1104.502 1178.054 -1 -1 -1 -1000 -1000 -1000 -10 0.00872085
Car -1 -1 -10 684.445 14.535 1895.627 1116.124 -1 -1 -1 -1000 -1000 -1000 -10 0.01224625
Car -1 -1 -10 1247.881 454.605 1830.080 851.167 -1 -1 -1 -1000 -1000 -1000 -10 0.01653795
Car -1 -1 -10 0.000 545.970 872.024 1197.883 -1 -1 -1 -1000 -1000 -1000 -10 0.01549608
Car -1 -1 -10 533.736 412.116 958.623 886.575 -1 -1 -1 -1000 -1000 -1000 -10 0.00953883
Car -1 -1 -10 424.761 519.582 1004.325 1114.538 -1 -1 -1 -1000 -1000 -1000 -10 0.00848199
Car -1 -1 -10 491.015 702.667 1020.223 1042.759 -1 -1 -1 -1000 -1000 -1000 -10 0.00904262
Car -1 -1 -10 470.427 64.001 777.868 1162.577 -1 -1 -1 -1000 -1000 -1000 -10 0.00894996
Car -1 -1 -10 0.000 645.887 683.958 1188.532 -1 -1 -1 -1000 -1000 -1000 -10 0.00322095
Car -1 -1 -10 601.337 152.223 894.117 1172.808 -1 -1 -1 -1000 -1000 -1000 -10 0.01114659
Car -1 -1 -10 676.478 449.773 980.755 1049.032 -1 -1 -1 -1000 -1000 -1000 -10 0.00489374
Car -1 -1 -10 473.128 783.588 955.925 1065.199 -1 -1 -1 -1000 -1000 -1000 -10 0.00461379
Car -1 -1 -10 28.050 787.461 637.889 1186.546 -1 -1 -1 -1000 -1000 -1000 -10 0.00233656
Car -1 -1 -10 516.382 650.595 962.754 901.928 -1 -1 -1 -1000 -1000 -1000 -10 0.00222797
Car -1 -1 -10 199.307 565.993 466.119 851.884 -1 -1 -1 -1000 -1000 -1000 -10 0.00218833
Car -1 -1 -10 564.603 487.933 906.980 841.252 -1 -1 -1 -1000 -1000 -1000 -10 0.00218833
Car -1 -1 -10 1518.152 224.018 1894.732 932.560 -1 -1 -1 -1000 -1000 -1000 -10 0.00216791
Car -1 -1 -10 1229.144 465.941 1636.222 702.934 -1 -1 -1 -1000 -1000 -1000 -10 0.00209674
Car -1 -1 -10 610.850 615.806 803.071 1181.590 -1 -1 -1 -1000 -1000 -1000 -10 0.00200029
Car -1 -1 -10 18.473 710.548 561.380 1198.678 -1 -1 -1 -1000 -1000 -1000 -10 0.00195243
