Car -1 -1 -10 652.899 615.502 728.392 671.776 -1 -1 -1 -1000 -1000 -1000 -10 0.43599070
Car -1 -1 -10 422.240 625.722 477.657 669.608 -1 -1 -1 -1000 -1000 -1000 -10 0.25084908
Car -1 -1 -10 833.170 511.636 1920.000 1199.646 -1 -1 -1 -1000 -1000 -1000 -10 0.01308585
Car -1 -1 -10 0.000 797.129 458.870 1199.664 -1 -1 -1 -1000 -1000 -1000 -10 0.01040491
Car -1 -1 -10 0.000 817.222 192.491 1197.708 -1 -1 -1 -1000 -1000 -1000 -10 0.00639367
Car -1 -1 -10 0.000 929.284 232.567 1200.000 -1 -1 -1 -1000 -1000 -1000 -10 0.00208146
Car -1 -1 -10 0.000 1028.912 232.202 1200.000 -1 -1 -1 -1000 -1000 -1000 -10 0.00368867
Car -1 -1 -10 0.000 960.356 304.530 1200.000 -1 -1 -1 -1000 -1000 -1000 -10 0.00356013
Car -1 -1 -10 1487.352 445.617 1908.702 1194.049 -1 -1 -1 -1000 -1000 -1000 -10 0.00193088
Car -1 -1 -10 1504.783 841.915 1669.164 933.755 -1 -1 -1 -1000 -1000 -1000 -10 0.00335231
Car -1 -1 -10 7.005 1104.610 178.665 1200.000 -1 -1 -1 -1000 -1000 -1000 -10 0.00340248
Car -1 -1 -10 1123.508 647.945 1753.483 1031.103 -1 -1 -1 -1000 -1000 -1000 -10 0.00303476
Car -1 -1 -10 23.015 727.915 239.318 1194.770 -1 -1 -1 -1000 -1000 -1000 -10 0.00164284
Car -1 -1 -10 1032.587 782.810 1890.402 1198.011 -1 -1 -1 -1000 -1000 -1000 -10 0.00283307
Car -1 -1 -10 1241.970 770.207 1687.371 988.660 -1 -1 -1 -1000 -1000 -1000 -10 0.00308885
Car -1 -1 -10 1290.020 746.120 1914.746 1167.529 -1 -1 -1 -1000 -1000 -1000 -10 0.00295141
Car -1 -1 -10 11.233 1101.825 226.575 1200.000 -1 -1 -1 -1000 -1000 -1000 -10 0.00157545
Car -1 -1 -10 1271.588 520.368 1621.413 1140.466 -1 -1 -1 -1000 -1000 -1000 -10 0.00155940
Car -1 -1 -10 1144.546 477.905 1711.093 864.375 -1 -1 -1 -1000 -1000 -1000 -10 0.00154710
Car -1 -1 -10 1431.572 813.581 1732.539 960.040 -1 -1 -1 -1000 -1000 -1000 -10 0.00154572
Car -1 -1 -10 5.421 1056.309 306.680 1200.000 -1 -1 -1 -1000 -1000 -1000 -10 0.00152693
Car -1 -1 -10 1457.823 815.492 1920.000 1200.000 -1 -1 -1 -1000 -1000 -1000 -10 0.00151607
Car -1 -1 -10 1332.546 638.360 1920.000 1061.973 -1 -1 -1 -1000 -1000 -1000 -10 0.00150747
Car -1 -1 -10 1444.001 818.213 1609.195 911.576 -1 -1 -1 -1000 -1000 -1000 -10 0.00148685
Car -1 -1 -10 47.191 634.295 213.847 1196.891 -1 -1 -1 -1000 -1000 -1000 -10 0.00266824
Car -1 -1 -10 1442.031 571.937 1920.000 1118.242 -1 -1 -1 -1000 -1000 -1000 -10 0.00134922
Car -1 -1 -10 1075.235 530.490 1767.362 971.923 -1 -1 -1 -1000 -1000 -1000 -10 0.00130649
Car -1 -1 -10 67.611 577.560 195.696 1200.000 -1 -1 -1 -1000 -1000 -1000 -10 0.00126042
Car -1 -1 -10 65.206 1013.728 162.428 1200.000 -1 -1 -1 -1000 -1000 -1000 -10 0.00121452
