Car -1 -1 -10 607.249 556.401 654.119 607.971 -1 -1 -1 -1000 -1000 -1000 -10 0.01552866
Car -1 -1 -10 0.000 520.469 1025.272 1200.000 -1 -1 -1 -1000 -1000 -1000 -10 0.01652725
Car -1 -1 -10 14.503 783.191 833.638 1194.724 -1 -1 -1 -1000 -1000 -1000 -10 0.00941648
Car -1 -1 -10 0.000 619.169 480.832 1200.000 -1 -1 -1 -1000 -1000 -1000 -10 0.00741463
Car -1 -1 -10 0.000 806.328 581.688 1200.000 -1 -1 -1 -1000 -1000 -1000 -10 0.00393427
Car -1 -1 -10 163.874 572.049 296.640 1199.167 -1 -1 -1 -1000 -1000 -1000 -10 0.00305750
Car -1 -1 -10 78.332 754.496 419.300 1086.396 -1 -1 -1 -1000 -1000 -1000 -10 0.00250067
Car -1 -1 -10 277.291 789.985 1127.715 1196.972 -1 -1 -1 -1000 -1000 -1000 -10 0.00248546
Car -1 -1 -10 174.365 720.483 861.304 1200.000 -1 -1 -1 -1000 -1000 -1000 -10 0.00241025
Car -1 -1 -10 28.056 456.150 229.321 1186.171 -1 -1 -1 -1000 -1000 -1000 -10 0.00231476
Car -1 -1 -10 218.693 752.951 571.561 1083.434 -1 -1 -1 -1000 -1000 -1000 -10 0.00213395
Car -1 -1 -10 746.856 787.394 1412.227 1200.000 -1 -1 -1 -1000 -1000 -1000 -10 0.00377158
Car -1 -1 -10 107.799 159.122 409.657 1185.964 -1 -1 -1 -1000 -1000 -1000 -10 0.00420321
Car -1 -1 -10 234.250 563.659 367.544 1195.985 -1 -1 -1 -1000 -1000 -1000 -10 0.00211227
Car -1 -1 -10 305.874 554.132 438.166 1197.490 -1 -1 -1 -1000 -1000 -1000 -10 0.00375165
Car -1 -1 -10 281.028 246.407 583.205 1200.000 -1 -1 -1 -1000 -1000 -1000 -10 0.00207941
Car -1 -1 -10 51.750 731.595 453.848 1115.446 -1 -1 -1 -1000 -1000 -1000 -10 0.00203215
Car -1 -1 -10 337.866 801.668 772.915 1046.220 -1 -1 -1 -1000 -1000 -1000 -10 0.00362324
Car -1 -1 -10 172.814 799.275 610.880 1047.835 -1 -1 -1 -1000 -1000 -1000 -10 0.00553845
Car -1 -1 -10 184.559 566.771 315.802 1193.589 -1 -1 -1 -1000 -1000 -1000 -10 0.00185019
Car -1 -1 -10 186.609 249.598 486.251 1200.000 -1 -1 -1 -1000 -1000 -1000 -10 0.00184716
Car -1 -1 -10 127.902 614.301 279.577 1200.000 -1 -1 -1 -1000 -1000 -1000 -10 0.00336492
Car -1 -1 -10 5.318 783.429 303.225 1194.648 -1 -1 -1 -1000 -1000 -1000 -10 0.00178926
Car -1 -1 -10 357.597 727.191 1235.529 1200.000 -1 -1 -1 -1000 -1000 -1000 -10 0.00169758
Car -1 -1 -10 496.633 563.404 628.282 1192.965 -1 -1 -1 -1000 -1000 -1000 -10 0.00169612
Car -1 -1 -10 378.287 253.990 678.735 1200.000 -1 -1 -1 -1000 -1000 -1000 -10 0.00165085
Car -1 -1 -10 2.895 911.179 570.511 1200.000 -1 -1 -1 -1000 -1000 -1000 -10 0.00322554
Car -1 -1 -10 1025.689 1110.712 1141.587 1200.000 -1 -1 -1 -1000 -1000 -1000 -10 0.00163164
Car -1 -1 -10 0.000 858.277 420.840 1098.219 -1 -1 -1 -1000 -1000 -1000 -10 0.00160792
Car -1 -1 -10 59.787 241.095 361.959 1200.000 -1 -1 -1 -1000 -1000 -1000 -10 0.00155598
