Car -1 -1 -10 706.166 550.242 826.443 645.225 -1 -1 -1 -1000 -1000 -1000 -10 0.99989279
Car -1 -1 -10 435.174 1.009 1067.602 278.741 -1 -1 -1 -1000 -1000 -1000 -10 0.00270979
Car -1 -1 -10 569.493 2.731 998.611 340.867 -1 -1 -1 -1000 -1000 -1000 -10 0.00142479
Car -1 -1 -10 570.305 32.351 869.492 960.819 -1 -1 -1 -1000 -1000 -1000 -10 0.00481685
Car -1 -1 -10 289.178 0.000 1157.920 323.622 -1 -1 -1 -1000 -1000 -1000 -10 0.00119807
Car -1 -1 -10 606.299 15.013 932.207 414.742 -1 -1 -1 -1000 -1000 -1000 -10 0.00217269
Car -1 -1 -10 474.100 0.481 979.602 542.687 -1 -1 -1 -1000 -1000 -1000 -10 0.00321171
Car -1 -1 -10 712.180 11.037 1046.108 389.902 -1 -1 -1 -1000 -1000 -1000 -10 0.00200279
Car -1 -1 -10 732.468 24.494 1010.810 201.521 -1 -1 -1 -1000 -1000 -1000 -10 0.00194997
Car -1 -1 -10 725.004 26.991 885.181 462.904 -1 -1 -1 -1000 -1000 -1000 -10 0.00106315
Car -1 -1 -10 802.755 777.067 1362.156 1187.097 -1 -1 -1 -1000 -1000 -1000 -10 0.00100153
Car -1 -1 -10 458.265 6.089 826.080 375.963 -1 -1 -1 -1000 -1000 -1000 -10 0.00099942
Car -1 -1 -10 797.777 47.367 951.495 588.459 -1 -1 -1 -1000 -1000 -1000 -10 0.00098798
Car -1 -1 -10 707.050 58.487 856.033 587.093 -1 -1 -1 -1000 -1000 -1000 -10 0.00098202
Car -1 -1 -10 776.305 59.342 925.316 592.426 -1 -1 -1 -1000 -1000 -1000 -10 0.00091054
Car -1 -1 -10 656.279 59.314 805.631 590.866 -1 -1 -1 -1000 -1000 -1000 -10 0.00090811
Car -1 -1 -10 680.573 41.827 833.221 583.852 -1 -1 -1 -1000 -1000 -1000 -10 0.00090216
Car -1 -1 -10 691.857 41.288 993.222 849.920 -1 -1 -1 -1000 -1000 -1000 -10 0.00089565
Car -1 -1 -10 1631.085 346.308 1920.000 708.207 -1 -1 -1 -1000 -1000 -1000 -10 0.00089020
Car -1 -1 -10 535.544 25.595 789.527 473.495 -1 -1 -1 -1000 -1000 -1000 -10 0.00087766
Car -1 -1 -10 0.000 569.498 347.992 1200.000 -1 -1 -1 -1000 -1000 -1000 -10 0.00087270
Car -1 -1 -10 626.389 26.391 880.310 473.010 -1 -1 -1 -1000 -1000 -1000 -10 0.00086849
Car -1 -1 -10 635.109 57.235 784.307 591.134 -1 -1 -1 -1000 -1000 -1000 -10 0.00085482
Car -1 -1 -10 0.000 808.603 450.699 1199.707 -1 -1 -1 -1000 -1000 -1000 -10 0.00169209
Car -1 -1 -10 370.931 0.000 955.088 215.413 -1 -1 -1 -1000 -1000 -1000 -10 0.00083689
Car -1 -1 -10 763.999 539.829 790.859 652.538 -1 -1 -1 -1000 -1000 -1000 -10 0.00083515
Car -1 -1 -10 505.758 2.364 896.667 273.772 -1 -1 -1 -1000 -1000 -1000 -10 0.00081720
Car -1 -1 -10 395.961 2.200 908.885 553.998 -1 -1 -1 -1000 -1000 -1000 -10 0.00081195
Car -1 -1 -10 756.420 58.848 947.612 717.247 -1 -1 -1 -1000 -1000 -1000 -10 0.00080122
Car -1 -1 -10 238.612 0.000 1206.933 391.741 -1 -1 -1 -1000 -1000 -1000 -10 0.00079326
Car -1 -1 -10 749.190 386.690 817.814 741.531 -1 -1 -1 -1000 -1000 -1000 -10 0.00075573
