Car -1 -1 -10 798.738 607.059 888.140 680.059 -1 -1 -1 -1000 -1000 -1000 -10 0.99726218
Car -1 -1 -10 0.000 592.271 509.504 1200.000 -1 -1 -1 -1000 -1000 -1000 -10 0.00715247
Car -1 -1 -10 0.000 790.398 463.430 1197.157 -1 -1 -1 -1000 -1000 -1000 -10 0.00412233
Car -1 -1 -10 7.653 596.834 337.904 955.506 -1 -1 -1 -1000 -1000 -1000 -10 0.00129475
Car -1 -1 -10 0.000 481.231 160.115 697.346 -1 -1 -1 -1000 -1000 -1000 -10 0.00126779
Car -1 -1 -10 0.000 504.567 107.735 714.848 -1 -1 -1 -1000 -1000 -1000 -10 0.00124738
Car -1 -1 -10 18.599 574.688 151.115 1199.586 -1 -1 -1 -1000 -1000 -1000 -10 0.00108476
Car -1 -1 -10 0.000 882.263 263.317 1200.000 -1 -1 -1 -1000 -1000 -1000 -10 0.00105917
Car -1 -1 -10 13.258 666.625 164.858 760.186 -1 -1 -1 -1000 -1000 -1000 -10 0.00188441
Car -1 -1 -10 552.770 1157.845 590.823 1200.000 -1 -1 -1 -1000 -1000 -1000 -10 0.00101660
Car -1 -1 -10 0.432 717.592 310.146 1125.889 -1 -1 -1 -1000 -1000 -1000 -10 0.00267419
Car -1 -1 -10 0.000 585.886 262.009 962.598 -1 -1 -1 -1000 -1000 -1000 -10 0.00100131
Car -1 -1 -10 0.000 662.549 79.573 764.979 -1 -1 -1 -1000 -1000 -1000 -10 0.00092459
Car -1 -1 -10 0.000 395.387 422.425 924.135 -1 -1 -1 -1000 -1000 -1000 -10 0.00182258
Car -1 -1 -10 0.000 821.841 217.308 1200.000 -1 -1 -1 -1000 -1000 -1000 -10 0.00088607
Car -1 -1 -10 1.563 404.394 306.449 744.633 -1 -1 -1 -1000 -1000 -1000 -10 0.00164434
Car -1 -1 -10 9.642 1036.287 291.908 1200.000 -1 -1 -1 -1000 -1000 -1000 -10 0.00080424
Car -1 -1 -10 0.000 1166.694 25.065 1200.000 -1 -1 -1 -1000 -1000 -1000 -10 0.00080279
Car -1 -1 -10 0.000 371.150 428.239 1200.000 -1 -1 -1 -1000 -1000 -1000 -10 0.00079802
Car -1 -1 -10 0.000 932.624 324.917 1200.000 -1 -1 -1 -1000 -1000 -1000 -10 0.00078761
