Car -1 -1 -10 10.365 631.417 197.917 747.515 -1 -1 -1 -1000 -1000 -1000 -10 0.99642290
Car -1 -1 -10 62.195 580.174 1322.189 1185.095 -1 -1 -1 -1000 -1000 -1000 -10 0.13165410
Car -1 -1 -10 24.526 637.505 688.270 1200.000 -1 -1 -1 -1000 -1000 -1000 -10 0.06079902
Car -1 -1 -10 1709.896 526.840 1920.000 711.605 -1 -1 -1 -1000 -1000 -1000 -10 0.06209690
Car -1 -1 -10 1557.877 590.242 1801.619 709.404 -1 -1 -1 -1000 -1000 -1000 -10 0.06813521
Car -1 -1 -10 1769.316 528.738 1917.958 699.733 -1 -1 -1 -1000 -1000 -1000 -10 0.03819591
Car -1 -1 -10 0.000 631.908 442.760 1200.000 -1 -1 -1 -1000 -1000 -1000 -10 0.01369012
Car -1 -1 -10 1804.840 534.089 1900.766 702.514 -1 -1 -1 -1000 -1000 -1000 -10 0.00620516
Car -1 -1 -10 1781.634 551.264 1919.435 680.176 -1 -1 -1 -1000 -1000 -1000 -10 0.00448890
Car -1 -1 -10 0.480 620.805 320.587 1195.580 -1 -1 -1 -1000 -1000 -1000 -10 0.00857766
Car -1 -1 -10 16.228 764.437 798.863 1178.274 -1 -1 -1 -1000 -1000 -1000 -10 0.00684190
Car -1 -1 -10 457.958 757.831 1352.754 1180.873 -1 -1 -1 -1000 -1000 -1000 -10 0.00341238
