Car -1 -1 -10 1171.930 548.966 1689.249 852.530 -1 -1 -1 -1000 -1000 -1000 -10 0.99388415
Car -1 -1 -10 467.035 553.909 701.950 788.865 -1 -1 -1 -1000 -1000 -1000 -10 0.99776839
Car -1 -1 -10 54.441 630.501 197.471 721.239 -1 -1 -1 -1000 -1000 -1000 -10 0.99004161
Car -1 -1 -10 848.406 583.235 1144.786 738.028 -1 -1 -1 -1000 -1000 -1000 -10 0.49030398
Car -1 -1 -10 843.899 595.212 1071.049 731.406 -1 -1 -1 -1000 -1000 -1000 -10 0.47375748
Car -1 -1 -10 432.981 622.860 489.846 681.825 -1 -1 -1 -1000 -1000 -1000 -10 0.73300551
Car -1 -1 -10 713.774 586.614 884.726 685.718 -1 -1 -1 -1000 -1000 -1000 -10 0.69432396
Car -1 -1 -10 960.894 577.111 1355.855 795.569 -1 -1 -1 -1000 -1000 -1000 -10 0.45738029
Car -1 -1 -10 802.832 579.304 1030.557 704.461 -1 -1 -1 -1000 -1000 -1000 -10 0.23372493
Car -1 -1 -10 405.249 626.085 456.913 677.068 -1 -1 -1 -1000 -1000 -1000 -10 0.17808653
Car -1 -1 -10 625.698 588.008 779.711 680.467 -1 -1 -1 -1000 -1000 -1000 -10 0.08200740
Car -1 -1 -10 816.542 590.203 986.944 695.401 -1 -1 -1 -1000 -1000 -1000 -10 0.05458806
