Car -1 -1 -10 1127.136 521.190 1283.214 613.028 -1 -1 -1 -1000 -1000 -1000 -10 0.05436607
Car -1 -1 -10 776.245 823.064 1401.289 1192.330 -1 -1 -1 -1000 -1000 -1000 -10 0.00733883
Car -1 -1 -10 855.205 1041.557 1265.912 1200.000 -1 -1 -1 -1000 -1000 -1000 -10 0.00461334
Car -1 -1 -10 111.292 824.845 760.322 1185.315 -1 -1 -1 -1000 -1000 -1000 -10 0.00469615
Car -1 -1 -10 397.043 813.148 1019.701 1194.718 -1 -1 -1 -1000 -1000 -1000 -10 0.00863135
Car -1 -1 -10 769.592 935.907 1385.246 1200.000 -1 -1 -1 -1000 -1000 -1000 -10 0.00211424
Car -1 -1 -10 899.247 982.121 1236.792 1197.509 -1 -1 -1 -1000 -1000 -1000 -10 0.00399962
Car -1 -1 -10 979.626 1087.747 1138.025 1190.129 -1 -1 -1 -1000 -1000 -1000 -10 0.00203986
Car -1 -1 -10 926.825 841.764 1253.770 1196.547 -1 -1 -1 -1000 -1000 -1000 -10 0.00388151
Car -1 -1 -10 1105.595 800.859 1758.435 1194.804 -1 -1 -1 -1000 -1000 -1000 -10 0.00347223
Car -1 -1 -10 819.915 661.799 1331.390 1200.000 -1 -1 -1 -1000 -1000 -1000 -10 0.00189103
Car -1 -1 -10 383.286 1081.661 693.183 1200.000 -1 -1 -1 -1000 -1000 -1000 -10 0.00359923
Car -1 -1 -10 963.148 668.090 1194.585 1189.449 -1 -1 -1 -1000 -1000 -1000 -10 0.00334184
Car -1 -1 -10 295.785 786.831 595.121 1193.586 -1 -1 -1 -1000 -1000 -1000 -10 0.00184502
Car -1 -1 -10 1355.096 1083.292 1669.092 1200.000 -1 -1 -1 -1000 -1000 -1000 -10 0.00346680
Car -1 -1 -10 528.253 932.996 1144.761 1200.000 -1 -1 -1 -1000 -1000 -1000 -10 0.00180957
Car -1 -1 -10 1039.138 776.246 1335.920 1197.045 -1 -1 -1 -1000 -1000 -1000 -10 0.00180407
Car -1 -1 -10 988.771 1064.329 1146.963 1167.293 -1 -1 -1 -1000 -1000 -1000 -10 0.00338686
Car -1 -1 -10 590.212 743.680 878.968 1188.217 -1 -1 -1 -1000 -1000 -1000 -10 0.00178548
Car -1 -1 -10 975.734 1007.180 1150.097 1174.485 -1 -1 -1 -1000 -1000 -1000 -10 0.00174622
Car -1 -1 -10 198.986 930.202 815.189 1200.000 -1 -1 -1 -1000 -1000 -1000 -10 0.00173042
Car -1 -1 -10 872.416 523.784 1920.000 1188.882 -1 -1 -1 -1000 -1000 -1000 -10 0.00171846
Car -1 -1 -10 166.785 795.340 833.717 1200.000 -1 -1 -1 -1000 -1000 -1000 -10 0.00170751
Car -1 -1 -10 612.549 878.010 897.234 1200.000 -1 -1 -1 -1000 -1000 -1000 -10 0.00170532
Car -1 -1 -10 895.229 649.604 1162.749 1200.000 -1 -1 -1 -1000 -1000 -1000 -10 0.00168827
Car -1 -1 -10 615.095 647.825 881.303 1200.000 -1 -1 -1 -1000 -1000 -1000 -10 0.00327400
Car -1 -1 -10 651.543 1101.279 823.271 1200.000 -1 -1 -1 -1000 -1000 -1000 -10 0.00168050
Car -1 -1 -10 437.560 1035.057 865.246 1200.000 -1 -1 -1 -1000 -1000 -1000 -10 0.00167987
Car -1 -1 -10 988.278 838.486 1148.318 1200.000 -1 -1 -1 -1000 -1000 -1000 -10 0.00167945
Car -1 -1 -10 540.154 1020.261 988.825 1200.000 -1 -1 -1 -1000 -1000 -1000 -10 0.00311256
Car -1 -1 -10 0.000 793.978 454.919 1197.475 -1 -1 -1 -1000 -1000 -1000 -10 0.00324419
Car -1 -1 -10 464.548 1068.017 603.644 1200.000 -1 -1 -1 -1000 -1000 -1000 -10 0.00319601
Car -1 -1 -10 450.776 1101.687 619.914 1200.000 -1 -1 -1 -1000 -1000 -1000 -10 0.00164913
Car -1 -1 -10 987.898 1102.841 1161.101 1200.000 -1 -1 -1 -1000 -1000 -1000 -10 0.00162786
Car -1 -1 -10 905.299 941.126 1135.866 1200.000 -1 -1 -1 -1000 -1000 -1000 -10 0.00162658
Car -1 -1 -10 436.149 832.233 595.887 1200.000 -1 -1 -1 -1000 -1000 -1000 -10 0.00162654
Car -1 -1 -10 569.842 254.828 870.242 1200.000 -1 -1 -1 -1000 -1000 -1000 -10 0.00162273
Car -1 -1 -10 955.950 1102.875 1200.082 1200.000 -1 -1 -1 -1000 -1000 -1000 -10 0.00159980
Car -1 -1 -10 576.666 654.331 1091.560 1200.000 -1 -1 -1 -1000 -1000 -1000 -10 0.00159689
Car -1 -1 -10 375.590 877.108 660.286 1200.000 -1 -1 -1 -1000 -1000 -1000 -10 0.00159278
Car -1 -1 -10 260.057 986.801 799.356 1200.000 -1 -1 -1 -1000 -1000 -1000 -10 0.00158012
Car -1 -1 -10 700.178 834.191 860.091 1200.000 -1 -1 -1 -1000 -1000 -1000 -10 0.00157598
Car -1 -1 -10 589.550 1082.746 899.569 1200.000 -1 -1 -1 -1000 -1000 -1000 -10 0.00155853
Car -1 -1 -10 829.210 664.836 1019.985 1190.178 -1 -1 -1 -1000 -1000 -1000 -10 0.00153804
Car -1 -1 -10 705.089 922.152 1139.003 1200.000 -1 -1 -1 -1000 -1000 -1000 -10 0.00153626
Car -1 -1 -10 119.461 520.434 1269.624 1199.144 -1 -1 -1 -1000 -1000 -1000 -10 0.00153542
Car -1 -1 -10 474.674 255.443 773.796 1200.000 -1 -1 -1 -1000 -1000 -1000 -10 0.00153108
Car -1 -1 -10 638.113 1081.368 948.134 1200.000 -1 -1 -1 -1000 -1000 -1000 -10 0.00152180
Car -1 -1 -10 14.986 689.101 250.350 1200.000 -1 -1 -1 -1000 -1000 -1000 -10 0.00151903
Car -1 -1 -10 933.863 362.310 1220.343 1200.000 -1 -1 -1 -1000 -1000 -1000 -10 0.00151885
Car -1 -1 -10 1266.155 1103.445 1513.597 1200.000 -1 -1 -1 -1000 -1000 -1000 -10 0.00147637
