Car -1 -1 -10 715.333 604.633 821.048 691.128 -1 -1 -1 -1000 -1000 -1000 -10 0.93187889
Car -1 -1 -10 162.996 622.691 296.837 702.813 -1 -1 -1 -1000 -1000 -1000 -10 0.86787389
Car -1 -1 -10 436.383 614.896 517.445 672.766 -1 -1 -1 -1000 -1000 -1000 -10 0.24983986
Car -1 -1 -10 660.058 595.874 733.830 663.242 -1 -1 -1 -1000 -1000 -1000 -10 0.19899279
Car -1 -1 -10 445.054 617.806 509.092 670.882 -1 -1 -1 -1000 -1000 -1000 -10 0.02403372
Car -1 -1 -10 0.000 792.908 461.824 1198.085 -1 -1 -1 -1000 -1000 -1000 -10 0.00742197
Car -1 -1 -10 260.833 2.510 881.291 273.984 -1 -1 -1 -1000 -1000 -1000 -10 0.00281356
Car -1 -1 -10 525.067 1085.290 583.925 1200.000 -1 -1 -1 -1000 -1000 -1000 -10 0.00271904
Car -1 -1 -10 691.866 608.055 730.440 667.908 -1 -1 -1 -1000 -1000 -1000 -10 0.00282018
Car -1 -1 -10 0.000 0.000 35.151 40.439 -1 -1 -1 -1000 -1000 -1000 -10 0.00142297
Car -1 -1 -10 596.558 1084.335 656.420 1200.000 -1 -1 -1 -1000 -1000 -1000 -10 0.00232043
Car -1 -1 -10 0.000 924.797 229.929 1200.000 -1 -1 -1 -1000 -1000 -1000 -10 0.00127802
Car -1 -1 -10 708.702 599.456 790.116 671.034 -1 -1 -1 -1000 -1000 -1000 -10 0.00116242
Car -1 -1 -10 0.000 936.667 324.039 1200.000 -1 -1 -1 -1000 -1000 -1000 -10 0.00115627
Car -1 -1 -10 535.084 1122.381 574.604 1200.000 -1 -1 -1 -1000 -1000 -1000 -10 0.00114445
Car -1 -1 -10 440.958 1103.657 688.128 1200.000 -1 -1 -1 -1000 -1000 -1000 -10 0.00205449
Car -1 -1 -10 406.298 10.778 755.979 384.701 -1 -1 -1 -1000 -1000 -1000 -10 0.00206328
Car -1 -1 -10 13.788 369.821 312.381 1200.000 -1 -1 -1 -1000 -1000 -1000 -10 0.00112896
Car -1 -1 -10 529.113 1157.579 568.024 1200.000 -1 -1 -1 -1000 -1000 -1000 -10 0.00112576
Car -1 -1 -10 824.923 1158.241 862.797 1200.000 -1 -1 -1 -1000 -1000 -1000 -10 0.00108835
Car -1 -1 -10 692.357 598.793 782.198 686.817 -1 -1 -1 -1000 -1000 -1000 -10 0.00107560
Car -1 -1 -10 309.635 1085.592 626.533 1200.000 -1 -1 -1 -1000 -1000 -1000 -10 0.00104413
Car -1 -1 -10 625.136 1122.816 664.653 1200.000 -1 -1 -1 -1000 -1000 -1000 -10 0.00101035
Car -1 -1 -10 610.678 1115.058 691.384 1200.000 -1 -1 -1 -1000 -1000 -1000 -10 0.00183754
Car -1 -1 -10 309.875 1040.244 749.438 1200.000 -1 -1 -1 -1000 -1000 -1000 -10 0.00098877
Car -1 -1 -10 382.783 0.000 800.971 300.381 -1 -1 -1 -1000 -1000 -1000 -10 0.00097924
Car -1 -1 -10 251.342 581.911 445.947 1181.828 -1 -1 -1 -1000 -1000 -1000 -10 0.00094154
Car -1 -1 -10 566.537 1084.624 626.802 1200.000 -1 -1 -1 -1000 -1000 -1000 -10 0.00179264
Car -1 -1 -10 607.363 1121.834 646.775 1200.000 -1 -1 -1 -1000 -1000 -1000 -10 0.00092506
Car -1 -1 -10 102.233 0.000 967.740 316.875 -1 -1 -1 -1000 -1000 -1000 -10 0.00170961
Car -1 -1 -10 742.452 562.754 790.499 728.249 -1 -1 -1 -1000 -1000 -1000 -10 0.00091853
Car -1 -1 -10 535.546 1156.118 573.687 1200.000 -1 -1 -1 -1000 -1000 -1000 -10 0.00091808
Car -1 -1 -10 418.284 690.962 655.830 1198.479 -1 -1 -1 -1000 -1000 -1000 -10 0.00091486
Car -1 -1 -10 471.442 1114.058 554.404 1200.000 -1 -1 -1 -1000 -1000 -1000 -10 0.00090834
Car -1 -1 -10 345.264 1103.803 591.246 1200.000 -1 -1 -1 -1000 -1000 -1000 -10 0.00089229
Car -1 -1 -10 3.928 925.385 119.149 1037.859 -1 -1 -1 -1000 -1000 -1000 -10 0.00087440
Car -1 -1 -10 538.608 1104.313 785.201 1200.000 -1 -1 -1 -1000 -1000 -1000 -10 0.00086799
Car -1 -1 -10 331.351 629.888 507.970 1192.322 -1 -1 -1 -1000 -1000 -1000 -10 0.00085661
Car -1 -1 -10 515.659 691.751 750.236 1196.932 -1 -1 -1 -1000 -1000 -1000 -10 0.00085014
Car -1 -1 -10 460.336 1119.538 541.391 1200.000 -1 -1 -1 -1000 -1000 -1000 -10 0.00083461
Car -1 -1 -10 619.018 1141.479 670.219 1200.000 -1 -1 -1 -1000 -1000 -1000 -10 0.00081437
Car -1 -1 -10 483.877 824.469 642.872 1200.000 -1 -1 -1 -1000 -1000 -1000 -10 0.00080083
Car -1 -1 -10 246.433 1107.439 499.471 1200.000 -1 -1 -1 -1000 -1000 -1000 -10 0.00078911
Car -1 -1 -10 594.939 1141.858 646.671 1200.000 -1 -1 -1 -1000 -1000 -1000 -10 0.00078848
