Car -1 -1 -10 389.378 542.151 1521.973 1180.257 -1 -1 -1 -1000 -1000 -1000 -10 0.03167684
Car -1 -1 -10 1164.514 727.391 1718.437 1185.179 -1 -1 -1 -1000 -1000 -1000 -10 0.02122678
Car -1 -1 -10 0.000 510.312 1052.322 1185.488 -1 -1 -1 -1000 -1000 -1000 -10 0.01701210
Car -1 -1 -10 863.122 570.682 1895.669 1169.808 -1 -1 -1 -1000 -1000 -1000 -10 0.01011540
Car -1 -1 -10 149.478 631.602 525.409 1190.120 -1 -1 -1 -1000 -1000 -1000 -10 0.00482997
Car -1 -1 -10 939.257 752.111 1493.270 1168.537 -1 -1 -1 -1000 -1000 -1000 -10 0.00745804
Car -1 -1 -10 615.362 708.211 1312.191 1164.218 -1 -1 -1 -1000 -1000 -1000 -10 0.01236815
Car -1 -1 -10 798.294 772.218 1483.937 1200.000 -1 -1 -1 -1000 -1000 -1000 -10 0.00576298
Car -1 -1 -10 394.197 783.708 1078.669 1200.000 -1 -1 -1 -1000 -1000 -1000 -10 0.00582271
Car -1 -1 -10 80.010 789.838 637.705 1187.905 -1 -1 -1 -1000 -1000 -1000 -10 0.00523388
Car -1 -1 -10 160.673 626.800 687.404 1200.000 -1 -1 -1 -1000 -1000 -1000 -10 0.00271741
Car -1 -1 -10 266.977 786.900 903.100 1186.245 -1 -1 -1 -1000 -1000 -1000 -10 0.00483249
Car -1 -1 -10 1028.589 652.526 1203.893 1187.968 -1 -1 -1 -1000 -1000 -1000 -10 0.00247656
Car -1 -1 -10 226.151 517.143 412.107 1188.083 -1 -1 -1 -1000 -1000 -1000 -10 0.00244678
Car -1 -1 -10 946.875 577.461 1279.863 1193.002 -1 -1 -1 -1000 -1000 -1000 -10 0.00243658
Car -1 -1 -10 7.643 596.003 429.206 1200.000 -1 -1 -1 -1000 -1000 -1000 -10 0.00473018
Car -1 -1 -10 896.986 1062.900 1308.623 1200.000 -1 -1 -1 -1000 -1000 -1000 -10 0.00214118
Car -1 -1 -10 157.969 790.632 491.130 1142.608 -1 -1 -1 -1000 -1000 -1000 -10 0.00203748
Car -1 -1 -10 806.644 575.302 1144.724 1200.000 -1 -1 -1 -1000 -1000 -1000 -10 0.00179060
