Car -1 -1 -10 1089.347 564.257 1258.969 679.238 -1 -1 -1 -1000 -1000 -1000 -10 0.99261791
Car -1 -1 -10 1342.987 549.214 1506.440 632.025 -1 -1 -1 -1000 -1000 -1000 -10 0.81652583
Car -1 -1 -10 1471.764 548.528 1637.201 625.489 -1 -1 -1 -1000 -1000 -1000 -10 0.09062559
Car -1 -1 -10 1400.106 547.828 1570.553 626.309 -1 -1 -1 -1000 -1000 -1000 -10 0.00241600
Car -1 -1 -10 0.000 799.048 456.066 1198.960 -1 -1 -1 -1000 -1000 -1000 -10 0.00760697
Car -1 -1 -10 1437.630 565.035 1597.392 645.715 -1 -1 -1 -1000 -1000 -1000 -10 0.00394129
Car -1 -1 -10 69.021 1157.583 106.010 1200.000 -1 -1 -1 -1000 -1000 -1000 -10 0.00346553
Car -1 -1 -10 11.035 683.557 251.704 1200.000 -1 -1 -1 -1000 -1000 -1000 -10 0.00194781
Car -1 -1 -10 30.161 1138.836 142.510 1200.000 -1 -1 -1 -1000 -1000 -1000 -10 0.00194050
Car -1 -1 -10 1634.716 536.787 1920.000 920.142 -1 -1 -1 -1000 -1000 -1000 -10 0.00622131
Car -1 -1 -10 1762.942 645.799 1920.000 879.177 -1 -1 -1 -1000 -1000 -1000 -10 0.00325458
Car -1 -1 -10 1766.256 529.083 1920.000 752.764 -1 -1 -1 -1000 -1000 -1000 -10 0.00317233
Car -1 -1 -10 0.000 804.167 210.868 1194.748 -1 -1 -1 -1000 -1000 -1000 -10 0.00154201
Car -1 -1 -10 79.561 1157.895 116.478 1200.000 -1 -1 -1 -1000 -1000 -1000 -10 0.00145055
Car -1 -1 -10 73.424 1123.535 112.205 1200.000 -1 -1 -1 -1000 -1000 -1000 -10 0.00144149
Car -1 -1 -10 0.000 1106.984 91.380 1200.000 -1 -1 -1 -1000 -1000 -1000 -10 0.00143405
Car -1 -1 -10 4.474 1063.078 330.475 1200.000 -1 -1 -1 -1000 -1000 -1000 -10 0.00140858
Car -1 -1 -10 1827.001 528.313 1920.000 700.116 -1 -1 -1 -1000 -1000 -1000 -10 0.00140134
Car -1 -1 -10 14.618 604.859 205.454 1187.182 -1 -1 -1 -1000 -1000 -1000 -10 0.00138848
Car -1 -1 -10 6.190 1107.473 179.215 1200.000 -1 -1 -1 -1000 -1000 -1000 -10 0.00244978
Car -1 -1 -10 49.488 1138.679 161.299 1200.000 -1 -1 -1 -1000 -1000 -1000 -10 0.00137227
Car -1 -1 -10 231.134 686.139 466.529 1195.208 -1 -1 -1 -1000 -1000 -1000 -10 0.00132699
Car -1 -1 -10 46.928 1120.274 127.784 1200.000 -1 -1 -1 -1000 -1000 -1000 -10 0.00127696
Car -1 -1 -10 0.000 1104.587 49.135 1200.000 -1 -1 -1 -1000 -1000 -1000 -10 0.00126084
Car -1 -1 -10 0.000 987.702 290.390 1200.000 -1 -1 -1 -1000 -1000 -1000 -10 0.00117946
Car -1 -1 -10 1565.001 547.054 1729.628 626.697 -1 -1 -1 -1000 -1000 -1000 -10 0.00110468
Car -1 -1 -10 1759.858 573.472 1920.000 798.510 -1 -1 -1 -1000 -1000 -1000 -10 0.00106091
