Car -1 -1 -10 757.944 555.757 871.245 655.489 -1 -1 -1 -1000 -1000 -1000 -10 0.99999529
Car -1 -1 -10 377.023 589.796 461.625 649.880 -1 -1 -1 -1000 -1000 -1000 -10 0.50787865
Car -1 -1 -10 748.609 556.292 823.755 631.813 -1 -1 -1 -1000 -1000 -1000 -10 0.03960777
Car -1 -1 -10 740.055 568.147 794.666 624.029 -1 -1 -1 -1000 -1000 -1000 -10 0.01862969
Car -1 -1 -10 444.172 584.903 506.446 634.598 -1 -1 -1 -1000 -1000 -1000 -10 0.01008359
Car -1 -1 -10 1070.632 581.157 1920.000 1184.220 -1 -1 -1 -1000 -1000 -1000 -10 0.00624923
Car -1 -1 -10 1186.139 785.407 1881.688 1196.632 -1 -1 -1 -1000 -1000 -1000 -10 0.01049277
Car -1 -1 -10 650.733 536.347 1751.829 1200.000 -1 -1 -1 -1000 -1000 -1000 -10 0.00416092
Car -1 -1 -10 1781.833 354.016 1920.000 608.569 -1 -1 -1 -1000 -1000 -1000 -10 0.00213485
Car -1 -1 -10 1759.777 357.556 1920.000 572.322 -1 -1 -1 -1000 -1000 -1000 -10 0.00186707
Car -1 -1 -10 894.725 757.847 1570.913 1200.000 -1 -1 -1 -1000 -1000 -1000 -10 0.00312047
Car -1 -1 -10 817.301 1157.184 855.703 1200.000 -1 -1 -1 -1000 -1000 -1000 -10 0.00292934
Car -1 -1 -10 537.823 1060.600 929.718 1200.000 -1 -1 -1 -1000 -1000 -1000 -10 0.00169063
Car -1 -1 -10 194.973 1158.102 231.620 1200.000 -1 -1 -1 -1000 -1000 -1000 -10 0.00282217
Car -1 -1 -10 569.547 1084.487 891.723 1200.000 -1 -1 -1 -1000 -1000 -1000 -10 0.00149137
Car -1 -1 -10 390.230 1158.350 426.228 1200.000 -1 -1 -1 -1000 -1000 -1000 -10 0.00285586
Car -1 -1 -10 1245.702 1158.332 1282.181 1200.000 -1 -1 -1 -1000 -1000 -1000 -10 0.00147319
Car -1 -1 -10 0.000 554.508 344.653 1200.000 -1 -1 -1 -1000 -1000 -1000 -10 0.00146270
Car -1 -1 -10 0.000 804.921 455.320 1200.000 -1 -1 -1 -1000 -1000 -1000 -10 0.00402112
Car -1 -1 -10 1101.346 1158.446 1138.307 1200.000 -1 -1 -1 -1000 -1000 -1000 -10 0.00140038
Car -1 -1 -10 625.633 691.154 866.501 1199.905 -1 -1 -1 -1000 -1000 -1000 -10 0.00259947
Car -1 -1 -10 1586.290 567.558 1920.000 1200.000 -1 -1 -1 -1000 -1000 -1000 -10 0.00245674
Car -1 -1 -10 685.043 1138.012 794.655 1200.000 -1 -1 -1 -1000 -1000 -1000 -10 0.00131276
Car -1 -1 -10 1194.910 1156.967 1233.103 1200.000 -1 -1 -1 -1000 -1000 -1000 -10 0.00129432
Car -1 -1 -10 205.608 637.848 393.268 1190.264 -1 -1 -1 -1000 -1000 -1000 -10 0.00126992
Car -1 -1 -10 1400.758 814.407 1770.141 1196.790 -1 -1 -1 -1000 -1000 -1000 -10 0.00230533
Car -1 -1 -10 1101.055 540.481 1254.785 638.180 -1 -1 -1 -1000 -1000 -1000 -10 0.00224410
Car -1 -1 -10 1153.751 1158.326 1190.246 1200.000 -1 -1 -1 -1000 -1000 -1000 -10 0.00124081
Car -1 -1 -10 782.485 1158.469 820.264 1200.000 -1 -1 -1 -1000 -1000 -1000 -10 0.00218627
Car -1 -1 -10 819.738 766.756 1421.793 1192.359 -1 -1 -1 -1000 -1000 -1000 -10 0.00120705
Car -1 -1 -10 1506.411 300.127 1920.000 840.216 -1 -1 -1 -1000 -1000 -1000 -10 0.00231547
Car -1 -1 -10 1341.612 666.943 1919.543 1078.771 -1 -1 -1 -1000 -1000 -1000 -10 0.00119599
Car -1 -1 -10 355.663 1158.646 391.954 1200.000 -1 -1 -1 -1000 -1000 -1000 -10 0.00119346
Car -1 -1 -10 1442.033 1159.015 1477.496 1200.000 -1 -1 -1 -1000 -1000 -1000 -10 0.00118894
Car -1 -1 -10 849.814 1156.533 886.922 1200.000 -1 -1 -1 -1000 -1000 -1000 -10 0.00216783
Car -1 -1 -10 291.442 1157.811 328.332 1200.000 -1 -1 -1 -1000 -1000 -1000 -10 0.00116246
Car -1 -1 -10 1181.286 1127.847 1247.778 1200.000 -1 -1 -1 -1000 -1000 -1000 -10 0.00113298
Car -1 -1 -10 1111.921 1158.639 1147.805 1200.000 -1 -1 -1 -1000 -1000 -1000 -10 0.00112451
Car -1 -1 -10 652.255 824.159 812.297 1200.000 -1 -1 -1 -1000 -1000 -1000 -10 0.00112268
Car -1 -1 -10 212.677 1158.083 250.885 1200.000 -1 -1 -1 -1000 -1000 -1000 -10 0.00110690
Car -1 -1 -10 486.791 1016.940 979.407 1200.000 -1 -1 -1 -1000 -1000 -1000 -10 0.00109933
Car -1 -1 -10 1132.116 1158.180 1168.179 1200.000 -1 -1 -1 -1000 -1000 -1000 -10 0.00109791
Car -1 -1 -10 599.938 340.956 892.632 1200.000 -1 -1 -1 -1000 -1000 -1000 -10 0.00109689
Car -1 -1 -10 583.589 593.465 784.079 1184.233 -1 -1 -1 -1000 -1000 -1000 -10 0.00108773
Car -1 -1 -10 245.561 1139.308 358.963 1200.000 -1 -1 -1 -1000 -1000 -1000 -10 0.00108714
Car -1 -1 -10 369.861 1158.086 406.486 1200.000 -1 -1 -1 -1000 -1000 -1000 -10 0.00108261
Car -1 -1 -10 1129.064 1093.999 1293.177 1185.347 -1 -1 -1 -1000 -1000 -1000 -10 0.00107694
Car -1 -1 -10 949.591 1037.893 1394.339 1200.000 -1 -1 -1 -1000 -1000 -1000 -10 0.00107628
Car -1 -1 -10 454.340 582.994 512.068 636.846 -1 -1 -1 -1000 -1000 -1000 -10 0.00107390
Car -1 -1 -10 9.561 414.137 454.180 812.445 -1 -1 -1 -1000 -1000 -1000 -10 0.00106330
Car -1 -1 -10 659.329 1104.369 837.901 1200.000 -1 -1 -1 -1000 -1000 -1000 -10 0.00104611
Car -1 -1 -10 1008.836 555.907 1340.267 1200.000 -1 -1 -1 -1000 -1000 -1000 -10 0.00103845
Car -1 -1 -10 41.162 516.399 1103.854 1200.000 -1 -1 -1 -1000 -1000 -1000 -10 0.00103225
Car -1 -1 -10 715.555 1143.748 767.057 1200.000 -1 -1 -1 -1000 -1000 -1000 -10 0.00098533
