Car -1 -1 -10 330.498 599.736 532.023 731.373 -1 -1 -1 -1000 -1000 -1000 -10 0.99908878
Car -1 -1 -10 179.158 622.099 284.391 699.798 -1 -1 -1 -1000 -1000 -1000 -10 0.99866790
Car -1 -1 -10 921.904 562.671 1236.548 707.238 -1 -1 -1 -1000 -1000 -1000 -10 0.99551329
Car -1 -1 -10 1470.323 574.366 1646.532 664.861 -1 -1 -1 -1000 -1000 -1000 -10 0.03314663
Car -1 -1 -10 65.153 528.742 1233.155 1182.013 -1 -1 -1 -1000 -1000 -1000 -10 0.03793953
Car -1 -1 -10 330.799 600.998 437.458 712.560 -1 -1 -1 -1000 -1000 -1000 -10 0.01799889
Car -1 -1 -10 1068.457 581.473 1244.421 690.484 -1 -1 -1 -1000 -1000 -1000 -10 0.02704635
Car -1 -1 -10 0.000 619.785 481.509 1198.773 -1 -1 -1 -1000 -1000 -1000 -10 0.01799909
Car -1 -1 -10 1476.208 591.644 1635.760 677.123 -1 -1 -1 -1000 -1000 -1000 -10 0.00831569
Car -1 -1 -10 272.120 714.023 972.387 1195.883 -1 -1 -1 -1000 -1000 -1000 -10 0.00572368
Car -1 -1 -10 0.000 4.733 347.356 375.549 -1 -1 -1 -1000 -1000 -1000 -10 0.00196782
Car -1 -1 -10 1537.099 596.522 1620.938 664.526 -1 -1 -1 -1000 -1000 -1000 -10 0.00345412
Car -1 -1 -10 326.954 637.312 877.229 1200.000 -1 -1 -1 -1000 -1000 -1000 -10 0.00177322
Car -1 -1 -10 0.000 0.000 486.447 209.976 -1 -1 -1 -1000 -1000 -1000 -10 0.00324226
Car -1 -1 -10 1.389 0.000 348.383 203.382 -1 -1 -1 -1000 -1000 -1000 -10 0.00165978
Car -1 -1 -10 253.876 614.421 353.712 700.435 -1 -1 -1 -1000 -1000 -1000 -10 0.00161769
Car -1 -1 -10 1798.796 621.264 1918.496 755.826 -1 -1 -1 -1000 -1000 -1000 -10 0.00321321
Car -1 -1 -10 1017.918 472.984 1109.740 829.306 -1 -1 -1 -1000 -1000 -1000 -10 0.00160755
Car -1 -1 -10 946.077 604.117 1143.162 705.696 -1 -1 -1 -1000 -1000 -1000 -10 0.00157670
Car -1 -1 -10 39.228 0.000 261.017 209.639 -1 -1 -1 -1000 -1000 -1000 -10 0.00150714
Car -1 -1 -10 23.794 17.699 278.356 471.723 -1 -1 -1 -1000 -1000 -1000 -10 0.00150351
Car -1 -1 -10 567.167 115.638 869.509 1172.285 -1 -1 -1 -1000 -1000 -1000 -10 0.00145024
