Car -1 -1 -10 1767.616 560.565 1920.000 656.516 -1 -1 -1 -1000 -1000 -1000 -10 0.23260253
Car -1 -1 -10 686.526 509.872 1223.622 967.558 -1 -1 -1 -1000 -1000 -1000 -10 0.18342804
Car -1 -1 -10 901.876 583.788 1233.851 930.985 -1 -1 -1 -1000 -1000 -1000 -10 0.00537753
Car -1 -1 -10 885.247 542.198 1196.466 857.003 -1 -1 -1 -1000 -1000 -1000 -10 0.00473440
Car -1 -1 -10 843.786 662.568 1243.288 943.879 -1 -1 -1 -1000 -1000 -1000 -10 0.00270266
Car -1 -1 -10 690.147 613.488 914.031 1178.162 -1 -1 -1 -1000 -1000 -1000 -10 0.00248124
Car -1 -1 -10 677.944 297.731 958.222 1185.638 -1 -1 -1 -1000 -1000 -1000 -10 0.00665460
Car -1 -1 -10 777.159 539.408 1156.806 775.556 -1 -1 -1 -1000 -1000 -1000 -10 0.00232524
Car -1 -1 -10 655.698 787.114 1159.883 1149.434 -1 -1 -1 -1000 -1000 -1000 -10 0.00397206
Car -1 -1 -10 0.000 798.700 467.076 1200.000 -1 -1 -1 -1000 -1000 -1000 -10 0.00197590
Car -1 -1 -10 757.570 563.225 1047.474 850.032 -1 -1 -1 -1000 -1000 -1000 -10 0.00194011
Car -1 -1 -10 641.906 857.624 1047.852 1100.237 -1 -1 -1 -1000 -1000 -1000 -10 0.00187089
