Car -1 -1 -10 106.729 0.000 487.390 214.071 -1 -1 -1 -1000 -1000 -1000 -10 0.00838184
Car -1 -1 -10 146.296 5.714 459.687 152.061 -1 -1 -1 -1000 -1000 -1000 -10 0.01397659
Car -1 -1 -10 15.814 0.000 599.630 216.349 -1 -1 -1 -1000 -1000 -1000 -10 0.01086806
Car -1 -1 -10 212.256 7.517 404.676 142.542 -1 -1 -1 -1000 -1000 -1000 -10 0.00553263
Car -1 -1 -10 217.808 3.863 656.321 289.250 -1 -1 -1 -1000 -1000 -1000 -10 0.00827907
Car -1 -1 -10 239.795 37.106 400.903 137.410 -1 -1 -1 -1000 -1000 -1000 -10 0.01069498
Car -1 -1 -10 130.754 3.514 465.545 323.225 -1 -1 -1 -1000 -1000 -1000 -10 0.00783669
Car -1 -1 -10 184.121 20.218 438.562 468.856 -1 -1 -1 -1000 -1000 -1000 -10 0.00638116
Car -1 -1 -10 239.171 3.238 406.993 336.104 -1 -1 -1 -1000 -1000 -1000 -10 0.00349431
Car -1 -1 -10 315.216 38.573 470.381 140.508 -1 -1 -1 -1000 -1000 -1000 -10 0.00764259
Car -1 -1 -10 44.036 6.797 642.407 269.282 -1 -1 -1 -1000 -1000 -1000 -10 0.00345014
Car -1 -1 -10 193.081 11.933 354.286 114.225 -1 -1 -1 -1000 -1000 -1000 -10 0.00340021
Car -1 -1 -10 251.218 20.330 394.652 439.498 -1 -1 -1 -1000 -1000 -1000 -10 0.00566022
Car -1 -1 -10 289.506 2.910 417.645 124.420 -1 -1 -1 -1000 -1000 -1000 -10 0.00318625
Car -1 -1 -10 166.425 28.463 458.349 849.292 -1 -1 -1 -1000 -1000 -1000 -10 0.00317645
Car -1 -1 -10 50.810 0.000 572.946 549.255 -1 -1 -1 -1000 -1000 -1000 -10 0.00313337
Car -1 -1 -10 221.741 41.049 423.889 589.807 -1 -1 -1 -1000 -1000 -1000 -10 0.00267072
Car -1 -1 -10 219.710 15.990 572.052 385.520 -1 -1 -1 -1000 -1000 -1000 -10 0.00257591
Car -1 -1 -10 0.000 805.548 466.606 1200.000 -1 -1 -1 -1000 -1000 -1000 -10 0.00500564
Car -1 -1 -10 230.468 3.969 359.268 123.290 -1 -1 -1 -1000 -1000 -1000 -10 0.00239666
Car -1 -1 -10 224.465 7.547 593.786 191.535 -1 -1 -1 -1000 -1000 -1000 -10 0.00238971
Car -1 -1 -10 262.104 14.493 373.535 284.582 -1 -1 -1 -1000 -1000 -1000 -10 0.00214207
Car -1 -1 -10 213.933 38.210 503.144 847.546 -1 -1 -1 -1000 -1000 -1000 -10 0.00205929
Car -1 -1 -10 302.895 23.901 596.097 193.130 -1 -1 -1 -1000 -1000 -1000 -10 0.00204422
Car -1 -1 -10 387.215 26.143 512.825 149.476 -1 -1 -1 -1000 -1000 -1000 -10 0.00185486
