Car -1 -1 -10 561.445 615.812 714.241 725.373 -1 -1 -1 -1000 -1000 -1000 -10 0.99800560
Car -1 -1 -10 654.007 621.210 733.202 693.702 -1 -1 -1 -1000 -1000 -1000 -10 0.55855082
Car -1 -1 -10 0.000 603.876 769.897 1186.333 -1 -1 -1 -1000 -1000 -1000 -10 0.05027507
Car -1 -1 -10 540.282 614.044 647.540 709.236 -1 -1 -1 -1000 -1000 -1000 -10 0.03567993
Car -1 -1 -10 492.406 622.625 540.889 666.754 -1 -1 -1 -1000 -1000 -1000 -10 0.01390633
Car -1 -1 -10 632.004 629.616 726.747 725.511 -1 -1 -1 -1000 -1000 -1000 -10 0.00897232
Car -1 -1 -10 627.498 612.469 709.500 684.019 -1 -1 -1 -1000 -1000 -1000 -10 0.00969736
Car -1 -1 -10 578.848 1156.421 614.964 1200.000 -1 -1 -1 -1000 -1000 -1000 -10 0.00356378
Car -1 -1 -10 584.049 1157.089 622.175 1200.000 -1 -1 -1 -1000 -1000 -1000 -10 0.00488942
Car -1 -1 -10 0.000 558.817 368.019 1200.000 -1 -1 -1 -1000 -1000 -1000 -10 0.00568825
Car -1 -1 -10 10.863 594.312 526.703 1192.822 -1 -1 -1 -1000 -1000 -1000 -10 0.00451597
Car -1 -1 -10 556.749 625.042 616.073 686.392 -1 -1 -1 -1000 -1000 -1000 -10 0.00251614
Car -1 -1 -10 686.240 635.075 727.886 696.268 -1 -1 -1 -1000 -1000 -1000 -10 0.00362465
Car -1 -1 -10 659.331 575.972 705.058 737.459 -1 -1 -1 -1000 -1000 -1000 -10 0.00166780
Car -1 -1 -10 12.912 643.287 252.492 1116.798 -1 -1 -1 -1000 -1000 -1000 -10 0.00152473
Car -1 -1 -10 667.293 612.000 695.698 705.798 -1 -1 -1 -1000 -1000 -1000 -10 0.00151459
Car -1 -1 -10 13.242 180.489 352.369 564.277 -1 -1 -1 -1000 -1000 -1000 -10 0.00146787
Car -1 -1 -10 629.442 519.155 677.419 811.733 -1 -1 -1 -1000 -1000 -1000 -10 0.00139650
Car -1 -1 -10 15.718 638.906 399.293 1008.380 -1 -1 -1 -1000 -1000 -1000 -10 0.00130229
Car -1 -1 -10 0.000 87.936 412.394 631.002 -1 -1 -1 -1000 -1000 -1000 -10 0.00126316
Car -1 -1 -10 593.327 312.256 703.839 989.407 -1 -1 -1 -1000 -1000 -1000 -10 0.00123273
Car -1 -1 -10 678.802 621.383 707.477 715.139 -1 -1 -1 -1000 -1000 -1000 -10 0.00121797
