Car -1 -1 -10 8.664 506.350 412.365 789.542 -1 -1 -1 -1000 -1000 -1000 -10 0.99774517
Car -1 -1 -10 1312.944 669.931 1412.185 774.623 -1 -1 -1 -1000 -1000 -1000 -10 0.36994630
Car -1 -1 -10 710.515 590.233 771.263 641.620 -1 -1 -1 -1000 -1000 -1000 -10 0.33220980
Car -1 -1 -10 370.070 548.262 1537.292 1194.602 -1 -1 -1 -1000 -1000 -1000 -10 0.02129566
Car -1 -1 -10 127.171 503.089 377.521 690.654 -1 -1 -1 -1000 -1000 -1000 -10 0.01186368
Car -1 -1 -10 0.000 432.678 500.797 971.349 -1 -1 -1 -1000 -1000 -1000 -10 0.00795474
Car -1 -1 -10 16.554 564.427 462.928 1130.889 -1 -1 -1 -1000 -1000 -1000 -10 0.00848610
Car -1 -1 -10 579.544 1042.195 1012.874 1200.000 -1 -1 -1 -1000 -1000 -1000 -10 0.01115846
Car -1 -1 -10 3.796 564.096 229.968 792.014 -1 -1 -1 -1000 -1000 -1000 -10 0.00393804
Car -1 -1 -10 597.662 749.072 1297.236 1200.000 -1 -1 -1 -1000 -1000 -1000 -10 0.00686642
Car -1 -1 -10 717.052 740.881 926.233 1187.486 -1 -1 -1 -1000 -1000 -1000 -10 0.00296238
