Car -1 -1 -10 531.532 581.501 631.358 661.672 -1 -1 -1 -1000 -1000 -1000 -10 0.95497552
Car -1 -1 -10 0.000 159.989 1528.009 1197.482 -1 -1 -1 -1000 -1000 -1000 -10 0.07075566
Car -1 -1 -10 685.068 12.016 1920.000 1162.903 -1 -1 -1 -1000 -1000 -1000 -10 0.04588307
Car -1 -1 -10 0.000 508.827 962.743 1196.243 -1 -1 -1 -1000 -1000 -1000 -10 0.06267660
Car -1 -1 -10 1268.638 124.935 1920.000 1200.000 -1 -1 -1 -1000 -1000 -1000 -10 0.01909881
Car -1 -1 -10 1019.360 465.177 1920.000 1200.000 -1 -1 -1 -1000 -1000 -1000 -10 0.01019023
Car -1 -1 -10 1525.338 622.439 1920.000 1028.320 -1 -1 -1 -1000 -1000 -1000 -10 0.00926497
Car -1 -1 -10 1275.989 548.783 1919.431 1160.125 -1 -1 -1 -1000 -1000 -1000 -10 0.02450567
Car -1 -1 -10 1460.377 650.904 1920.000 997.640 -1 -1 -1 -1000 -1000 -1000 -10 0.00866211
Car -1 -1 -10 12.087 157.946 545.741 1156.356 -1 -1 -1 -1000 -1000 -1000 -10 0.02938850
Car -1 -1 -10 620.172 538.527 722.005 626.066 -1 -1 -1 -1000 -1000 -1000 -10 0.01358466
Car -1 -1 -10 0.998 325.268 623.246 776.494 -1 -1 -1 -1000 -1000 -1000 -10 0.01862159
Car -1 -1 -10 1427.557 473.074 1920.000 871.012 -1 -1 -1 -1000 -1000 -1000 -10 0.00639558
Car -1 -1 -10 135.642 167.540 268.884 924.517 -1 -1 -1 -1000 -1000 -1000 -10 0.00639506
Car -1 -1 -10 0.000 551.205 668.905 956.381 -1 -1 -1 -1000 -1000 -1000 -10 0.00580474
Car -1 -1 -10 1427.105 276.646 1920.000 1003.147 -1 -1 -1 -1000 -1000 -1000 -10 0.00515918
Car -1 -1 -10 1467.156 424.490 1910.943 820.684 -1 -1 -1 -1000 -1000 -1000 -10 0.00513462
Car -1 -1 -10 18.972 303.279 394.662 662.845 -1 -1 -1 -1000 -1000 -1000 -10 0.00496981
Car -1 -1 -10 0.000 28.972 701.179 1147.034 -1 -1 -1 -1000 -1000 -1000 -10 0.00934345
Car -1 -1 -10 1529.363 586.063 1918.948 868.756 -1 -1 -1 -1000 -1000 -1000 -10 0.00470135
Car -1 -1 -10 1599.187 458.832 1914.569 791.943 -1 -1 -1 -1000 -1000 -1000 -10 0.00468446
Car -1 -1 -10 1568.809 545.725 1920.000 906.424 -1 -1 -1 -1000 -1000 -1000 -10 0.00438385
