Car -1 -1 -10 1540.353 381.412 1809.107 636.919 -1 -1 -1 -1000 -1000 -1000 -10 0.30292960
Car -1 -1 -10 1466.856 376.575 1812.116 673.812 -1 -1 -1 -1000 -1000 -1000 -10 0.17894165
Car -1 -1 -10 1193.812 556.279 1577.194 740.026 -1 -1 -1 -1000 -1000 -1000 -10 0.17936952
Car -1 -1 -10 1381.437 372.775 1849.224 700.055 -1 -1 -1 -1000 -1000 -1000 -10 0.04778995
Car -1 -1 -10 1407.646 379.373 1799.516 750.235 -1 -1 -1 -1000 -1000 -1000 -10 0.00696704
Car -1 -1 -10 1125.590 547.070 1483.918 741.313 -1 -1 -1 -1000 -1000 -1000 -10 0.01184923
Car -1 -1 -10 1597.386 378.863 1755.676 631.083 -1 -1 -1 -1000 -1000 -1000 -10 0.00696786
Car -1 -1 -10 1196.002 566.440 1426.560 702.461 -1 -1 -1 -1000 -1000 -1000 -10 0.00284342
Car -1 -1 -10 1224.094 587.295 1385.095 688.756 -1 -1 -1 -1000 -1000 -1000 -10 0.00270140
Car -1 -1 -10 1502.830 589.715 1657.720 692.990 -1 -1 -1 -1000 -1000 -1000 -10 0.00244123
Car -1 -1 -10 1452.269 561.495 1712.532 721.899 -1 -1 -1 -1000 -1000 -1000 -10 0.00233913
Car -1 -1 -10 1179.420 424.219 1741.859 749.268 -1 -1 -1 -1000 -1000 -1000 -10 0.00231571
Car -1 -1 -10 0.000 797.135 449.357 1197.935 -1 -1 -1 -1000 -1000 -1000 -10 0.00552578
Car -1 -1 -10 1613.521 420.778 1711.005 599.169 -1 -1 -1 -1000 -1000 -1000 -10 0.00367895
Car -1 -1 -10 1094.992 534.855 1432.543 739.109 -1 -1 -1 -1000 -1000 -1000 -10 0.00201336
Car -1 -1 -10 1492.552 559.585 1663.068 720.050 -1 -1 -1 -1000 -1000 -1000 -10 0.00175594
Car -1 -1 -10 1151.453 532.339 1427.374 784.196 -1 -1 -1 -1000 -1000 -1000 -10 0.00173425
Car -1 -1 -10 1148.892 567.710 1318.987 656.558 -1 -1 -1 -1000 -1000 -1000 -10 0.00160009
Car -1 -1 -10 1180.873 551.365 1351.438 718.679 -1 -1 -1 -1000 -1000 -1000 -10 0.00135889
