Car -1 -1 -10 436.648 160.532 1916.477 1200.000 -1 -1 -1 -1000 -1000 -1000 -10 0.01745704
Car -1 -1 -10 1225.498 168.533 1920.000 1200.000 -1 -1 -1 -1000 -1000 -1000 -10 0.01626903
Car -1 -1 -10 1547.518 553.505 1915.483 992.315 -1 -1 -1 -1000 -1000 -1000 -10 0.01651820
Car -1 -1 -10 1342.884 438.243 1920.000 864.314 -1 -1 -1 -1000 -1000 -1000 -10 0.01510408
Car -1 -1 -10 1482.335 283.094 1920.000 765.409 -1 -1 -1 -1000 -1000 -1000 -10 0.00754118
Car -1 -1 -10 1327.927 336.566 1916.592 767.013 -1 -1 -1 -1000 -1000 -1000 -10 0.00599244
Car -1 -1 -10 1652.180 338.419 1887.811 804.688 -1 -1 -1 -1000 -1000 -1000 -10 0.00577697
Car -1 -1 -10 1172.479 494.114 1920.000 1200.000 -1 -1 -1 -1000 -1000 -1000 -10 0.00535399
Car -1 -1 -10 1521.526 515.126 1918.356 828.505 -1 -1 -1 -1000 -1000 -1000 -10 0.01011887
Car -1 -1 -10 1272.489 345.207 1920.000 956.756 -1 -1 -1 -1000 -1000 -1000 -10 0.00511692
Car -1 -1 -10 1577.462 259.437 1811.734 702.830 -1 -1 -1 -1000 -1000 -1000 -10 0.00458760
