Car -1 -1 -10 249.520 633.202 426.166 739.008 -1 -1 -1 -1000 -1000 -1000 -10 0.99986282
Car -1 -1 -10 545.453 534.013 899.554 751.525 -1 -1 -1 -1000 -1000 -1000 -10 0.46815103
Car -1 -1 -10 559.504 523.355 970.130 766.986 -1 -1 -1 -1000 -1000 -1000 -10 0.20275729
Car -1 -1 -10 709.765 497.351 1100.947 750.424 -1 -1 -1 -1000 -1000 -1000 -10 0.11622723
Car -1 -1 -10 744.159 513.795 1045.819 784.551 -1 -1 -1 -1000 -1000 -1000 -10 0.01284442
Car -1 -1 -10 0.000 798.006 439.792 1199.992 -1 -1 -1 -1000 -1000 -1000 -10 0.00872620
Car -1 -1 -10 684.307 525.302 963.649 714.706 -1 -1 -1 -1000 -1000 -1000 -10 0.00216805
Car -1 -1 -10 306.132 481.811 375.522 879.073 -1 -1 -1 -1000 -1000 -1000 -10 0.00169401
Car -1 -1 -10 741.549 556.989 899.674 668.377 -1 -1 -1 -1000 -1000 -1000 -10 0.00165838
Car -1 -1 -10 769.910 557.027 930.593 665.726 -1 -1 -1 -1000 -1000 -1000 -10 0.00164832
Car -1 -1 -10 801.167 473.303 1212.287 766.195 -1 -1 -1 -1000 -1000 -1000 -10 0.00161618
Car -1 -1 -10 282.495 495.329 377.541 843.333 -1 -1 -1 -1000 -1000 -1000 -10 0.00154517
Car -1 -1 -10 541.884 1158.576 578.444 1200.000 -1 -1 -1 -1000 -1000 -1000 -10 0.00151977
Car -1 -1 -10 779.394 526.920 876.917 614.714 -1 -1 -1 -1000 -1000 -1000 -10 0.00249519
Car -1 -1 -10 0.000 806.131 213.180 1194.693 -1 -1 -1 -1000 -1000 -1000 -10 0.00129488
