Car -1 -1 -10 191.759 594.610 452.554 768.900 -1 -1 -1 -1000 -1000 -1000 -10 0.99998787
Car -1 -1 -10 0.000 627.358 206.881 757.899 -1 -1 -1 -1000 -1000 -1000 -10 0.97390005
Car -1 -1 -10 821.566 573.636 996.404 726.264 -1 -1 -1 -1000 -1000 -1000 -10 0.99301627
Car -1 -1 -10 453.597 613.138 558.285 714.394 -1 -1 -1 -1000 -1000 -1000 -10 0.83423430
Car -1 -1 -10 330.834 599.756 508.106 734.736 -1 -1 -1 -1000 -1000 -1000 -10 0.42921445
Car -1 -1 -10 367.273 597.415 512.998 728.528 -1 -1 -1 -1000 -1000 -1000 -10 0.38486767
Car -1 -1 -10 530.777 620.058 609.152 687.843 -1 -1 -1 -1000 -1000 -1000 -10 0.21937054
Car -1 -1 -10 500.151 614.999 585.316 698.335 -1 -1 -1 -1000 -1000 -1000 -10 0.09181325
Car -1 -1 -10 1699.745 593.070 1917.338 732.094 -1 -1 -1 -1000 -1000 -1000 -10 0.03281628
Car -1 -1 -10 1690.451 534.818 1920.000 734.439 -1 -1 -1 -1000 -1000 -1000 -10 0.00922730
