Car -1 -1 -10 658.209 559.825 1016.260 720.122 -1 -1 -1 -1000 -1000 -1000 -10 0.97182336
Car -1 -1 -10 483.852 601.272 640.828 676.179 -1 -1 -1 -1000 -1000 -1000 -10 0.89217776
Car -1 -1 -10 663.858 586.967 1868.298 1188.228 -1 -1 -1 -1000 -1000 -1000 -10 0.11411540
Car -1 -1 -10 1210.966 655.685 1904.228 1200.000 -1 -1 -1 -1000 -1000 -1000 -10 0.01903226
Car -1 -1 -10 0.000 528.894 904.243 1198.753 -1 -1 -1 -1000 -1000 -1000 -10 0.02282718
Car -1 -1 -10 1399.077 565.266 1920.000 1195.027 -1 -1 -1 -1000 -1000 -1000 -10 0.01313061
Car -1 -1 -10 0.000 599.687 510.016 1200.000 -1 -1 -1 -1000 -1000 -1000 -10 0.01474473
Car -1 -1 -10 847.881 769.094 1569.834 1200.000 -1 -1 -1 -1000 -1000 -1000 -10 0.01156215
Car -1 -1 -10 813.438 562.036 1072.723 707.406 -1 -1 -1 -1000 -1000 -1000 -10 0.00973709
Car -1 -1 -10 0.000 553.396 378.578 1200.000 -1 -1 -1 -1000 -1000 -1000 -10 0.00387085
Car -1 -1 -10 537.226 599.338 705.344 674.078 -1 -1 -1 -1000 -1000 -1000 -10 0.00351647
Car -1 -1 -10 567.334 600.510 657.360 663.474 -1 -1 -1 -1000 -1000 -1000 -10 0.00534755
Car -1 -1 -10 1125.263 765.389 1879.326 1175.807 -1 -1 -1 -1000 -1000 -1000 -10 0.00502223
Car -1 -1 -10 12.709 524.660 235.811 1187.022 -1 -1 -1 -1000 -1000 -1000 -10 0.00284353
Car -1 -1 -10 1544.092 547.878 1920.000 1200.000 -1 -1 -1 -1000 -1000 -1000 -10 0.00240290
Car -1 -1 -10 0.000 768.034 636.792 1200.000 -1 -1 -1 -1000 -1000 -1000 -10 0.00236300
Car -1 -1 -10 271.498 0.000 703.013 378.963 -1 -1 -1 -1000 -1000 -1000 -10 0.00230752
Car -1 -1 -10 283.647 559.433 416.547 1196.202 -1 -1 -1 -1000 -1000 -1000 -10 0.00226918
Car -1 -1 -10 932.312 629.644 1393.667 919.472 -1 -1 -1 -1000 -1000 -1000 -10 0.00216886
