Car -1 -1 -10 748.658 555.145 807.364 612.350 -1 -1 -1 -1000 -1000 -1000 -10 0.95261903
Car -1 -1 -10 1474.738 481.829 1917.065 826.992 -1 -1 -1 -1000 -1000 -1000 -10 0.00773423
Car -1 -1 -10 1405.236 575.440 1920.000 1200.000 -1 -1 -1 -1000 -1000 -1000 -10 0.00710127
Car -1 -1 -10 1764.574 641.955 1919.137 732.009 -1 -1 -1 -1000 -1000 -1000 -10 0.00714678
Car -1 -1 -10 1761.622 617.889 1917.139 715.124 -1 -1 -1 -1000 -1000 -1000 -10 0.00232639
Car -1 -1 -10 0.000 517.549 894.843 1198.629 -1 -1 -1 -1000 -1000 -1000 -10 0.00787906
Car -1 -1 -10 1634.621 556.357 1920.000 716.032 -1 -1 -1 -1000 -1000 -1000 -10 0.00376203
Car -1 -1 -10 0.000 773.051 631.397 1200.000 -1 -1 -1 -1000 -1000 -1000 -10 0.00492546
Car -1 -1 -10 1402.626 448.450 1910.244 880.780 -1 -1 -1 -1000 -1000 -1000 -10 0.00185590
Car -1 -1 -10 1649.135 470.710 1920.000 788.046 -1 -1 -1 -1000 -1000 -1000 -10 0.00311092
Car -1 -1 -10 1455.709 348.807 1919.155 706.676 -1 -1 -1 -1000 -1000 -1000 -10 0.00180545
Car -1 -1 -10 1565.536 618.989 1917.797 933.787 -1 -1 -1 -1000 -1000 -1000 -10 0.00351453
Car -1 -1 -10 1738.457 551.506 1916.281 721.409 -1 -1 -1 -1000 -1000 -1000 -10 0.00173157
Car -1 -1 -10 0.000 802.100 465.919 1200.000 -1 -1 -1 -1000 -1000 -1000 -10 0.00161517
Car -1 -1 -10 1761.266 664.280 1917.237 757.909 -1 -1 -1 -1000 -1000 -1000 -10 0.00161246
Car -1 -1 -10 1677.054 615.987 1920.000 934.725 -1 -1 -1 -1000 -1000 -1000 -10 0.00138119
Car -1 -1 -10 1628.591 478.768 1920.000 646.597 -1 -1 -1 -1000 -1000 -1000 -10 0.00137968
Car -1 -1 -10 1675.674 392.707 1920.000 755.437 -1 -1 -1 -1000 -1000 -1000 -10 0.00137715
Car -1 -1 -10 0.000 501.555 502.212 842.985 -1 -1 -1 -1000 -1000 -1000 -10 0.00136348
Car -1 -1 -10 1762.628 578.138 1897.312 703.156 -1 -1 -1 -1000 -1000 -1000 -10 0.00131518
Car -1 -1 -10 1384.826 384.701 1920.000 1016.007 -1 -1 -1 -1000 -1000 -1000 -10 0.00129439
Car -1 -1 -10 1599.926 532.747 1897.325 693.516 -1 -1 -1 -1000 -1000 -1000 -10 0.00121049
Car -1 -1 -10 1705.233 615.776 1870.764 711.068 -1 -1 -1 -1000 -1000 -1000 -10 0.00120214
Car -1 -1 -10 1591.517 396.312 1920.000 754.953 -1 -1 -1 -1000 -1000 -1000 -10 0.00119973
Car -1 -1 -10 1794.276 631.071 1873.892 706.519 -1 -1 -1 -1000 -1000 -1000 -10 0.00119914
Car -1 -1 -10 1814.421 576.675 1920.000 702.801 -1 -1 -1 -1000 -1000 -1000 -10 0.00113906
