Car -1 -1 -10 475.332 583.124 636.190 694.385 -1 -1 -1 -1000 -1000 -1000 -10 0.98850635
Car -1 -1 -10 0.000 583.129 677.345 1200.000 -1 -1 -1 -1000 -1000 -1000 -10 0.01335468
Car -1 -1 -10 0.000 600.717 520.430 1200.000 -1 -1 -1 -1000 -1000 -1000 -10 0.01090089
Car -1 -1 -10 994.684 522.878 1920.000 1196.329 -1 -1 -1 -1000 -1000 -1000 -10 0.01303185
Car -1 -1 -10 0.000 750.115 429.397 1194.538 -1 -1 -1 -1000 -1000 -1000 -10 0.00560089
Car -1 -1 -10 472.349 578.905 576.763 659.340 -1 -1 -1 -1000 -1000 -1000 -10 0.00281622
Car -1 -1 -10 1345.713 528.206 1917.873 993.654 -1 -1 -1 -1000 -1000 -1000 -10 0.00611635
Car -1 -1 -10 476.522 582.557 554.147 654.820 -1 -1 -1 -1000 -1000 -1000 -10 0.00228647
Car -1 -1 -10 578.642 164.795 1895.619 1200.000 -1 -1 -1 -1000 -1000 -1000 -10 0.00379380
Car -1 -1 -10 1384.322 363.138 1918.568 761.750 -1 -1 -1 -1000 -1000 -1000 -10 0.00588011
Car -1 -1 -10 1314.078 648.535 1915.592 1064.328 -1 -1 -1 -1000 -1000 -1000 -10 0.00178946
Car -1 -1 -10 1524.458 658.864 1920.000 1088.094 -1 -1 -1 -1000 -1000 -1000 -10 0.00169407
Car -1 -1 -10 450.561 1108.415 503.661 1197.913 -1 -1 -1 -1000 -1000 -1000 -10 0.00169111
Car -1 -1 -10 446.272 1142.106 497.945 1200.000 -1 -1 -1 -1000 -1000 -1000 -10 0.00161344
Car -1 -1 -10 1270.430 703.741 1920.000 1175.485 -1 -1 -1 -1000 -1000 -1000 -10 0.00416675
Car -1 -1 -10 1364.826 453.077 1910.934 852.702 -1 -1 -1 -1000 -1000 -1000 -10 0.00149819
Car -1 -1 -10 453.726 1087.359 512.807 1200.000 -1 -1 -1 -1000 -1000 -1000 -10 0.00147903
Car -1 -1 -10 1318.327 250.296 1920.000 652.719 -1 -1 -1 -1000 -1000 -1000 -10 0.00137033
Car -1 -1 -10 1578.488 570.300 1920.000 1200.000 -1 -1 -1 -1000 -1000 -1000 -10 0.00135284
Car -1 -1 -10 1467.111 799.099 1920.000 1200.000 -1 -1 -1 -1000 -1000 -1000 -10 0.00124803
