Car -1 -1 -10 1562.137 603.304 1700.416 707.981 -1 -1 -1 -1000 -1000 -1000 -10 0.99979401
Car -1 -1 -10 1068.887 618.716 1173.618 697.610 -1 -1 -1 -1000 -1000 -1000 -10 0.97753911
Car -1 -1 -10 1490.687 611.085 1546.219 658.975 -1 -1 -1 -1000 -1000 -1000 -10 0.03646314
Car -1 -1 -10 0.000 508.739 991.512 1194.537 -1 -1 -1 -1000 -1000 -1000 -10 0.01280338
Car -1 -1 -10 1197.372 632.119 1254.727 680.238 -1 -1 -1 -1000 -1000 -1000 -10 0.00600177
Car -1 -1 -10 20.062 630.600 605.721 1002.405 -1 -1 -1 -1000 -1000 -1000 -10 0.00486690
Car -1 -1 -10 186.262 646.124 529.551 778.252 -1 -1 -1 -1000 -1000 -1000 -10 0.00558627
Car -1 -1 -10 0.000 799.631 456.995 1199.158 -1 -1 -1 -1000 -1000 -1000 -10 0.00873506
Car -1 -1 -10 1541.100 608.343 1611.377 673.281 -1 -1 -1 -1000 -1000 -1000 -10 0.00240735
Car -1 -1 -10 23.103 624.416 724.412 1091.880 -1 -1 -1 -1000 -1000 -1000 -10 0.00200588
Car -1 -1 -10 1552.080 607.246 1606.495 661.830 -1 -1 -1 -1000 -1000 -1000 -10 0.00195830
Car -1 -1 -10 149.390 573.038 450.148 1124.610 -1 -1 -1 -1000 -1000 -1000 -10 0.00191126
Car -1 -1 -10 254.641 669.657 439.840 758.193 -1 -1 -1 -1000 -1000 -1000 -10 0.00338988
Car -1 -1 -10 0.000 592.945 607.631 1151.023 -1 -1 -1 -1000 -1000 -1000 -10 0.00182261
Car -1 -1 -10 0.000 1021.856 244.929 1200.000 -1 -1 -1 -1000 -1000 -1000 -10 0.00175846
Car -1 -1 -10 135.324 638.897 462.787 780.301 -1 -1 -1 -1000 -1000 -1000 -10 0.00326102
Car -1 -1 -10 0.000 1109.009 125.053 1200.000 -1 -1 -1 -1000 -1000 -1000 -10 0.00150143
Car -1 -1 -10 78.225 676.603 538.178 966.722 -1 -1 -1 -1000 -1000 -1000 -10 0.00148052
Car -1 -1 -10 0.000 1063.225 298.897 1200.000 -1 -1 -1 -1000 -1000 -1000 -10 0.00147896
Car -1 -1 -10 225.897 529.393 421.501 1192.551 -1 -1 -1 -1000 -1000 -1000 -10 0.00281577
Car -1 -1 -10 1.366 654.340 406.856 997.944 -1 -1 -1 -1000 -1000 -1000 -10 0.00142125
Car -1 -1 -10 151.999 566.564 681.490 808.730 -1 -1 -1 -1000 -1000 -1000 -10 0.00142081
Car -1 -1 -10 235.693 543.304 363.931 1190.898 -1 -1 -1 -1000 -1000 -1000 -10 0.00138811
Car -1 -1 -10 274.662 388.858 542.699 1200.000 -1 -1 -1 -1000 -1000 -1000 -10 0.00136562
Car -1 -1 -10 304.977 589.629 618.519 739.040 -1 -1 -1 -1000 -1000 -1000 -10 0.00126549
