Car -1 -1 -10 734.282 571.015 805.945 638.583 -1 -1 -1 -1000 -1000 -1000 -10 0.41012556
Car -1 -1 -10 558.953 1047.372 968.694 1200.000 -1 -1 -1 -1000 -1000 -1000 -10 0.00396232
Car -1 -1 -10 0.000 797.789 456.690 1198.158 -1 -1 -1 -1000 -1000 -1000 -10 0.00543498
Car -1 -1 -10 695.141 795.989 1323.464 1193.125 -1 -1 -1 -1000 -1000 -1000 -10 0.00358238
Car -1 -1 -10 331.603 821.549 947.347 1191.576 -1 -1 -1 -1000 -1000 -1000 -10 0.00357360
Car -1 -1 -10 647.668 1090.817 808.468 1188.378 -1 -1 -1 -1000 -1000 -1000 -10 0.00170795
Car -1 -1 -10 685.992 1078.451 747.138 1200.000 -1 -1 -1 -1000 -1000 -1000 -10 0.00169564
Car -1 -1 -10 944.503 1054.256 1320.325 1200.000 -1 -1 -1 -1000 -1000 -1000 -10 0.00168668
Car -1 -1 -10 647.862 1068.141 810.203 1168.817 -1 -1 -1 -1000 -1000 -1000 -10 0.00166825
Car -1 -1 -10 638.032 1102.739 811.201 1200.000 -1 -1 -1 -1000 -1000 -1000 -10 0.00165103
Car -1 -1 -10 932.545 698.376 1180.748 1198.221 -1 -1 -1 -1000 -1000 -1000 -10 0.00284392
Car -1 -1 -10 4.772 782.014 311.709 1199.210 -1 -1 -1 -1000 -1000 -1000 -10 0.00162227
Car -1 -1 -10 673.976 930.015 1297.017 1200.000 -1 -1 -1 -1000 -1000 -1000 -10 0.00162038
Car -1 -1 -10 958.430 1080.254 1272.643 1200.000 -1 -1 -1 -1000 -1000 -1000 -10 0.00161827
Car -1 -1 -10 768.540 1040.435 1189.004 1200.000 -1 -1 -1 -1000 -1000 -1000 -10 0.00427317
Car -1 -1 -10 603.249 1102.780 844.207 1200.000 -1 -1 -1 -1000 -1000 -1000 -10 0.00158997
Car -1 -1 -10 637.186 709.525 873.440 1196.838 -1 -1 -1 -1000 -1000 -1000 -10 0.00156629
Car -1 -1 -10 723.020 646.850 1247.558 1200.000 -1 -1 -1 -1000 -1000 -1000 -10 0.00156242
Car -1 -1 -10 471.370 927.349 1116.209 1200.000 -1 -1 -1 -1000 -1000 -1000 -10 0.00419025
Car -1 -1 -10 651.804 830.174 812.381 1200.000 -1 -1 -1 -1000 -1000 -1000 -10 0.00153799
Car -1 -1 -10 844.763 641.576 1115.932 1200.000 -1 -1 -1 -1000 -1000 -1000 -10 0.00153683
Car -1 -1 -10 11.823 685.819 253.131 1200.000 -1 -1 -1 -1000 -1000 -1000 -10 0.00447940
Car -1 -1 -10 718.137 550.871 849.646 633.507 -1 -1 -1 -1000 -1000 -1000 -10 0.00153129
Car -1 -1 -10 598.017 1101.991 769.773 1200.000 -1 -1 -1 -1000 -1000 -1000 -10 0.00280602
Car -1 -1 -10 968.980 877.428 1256.696 1200.000 -1 -1 -1 -1000 -1000 -1000 -10 0.00152781
Car -1 -1 -10 714.855 1066.354 875.122 1166.699 -1 -1 -1 -1000 -1000 -1000 -10 0.00287940
Car -1 -1 -10 747.948 834.915 907.784 1200.000 -1 -1 -1 -1000 -1000 -1000 -10 0.00147063
Car -1 -1 -10 1045.759 1090.822 1213.658 1190.239 -1 -1 -1 -1000 -1000 -1000 -10 0.00274863
Car -1 -1 -10 536.123 800.664 885.785 1197.817 -1 -1 -1 -1000 -1000 -1000 -10 0.00143789
Car -1 -1 -10 2.787 1019.944 289.915 1200.000 -1 -1 -1 -1000 -1000 -1000 -10 0.00142209
Car -1 -1 -10 915.322 828.414 1076.110 1200.000 -1 -1 -1 -1000 -1000 -1000 -10 0.00142057
Car -1 -1 -10 708.924 650.025 978.075 1200.000 -1 -1 -1 -1000 -1000 -1000 -10 0.00141074
Car -1 -1 -10 819.807 800.852 1042.908 1014.064 -1 -1 -1 -1000 -1000 -1000 -10 0.00135848
Car -1 -1 -10 617.085 940.916 847.003 1199.923 -1 -1 -1 -1000 -1000 -1000 -10 0.00135664
Car -1 -1 -10 472.379 659.579 657.304 1193.250 -1 -1 -1 -1000 -1000 -1000 -10 0.00135327
Car -1 -1 -10 435.814 1036.156 867.876 1200.000 -1 -1 -1 -1000 -1000 -1000 -10 0.00135096
Car -1 -1 -10 564.789 869.338 847.188 1200.000 -1 -1 -1 -1000 -1000 -1000 -10 0.00134820
Car -1 -1 -10 563.888 648.572 756.339 1192.109 -1 -1 -1 -1000 -1000 -1000 -10 0.00133565
Car -1 -1 -10 562.930 696.092 806.595 1200.000 -1 -1 -1 -1000 -1000 -1000 -10 0.00133489
Car -1 -1 -10 20.038 589.710 197.636 1180.341 -1 -1 -1 -1000 -1000 -1000 -10 0.00133261
Car -1 -1 -10 974.535 1068.509 1141.782 1166.683 -1 -1 -1 -1000 -1000 -1000 -10 0.00133187
Car -1 -1 -10 677.830 808.182 1032.229 1197.853 -1 -1 -1 -1000 -1000 -1000 -10 0.00132426
Car -1 -1 -10 717.089 756.927 844.095 1199.740 -1 -1 -1 -1000 -1000 -1000 -10 0.00131903
Car -1 -1 -10 834.991 354.460 1126.139 1200.000 -1 -1 -1 -1000 -1000 -1000 -10 0.00131747
Car -1 -1 -10 507.206 1057.662 894.592 1200.000 -1 -1 -1 -1000 -1000 -1000 -10 0.00131592
Car -1 -1 -10 844.063 832.414 1003.610 1200.000 -1 -1 -1 -1000 -1000 -1000 -10 0.00131573
Car -1 -1 -10 0.000 936.312 322.048 1200.000 -1 -1 -1 -1000 -1000 -1000 -10 0.00131316
Car -1 -1 -10 806.021 571.402 843.082 622.802 -1 -1 -1 -1000 -1000 -1000 -10 0.00256104
Car -1 -1 -10 580.210 827.353 741.325 1200.000 -1 -1 -1 -1000 -1000 -1000 -10 0.00130657
Car -1 -1 -10 888.887 1013.000 1364.318 1200.000 -1 -1 -1 -1000 -1000 -1000 -10 0.00129980
Car -1 -1 -10 972.975 643.862 1164.397 1191.037 -1 -1 -1 -1000 -1000 -1000 -10 0.00129458
Car -1 -1 -10 420.507 640.372 691.769 1200.000 -1 -1 -1 -1000 -1000 -1000 -10 0.00129012
Car -1 -1 -10 0.000 1060.989 323.454 1200.000 -1 -1 -1 -1000 -1000 -1000 -10 0.00127945
Car -1 -1 -10 691.029 1102.822 935.635 1200.000 -1 -1 -1 -1000 -1000 -1000 -10 0.00127331
Car -1 -1 -10 722.357 1079.883 783.827 1200.000 -1 -1 -1 -1000 -1000 -1000 -10 0.00126326
Car -1 -1 -10 685.604 645.176 874.889 1186.994 -1 -1 -1 -1000 -1000 -1000 -10 0.00124897
Car -1 -1 -10 806.977 641.243 1072.312 1200.000 -1 -1 -1 -1000 -1000 -1000 -10 0.00123439
Car -1 -1 -10 900.414 1101.017 1148.999 1200.000 -1 -1 -1 -1000 -1000 -1000 -10 0.00121371
Car -1 -1 -10 620.237 653.328 795.403 1195.497 -1 -1 -1 -1000 -1000 -1000 -10 0.00120022
Car -1 -1 -10 392.067 1085.074 709.059 1200.000 -1 -1 -1 -1000 -1000 -1000 -10 0.00119569
