Car -1 -1 -10 423.112 579.467 526.308 673.754 -1 -1 -1 -1000 -1000 -1000 -10 0.81096977
Car -1 -1 -10 1646.406 525.539 1917.385 680.916 -1 -1 -1 -1000 -1000 -1000 -10 0.78796713
Car -1 -1 -10 1592.335 532.230 1813.219 666.502 -1 -1 -1 -1000 -1000 -1000 -10 0.20510921
Car -1 -1 -10 497.897 589.738 560.491 652.490 -1 -1 -1 -1000 -1000 -1000 -10 0.10027742
Car -1 -1 -10 462.844 585.970 562.103 667.218 -1 -1 -1 -1000 -1000 -1000 -10 0.01077933
Car -1 -1 -10 0.000 648.063 439.457 1200.000 -1 -1 -1 -1000 -1000 -1000 -10 0.00603676
Car -1 -1 -10 0.000 791.239 466.227 1200.000 -1 -1 -1 -1000 -1000 -1000 -10 0.00493507
Car -1 -1 -10 545.605 590.733 599.804 644.816 -1 -1 -1 -1000 -1000 -1000 -10 0.00475706
Car -1 -1 -10 1618.421 557.065 1813.964 662.512 -1 -1 -1 -1000 -1000 -1000 -10 0.00265315
Car -1 -1 -10 1741.963 539.891 1880.828 673.264 -1 -1 -1 -1000 -1000 -1000 -10 0.00772065
Car -1 -1 -10 465.073 593.596 546.496 665.919 -1 -1 -1 -1000 -1000 -1000 -10 0.00369869
Car -1 -1 -10 17.597 569.627 152.175 1191.948 -1 -1 -1 -1000 -1000 -1000 -10 0.00166991
Car -1 -1 -10 447.931 544.188 496.577 706.622 -1 -1 -1 -1000 -1000 -1000 -10 0.00158648
Car -1 -1 -10 456.698 540.841 504.340 706.504 -1 -1 -1 -1000 -1000 -1000 -10 0.00150980
Car -1 -1 -10 430.604 589.150 492.905 652.255 -1 -1 -1 -1000 -1000 -1000 -10 0.00257258
Car -1 -1 -10 0.000 935.503 324.823 1200.000 -1 -1 -1 -1000 -1000 -1000 -10 0.00135173
Car -1 -1 -10 456.544 581.355 485.676 682.507 -1 -1 -1 -1000 -1000 -1000 -10 0.00134186
