Car -1 -1 -10 0.000 796.447 459.816 1198.789 -1 -1 -1 -1000 -1000 -1000 -10 0.01254086
Car -1 -1 -10 0.980 907.619 227.802 1183.578 -1 -1 -1 -1000 -1000 -1000 -10 0.00343329
Car -1 -1 -10 0.000 934.560 326.082 1200.000 -1 -1 -1 -1000 -1000 -1000 -10 0.00187365
Car -1 -1 -10 86.777 568.622 226.169 1200.000 -1 -1 -1 -1000 -1000 -1000 -10 0.00249547
Car -1 -1 -10 0.000 967.094 165.526 1066.125 -1 -1 -1 -1000 -1000 -1000 -10 0.00156830
Car -1 -1 -10 1627.661 569.676 1793.108 655.590 -1 -1 -1 -1000 -1000 -1000 -10 0.00268799
Car -1 -1 -10 1409.745 453.734 1920.000 795.983 -1 -1 -1 -1000 -1000 -1000 -10 0.00131830
Car -1 -1 -10 0.000 1004.939 258.208 1200.000 -1 -1 -1 -1000 -1000 -1000 -10 0.00126096
Car -1 -1 -10 672.672 780.634 1277.393 1194.931 -1 -1 -1 -1000 -1000 -1000 -10 0.00195195
Car -1 -1 -10 873.574 651.094 1066.660 1188.823 -1 -1 -1 -1000 -1000 -1000 -10 0.00115380
Car -1 -1 -10 0.000 973.918 108.136 1104.283 -1 -1 -1 -1000 -1000 -1000 -10 0.00107929
Car -1 -1 -10 1309.106 249.585 1886.661 607.320 -1 -1 -1 -1000 -1000 -1000 -10 0.00104885
Car -1 -1 -10 0.000 1064.792 196.067 1200.000 -1 -1 -1 -1000 -1000 -1000 -10 0.00103442
Car -1 -1 -10 1428.009 520.220 1917.525 836.576 -1 -1 -1 -1000 -1000 -1000 -10 0.00098988
Car -1 -1 -10 379.068 631.475 556.612 1190.195 -1 -1 -1 -1000 -1000 -1000 -10 0.00098658
Car -1 -1 -10 1551.151 579.795 1828.500 744.867 -1 -1 -1 -1000 -1000 -1000 -10 0.00181581
Car -1 -1 -10 384.734 1159.184 423.361 1200.000 -1 -1 -1 -1000 -1000 -1000 -10 0.00095486
Car -1 -1 -10 1545.391 488.462 1845.233 638.365 -1 -1 -1 -1000 -1000 -1000 -10 0.00094360
Car -1 -1 -10 1353.978 342.498 1914.454 764.897 -1 -1 -1 -1000 -1000 -1000 -10 0.00091953
Car -1 -1 -10 782.631 646.050 971.492 1188.139 -1 -1 -1 -1000 -1000 -1000 -10 0.00089858
Car -1 -1 -10 5.385 580.790 370.179 967.241 -1 -1 -1 -1000 -1000 -1000 -10 0.00088477
Car -1 -1 -10 1614.375 590.397 1771.527 685.797 -1 -1 -1 -1000 -1000 -1000 -10 0.00085011
Car -1 -1 -10 896.101 584.856 1050.049 1200.000 -1 -1 -1 -1000 -1000 -1000 -10 0.00079913
Car -1 -1 -10 0.000 540.821 264.396 914.163 -1 -1 -1 -1000 -1000 -1000 -10 0.00075096
Car -1 -1 -10 0.000 480.214 420.705 1034.230 -1 -1 -1 -1000 -1000 -1000 -10 0.00073977
