Car -1 -1 -10 918.788 498.099 1920.000 1200.000 -1 -1 -1 -1000 -1000 -1000 -10 0.04064532
Car -1 -1 -10 1444.078 346.495 1920.000 1198.147 -1 -1 -1 -1000 -1000 -1000 -10 0.01916216
Car -1 -1 -10 322.992 151.305 1912.418 1200.000 -1 -1 -1 -1000 -1000 -1000 -10 0.01573298
Car -1 -1 -10 1341.334 643.310 1920.000 1069.353 -1 -1 -1 -1000 -1000 -1000 -10 0.01292330
Car -1 -1 -10 701.836 438.131 945.259 945.121 -1 -1 -1 -1000 -1000 -1000 -10 0.00992028
Car -1 -1 -10 1347.441 513.014 1888.124 836.787 -1 -1 -1 -1000 -1000 -1000 -10 0.00580171
Car -1 -1 -10 1316.420 550.599 1918.234 955.344 -1 -1 -1 -1000 -1000 -1000 -10 0.00578629
Car -1 -1 -10 1303.642 720.136 1726.751 939.396 -1 -1 -1 -1000 -1000 -1000 -10 0.00446480
Car -1 -1 -10 1265.102 427.680 1915.372 1100.581 -1 -1 -1 -1000 -1000 -1000 -10 0.00429136
Car -1 -1 -10 1505.362 551.994 1735.034 993.849 -1 -1 -1 -1000 -1000 -1000 -10 0.00414343
Car -1 -1 -10 1199.054 551.206 1863.684 947.067 -1 -1 -1 -1000 -1000 -1000 -10 0.00404488
Car -1 -1 -10 1158.716 457.432 1820.546 848.167 -1 -1 -1 -1000 -1000 -1000 -10 0.00393072
Car -1 -1 -10 1399.954 767.921 1627.003 907.943 -1 -1 -1 -1000 -1000 -1000 -10 0.00382819
Car -1 -1 -10 1404.861 550.824 1826.854 801.540 -1 -1 -1 -1000 -1000 -1000 -10 0.00371192
Car -1 -1 -10 1443.559 419.738 1800.719 1050.445 -1 -1 -1 -1000 -1000 -1000 -10 0.00342483
