Car -1 -1 -10 645.732 584.731 730.006 653.973 -1 -1 -1 -1000 -1000 -1000 -10 0.99944142
Car -1 -1 -10 354.967 581.101 528.036 713.134 -1 -1 -1 -1000 -1000 -1000 -10 0.99849208
Car -1 -1 -10 491.328 592.584 561.878 672.597 -1 -1 -1 -1000 -1000 -1000 -10 0.91695465
Car -1 -1 -10 165.206 611.942 302.209 719.176 -1 -1 -1 -1000 -1000 -1000 -10 0.99220070
Car -1 -1 -10 785.371 585.403 877.519 656.141 -1 -1 -1 -1000 -1000 -1000 -10 0.96547651
Car -1 -1 -10 1156.693 476.582 1739.480 728.537 -1 -1 -1 -1000 -1000 -1000 -10 0.40812347
Car -1 -1 -10 233.580 624.758 334.261 708.356 -1 -1 -1 -1000 -1000 -1000 -10 0.06172734
Car -1 -1 -10 439.662 591.728 546.493 693.527 -1 -1 -1 -1000 -1000 -1000 -10 0.01198828
Car -1 -1 -10 1159.717 501.721 1479.895 749.841 -1 -1 -1 -1000 -1000 -1000 -10 0.00699009
Car -1 -1 -10 1407.986 488.129 1752.784 700.894 -1 -1 -1 -1000 -1000 -1000 -10 0.01243363
