Car -1 -1 -10 511.052 600.441 758.055 800.948 -1 -1 -1 -1000 -1000 -1000 -10 0.99858224
Car -1 -1 -10 529.150 603.795 659.791 729.807 -1 -1 -1 -1000 -1000 -1000 -10 0.01272490
Car -1 -1 -10 120.541 691.515 270.627 791.035 -1 -1 -1 -1000 -1000 -1000 -10 0.00405513
Car -1 -1 -10 6.887 661.728 625.140 1178.752 -1 -1 -1 -1000 -1000 -1000 -10 0.00671030
Car -1 -1 -10 551.788 587.817 705.956 693.209 -1 -1 -1 -1000 -1000 -1000 -10 0.00296484
Car -1 -1 -10 398.042 597.296 581.610 1179.253 -1 -1 -1 -1000 -1000 -1000 -10 0.00277844
Car -1 -1 -10 607.277 605.233 745.016 727.743 -1 -1 -1 -1000 -1000 -1000 -10 0.00512055
Car -1 -1 -10 0.000 792.621 445.042 1199.100 -1 -1 -1 -1000 -1000 -1000 -10 0.00134937
Car -1 -1 -10 348.293 586.637 542.245 1174.472 -1 -1 -1 -1000 -1000 -1000 -10 0.00124628
Car -1 -1 -10 569.679 538.953 619.418 842.307 -1 -1 -1 -1000 -1000 -1000 -10 0.00118583
Car -1 -1 -10 328.717 613.927 509.261 1184.015 -1 -1 -1 -1000 -1000 -1000 -10 0.00208552
Car -1 -1 -10 457.362 615.973 602.148 711.196 -1 -1 -1 -1000 -1000 -1000 -10 0.00221624
Car -1 -1 -10 293.242 1070.915 696.494 1200.000 -1 -1 -1 -1000 -1000 -1000 -10 0.00108001
Car -1 -1 -10 10.287 678.387 252.515 1195.807 -1 -1 -1 -1000 -1000 -1000 -10 0.00107997
Car -1 -1 -10 347.051 1106.531 603.938 1200.000 -1 -1 -1 -1000 -1000 -1000 -10 0.00105142
Car -1 -1 -10 466.578 582.023 658.473 1180.387 -1 -1 -1 -1000 -1000 -1000 -10 0.00104326
Car -1 -1 -10 528.485 1128.421 595.144 1200.000 -1 -1 -1 -1000 -1000 -1000 -10 0.00102381
Car -1 -1 -10 69.934 349.225 365.740 1200.000 -1 -1 -1 -1000 -1000 -1000 -10 0.00194111
Car -1 -1 -10 1456.012 396.793 1901.098 927.398 -1 -1 -1 -1000 -1000 -1000 -10 0.00095705
Car -1 -1 -10 581.344 548.596 632.908 835.057 -1 -1 -1 -1000 -1000 -1000 -10 0.00091849
Car -1 -1 -10 1636.140 0.000 1920.000 207.452 -1 -1 -1 -1000 -1000 -1000 -10 0.00088940
Car -1 -1 -10 130.182 585.196 325.083 1181.858 -1 -1 -1 -1000 -1000 -1000 -10 0.00086423
Car -1 -1 -10 0.000 811.412 212.598 1194.113 -1 -1 -1 -1000 -1000 -1000 -10 0.00085189
