Car -1 -1 -10 178.019 601.643 294.481 684.222 -1 -1 -1 -1000 -1000 -1000 -10 0.99589825
Car -1 -1 -10 262.101 603.290 344.831 664.729 -1 -1 -1 -1000 -1000 -1000 -10 0.19468126
Car -1 -1 -10 1297.324 444.769 1920.000 1050.864 -1 -1 -1 -1000 -1000 -1000 -10 0.01190814
Car -1 -1 -10 1390.512 376.521 1920.000 1012.378 -1 -1 -1 -1000 -1000 -1000 -10 0.00593801
Car -1 -1 -10 1443.024 454.604 1920.000 793.108 -1 -1 -1 -1000 -1000 -1000 -10 0.00503163
Car -1 -1 -10 27.140 478.772 1266.640 1195.072 -1 -1 -1 -1000 -1000 -1000 -10 0.00485807
Car -1 -1 -10 254.684 482.777 1501.377 1188.918 -1 -1 -1 -1000 -1000 -1000 -10 0.00208485
Car -1 -1 -10 1505.322 601.116 1920.000 846.157 -1 -1 -1 -1000 -1000 -1000 -10 0.00208426
Car -1 -1 -10 1003.453 485.284 1920.000 1195.786 -1 -1 -1 -1000 -1000 -1000 -10 0.00483429
Car -1 -1 -10 1564.618 452.763 1869.327 997.895 -1 -1 -1 -1000 -1000 -1000 -10 0.00201788
Car -1 -1 -10 1514.995 524.196 1914.553 912.525 -1 -1 -1 -1000 -1000 -1000 -10 0.00301822
Car -1 -1 -10 1472.590 583.231 1871.413 952.198 -1 -1 -1 -1000 -1000 -1000 -10 0.00149348
Car -1 -1 -10 1327.395 704.400 1920.000 1168.905 -1 -1 -1 -1000 -1000 -1000 -10 0.00125097
Car -1 -1 -10 1494.226 400.646 1920.000 666.295 -1 -1 -1 -1000 -1000 -1000 -10 0.00124155
