Car -1 -1 -10 990.760 556.761 1480.971 802.701 -1 -1 -1 -1000 -1000 -1000 -10 0.35486850
Car -1 -1 -10 909.725 588.553 1247.418 737.973 -1 -1 -1 -1000 -1000 -1000 -10 0.29570736
Car -1 -1 -10 1068.799 546.597 1600.132 844.883 -1 -1 -1 -1000 -1000 -1000 -10 0.10533017
Car -1 -1 -10 1070.347 549.989 1723.252 867.352 -1 -1 -1 -1000 -1000 -1000 -10 0.05686740
Car -1 -1 -10 970.457 566.678 1420.736 778.316 -1 -1 -1 -1000 -1000 -1000 -10 0.02724769
Car -1 -1 -10 1136.436 547.384 1831.439 879.197 -1 -1 -1 -1000 -1000 -1000 -10 0.02135460
Car -1 -1 -10 1588.638 435.222 1920.000 838.483 -1 -1 -1 -1000 -1000 -1000 -10 0.01518935
Car -1 -1 -10 1478.226 399.834 1920.000 937.151 -1 -1 -1 -1000 -1000 -1000 -10 0.00912696
Car -1 -1 -10 1272.047 558.776 1706.125 806.622 -1 -1 -1 -1000 -1000 -1000 -10 0.01525348
Car -1 -1 -10 874.707 603.548 1143.809 721.554 -1 -1 -1 -1000 -1000 -1000 -10 0.00810505
Car -1 -1 -10 918.098 616.364 1102.222 714.436 -1 -1 -1 -1000 -1000 -1000 -10 0.01156152
Car -1 -1 -10 1195.514 565.275 1566.518 777.576 -1 -1 -1 -1000 -1000 -1000 -10 0.00695530
Car -1 -1 -10 883.039 635.942 1048.875 728.760 -1 -1 -1 -1000 -1000 -1000 -10 0.00860938
Car -1 -1 -10 808.046 620.954 971.756 701.537 -1 -1 -1 -1000 -1000 -1000 -10 0.00834284
Car -1 -1 -10 1022.567 604.878 1202.698 716.733 -1 -1 -1 -1000 -1000 -1000 -10 0.00698430
Car -1 -1 -10 1152.838 548.548 1507.433 748.402 -1 -1 -1 -1000 -1000 -1000 -10 0.00360110
Car -1 -1 -10 1256.850 462.828 1916.943 876.503 -1 -1 -1 -1000 -1000 -1000 -10 0.00350303
Car -1 -1 -10 1630.795 462.670 1920.000 881.807 -1 -1 -1 -1000 -1000 -1000 -10 0.00345213
