Car -1 -1 -10 1587.449 569.650 1699.464 662.927 -1 -1 -1 -1000 -1000 -1000 -10 0.99831983
Car -1 -1 -10 423.932 565.570 619.047 687.756 -1 -1 -1 -1000 -1000 -1000 -10 0.49871647
Car -1 -1 -10 463.001 569.953 624.802 677.022 -1 -1 -1 -1000 -1000 -1000 -10 0.49123244
Car -1 -1 -10 549.225 566.644 700.466 663.810 -1 -1 -1 -1000 -1000 -1000 -10 0.30862772
Car -1 -1 -10 1145.810 560.161 1228.443 617.161 -1 -1 -1 -1000 -1000 -1000 -10 0.11780463
Car -1 -1 -10 249.558 569.083 408.274 640.623 -1 -1 -1 -1000 -1000 -1000 -10 0.16558640
Car -1 -1 -10 410.144 583.449 563.958 684.161 -1 -1 -1 -1000 -1000 -1000 -10 0.01962055
Car -1 -1 -10 890.112 571.664 939.124 616.568 -1 -1 -1 -1000 -1000 -1000 -10 0.01569151
Car -1 -1 -10 557.832 1009.759 917.668 1190.463 -1 -1 -1 -1000 -1000 -1000 -10 0.00543838
Car -1 -1 -10 440.575 821.549 1084.339 1193.199 -1 -1 -1 -1000 -1000 -1000 -10 0.01426299
Car -1 -1 -10 330.227 516.935 1561.922 1197.100 -1 -1 -1 -1000 -1000 -1000 -10 0.00958158
Car -1 -1 -10 1081.122 744.779 1915.398 1192.922 -1 -1 -1 -1000 -1000 -1000 -10 0.01177983
Car -1 -1 -10 0.000 784.230 488.097 1197.934 -1 -1 -1 -1000 -1000 -1000 -10 0.01132818
Car -1 -1 -10 0.000 515.778 1040.612 1189.962 -1 -1 -1 -1000 -1000 -1000 -10 0.00832785
Car -1 -1 -10 540.041 1051.781 945.487 1200.000 -1 -1 -1 -1000 -1000 -1000 -10 0.00442577
Car -1 -1 -10 740.289 759.526 1679.339 1193.661 -1 -1 -1 -1000 -1000 -1000 -10 0.00763771
Car -1 -1 -10 584.482 899.940 881.106 1200.000 -1 -1 -1 -1000 -1000 -1000 -10 0.00400137
Car -1 -1 -10 0.000 673.951 357.327 1200.000 -1 -1 -1 -1000 -1000 -1000 -10 0.00394716
Car -1 -1 -10 818.189 506.972 1920.000 1200.000 -1 -1 -1 -1000 -1000 -1000 -10 0.00691341
Car -1 -1 -10 637.022 802.629 827.802 1199.914 -1 -1 -1 -1000 -1000 -1000 -10 0.00360188
Car -1 -1 -10 860.666 1054.719 1236.869 1199.447 -1 -1 -1 -1000 -1000 -1000 -10 0.00597200
Car -1 -1 -10 632.365 1091.094 801.158 1190.523 -1 -1 -1 -1000 -1000 -1000 -10 0.00342865
Car -1 -1 -10 585.118 732.444 1493.284 1198.503 -1 -1 -1 -1000 -1000 -1000 -10 0.00342162
Car -1 -1 -10 622.849 1099.109 879.125 1200.000 -1 -1 -1 -1000 -1000 -1000 -10 0.00312413
Car -1 -1 -10 826.838 1033.147 1289.368 1200.000 -1 -1 -1 -1000 -1000 -1000 -10 0.00307376
Car -1 -1 -10 1283.298 767.341 1625.274 1084.465 -1 -1 -1 -1000 -1000 -1000 -10 0.00298838
Car -1 -1 -10 1245.643 844.637 1567.687 1196.917 -1 -1 -1 -1000 -1000 -1000 -10 0.00280612
Car -1 -1 -10 887.445 832.966 1247.156 1194.383 -1 -1 -1 -1000 -1000 -1000 -10 0.00507812
Car -1 -1 -10 1048.104 609.316 1180.126 1199.525 -1 -1 -1 -1000 -1000 -1000 -10 0.00260711
Car -1 -1 -10 757.525 937.295 1401.502 1200.000 -1 -1 -1 -1000 -1000 -1000 -10 0.00255875
Car -1 -1 -10 1266.025 808.534 1906.431 1192.749 -1 -1 -1 -1000 -1000 -1000 -10 0.00252940
Car -1 -1 -10 1017.392 677.742 1167.582 1200.000 -1 -1 -1 -1000 -1000 -1000 -10 0.00229372
