Car -1 -1 -10 261.718 550.998 501.356 702.318 -1 -1 -1 -1000 -1000 -1000 -10 0.99978408
Car -1 -1 -10 747.905 560.066 847.941 632.124 -1 -1 -1 -1000 -1000 -1000 -10 0.91113712
Car -1 -1 -10 189.687 556.994 413.522 689.764 -1 -1 -1 -1000 -1000 -1000 -10 0.44739493
Car -1 -1 -10 389.206 550.827 533.502 665.515 -1 -1 -1 -1000 -1000 -1000 -10 0.39899731
Car -1 -1 -10 380.547 498.313 1660.065 1195.440 -1 -1 -1 -1000 -1000 -1000 -10 0.02025893
Car -1 -1 -10 638.704 499.000 1894.870 1195.532 -1 -1 -1 -1000 -1000 -1000 -10 0.01474790
Car -1 -1 -10 788.694 573.999 852.258 634.625 -1 -1 -1 -1000 -1000 -1000 -10 0.00649036
Car -1 -1 -10 885.141 568.339 937.411 618.539 -1 -1 -1 -1000 -1000 -1000 -10 0.01006970
Car -1 -1 -10 779.600 763.079 1735.979 1193.040 -1 -1 -1 -1000 -1000 -1000 -10 0.01001279
Car -1 -1 -10 1107.207 748.174 1920.000 1188.304 -1 -1 -1 -1000 -1000 -1000 -10 0.00886925
Car -1 -1 -10 648.022 1041.338 1067.472 1200.000 -1 -1 -1 -1000 -1000 -1000 -10 0.00881402
Car -1 -1 -10 0.000 776.782 519.527 1197.024 -1 -1 -1 -1000 -1000 -1000 -10 0.00786300
Car -1 -1 -10 937.895 516.126 1920.000 1200.000 -1 -1 -1 -1000 -1000 -1000 -10 0.00862334
Car -1 -1 -10 379.107 803.413 1013.322 1192.870 -1 -1 -1 -1000 -1000 -1000 -10 0.00746181
Car -1 -1 -10 804.832 1046.015 1208.195 1197.116 -1 -1 -1 -1000 -1000 -1000 -10 0.01453198
Car -1 -1 -10 662.236 787.505 1349.696 1200.000 -1 -1 -1 -1000 -1000 -1000 -10 0.00698847
Car -1 -1 -10 536.462 865.026 1414.346 1200.000 -1 -1 -1 -1000 -1000 -1000 -10 0.00690585
Car -1 -1 -10 880.649 855.310 1760.541 1200.000 -1 -1 -1 -1000 -1000 -1000 -10 0.00664880
Car -1 -1 -10 1253.546 725.773 1920.000 1162.285 -1 -1 -1 -1000 -1000 -1000 -10 0.00362408
Car -1 -1 -10 650.341 874.898 960.432 1197.823 -1 -1 -1 -1000 -1000 -1000 -10 0.00677975
Car -1 -1 -10 1222.988 1032.693 1596.641 1193.693 -1 -1 -1 -1000 -1000 -1000 -10 0.00335884
Car -1 -1 -10 904.672 610.434 1035.731 1199.636 -1 -1 -1 -1000 -1000 -1000 -10 0.00329985
Car -1 -1 -10 1302.854 764.123 1648.972 1082.750 -1 -1 -1 -1000 -1000 -1000 -10 0.00632580
Car -1 -1 -10 1196.575 820.321 1570.202 1196.729 -1 -1 -1 -1000 -1000 -1000 -10 0.00317361
Car -1 -1 -10 1273.925 800.920 1899.512 1190.539 -1 -1 -1 -1000 -1000 -1000 -10 0.00310671
Car -1 -1 -10 818.677 843.206 1171.256 1192.518 -1 -1 -1 -1000 -1000 -1000 -10 0.00580834
Car -1 -1 -10 474.662 824.920 1103.010 1196.757 -1 -1 -1 -1000 -1000 -1000 -10 0.00304856
Car -1 -1 -10 1103.443 985.456 1667.591 1200.000 -1 -1 -1 -1000 -1000 -1000 -10 0.00293185
Car -1 -1 -10 886.069 845.780 1325.902 1099.194 -1 -1 -1 -1000 -1000 -1000 -10 0.00277404
Car -1 -1 -10 707.184 1098.898 957.822 1200.000 -1 -1 -1 -1000 -1000 -1000 -10 0.00275457
Car -1 -1 -10 937.412 1079.036 1270.192 1200.000 -1 -1 -1 -1000 -1000 -1000 -10 0.00266389
Car -1 -1 -10 1191.820 853.839 1640.792 1100.207 -1 -1 -1 -1000 -1000 -1000 -10 0.00265898
