Car -1 -1 -10 846.694 579.094 1003.717 725.950 -1 -1 -1 -1000 -1000 -1000 -10 0.99989220
Car -1 -1 -10 410.870 578.786 656.766 753.624 -1 -1 -1 -1000 -1000 -1000 -10 0.99847816
Car -1 -1 -10 107.005 577.555 268.629 691.646 -1 -1 -1 -1000 -1000 -1000 -10 0.49918193
Car -1 -1 -10 115.410 568.826 305.071 690.836 -1 -1 -1 -1000 -1000 -1000 -10 0.49811257
Car -1 -1 -10 1034.230 588.025 1103.161 654.243 -1 -1 -1 -1000 -1000 -1000 -10 0.83251932
Car -1 -1 -10 654.814 590.249 731.517 653.450 -1 -1 -1 -1000 -1000 -1000 -10 0.51462700
Car -1 -1 -10 184.463 571.752 307.981 684.382 -1 -1 -1 -1000 -1000 -1000 -10 0.05943638
Car -1 -1 -10 1035.347 562.643 1107.164 631.822 -1 -1 -1 -1000 -1000 -1000 -10 0.00392320
Car -1 -1 -10 371.793 0.000 952.729 194.011 -1 -1 -1 -1000 -1000 -1000 -10 0.00519554
Car -1 -1 -10 502.340 0.000 860.087 114.474 -1 -1 -1 -1000 -1000 -1000 -10 0.00188247
Car -1 -1 -10 80.434 566.442 232.534 670.087 -1 -1 -1 -1000 -1000 -1000 -10 0.00330064
Car -1 -1 -10 0.000 0.000 160.384 115.832 -1 -1 -1 -1000 -1000 -1000 -10 0.00174281
Car -1 -1 -10 602.487 0.000 1003.529 298.768 -1 -1 -1 -1000 -1000 -1000 -10 0.00164169
Car -1 -1 -10 116.895 0.000 165.079 89.539 -1 -1 -1 -1000 -1000 -1000 -10 0.00132766
