Car -1 -1 -10 775.348 567.843 938.422 691.711 -1 -1 -1 -1000 -1000 -1000 -10 0.99895996
Car -1 -1 -10 983.201 594.095 1044.395 648.282 -1 -1 -1 -1000 -1000 -1000 -10 0.42230746
Car -1 -1 -10 0.000 798.035 456.639 1199.492 -1 -1 -1 -1000 -1000 -1000 -10 0.00736142
Car -1 -1 -10 35.215 600.943 225.871 1190.130 -1 -1 -1 -1000 -1000 -1000 -10 0.00417018
Car -1 -1 -10 18.052 1158.141 55.158 1200.000 -1 -1 -1 -1000 -1000 -1000 -10 0.00325731
Car -1 -1 -10 0.000 1139.938 96.974 1200.000 -1 -1 -1 -1000 -1000 -1000 -10 0.00129542
Car -1 -1 -10 0.000 1108.161 90.454 1200.000 -1 -1 -1 -1000 -1000 -1000 -10 0.00231244
Car -1 -1 -10 237.244 633.005 411.486 1188.145 -1 -1 -1 -1000 -1000 -1000 -10 0.00122275
Car -1 -1 -10 8.895 1105.189 254.882 1200.000 -1 -1 -1 -1000 -1000 -1000 -10 0.00355134
Car -1 -1 -10 0.000 969.692 298.504 1200.000 -1 -1 -1 -1000 -1000 -1000 -10 0.00333192
Car -1 -1 -10 0.859 963.149 209.463 1200.000 -1 -1 -1 -1000 -1000 -1000 -10 0.00117997
Car -1 -1 -10 1574.009 563.557 1920.000 1200.000 -1 -1 -1 -1000 -1000 -1000 -10 0.00218441
Car -1 -1 -10 8.831 1157.571 47.154 1200.000 -1 -1 -1 -1000 -1000 -1000 -10 0.00114060
Car -1 -1 -10 0.000 1139.764 54.689 1200.000 -1 -1 -1 -1000 -1000 -1000 -10 0.00109451
Car -1 -1 -10 1464.899 805.859 1920.000 1200.000 -1 -1 -1 -1000 -1000 -1000 -10 0.00206618
Car -1 -1 -10 373.719 1157.832 410.819 1200.000 -1 -1 -1 -1000 -1000 -1000 -10 0.00103786
Car -1 -1 -10 80.483 551.074 232.535 1200.000 -1 -1 -1 -1000 -1000 -1000 -10 0.00098244
Car -1 -1 -10 262.491 641.818 433.497 1189.806 -1 -1 -1 -1000 -1000 -1000 -10 0.00097573
Car -1 -1 -10 843.809 570.656 944.800 664.040 -1 -1 -1 -1000 -1000 -1000 -10 0.00096249
Car -1 -1 -10 0.000 1111.354 123.847 1200.000 -1 -1 -1 -1000 -1000 -1000 -10 0.00096119
Car -1 -1 -10 0.000 1156.799 35.658 1200.000 -1 -1 -1 -1000 -1000 -1000 -10 0.00091123
Car -1 -1 -10 870.376 574.625 959.166 661.594 -1 -1 -1 -1000 -1000 -1000 -10 0.00089666
Car -1 -1 -10 175.212 544.218 326.092 1200.000 -1 -1 -1 -1000 -1000 -1000 -10 0.00089318
Car -1 -1 -10 332.772 640.960 504.536 1186.059 -1 -1 -1 -1000 -1000 -1000 -10 0.00088565
Car -1 -1 -10 0.000 642.263 290.077 1103.796 -1 -1 -1 -1000 -1000 -1000 -10 0.00088324
Car -1 -1 -10 58.743 387.467 379.979 1200.000 -1 -1 -1 -1000 -1000 -1000 -10 0.00086093
