Car -1 -1 -10 836.442 601.429 912.957 662.669 -1 -1 -1 -1000 -1000 -1000 -10 0.46649756
Car -1 -1 -10 968.900 607.160 1023.554 662.798 -1 -1 -1 -1000 -1000 -1000 -10 0.12058609
Car -1 -1 -10 904.839 595.753 957.421 646.420 -1 -1 -1 -1000 -1000 -1000 -10 0.04340468
Car -1 -1 -10 987.178 599.361 1068.067 664.242 -1 -1 -1 -1000 -1000 -1000 -10 0.07397419
Car -1 -1 -10 0.000 543.449 1064.617 1198.953 -1 -1 -1 -1000 -1000 -1000 -10 0.01010869
Car -1 -1 -10 288.068 986.086 515.522 1200.000 -1 -1 -1 -1000 -1000 -1000 -10 0.01083847
Car -1 -1 -10 951.044 595.452 1004.532 647.627 -1 -1 -1 -1000 -1000 -1000 -10 0.00912733
Car -1 -1 -10 832.331 521.285 1909.250 1193.937 -1 -1 -1 -1000 -1000 -1000 -10 0.01332598
Car -1 -1 -10 248.914 849.299 575.571 1196.489 -1 -1 -1 -1000 -1000 -1000 -10 0.01334843
Car -1 -1 -10 939.056 606.280 982.879 654.923 -1 -1 -1 -1000 -1000 -1000 -10 0.00368871
Car -1 -1 -10 184.400 1032.181 628.068 1200.000 -1 -1 -1 -1000 -1000 -1000 -10 0.00629251
Car -1 -1 -10 975.430 612.907 1069.280 693.658 -1 -1 -1 -1000 -1000 -1000 -10 0.00579908
Car -1 -1 -10 939.772 600.742 974.022 650.480 -1 -1 -1 -1000 -1000 -1000 -10 0.00337768
Car -1 -1 -10 181.961 542.738 1380.493 1193.853 -1 -1 -1 -1000 -1000 -1000 -10 0.00618757
Car -1 -1 -10 306.778 676.775 484.543 1194.537 -1 -1 -1 -1000 -1000 -1000 -10 0.00739091
Car -1 -1 -10 292.580 1099.103 480.972 1200.000 -1 -1 -1 -1000 -1000 -1000 -10 0.00284361
Car -1 -1 -10 288.007 1099.913 544.240 1200.000 -1 -1 -1 -1000 -1000 -1000 -10 0.00637292
Car -1 -1 -10 1.968 772.137 645.577 1200.000 -1 -1 -1 -1000 -1000 -1000 -10 0.00273509
Car -1 -1 -10 141.133 983.775 699.523 1200.000 -1 -1 -1 -1000 -1000 -1000 -10 0.00534292
Car -1 -1 -10 966.350 598.944 1033.619 666.952 -1 -1 -1 -1000 -1000 -1000 -10 0.00456850
Car -1 -1 -10 233.132 510.750 588.759 1200.000 -1 -1 -1 -1000 -1000 -1000 -10 0.00485060
Car -1 -1 -10 354.432 1012.934 449.541 1200.000 -1 -1 -1 -1000 -1000 -1000 -10 0.00244951
Car -1 -1 -10 133.090 792.079 782.539 1200.000 -1 -1 -1 -1000 -1000 -1000 -10 0.00455908
Car -1 -1 -10 1762.826 569.692 1920.000 658.193 -1 -1 -1 -1000 -1000 -1000 -10 0.00428385
Car -1 -1 -10 0.000 748.994 466.764 1200.000 -1 -1 -1 -1000 -1000 -1000 -10 0.00628387
Car -1 -1 -10 786.309 606.348 843.878 659.208 -1 -1 -1 -1000 -1000 -1000 -10 0.00368914
Car -1 -1 -10 351.713 872.855 469.055 1200.000 -1 -1 -1 -1000 -1000 -1000 -10 0.00410882
Car -1 -1 -10 0.000 555.069 368.802 1200.000 -1 -1 -1 -1000 -1000 -1000 -10 0.00204235
Car -1 -1 -10 256.502 1118.639 337.224 1200.000 -1 -1 -1 -1000 -1000 -1000 -10 0.00196011
Car -1 -1 -10 115.337 1084.031 433.133 1200.000 -1 -1 -1 -1000 -1000 -1000 -10 0.00373933
Car -1 -1 -10 106.571 1102.714 354.329 1200.000 -1 -1 -1 -1000 -1000 -1000 -10 0.00193319
Car -1 -1 -10 342.429 721.025 496.082 1200.000 -1 -1 -1 -1000 -1000 -1000 -10 0.00192278
Car -1 -1 -10 230.184 1079.783 291.050 1200.000 -1 -1 -1 -1000 -1000 -1000 -10 0.00190989
Car -1 -1 -10 284.206 756.671 410.506 1200.000 -1 -1 -1 -1000 -1000 -1000 -10 0.00189142
Car -1 -1 -10 365.708 1098.972 465.349 1200.000 -1 -1 -1 -1000 -1000 -1000 -10 0.00182959
Car -1 -1 -10 101.723 657.097 631.416 1200.000 -1 -1 -1 -1000 -1000 -1000 -10 0.00180258
Car -1 -1 -10 272.977 1084.952 332.745 1200.000 -1 -1 -1 -1000 -1000 -1000 -10 0.00173470
Car -1 -1 -10 184.003 1103.650 354.440 1200.000 -1 -1 -1 -1000 -1000 -1000 -10 0.00342260
Car -1 -1 -10 178.580 641.704 450.176 1200.000 -1 -1 -1 -1000 -1000 -1000 -10 0.00161438
Car -1 -1 -10 268.706 366.827 555.503 1200.000 -1 -1 -1 -1000 -1000 -1000 -10 0.00299932
Car -1 -1 -10 277.497 1124.157 316.440 1200.000 -1 -1 -1 -1000 -1000 -1000 -10 0.00153889
Car -1 -1 -10 386.512 762.578 1217.551 1182.506 -1 -1 -1 -1000 -1000 -1000 -10 0.00150380
Car -1 -1 -10 172.797 819.706 332.376 1200.000 -1 -1 -1 -1000 -1000 -1000 -10 0.00147324
Car -1 -1 -10 244.500 824.570 404.641 1200.000 -1 -1 -1 -1000 -1000 -1000 -10 0.00140896
Car -1 -1 -10 11.017 1018.579 501.575 1200.000 -1 -1 -1 -1000 -1000 -1000 -10 0.00139526
