Car -1 -1 -10 682.349 589.118 865.681 770.016 -1 -1 -1 -1000 -1000 -1000 -10 0.99826016
Car -1 -1 -10 151.895 462.491 773.305 1017.244 -1 -1 -1 -1000 -1000 -1000 -10 0.59393030
Car -1 -1 -10 1665.941 572.566 1917.425 714.352 -1 -1 -1 -1000 -1000 -1000 -10 0.52462959
Car -1 -1 -10 0.000 427.170 1020.785 1141.168 -1 -1 -1 -1000 -1000 -1000 -10 0.03245122
Car -1 -1 -10 1788.497 566.544 1919.400 709.705 -1 -1 -1 -1000 -1000 -1000 -10 0.02687113
Car -1 -1 -10 0.000 561.753 514.885 1196.246 -1 -1 -1 -1000 -1000 -1000 -10 0.01858812
Car -1 -1 -10 1639.919 604.635 1831.683 709.512 -1 -1 -1 -1000 -1000 -1000 -10 0.01443837
Car -1 -1 -10 444.016 472.994 748.752 1003.903 -1 -1 -1 -1000 -1000 -1000 -10 0.01405776
Car -1 -1 -10 0.607 643.009 651.308 1186.575 -1 -1 -1 -1000 -1000 -1000 -10 0.00710247
Car -1 -1 -10 75.478 602.565 336.720 882.416 -1 -1 -1 -1000 -1000 -1000 -10 0.01002189
Car -1 -1 -10 27.879 555.656 605.918 1107.911 -1 -1 -1 -1000 -1000 -1000 -10 0.00645420
Car -1 -1 -10 68.097 536.409 498.207 1006.774 -1 -1 -1 -1000 -1000 -1000 -10 0.00458990
Car -1 -1 -10 0.000 797.629 568.399 1192.208 -1 -1 -1 -1000 -1000 -1000 -10 0.00355517
