Car -1 -1 -10 1058.615 603.809 1187.411 702.079 -1 -1 -1 -1000 -1000 -1000 -10 0.99937797
Car -1 -1 -10 367.908 599.170 490.248 696.485 -1 -1 -1 -1000 -1000 -1000 -10 0.99113053
Car -1 -1 -10 456.615 624.331 516.072 685.019 -1 -1 -1 -1000 -1000 -1000 -10 0.47763620
Car -1 -1 -10 490.888 616.998 555.805 673.394 -1 -1 -1 -1000 -1000 -1000 -10 0.79921351
Car -1 -1 -10 451.411 612.573 520.018 681.529 -1 -1 -1 -1000 -1000 -1000 -10 0.19780988
Car -1 -1 -10 1032.329 602.994 1132.451 688.313 -1 -1 -1 -1000 -1000 -1000 -10 0.08556111
Car -1 -1 -10 0.489 626.218 109.479 810.724 -1 -1 -1 -1000 -1000 -1000 -10 0.07591963
Car -1 -1 -10 9.596 643.925 519.667 1196.194 -1 -1 -1 -1000 -1000 -1000 -10 0.02319300
Car -1 -1 -10 425.546 601.148 509.912 687.115 -1 -1 -1 -1000 -1000 -1000 -10 0.00997711
Car -1 -1 -10 4.323 607.281 187.524 825.122 -1 -1 -1 -1000 -1000 -1000 -10 0.00943508
Car -1 -1 -10 0.000 599.803 401.080 1142.025 -1 -1 -1 -1000 -1000 -1000 -10 0.00866362
Car -1 -1 -10 579.475 605.718 636.909 657.090 -1 -1 -1 -1000 -1000 -1000 -10 0.00361332
Car -1 -1 -10 0.000 595.927 210.520 853.275 -1 -1 -1 -1000 -1000 -1000 -10 0.00357215
