Car -1 -1 -10 927.090 574.952 1058.150 694.280 -1 -1 -1 -1000 -1000 -1000 -10 0.99995804
Car -1 -1 -10 293.599 615.393 427.148 703.380 -1 -1 -1 -1000 -1000 -1000 -10 0.99907677
Car -1 -1 -10 898.560 600.232 956.077 663.221 -1 -1 -1 -1000 -1000 -1000 -10 0.88576517
Car -1 -1 -10 460.098 605.909 541.721 680.580 -1 -1 -1 -1000 -1000 -1000 -10 0.58516101
Car -1 -1 -10 902.820 581.905 999.327 677.416 -1 -1 -1 -1000 -1000 -1000 -10 0.03446008
Car -1 -1 -10 1092.556 559.372 1186.567 646.410 -1 -1 -1 -1000 -1000 -1000 -10 0.02581075
Car -1 -1 -10 393.854 616.930 492.217 695.126 -1 -1 -1 -1000 -1000 -1000 -10 0.01575102
Car -1 -1 -10 563.237 621.149 616.351 665.817 -1 -1 -1 -1000 -1000 -1000 -10 0.01092739
Car -1 -1 -10 461.112 625.808 519.322 680.921 -1 -1 -1 -1000 -1000 -1000 -10 0.00345315
Car -1 -1 -10 475.051 609.903 535.336 663.833 -1 -1 -1 -1000 -1000 -1000 -10 0.00273845
Car -1 -1 -10 0.000 798.545 457.003 1198.877 -1 -1 -1 -1000 -1000 -1000 -10 0.00619092
Car -1 -1 -10 11.724 681.867 252.718 1200.000 -1 -1 -1 -1000 -1000 -1000 -10 0.00369849
Car -1 -1 -10 191.390 648.654 363.377 1186.664 -1 -1 -1 -1000 -1000 -1000 -10 0.00203560
Car -1 -1 -10 0.000 666.376 469.765 1200.000 -1 -1 -1 -1000 -1000 -1000 -10 0.00194669
Car -1 -1 -10 262.643 640.908 435.136 1185.313 -1 -1 -1 -1000 -1000 -1000 -10 0.00194243
Car -1 -1 -10 54.287 1066.423 462.164 1200.000 -1 -1 -1 -1000 -1000 -1000 -10 0.00334677
Car -1 -1 -10 118.557 648.329 290.188 1192.744 -1 -1 -1 -1000 -1000 -1000 -10 0.00173729
Car -1 -1 -10 262.909 337.917 550.674 1197.248 -1 -1 -1 -1000 -1000 -1000 -10 0.00173243
Car -1 -1 -10 185.403 575.664 554.763 1200.000 -1 -1 -1 -1000 -1000 -1000 -10 0.00169856
Car -1 -1 -10 5.464 1062.406 331.176 1200.000 -1 -1 -1 -1000 -1000 -1000 -10 0.00151736
Car -1 -1 -10 422.576 615.956 482.919 671.465 -1 -1 -1 -1000 -1000 -1000 -10 0.00149868
Car -1 -1 -10 201.363 679.490 675.969 1200.000 -1 -1 -1 -1000 -1000 -1000 -10 0.00144604
Car -1 -1 -10 48.933 832.603 362.140 1200.000 -1 -1 -1 -1000 -1000 -1000 -10 0.00137794
Car -1 -1 -10 486.329 596.455 515.007 694.102 -1 -1 -1 -1000 -1000 -1000 -10 0.00137634
Car -1 -1 -10 84.296 601.325 278.074 1178.229 -1 -1 -1 -1000 -1000 -1000 -10 0.00135076
Car -1 -1 -10 167.698 656.852 337.346 1191.614 -1 -1 -1 -1000 -1000 -1000 -10 0.00132238
Car -1 -1 -10 471.960 542.560 528.003 732.168 -1 -1 -1 -1000 -1000 -1000 -10 0.00132019
Car -1 -1 -10 16.907 373.604 309.100 1200.000 -1 -1 -1 -1000 -1000 -1000 -10 0.00130867
Car -1 -1 -10 54.074 1107.464 309.632 1200.000 -1 -1 -1 -1000 -1000 -1000 -10 0.00123096
Car -1 -1 -10 216.101 342.651 504.992 1200.000 -1 -1 -1 -1000 -1000 -1000 -10 0.00118325
Car -1 -1 -10 240.286 650.126 409.754 1190.186 -1 -1 -1 -1000 -1000 -1000 -10 0.00110242
