Car -1 -1 -10 185.240 554.242 417.207 705.066 -1 -1 -1 -1000 -1000 -1000 -10 0.99889140
Car -1 -1 -10 1089.190 571.336 1194.214 660.140 -1 -1 -1 -1000 -1000 -1000 -10 0.99872239
Car -1 -1 -10 1160.507 559.509 1365.468 703.737 -1 -1 -1 -1000 -1000 -1000 -10 0.99844772
Car -1 -1 -10 658.890 567.396 722.126 621.433 -1 -1 -1 -1000 -1000 -1000 -10 0.71731065
Car -1 -1 -10 1031.258 560.475 1112.149 639.591 -1 -1 -1 -1000 -1000 -1000 -10 0.31857288
Car -1 -1 -10 1034.239 557.092 1109.246 626.511 -1 -1 -1 -1000 -1000 -1000 -10 0.13467567
Car -1 -1 -10 1012.870 565.939 1060.187 620.436 -1 -1 -1 -1000 -1000 -1000 -10 0.09547850
Car -1 -1 -10 1151.583 586.135 1252.484 696.525 -1 -1 -1 -1000 -1000 -1000 -10 0.00373633
Car -1 -1 -10 887.782 789.461 1245.803 1196.543 -1 -1 -1 -1000 -1000 -1000 -10 0.00574671
Car -1 -1 -10 1041.723 558.541 1100.778 617.190 -1 -1 -1 -1000 -1000 -1000 -10 0.00276464
Car -1 -1 -10 1163.344 600.785 1237.594 684.289 -1 -1 -1 -1000 -1000 -1000 -10 0.00270597
Car -1 -1 -10 202.459 1140.561 317.895 1200.000 -1 -1 -1 -1000 -1000 -1000 -10 0.00265133
Car -1 -1 -10 0.000 761.777 589.678 1200.000 -1 -1 -1 -1000 -1000 -1000 -10 0.00260040
Car -1 -1 -10 796.444 1022.958 1270.188 1200.000 -1 -1 -1 -1000 -1000 -1000 -10 0.00436901
Car -1 -1 -10 275.104 503.642 1422.936 1196.582 -1 -1 -1 -1000 -1000 -1000 -10 0.00437840
Car -1 -1 -10 858.929 1082.491 1183.403 1200.000 -1 -1 -1 -1000 -1000 -1000 -10 0.00236980
Car -1 -1 -10 0.000 670.432 473.662 1200.000 -1 -1 -1 -1000 -1000 -1000 -10 0.00230747
Car -1 -1 -10 1172.892 1083.241 1233.403 1200.000 -1 -1 -1 -1000 -1000 -1000 -10 0.00227910
Car -1 -1 -10 995.018 1057.889 1371.751 1200.000 -1 -1 -1 -1000 -1000 -1000 -10 0.00227567
Car -1 -1 -10 896.835 1100.571 1151.115 1200.000 -1 -1 -1 -1000 -1000 -1000 -10 0.00224362
Car -1 -1 -10 931.619 661.861 1110.177 1191.835 -1 -1 -1 -1000 -1000 -1000 -10 0.00220018
Car -1 -1 -10 234.666 1144.292 287.247 1200.000 -1 -1 -1 -1000 -1000 -1000 -10 0.00216543
Car -1 -1 -10 1027.413 1099.483 1209.360 1200.000 -1 -1 -1 -1000 -1000 -1000 -10 0.00216304
Car -1 -1 -10 0.000 799.225 461.485 1200.000 -1 -1 -1 -1000 -1000 -1000 -10 0.00402245
Car -1 -1 -10 1083.551 1069.413 1245.352 1165.906 -1 -1 -1 -1000 -1000 -1000 -10 0.00207680
Car -1 -1 -10 903.143 940.597 1138.333 1200.000 -1 -1 -1 -1000 -1000 -1000 -10 0.00201636
Car -1 -1 -10 939.410 825.909 1101.022 1200.000 -1 -1 -1 -1000 -1000 -1000 -10 0.00192308
Car -1 -1 -10 925.999 1041.538 1365.659 1200.000 -1 -1 -1 -1000 -1000 -1000 -10 0.00191662
Car -1 -1 -10 988.801 1082.772 1298.000 1200.000 -1 -1 -1 -1000 -1000 -1000 -10 0.00367874
Car -1 -1 -10 1221.227 1158.220 1259.114 1200.000 -1 -1 -1 -1000 -1000 -1000 -10 0.00176378
Car -1 -1 -10 737.898 772.478 1348.044 1192.242 -1 -1 -1 -1000 -1000 -1000 -10 0.00175367
Car -1 -1 -10 1082.971 1102.603 1255.032 1200.000 -1 -1 -1 -1000 -1000 -1000 -10 0.00174847
Car -1 -1 -10 1454.351 807.308 1920.000 1200.000 -1 -1 -1 -1000 -1000 -1000 -10 0.00163545
Car -1 -1 -10 1033.497 560.147 1073.146 620.535 -1 -1 -1 -1000 -1000 -1000 -10 0.00154128
