Car -1 -1 -10 682.030 591.641 779.600 673.934 -1 -1 -1 -1000 -1000 -1000 -10 0.70989642
Car -1 -1 -10 359.701 605.606 465.142 679.517 -1 -1 -1 -1000 -1000 -1000 -10 0.92826150
Car -1 -1 -10 0.343 607.910 159.170 712.749 -1 -1 -1 -1000 -1000 -1000 -10 0.68233104
Car -1 -1 -10 1037.110 455.921 1770.582 831.509 -1 -1 -1 -1000 -1000 -1000 -10 0.08923552
Car -1 -1 -10 880.693 428.023 1427.046 823.891 -1 -1 -1 -1000 -1000 -1000 -10 0.03302743
Car -1 -1 -10 639.805 605.564 700.471 662.113 -1 -1 -1 -1000 -1000 -1000 -10 0.03210286
Car -1 -1 -10 1249.695 529.064 1912.924 1127.976 -1 -1 -1 -1000 -1000 -1000 -10 0.05532675
Car -1 -1 -10 1293.644 437.908 1842.352 737.359 -1 -1 -1 -1000 -1000 -1000 -10 0.00982546
Car -1 -1 -10 1267.994 372.267 1717.345 781.452 -1 -1 -1 -1000 -1000 -1000 -10 0.00499436
Car -1 -1 -10 874.854 458.344 1236.517 809.710 -1 -1 -1 -1000 -1000 -1000 -10 0.00449474
Car -1 -1 -10 1429.815 535.394 1887.059 808.472 -1 -1 -1 -1000 -1000 -1000 -10 0.00449367
Car -1 -1 -10 0.000 606.876 77.120 712.046 -1 -1 -1 -1000 -1000 -1000 -10 0.00723918
Car -1 -1 -10 668.850 596.416 736.510 668.137 -1 -1 -1 -1000 -1000 -1000 -10 0.00384040
Car -1 -1 -10 1297.716 430.275 1652.321 643.657 -1 -1 -1 -1000 -1000 -1000 -10 0.00364292
Car -1 -1 -10 1379.518 478.090 1721.864 695.526 -1 -1 -1 -1000 -1000 -1000 -10 0.00360237
Car -1 -1 -10 1377.817 425.076 1897.541 732.029 -1 -1 -1 -1000 -1000 -1000 -10 0.00353491
Car -1 -1 -10 1223.373 424.457 1709.676 727.704 -1 -1 -1 -1000 -1000 -1000 -10 0.00353235
Car -1 -1 -10 595.658 601.547 676.337 662.094 -1 -1 -1 -1000 -1000 -1000 -10 0.00343468
