Car -1 -1 -10 747.361 813.111 1365.807 1199.076 -1 -1 -1 -1000 -1000 -1000 -10 0.01007586
Car -1 -1 -10 0.000 689.416 616.173 1197.013 -1 -1 -1 -1000 -1000 -1000 -10 0.00516864
Car -1 -1 -10 0.000 792.554 468.317 1200.000 -1 -1 -1 -1000 -1000 -1000 -10 0.00504082
Car -1 -1 -10 0.000 529.658 1075.524 1198.257 -1 -1 -1 -1000 -1000 -1000 -10 0.00329960
Car -1 -1 -10 933.936 789.275 1206.959 1188.309 -1 -1 -1 -1000 -1000 -1000 -10 0.00313472
Car -1 -1 -10 1239.375 1157.916 1275.880 1200.000 -1 -1 -1 -1000 -1000 -1000 -10 0.00162160
Car -1 -1 -10 65.031 344.187 364.857 1200.000 -1 -1 -1 -1000 -1000 -1000 -10 0.00286425
Car -1 -1 -10 1058.980 1027.737 1324.954 1195.090 -1 -1 -1 -1000 -1000 -1000 -10 0.00155905
Car -1 -1 -10 14.670 361.806 312.646 1200.000 -1 -1 -1 -1000 -1000 -1000 -10 0.00149347
Car -1 -1 -10 1028.099 1013.224 1347.046 1200.000 -1 -1 -1 -1000 -1000 -1000 -10 0.00145607
Car -1 -1 -10 508.849 525.537 1619.358 1192.949 -1 -1 -1 -1000 -1000 -1000 -10 0.00460214
Car -1 -1 -10 236.840 1157.923 274.369 1200.000 -1 -1 -1 -1000 -1000 -1000 -10 0.00139166
Car -1 -1 -10 1022.310 871.752 1309.939 1200.000 -1 -1 -1 -1000 -1000 -1000 -10 0.00138906
Car -1 -1 -10 17.410 683.096 265.703 1198.040 -1 -1 -1 -1000 -1000 -1000 -10 0.00350156
Car -1 -1 -10 919.048 974.902 1258.205 1196.745 -1 -1 -1 -1000 -1000 -1000 -10 0.00133725
Car -1 -1 -10 901.335 666.166 1089.886 1193.472 -1 -1 -1 -1000 -1000 -1000 -10 0.00132404
Car -1 -1 -10 438.587 796.899 1038.433 1196.983 -1 -1 -1 -1000 -1000 -1000 -10 0.00211103
Car -1 -1 -10 1143.197 1115.413 1225.240 1200.000 -1 -1 -1 -1000 -1000 -1000 -10 0.00122004
Car -1 -1 -10 970.992 708.252 1165.005 1198.792 -1 -1 -1 -1000 -1000 -1000 -10 0.00119777
Car -1 -1 -10 174.791 535.666 327.440 1200.000 -1 -1 -1 -1000 -1000 -1000 -10 0.00117658
Car -1 -1 -10 991.770 587.256 1146.587 1200.000 -1 -1 -1 -1000 -1000 -1000 -10 0.00115995
Car -1 -1 -10 951.570 509.038 1310.412 1200.000 -1 -1 -1 -1000 -1000 -1000 -10 0.00115438
Car -1 -1 -10 1067.219 1046.348 1485.269 1200.000 -1 -1 -1 -1000 -1000 -1000 -10 0.00197231
Car -1 -1 -10 1081.539 788.849 1439.745 1196.206 -1 -1 -1 -1000 -1000 -1000 -10 0.00104006
Car -1 -1 -10 913.861 924.750 1528.960 1200.000 -1 -1 -1 -1000 -1000 -1000 -10 0.00099848
Car -1 -1 -10 21.194 740.481 146.518 1200.000 -1 -1 -1 -1000 -1000 -1000 -10 0.00099111
Car -1 -1 -10 968.603 637.686 1122.610 1200.000 -1 -1 -1 -1000 -1000 -1000 -10 0.00093977
Car -1 -1 -10 0.000 1064.786 279.706 1200.000 -1 -1 -1 -1000 -1000 -1000 -10 0.00092799
Car -1 -1 -10 0.000 937.279 317.360 1200.000 -1 -1 -1 -1000 -1000 -1000 -10 0.00090804
