Car -1 -1 -10 941.150 574.146 1046.776 658.098 -1 -1 -1 -1000 -1000 -1000 -10 0.99902041
Car -1 -1 -10 1081.078 476.706 1458.845 759.375 -1 -1 -1 -1000 -1000 -1000 -10 0.50525637
Car -1 -1 -10 21.162 590.495 244.973 708.987 -1 -1 -1 -1000 -1000 -1000 -10 0.86536534
Car -1 -1 -10 124.494 592.205 248.613 692.213 -1 -1 -1 -1000 -1000 -1000 -10 0.03052435
Car -1 -1 -10 1082.716 496.125 1409.214 739.506 -1 -1 -1 -1000 -1000 -1000 -10 0.01466026
Car -1 -1 -10 812.652 567.528 875.765 624.369 -1 -1 -1 -1000 -1000 -1000 -10 0.02505860
Car -1 -1 -10 455.312 591.349 536.379 647.612 -1 -1 -1 -1000 -1000 -1000 -10 0.00564417
Car -1 -1 -10 464.433 594.349 527.711 645.597 -1 -1 -1 -1000 -1000 -1000 -10 0.01251565
Car -1 -1 -10 1096.608 501.396 1220.181 623.138 -1 -1 -1 -1000 -1000 -1000 -10 0.00655349
Car -1 -1 -10 0.000 648.513 444.095 1200.000 -1 -1 -1 -1000 -1000 -1000 -10 0.00283899
Car -1 -1 -10 1162.436 488.914 1316.212 585.491 -1 -1 -1 -1000 -1000 -1000 -10 0.00505848
Car -1 -1 -10 0.000 611.846 118.052 712.544 -1 -1 -1 -1000 -1000 -1000 -10 0.00474284
Car -1 -1 -10 1119.493 528.894 1195.650 609.227 -1 -1 -1 -1000 -1000 -1000 -10 0.00444901
Car -1 -1 -10 1051.666 480.748 1299.801 645.818 -1 -1 -1 -1000 -1000 -1000 -10 0.00198485
Car -1 -1 -10 0.000 587.595 289.238 964.027 -1 -1 -1 -1000 -1000 -1000 -10 0.00192114
Car -1 -1 -10 0.000 794.688 461.310 1200.000 -1 -1 -1 -1000 -1000 -1000 -10 0.00361314
Car -1 -1 -10 1082.156 481.385 1302.838 691.252 -1 -1 -1 -1000 -1000 -1000 -10 0.00169291
