Car -1 -1 -10 699.262 602.700 810.642 691.131 -1 -1 -1 -1000 -1000 -1000 -10 0.97389141
Car -1 -1 -10 780.573 613.585 829.522 668.049 -1 -1 -1 -1000 -1000 -1000 -10 0.30148358
Car -1 -1 -10 0.000 572.905 820.958 1189.892 -1 -1 -1 -1000 -1000 -1000 -10 0.09073962
Car -1 -1 -10 819.905 611.392 850.007 652.450 -1 -1 -1 -1000 -1000 -1000 -10 0.03912118
Car -1 -1 -10 807.687 610.380 848.186 655.544 -1 -1 -1 -1000 -1000 -1000 -10 0.01891487
Car -1 -1 -10 9.021 697.887 616.093 1193.987 -1 -1 -1 -1000 -1000 -1000 -10 0.00497237
Car -1 -1 -10 0.000 774.659 479.322 1194.299 -1 -1 -1 -1000 -1000 -1000 -10 0.01288189
Car -1 -1 -10 749.363 605.987 822.503 681.664 -1 -1 -1 -1000 -1000 -1000 -10 0.00773236
Car -1 -1 -10 76.764 254.533 387.522 1187.194 -1 -1 -1 -1000 -1000 -1000 -10 0.00523626
Car -1 -1 -10 805.289 611.792 838.870 656.272 -1 -1 -1 -1000 -1000 -1000 -10 0.00460673
Car -1 -1 -10 225.756 1050.135 658.951 1200.000 -1 -1 -1 -1000 -1000 -1000 -10 0.00331721
Car -1 -1 -10 133.797 785.006 816.001 1200.000 -1 -1 -1 -1000 -1000 -1000 -10 0.00329968
Car -1 -1 -10 681.877 606.289 761.209 683.270 -1 -1 -1 -1000 -1000 -1000 -10 0.00162838
Car -1 -1 -10 325.534 668.204 520.989 1186.310 -1 -1 -1 -1000 -1000 -1000 -10 0.00302443
Car -1 -1 -10 68.940 855.764 928.998 1200.000 -1 -1 -1 -1000 -1000 -1000 -10 0.00307323
Car -1 -1 -10 318.780 814.675 659.051 1194.551 -1 -1 -1 -1000 -1000 -1000 -10 0.00157868
Car -1 -1 -10 0.000 633.662 602.925 1095.239 -1 -1 -1 -1000 -1000 -1000 -10 0.00156640
Car -1 -1 -10 340.274 825.957 500.230 1200.000 -1 -1 -1 -1000 -1000 -1000 -10 0.00145579
Car -1 -1 -10 20.287 589.428 147.771 1197.615 -1 -1 -1 -1000 -1000 -1000 -10 0.00141668
Car -1 -1 -10 302.201 1104.509 557.597 1200.000 -1 -1 -1 -1000 -1000 -1000 -10 0.00138834
Car -1 -1 -10 169.528 1066.010 564.625 1200.000 -1 -1 -1 -1000 -1000 -1000 -10 0.00132592
Car -1 -1 -10 262.273 643.532 435.176 1189.587 -1 -1 -1 -1000 -1000 -1000 -10 0.00132207
Car -1 -1 -10 0.000 856.855 429.974 1200.000 -1 -1 -1 -1000 -1000 -1000 -10 0.00131842
Car -1 -1 -10 282.698 253.867 586.581 1200.000 -1 -1 -1 -1000 -1000 -1000 -10 0.00131091
Car -1 -1 -10 495.963 668.097 681.628 1197.723 -1 -1 -1 -1000 -1000 -1000 -10 0.00129859
Car -1 -1 -10 187.226 248.017 490.651 1198.535 -1 -1 -1 -1000 -1000 -1000 -10 0.00128645
Car -1 -1 -10 271.578 648.299 537.801 1200.000 -1 -1 -1 -1000 -1000 -1000 -10 0.00125973
Car -1 -1 -10 743.859 764.174 1428.415 1200.000 -1 -1 -1 -1000 -1000 -1000 -10 0.00123826
Car -1 -1 -10 21.878 749.427 146.259 1200.000 -1 -1 -1 -1000 -1000 -1000 -10 0.00121895
Car -1 -1 -10 12.387 1106.249 239.760 1200.000 -1 -1 -1 -1000 -1000 -1000 -10 0.00121157
