Car -1 -1 -10 803.058 554.062 882.878 628.290 -1 -1 -1 -1000 -1000 -1000 -10 0.78643101
Car -1 -1 -10 943.117 551.667 1006.971 611.787 -1 -1 -1 -1000 -1000 -1000 -10 0.38571451
Car -1 -1 -10 770.284 567.051 815.172 616.930 -1 -1 -1 -1000 -1000 -1000 -10 0.00364778
Car -1 -1 -10 947.210 695.809 1257.389 1193.722 -1 -1 -1 -1000 -1000 -1000 -10 0.00391773
Car -1 -1 -10 1031.290 565.184 1087.241 618.855 -1 -1 -1 -1000 -1000 -1000 -10 0.00198196
Car -1 -1 -10 0.000 806.685 451.288 1199.658 -1 -1 -1 -1000 -1000 -1000 -10 0.00369129
Car -1 -1 -10 1053.641 578.906 1208.938 1193.463 -1 -1 -1 -1000 -1000 -1000 -10 0.00255551
Car -1 -1 -10 194.701 685.137 429.644 1198.263 -1 -1 -1 -1000 -1000 -1000 -10 0.00170350
Car -1 -1 -10 106.507 1052.177 519.461 1200.000 -1 -1 -1 -1000 -1000 -1000 -10 0.00301317
Car -1 -1 -10 818.316 490.556 874.779 681.092 -1 -1 -1 -1000 -1000 -1000 -10 0.00080806
Car -1 -1 -10 705.701 698.866 944.893 1199.110 -1 -1 -1 -1000 -1000 -1000 -10 0.00146496
Car -1 -1 -10 178.162 583.545 373.194 1177.961 -1 -1 -1 -1000 -1000 -1000 -10 0.00076879
Car -1 -1 -10 857.216 548.827 998.211 626.204 -1 -1 -1 -1000 -1000 -1000 -10 0.00076453
Car -1 -1 -10 66.728 349.827 365.411 1200.000 -1 -1 -1 -1000 -1000 -1000 -10 0.00148928
Car -1 -1 -10 15.723 352.487 316.533 1200.000 -1 -1 -1 -1000 -1000 -1000 -10 0.00074811
Car -1 -1 -10 176.633 1105.491 422.474 1200.000 -1 -1 -1 -1000 -1000 -1000 -10 0.00143215
Car -1 -1 -10 819.060 512.185 866.371 668.418 -1 -1 -1 -1000 -1000 -1000 -10 0.00073113
Car -1 -1 -10 805.084 550.738 849.742 617.312 -1 -1 -1 -1000 -1000 -1000 -10 0.00071821
Car -1 -1 -10 272.459 1081.964 333.150 1200.000 -1 -1 -1 -1000 -1000 -1000 -10 0.00071738
Car -1 -1 -10 537.096 703.157 779.364 1200.000 -1 -1 -1 -1000 -1000 -1000 -10 0.00071499
Car -1 -1 -10 1019.651 795.045 1415.769 1198.965 -1 -1 -1 -1000 -1000 -1000 -10 0.00069565
Car -1 -1 -10 525.391 1038.036 953.557 1200.000 -1 -1 -1 -1000 -1000 -1000 -10 0.00069368
Car -1 -1 -10 763.256 1158.507 801.205 1200.000 -1 -1 -1 -1000 -1000 -1000 -10 0.00068458
Car -1 -1 -10 594.944 1046.339 999.495 1200.000 -1 -1 -1 -1000 -1000 -1000 -10 0.00122309
Car -1 -1 -10 33.337 679.414 274.898 1200.000 -1 -1 -1 -1000 -1000 -1000 -10 0.00068450
Car -1 -1 -10 227.001 587.552 421.355 1179.805 -1 -1 -1 -1000 -1000 -1000 -10 0.00067670
Car -1 -1 -10 0.000 939.943 317.262 1200.000 -1 -1 -1 -1000 -1000 -1000 -10 0.00066750
Car -1 -1 -10 828.878 546.540 857.165 639.704 -1 -1 -1 -1000 -1000 -1000 -10 0.00066021
Car -1 -1 -10 297.934 690.127 540.594 1200.000 -1 -1 -1 -1000 -1000 -1000 -10 0.00065878
Car -1 -1 -10 58.205 582.855 254.362 1176.837 -1 -1 -1 -1000 -1000 -1000 -10 0.00065234
Car -1 -1 -10 261.864 737.147 387.042 1200.000 -1 -1 -1 -1000 -1000 -1000 -10 0.00063223
Car -1 -1 -10 217.119 1104.429 393.762 1200.000 -1 -1 -1 -1000 -1000 -1000 -10 0.00063152
Car -1 -1 -10 788.233 346.052 1084.089 1200.000 -1 -1 -1 -1000 -1000 -1000 -10 0.00061332
Car -1 -1 -10 43.541 641.810 217.883 1197.529 -1 -1 -1 -1000 -1000 -1000 -10 0.00060689
Car -1 -1 -10 578.819 821.443 739.227 1200.000 -1 -1 -1 -1000 -1000 -1000 -10 0.00060608
Car -1 -1 -10 180.615 905.034 420.165 1200.000 -1 -1 -1 -1000 -1000 -1000 -10 0.00060201
Car -1 -1 -10 485.896 934.642 1089.573 1200.000 -1 -1 -1 -1000 -1000 -1000 -10 0.00058599
Car -1 -1 -10 664.200 818.719 823.724 1200.000 -1 -1 -1 -1000 -1000 -1000 -10 0.00115002
Car -1 -1 -10 195.903 814.693 355.480 1200.000 -1 -1 -1 -1000 -1000 -1000 -10 0.00057558
Car -1 -1 -10 834.606 550.745 863.249 642.814 -1 -1 -1 -1000 -1000 -1000 -10 0.00057115
Car -1 -1 -10 228.077 675.087 472.804 1198.331 -1 -1 -1 -1000 -1000 -1000 -10 0.00056531
Car -1 -1 -10 597.607 353.764 892.744 1200.000 -1 -1 -1 -1000 -1000 -1000 -10 0.00111701
Car -1 -1 -10 338.791 819.308 498.966 1200.000 -1 -1 -1 -1000 -1000 -1000 -10 0.00056078
Car -1 -1 -10 875.515 636.935 1113.832 1200.000 -1 -1 -1 -1000 -1000 -1000 -10 0.00053597
Car -1 -1 -10 511.062 749.971 882.286 1200.000 -1 -1 -1 -1000 -1000 -1000 -10 0.00052798
Car -1 -1 -10 287.641 1105.385 533.459 1200.000 -1 -1 -1 -1000 -1000 -1000 -10 0.00052660
Car -1 -1 -10 176.442 746.144 545.868 1200.000 -1 -1 -1 -1000 -1000 -1000 -10 0.00052405
