Car -1 -1 -10 651.933 652.036 740.998 713.365 -1 -1 -1 -1000 -1000 -1000 -10 0.79943232
Car -1 -1 -10 1613.431 493.050 1815.711 642.863 -1 -1 -1 -1000 -1000 -1000 -10 0.01334607
Car -1 -1 -10 796.170 650.895 883.695 712.206 -1 -1 -1 -1000 -1000 -1000 -10 0.00888002
Car -1 -1 -10 783.871 649.268 937.954 716.615 -1 -1 -1 -1000 -1000 -1000 -10 0.00862085
Car -1 -1 -10 0.000 793.786 462.825 1199.347 -1 -1 -1 -1000 -1000 -1000 -10 0.01497080
Car -1 -1 -10 1546.556 456.890 1920.000 692.676 -1 -1 -1 -1000 -1000 -1000 -10 0.00527281
Car -1 -1 -10 858.845 655.050 920.488 707.931 -1 -1 -1 -1000 -1000 -1000 -10 0.00982001
Car -1 -1 -10 810.752 633.830 915.970 708.634 -1 -1 -1 -1000 -1000 -1000 -10 0.00268043
Car -1 -1 -10 12.221 597.695 149.663 1197.905 -1 -1 -1 -1000 -1000 -1000 -10 0.00587729
Car -1 -1 -10 781.855 657.883 842.703 711.624 -1 -1 -1 -1000 -1000 -1000 -10 0.00367491
Car -1 -1 -10 780.454 629.718 931.150 710.961 -1 -1 -1 -1000 -1000 -1000 -10 0.00195920
Car -1 -1 -10 0.000 376.934 479.413 1200.000 -1 -1 -1 -1000 -1000 -1000 -10 0.00191121
Car -1 -1 -10 0.679 926.223 235.419 1200.000 -1 -1 -1 -1000 -1000 -1000 -10 0.00187200
Car -1 -1 -10 0.000 797.886 212.403 1195.167 -1 -1 -1 -1000 -1000 -1000 -10 0.00184765
Car -1 -1 -10 779.096 658.199 871.289 714.383 -1 -1 -1 -1000 -1000 -1000 -10 0.00346002
Car -1 -1 -10 0.000 802.754 249.305 1142.121 -1 -1 -1 -1000 -1000 -1000 -10 0.00183711
Car -1 -1 -10 253.372 690.982 489.764 1198.716 -1 -1 -1 -1000 -1000 -1000 -10 0.00168205
Car -1 -1 -10 0.000 505.200 849.833 1194.238 -1 -1 -1 -1000 -1000 -1000 -10 0.00322452
Car -1 -1 -10 223.088 1085.568 543.554 1200.000 -1 -1 -1 -1000 -1000 -1000 -10 0.00158755
Car -1 -1 -10 0.000 632.447 531.577 1077.950 -1 -1 -1 -1000 -1000 -1000 -10 0.00157578
Car -1 -1 -10 55.076 403.104 379.230 1200.000 -1 -1 -1 -1000 -1000 -1000 -10 0.00157015
Car -1 -1 -10 0.000 1004.369 259.453 1200.000 -1 -1 -1 -1000 -1000 -1000 -10 0.00146469
Car -1 -1 -10 0.000 612.472 319.357 1135.275 -1 -1 -1 -1000 -1000 -1000 -10 0.00142238
Car -1 -1 -10 1685.383 513.673 1780.643 691.838 -1 -1 -1 -1000 -1000 -1000 -10 0.00137180
Car -1 -1 -10 832.883 653.532 895.548 708.738 -1 -1 -1 -1000 -1000 -1000 -10 0.00128227
