Car -1 -1 -10 0.000 511.309 934.950 1200.000 -1 -1 -1 -1000 -1000 -1000 -10 0.01729862
Car -1 -1 -10 14.862 157.607 1325.111 1200.000 -1 -1 -1 -1000 -1000 -1000 -10 0.00802324
Car -1 -1 -10 0.000 707.739 609.897 1172.627 -1 -1 -1 -1000 -1000 -1000 -10 0.00311876
Car -1 -1 -10 60.750 127.719 376.836 1192.501 -1 -1 -1 -1000 -1000 -1000 -10 0.00667220
Car -1 -1 -10 0.000 591.789 500.222 1200.000 -1 -1 -1 -1000 -1000 -1000 -10 0.00539611
Car -1 -1 -10 0.000 546.983 605.794 962.409 -1 -1 -1 -1000 -1000 -1000 -10 0.00255978
Car -1 -1 -10 1505.790 693.550 1918.277 969.658 -1 -1 -1 -1000 -1000 -1000 -10 0.00572498
Car -1 -1 -10 10.526 619.318 577.695 1108.881 -1 -1 -1 -1000 -1000 -1000 -10 0.00254169
Car -1 -1 -10 1416.500 654.084 1920.000 1003.339 -1 -1 -1 -1000 -1000 -1000 -10 0.00234802
Car -1 -1 -10 1442.442 604.900 1920.000 1109.636 -1 -1 -1 -1000 -1000 -1000 -10 0.00201683
Car -1 -1 -10 1458.010 810.886 1920.000 1200.000 -1 -1 -1 -1000 -1000 -1000 -10 0.00191780
Car -1 -1 -10 1.789 1156.669 41.149 1200.000 -1 -1 -1 -1000 -1000 -1000 -10 0.00183007
Car -1 -1 -10 175.508 94.083 486.093 1173.577 -1 -1 -1 -1000 -1000 -1000 -10 0.00181045
Car -1 -1 -10 0.000 793.544 456.188 1200.000 -1 -1 -1 -1000 -1000 -1000 -10 0.00179508
Car -1 -1 -10 9.503 438.678 646.528 862.736 -1 -1 -1 -1000 -1000 -1000 -10 0.00174696
Car -1 -1 -10 1210.400 546.780 1920.000 1200.000 -1 -1 -1 -1000 -1000 -1000 -10 0.00174183
Car -1 -1 -10 1632.981 814.404 1794.243 913.816 -1 -1 -1 -1000 -1000 -1000 -10 0.00173665
Car -1 -1 -10 810.544 548.667 856.813 593.735 -1 -1 -1 -1000 -1000 -1000 -10 0.00169171
Car -1 -1 -10 1559.076 781.739 1850.309 940.879 -1 -1 -1 -1000 -1000 -1000 -10 0.00168070
Car -1 -1 -10 1396.874 564.654 1920.000 1200.000 -1 -1 -1 -1000 -1000 -1000 -10 0.00298664
Car -1 -1 -10 1611.329 756.213 1917.668 917.770 -1 -1 -1 -1000 -1000 -1000 -10 0.00162235
Car -1 -1 -10 236.391 401.897 365.484 1121.432 -1 -1 -1 -1000 -1000 -1000 -10 0.00152536
Car -1 -1 -10 1451.929 513.581 1920.000 878.421 -1 -1 -1 -1000 -1000 -1000 -10 0.00300893
Car -1 -1 -10 10.145 610.462 147.152 1200.000 -1 -1 -1 -1000 -1000 -1000 -10 0.00259643
Car -1 -1 -10 0.000 385.952 475.537 923.327 -1 -1 -1 -1000 -1000 -1000 -10 0.00137337
Car -1 -1 -10 0.000 632.773 262.995 1016.212 -1 -1 -1 -1000 -1000 -1000 -10 0.00116553
Car -1 -1 -10 1594.216 736.340 1901.771 895.125 -1 -1 -1 -1000 -1000 -1000 -10 0.00114849
