Car -1 -1 -10 373.205 555.230 529.950 655.524 -1 -1 -1 -1000 -1000 -1000 -10 0.99927801
Car -1 -1 -10 193.784 581.821 258.558 627.071 -1 -1 -1 -1000 -1000 -1000 -10 0.06850897
Car -1 -1 -10 469.625 567.607 617.452 654.297 -1 -1 -1 -1000 -1000 -1000 -10 0.04495147
Car -1 -1 -10 193.321 573.194 254.032 620.593 -1 -1 -1 -1000 -1000 -1000 -10 0.01361882
Car -1 -1 -10 809.768 642.566 1300.149 1198.248 -1 -1 -1 -1000 -1000 -1000 -10 0.00878542
Car -1 -1 -10 1283.089 666.597 1910.377 1199.384 -1 -1 -1 -1000 -1000 -1000 -10 0.00905901
Car -1 -1 -10 288.109 1082.725 618.574 1200.000 -1 -1 -1 -1000 -1000 -1000 -10 0.00850729
Car -1 -1 -10 809.367 487.753 1920.000 1182.817 -1 -1 -1 -1000 -1000 -1000 -10 0.00804332
Car -1 -1 -10 703.530 727.623 1305.040 1183.010 -1 -1 -1 -1000 -1000 -1000 -10 0.00648062
Car -1 -1 -10 956.583 686.289 1226.113 1193.999 -1 -1 -1 -1000 -1000 -1000 -10 0.00394007
Car -1 -1 -10 444.577 504.809 1468.710 1185.724 -1 -1 -1 -1000 -1000 -1000 -10 0.00903436
Car -1 -1 -10 54.760 568.972 103.327 619.118 -1 -1 -1 -1000 -1000 -1000 -10 0.00336909
Car -1 -1 -10 361.263 1102.580 540.208 1200.000 -1 -1 -1 -1000 -1000 -1000 -10 0.00640397
Car -1 -1 -10 317.054 1100.680 571.274 1200.000 -1 -1 -1 -1000 -1000 -1000 -10 0.00645350
Car -1 -1 -10 350.828 578.245 408.359 630.732 -1 -1 -1 -1000 -1000 -1000 -10 0.00323413
Car -1 -1 -10 312.045 802.166 949.708 1191.198 -1 -1 -1 -1000 -1000 -1000 -10 0.00850627
Car -1 -1 -10 352.316 659.464 523.865 1191.279 -1 -1 -1 -1000 -1000 -1000 -10 0.00817208
Car -1 -1 -10 177.635 705.347 422.775 1194.972 -1 -1 -1 -1000 -1000 -1000 -10 0.00493566
Car -1 -1 -10 213.558 580.408 264.883 627.016 -1 -1 -1 -1000 -1000 -1000 -10 0.00293148
Car -1 -1 -10 492.338 1070.531 651.616 1163.395 -1 -1 -1 -1000 -1000 -1000 -10 0.00504549
Car -1 -1 -10 862.816 259.657 1167.028 1200.000 -1 -1 -1 -1000 -1000 -1000 -10 0.00937892
Car -1 -1 -10 1413.821 594.759 1920.000 1198.834 -1 -1 -1 -1000 -1000 -1000 -10 0.00544672
Car -1 -1 -10 1623.883 618.751 1920.000 1021.249 -1 -1 -1 -1000 -1000 -1000 -10 0.00491042
Car -1 -1 -10 203.574 1030.648 679.202 1200.000 -1 -1 -1 -1000 -1000 -1000 -10 0.01034075
Car -1 -1 -10 353.611 778.998 537.854 1199.440 -1 -1 -1 -1000 -1000 -1000 -10 0.00267552
Car -1 -1 -10 333.985 580.925 397.626 633.732 -1 -1 -1 -1000 -1000 -1000 -10 0.00531241
Car -1 -1 -10 380.434 1060.219 781.549 1200.000 -1 -1 -1 -1000 -1000 -1000 -10 0.00485821
Car -1 -1 -10 560.782 684.358 1060.259 1200.000 -1 -1 -1 -1000 -1000 -1000 -10 0.00263959
Car -1 -1 -10 238.550 655.610 410.960 1188.422 -1 -1 -1 -1000 -1000 -1000 -10 0.00261780
Car -1 -1 -10 448.713 563.366 554.283 647.173 -1 -1 -1 -1000 -1000 -1000 -10 0.00258201
Car -1 -1 -10 130.281 801.533 800.990 1200.000 -1 -1 -1 -1000 -1000 -1000 -10 0.00250087
Car -1 -1 -10 0.000 668.743 475.377 1200.000 -1 -1 -1 -1000 -1000 -1000 -10 0.00461534
Car -1 -1 -10 376.510 692.238 608.653 1195.389 -1 -1 -1 -1000 -1000 -1000 -10 0.00245885
Car -1 -1 -10 8.670 787.817 578.640 1169.631 -1 -1 -1 -1000 -1000 -1000 -10 0.00469110
Car -1 -1 -10 342.456 573.488 416.280 634.822 -1 -1 -1 -1000 -1000 -1000 -10 0.00244597
Car -1 -1 -10 284.194 846.494 604.872 1197.537 -1 -1 -1 -1000 -1000 -1000 -10 0.00241420
Car -1 -1 -10 192.717 849.468 419.711 1063.354 -1 -1 -1 -1000 -1000 -1000 -10 0.00232835
Car -1 -1 -10 440.488 1102.179 690.856 1200.000 -1 -1 -1 -1000 -1000 -1000 -10 0.00213823
Car -1 -1 -10 1514.222 735.549 1912.231 1109.580 -1 -1 -1 -1000 -1000 -1000 -10 0.00212959
Car -1 -1 -10 513.524 672.694 663.464 1197.673 -1 -1 -1 -1000 -1000 -1000 -10 0.00206156
Car -1 -1 -10 274.642 529.090 629.716 1200.000 -1 -1 -1 -1000 -1000 -1000 -10 0.00204824
Car -1 -1 -10 403.584 1022.199 496.250 1200.000 -1 -1 -1 -1000 -1000 -1000 -10 0.00196458
Car -1 -1 -10 142.275 1087.070 460.718 1200.000 -1 -1 -1 -1000 -1000 -1000 -10 0.00189720
