Car -1 -1 -10 0.000 805.374 449.575 1198.589 -1 -1 -1 -1000 -1000 -1000 -10 0.00402539
Car -1 -1 -10 1584.523 559.851 1920.000 1200.000 -1 -1 -1 -1000 -1000 -1000 -10 0.00300521
Car -1 -1 -10 12.072 678.082 252.457 1200.000 -1 -1 -1 -1000 -1000 -1000 -10 0.00106546
Car -1 -1 -10 0.000 0.000 430.053 320.527 -1 -1 -1 -1000 -1000 -1000 -10 0.00215422
Car -1 -1 -10 18.597 488.899 529.065 1200.000 -1 -1 -1 -1000 -1000 -1000 -10 0.00079208
Car -1 -1 -10 902.271 360.580 1122.119 756.290 -1 -1 -1 -1000 -1000 -1000 -10 0.00079095
Car -1 -1 -10 20.537 1158.638 57.385 1200.000 -1 -1 -1 -1000 -1000 -1000 -10 0.00136605
Car -1 -1 -10 1477.953 806.010 1920.000 1200.000 -1 -1 -1 -1000 -1000 -1000 -10 0.00077622
Car -1 -1 -10 227.221 584.255 422.355 1175.077 -1 -1 -1 -1000 -1000 -1000 -10 0.00129370
Car -1 -1 -10 6.297 1075.564 321.618 1200.000 -1 -1 -1 -1000 -1000 -1000 -10 0.00140028
Car -1 -1 -10 596.542 562.052 941.773 1196.336 -1 -1 -1 -1000 -1000 -1000 -10 0.00132891
Car -1 -1 -10 0.000 940.648 318.207 1200.000 -1 -1 -1 -1000 -1000 -1000 -10 0.00072928
Car -1 -1 -10 0.257 1110.390 123.099 1200.000 -1 -1 -1 -1000 -1000 -1000 -10 0.00134498
Car -1 -1 -10 0.000 0.000 292.057 209.067 -1 -1 -1 -1000 -1000 -1000 -10 0.00183149
Car -1 -1 -10 4.428 1127.942 71.858 1200.000 -1 -1 -1 -1000 -1000 -1000 -10 0.00067431
Car -1 -1 -10 7.449 633.355 549.273 1087.576 -1 -1 -1 -1000 -1000 -1000 -10 0.00173497
Car -1 -1 -10 45.228 582.950 241.625 1179.707 -1 -1 -1 -1000 -1000 -1000 -10 0.00121630
Car -1 -1 -10 0.000 1107.834 90.826 1200.000 -1 -1 -1 -1000 -1000 -1000 -10 0.00065649
Car -1 -1 -10 14.212 590.305 204.683 1183.945 -1 -1 -1 -1000 -1000 -1000 -10 0.00065087
Car -1 -1 -10 0.000 1041.031 218.396 1200.000 -1 -1 -1 -1000 -1000 -1000 -10 0.00064689
Car -1 -1 -10 167.138 560.921 383.760 1200.000 -1 -1 -1 -1000 -1000 -1000 -10 0.00062983
Car -1 -1 -10 1582.412 421.846 1920.000 878.828 -1 -1 -1 -1000 -1000 -1000 -10 0.00060509
Car -1 -1 -10 0.000 1105.065 49.051 1200.000 -1 -1 -1 -1000 -1000 -1000 -10 0.00060386
Car -1 -1 -10 0.000 1016.862 253.712 1200.000 -1 -1 -1 -1000 -1000 -1000 -10 0.00059649
Car -1 -1 -10 0.000 0.000 335.160 278.474 -1 -1 -1 -1000 -1000 -1000 -10 0.00059507
Car -1 -1 -10 238.991 637.739 405.250 1200.000 -1 -1 -1 -1000 -1000 -1000 -10 0.00058475
Car -1 -1 -10 806.482 304.856 1334.462 648.222 -1 -1 -1 -1000 -1000 -1000 -10 0.00056946
Car -1 -1 -10 886.551 375.792 1197.366 687.430 -1 -1 -1 -1000 -1000 -1000 -10 0.00056871
Car -1 -1 -10 52.244 28.792 417.304 793.343 -1 -1 -1 -1000 -1000 -1000 -10 0.00106568
Car -1 -1 -10 123.509 1070.251 516.857 1200.000 -1 -1 -1 -1000 -1000 -1000 -10 0.00055300
Car -1 -1 -10 1665.127 462.383 1920.000 697.353 -1 -1 -1 -1000 -1000 -1000 -10 0.00054587
Car -1 -1 -10 0.000 1156.537 30.451 1200.000 -1 -1 -1 -1000 -1000 -1000 -10 0.00054255
Car -1 -1 -10 1516.162 367.191 1920.000 928.229 -1 -1 -1 -1000 -1000 -1000 -10 0.00053779
Car -1 -1 -10 304.388 594.593 622.119 1197.386 -1 -1 -1 -1000 -1000 -1000 -10 0.00052858
Car -1 -1 -10 0.000 1067.160 67.026 1200.000 -1 -1 -1 -1000 -1000 -1000 -10 0.00049167
Car -1 -1 -10 274.133 678.004 512.586 1196.583 -1 -1 -1 -1000 -1000 -1000 -10 0.00046850
Car -1 -1 -10 8.771 1088.503 67.821 1200.000 -1 -1 -1 -1000 -1000 -1000 -10 0.00046284
Car -1 -1 -10 164.389 620.352 340.305 1190.441 -1 -1 -1 -1000 -1000 -1000 -10 0.00046272
Car -1 -1 -10 13.663 1106.683 247.252 1200.000 -1 -1 -1 -1000 -1000 -1000 -10 0.00046209
Car -1 -1 -10 698.013 618.161 865.309 1200.000 -1 -1 -1 -1000 -1000 -1000 -10 0.00045618
Car -1 -1 -10 1608.205 939.612 1920.000 1200.000 -1 -1 -1 -1000 -1000 -1000 -10 0.00044224
