Car -1 -1 -10 0.000 800.108 459.873 1200.000 -1 -1 -1 -1000 -1000 -1000 -10 0.00487877
Car -1 -1 -10 0.000 764.978 586.584 1200.000 -1 -1 -1 -1000 -1000 -1000 -10 0.00169468
Car -1 -1 -10 1.812 531.717 1041.131 1192.734 -1 -1 -1 -1000 -1000 -1000 -10 0.00445257
Car -1 -1 -10 1597.035 3.974 1920.000 375.480 -1 -1 -1 -1000 -1000 -1000 -10 0.00116391
Car -1 -1 -10 63.820 206.900 365.812 1195.356 -1 -1 -1 -1000 -1000 -1000 -10 0.00099412
Car -1 -1 -10 85.903 591.387 226.689 1197.028 -1 -1 -1 -1000 -1000 -1000 -10 0.00185413
Car -1 -1 -10 1475.996 0.000 1920.000 321.619 -1 -1 -1 -1000 -1000 -1000 -10 0.00095661
Car -1 -1 -10 231.658 604.322 417.399 1180.026 -1 -1 -1 -1000 -1000 -1000 -10 0.00330981
Car -1 -1 -10 618.939 528.808 1784.286 1189.804 -1 -1 -1 -1000 -1000 -1000 -10 0.00170127
Car -1 -1 -10 348.875 709.582 1029.733 1158.322 -1 -1 -1 -1000 -1000 -1000 -10 0.00167213
Car -1 -1 -10 33.056 691.344 183.599 1200.000 -1 -1 -1 -1000 -1000 -1000 -10 0.00093563
Car -1 -1 -10 109.397 410.365 424.072 1200.000 -1 -1 -1 -1000 -1000 -1000 -10 0.00091279
Car -1 -1 -10 158.541 665.505 342.075 1193.964 -1 -1 -1 -1000 -1000 -1000 -10 0.00090232
Car -1 -1 -10 1316.600 630.402 1920.000 1067.331 -1 -1 -1 -1000 -1000 -1000 -10 0.00089539
Car -1 -1 -10 175.968 549.600 325.001 1200.000 -1 -1 -1 -1000 -1000 -1000 -10 0.00088494
Car -1 -1 -10 1574.561 564.833 1920.000 1200.000 -1 -1 -1 -1000 -1000 -1000 -10 0.00086653
Car -1 -1 -10 1626.338 0.000 1920.000 211.733 -1 -1 -1 -1000 -1000 -1000 -10 0.00086284
Car -1 -1 -10 301.894 653.714 488.979 1199.944 -1 -1 -1 -1000 -1000 -1000 -10 0.00084444
Car -1 -1 -10 49.026 642.174 209.355 1199.103 -1 -1 -1 -1000 -1000 -1000 -10 0.00084399
Car -1 -1 -10 0.000 568.318 53.519 645.945 -1 -1 -1 -1000 -1000 -1000 -10 0.00084071
Car -1 -1 -10 25.699 810.942 189.856 1200.000 -1 -1 -1 -1000 -1000 -1000 -10 0.00083814
Car -1 -1 -10 0.000 940.824 312.312 1200.000 -1 -1 -1 -1000 -1000 -1000 -10 0.00083614
Car -1 -1 -10 5.494 1086.879 317.521 1200.000 -1 -1 -1 -1000 -1000 -1000 -10 0.00081618
Car -1 -1 -10 10.179 1011.551 391.252 1200.000 -1 -1 -1 -1000 -1000 -1000 -10 0.00078515
Car -1 -1 -10 0.000 893.223 262.081 1200.000 -1 -1 -1 -1000 -1000 -1000 -10 0.00077821
Car -1 -1 -10 785.392 706.639 1470.172 1153.181 -1 -1 -1 -1000 -1000 -1000 -10 0.00075739
Car -1 -1 -10 147.268 720.206 569.598 1200.000 -1 -1 -1 -1000 -1000 -1000 -10 0.00075019
Car -1 -1 -10 11.344 1107.091 250.403 1200.000 -1 -1 -1 -1000 -1000 -1000 -10 0.00074768
Car -1 -1 -10 1388.228 661.312 1920.000 997.607 -1 -1 -1 -1000 -1000 -1000 -10 0.00073449
Car -1 -1 -10 1662.883 17.043 1917.211 471.850 -1 -1 -1 -1000 -1000 -1000 -10 0.00072114
Car -1 -1 -10 118.488 743.493 243.134 1200.000 -1 -1 -1 -1000 -1000 -1000 -10 0.00071839
