Car -1 -1 -10 6.708 565.337 534.492 1176.649 -1 -1 -1 -1000 -1000 -1000 -10 0.03545694
Car -1 -1 -10 0.000 509.380 936.330 1194.777 -1 -1 -1 -1000 -1000 -1000 -10 0.03245497
Car -1 -1 -10 0.000 610.738 581.388 1102.670 -1 -1 -1 -1000 -1000 -1000 -10 0.00296107
Car -1 -1 -10 145.400 641.060 309.157 733.007 -1 -1 -1 -1000 -1000 -1000 -10 0.00751784
Car -1 -1 -10 6.125 461.165 543.959 869.165 -1 -1 -1 -1000 -1000 -1000 -10 0.00543564
Car -1 -1 -10 31.287 88.767 300.434 1200.000 -1 -1 -1 -1000 -1000 -1000 -10 0.00235349
Car -1 -1 -10 0.000 789.642 459.245 1197.047 -1 -1 -1 -1000 -1000 -1000 -10 0.00415813
Car -1 -1 -10 76.977 187.620 372.630 1196.599 -1 -1 -1 -1000 -1000 -1000 -10 0.00624847
Car -1 -1 -10 108.777 360.690 310.379 1095.801 -1 -1 -1 -1000 -1000 -1000 -10 0.00212115
Car -1 -1 -10 0.000 617.568 412.086 927.234 -1 -1 -1 -1000 -1000 -1000 -10 0.00188371
Car -1 -1 -10 199.782 334.852 409.006 1093.451 -1 -1 -1 -1000 -1000 -1000 -10 0.00158601
Car -1 -1 -10 636.546 1059.579 1027.165 1200.000 -1 -1 -1 -1000 -1000 -1000 -10 0.00271025
Car -1 -1 -10 249.105 622.560 417.134 708.181 -1 -1 -1 -1000 -1000 -1000 -10 0.00289834
Car -1 -1 -10 187.224 814.097 573.349 1196.770 -1 -1 -1 -1000 -1000 -1000 -10 0.00253366
Car -1 -1 -10 0.000 393.207 475.495 752.850 -1 -1 -1 -1000 -1000 -1000 -10 0.00142024
Car -1 -1 -10 708.831 699.904 948.154 1199.460 -1 -1 -1 -1000 -1000 -1000 -10 0.00135931
Car -1 -1 -10 0.000 563.672 446.887 806.659 -1 -1 -1 -1000 -1000 -1000 -10 0.00125117
Car -1 -1 -10 110.717 618.813 275.575 711.562 -1 -1 -1 -1000 -1000 -1000 -10 0.00123354
Car -1 -1 -10 215.597 640.571 380.056 729.252 -1 -1 -1 -1000 -1000 -1000 -10 0.00218724
Car -1 -1 -10 222.040 499.095 373.961 1200.000 -1 -1 -1 -1000 -1000 -1000 -10 0.00108371
Car -1 -1 -10 118.139 592.283 491.013 967.917 -1 -1 -1 -1000 -1000 -1000 -10 0.00105121
Car -1 -1 -10 749.318 823.891 908.950 1200.000 -1 -1 -1 -1000 -1000 -1000 -10 0.00103721
Car -1 -1 -10 60.728 586.762 358.090 737.077 -1 -1 -1 -1000 -1000 -1000 -10 0.00103210
Car -1 -1 -10 205.809 395.706 516.890 1200.000 -1 -1 -1 -1000 -1000 -1000 -10 0.00101438
