Car -1 -1 -10 532.546 498.288 1128.300 1056.255 -1 -1 -1 -1000 -1000 -1000 -10 0.19514512
Car -1 -1 -10 527.113 487.868 1238.034 1164.122 -1 -1 -1 -1000 -1000 -1000 -10 0.42523707
Car -1 -1 -10 462.578 447.487 1503.018 1173.567 -1 -1 -1 -1000 -1000 -1000 -10 0.14926724
Car -1 -1 -10 1749.385 565.158 1920.000 659.289 -1 -1 -1 -1000 -1000 -1000 -10 0.16810077
Car -1 -1 -10 550.314 515.320 1004.543 963.958 -1 -1 -1 -1000 -1000 -1000 -10 0.02423062
Car -1 -1 -10 880.939 441.465 1257.346 1132.308 -1 -1 -1 -1000 -1000 -1000 -10 0.02007513
Car -1 -1 -10 518.841 491.237 890.073 1192.262 -1 -1 -1 -1000 -1000 -1000 -10 0.01019813
Car -1 -1 -10 565.997 276.116 864.623 1191.868 -1 -1 -1 -1000 -1000 -1000 -10 0.01952179
Car -1 -1 -10 781.200 472.261 1240.206 972.611 -1 -1 -1 -1000 -1000 -1000 -10 0.00653262
Car -1 -1 -10 430.950 804.118 1076.102 1191.066 -1 -1 -1 -1000 -1000 -1000 -10 0.01190855
Car -1 -1 -10 744.024 669.911 1290.783 1199.978 -1 -1 -1 -1000 -1000 -1000 -10 0.00542551
Car -1 -1 -10 530.842 861.394 1445.961 1200.000 -1 -1 -1 -1000 -1000 -1000 -10 0.00537573
Car -1 -1 -10 679.849 817.306 1304.208 1194.390 -1 -1 -1 -1000 -1000 -1000 -10 0.00509944
