Car -1 -1 -10 0.271 625.487 65.243 707.760 -1 -1 -1 -1000 -1000 -1000 -10 0.94870859
Car -1 -1 -10 63.920 617.923 160.155 692.488 -1 -1 -1 -1000 -1000 -1000 -10 0.97840729
Car -1 -1 -10 216.199 528.814 574.061 875.851 -1 -1 -1 -1000 -1000 -1000 -10 0.93144858
Car -1 -1 -10 519.681 726.631 1484.889 1194.032 -1 -1 -1 -1000 -1000 -1000 -10 0.01014509
Car -1 -1 -10 936.733 787.133 1804.106 1182.128 -1 -1 -1 -1000 -1000 -1000 -10 0.00832148
Car -1 -1 -10 1160.598 740.850 1920.000 1200.000 -1 -1 -1 -1000 -1000 -1000 -10 0.00418543
Car -1 -1 -10 278.788 547.944 1435.452 1192.856 -1 -1 -1 -1000 -1000 -1000 -10 0.00735030
Car -1 -1 -10 718.539 559.950 1912.552 1192.503 -1 -1 -1 -1000 -1000 -1000 -10 0.00695417
Car -1 -1 -10 0.000 632.865 431.091 1200.000 -1 -1 -1 -1000 -1000 -1000 -10 0.00934998
Car -1 -1 -10 1309.362 790.236 1920.000 1200.000 -1 -1 -1 -1000 -1000 -1000 -10 0.00307293
Car -1 -1 -10 592.573 763.896 1294.760 1200.000 -1 -1 -1 -1000 -1000 -1000 -10 0.00271474
