Car -1 -1 -10 412.971 549.556 625.165 689.063 -1 -1 -1 -1000 -1000 -1000 -10 0.99996173
Car -1 -1 -10 931.984 583.398 981.086 629.576 -1 -1 -1 -1000 -1000 -1000 -10 0.04425544
Car -1 -1 -10 102.421 572.690 252.655 650.252 -1 -1 -1 -1000 -1000 -1000 -10 0.00921944
Car -1 -1 -10 0.000 849.429 481.822 1191.487 -1 -1 -1 -1000 -1000 -1000 -10 0.01180464
Car -1 -1 -10 116.229 568.039 274.549 652.849 -1 -1 -1 -1000 -1000 -1000 -10 0.00738691
Car -1 -1 -10 1513.498 567.365 1669.597 658.488 -1 -1 -1 -1000 -1000 -1000 -10 0.00771231
Car -1 -1 -10 781.015 824.145 1382.957 1197.551 -1 -1 -1 -1000 -1000 -1000 -10 0.00602145
Car -1 -1 -10 0.000 870.490 329.144 1198.686 -1 -1 -1 -1000 -1000 -1000 -10 0.00706150
Car -1 -1 -10 1435.368 663.532 1920.000 1200.000 -1 -1 -1 -1000 -1000 -1000 -10 0.00322661
Car -1 -1 -10 11.821 1026.953 404.538 1200.000 -1 -1 -1 -1000 -1000 -1000 -10 0.00601747
Car -1 -1 -10 1207.798 830.894 1827.914 1198.252 -1 -1 -1 -1000 -1000 -1000 -10 0.00567019
Car -1 -1 -10 325.340 756.944 1250.729 1196.469 -1 -1 -1 -1000 -1000 -1000 -10 0.00293310
Car -1 -1 -10 877.149 807.757 1515.435 1199.566 -1 -1 -1 -1000 -1000 -1000 -10 0.00511310
Car -1 -1 -10 1456.688 793.744 1920.000 1200.000 -1 -1 -1 -1000 -1000 -1000 -10 0.00493578
Car -1 -1 -10 142.489 576.181 226.429 640.093 -1 -1 -1 -1000 -1000 -1000 -10 0.00504840
Car -1 -1 -10 0.345 553.513 359.777 1200.000 -1 -1 -1 -1000 -1000 -1000 -10 0.00754524
Car -1 -1 -10 520.243 787.841 1206.637 1200.000 -1 -1 -1 -1000 -1000 -1000 -10 0.00487702
Car -1 -1 -10 85.876 785.471 276.659 1196.196 -1 -1 -1 -1000 -1000 -1000 -10 0.00264996
Car -1 -1 -10 956.660 725.935 1263.528 1190.042 -1 -1 -1 -1000 -1000 -1000 -10 0.00235347
Car -1 -1 -10 21.082 380.269 306.484 1200.000 -1 -1 -1 -1000 -1000 -1000 -10 0.00235010
Car -1 -1 -10 0.000 1016.976 278.741 1200.000 -1 -1 -1 -1000 -1000 -1000 -10 0.00456645
Car -1 -1 -10 967.311 877.390 1502.637 1198.939 -1 -1 -1 -1000 -1000 -1000 -10 0.00229676
Car -1 -1 -10 0.000 585.451 495.542 1200.000 -1 -1 -1 -1000 -1000 -1000 -10 0.00219263
Car -1 -1 -10 55.878 650.481 207.608 1200.000 -1 -1 -1 -1000 -1000 -1000 -10 0.00216379
