Car -1 -1 -10 954.128 582.767 1029.256 642.704 -1 -1 -1 -1000 -1000 -1000 -10 0.35269828
Car -1 -1 -10 0.000 786.666 466.386 1195.098 -1 -1 -1 -1000 -1000 -1000 -10 0.00359582
Car -1 -1 -10 0.000 553.153 371.659 1200.000 -1 -1 -1 -1000 -1000 -1000 -10 0.00301794
Car -1 -1 -10 0.000 593.900 497.613 1200.000 -1 -1 -1 -1000 -1000 -1000 -10 0.00531830
Car -1 -1 -10 0.000 827.314 305.086 1198.209 -1 -1 -1 -1000 -1000 -1000 -10 0.00264257
Car -1 -1 -10 16.013 736.110 238.835 1200.000 -1 -1 -1 -1000 -1000 -1000 -10 0.00163273
Car -1 -1 -10 11.543 992.569 412.066 1200.000 -1 -1 -1 -1000 -1000 -1000 -10 0.00267229
Car -1 -1 -10 47.733 628.873 210.515 1193.643 -1 -1 -1 -1000 -1000 -1000 -10 0.00131546
Car -1 -1 -10 7.551 851.519 352.279 1109.106 -1 -1 -1 -1000 -1000 -1000 -10 0.00129330
Car -1 -1 -10 804.837 571.682 847.786 617.770 -1 -1 -1 -1000 -1000 -1000 -10 0.00137347
Car -1 -1 -10 693.189 607.271 871.072 1179.162 -1 -1 -1 -1000 -1000 -1000 -10 0.00137487
Car -1 -1 -10 0.000 875.546 397.143 1200.000 -1 -1 -1 -1000 -1000 -1000 -10 0.00067384
Car -1 -1 -10 1479.848 806.553 1920.000 1200.000 -1 -1 -1 -1000 -1000 -1000 -10 0.00062433
Car -1 -1 -10 644.280 610.553 774.745 1187.232 -1 -1 -1 -1000 -1000 -1000 -10 0.00058838
Car -1 -1 -10 529.330 645.306 696.503 1189.482 -1 -1 -1 -1000 -1000 -1000 -10 0.00058785
Car -1 -1 -10 0.000 632.273 293.581 1106.264 -1 -1 -1 -1000 -1000 -1000 -10 0.00058730
Car -1 -1 -10 1463.415 237.053 1910.767 603.474 -1 -1 -1 -1000 -1000 -1000 -10 0.00058698
Car -1 -1 -10 0.000 547.311 353.342 989.058 -1 -1 -1 -1000 -1000 -1000 -10 0.00055718
Car -1 -1 -10 430.874 637.351 601.169 1190.588 -1 -1 -1 -1000 -1000 -1000 -10 0.00055126
Car -1 -1 -10 1358.561 421.786 1762.968 642.220 -1 -1 -1 -1000 -1000 -1000 -10 0.00054229
Car -1 -1 -10 399.531 1108.942 656.501 1200.000 -1 -1 -1 -1000 -1000 -1000 -10 0.00051164
Car -1 -1 -10 79.914 534.714 232.936 1200.000 -1 -1 -1 -1000 -1000 -1000 -10 0.00050021
