Car -1 -1 -10 1621.500 521.280 1920.000 763.350 -1 -1 -1 -1000 -1000 -1000 -10 0.76144668
Car -1 -1 -10 1154.076 586.263 1203.983 634.028 -1 -1 -1 -1000 -1000 -1000 -10 0.02184789
Car -1 -1 -10 1543.257 562.665 1712.891 659.051 -1 -1 -1 -1000 -1000 -1000 -10 0.02069750
Car -1 -1 -10 1035.899 583.977 1091.212 634.904 -1 -1 -1 -1000 -1000 -1000 -10 0.01076112
Car -1 -1 -10 1487.013 538.896 1815.581 736.362 -1 -1 -1 -1000 -1000 -1000 -10 0.00487733
Car -1 -1 -10 1552.185 475.358 1920.000 849.979 -1 -1 -1 -1000 -1000 -1000 -10 0.00481385
Car -1 -1 -10 406.404 518.687 1518.293 1187.553 -1 -1 -1 -1000 -1000 -1000 -10 0.00768223
Car -1 -1 -10 1506.034 495.419 1919.879 974.903 -1 -1 -1 -1000 -1000 -1000 -10 0.00736048
Car -1 -1 -10 445.579 737.627 1376.411 1199.695 -1 -1 -1 -1000 -1000 -1000 -10 0.00681147
Car -1 -1 -10 1490.945 548.182 1782.139 684.912 -1 -1 -1 -1000 -1000 -1000 -10 0.00324896
Car -1 -1 -10 1568.162 558.626 1739.186 666.641 -1 -1 -1 -1000 -1000 -1000 -10 0.00560320
Car -1 -1 -10 0.000 537.128 805.887 1186.724 -1 -1 -1 -1000 -1000 -1000 -10 0.00576816
Car -1 -1 -10 1552.651 542.003 1844.699 724.636 -1 -1 -1 -1000 -1000 -1000 -10 0.00294246
Car -1 -1 -10 1701.233 534.575 1896.414 709.551 -1 -1 -1 -1000 -1000 -1000 -10 0.00284038
Car -1 -1 -10 1749.319 549.971 1883.046 685.075 -1 -1 -1 -1000 -1000 -1000 -10 0.00281585
Car -1 -1 -10 537.225 849.431 1430.000 1200.000 -1 -1 -1 -1000 -1000 -1000 -10 0.00273378
Car -1 -1 -10 625.901 787.002 1334.528 1200.000 -1 -1 -1 -1000 -1000 -1000 -10 0.00219766
