Car -1 -1 -10 0.384 601.628 154.424 680.723 -1 -1 -1 -1000 -1000 -1000 -10 0.97752501
Car -1 -1 -10 668.938 570.108 815.768 648.692 -1 -1 -1 -1000 -1000 -1000 -10 0.93643759
Car -1 -1 -10 1515.850 527.041 1670.953 598.609 -1 -1 -1 -1000 -1000 -1000 -10 0.00469295
Car -1 -1 -10 1566.595 545.775 1621.019 594.882 -1 -1 -1 -1000 -1000 -1000 -10 0.00376193
Car -1 -1 -10 0.000 610.311 77.655 677.180 -1 -1 -1 -1000 -1000 -1000 -10 0.00310634
Car -1 -1 -10 0.326 1156.454 33.939 1200.000 -1 -1 -1 -1000 -1000 -1000 -10 0.00299017
Car -1 -1 -10 0.000 799.835 453.134 1198.617 -1 -1 -1 -1000 -1000 -1000 -10 0.00470450
Car -1 -1 -10 30.441 608.648 217.049 1192.567 -1 -1 -1 -1000 -1000 -1000 -10 0.00409155
Car -1 -1 -10 0.000 1108.463 123.964 1200.000 -1 -1 -1 -1000 -1000 -1000 -10 0.00216719
Car -1 -1 -10 36.314 342.563 119.987 892.675 -1 -1 -1 -1000 -1000 -1000 -10 0.00222720
Car -1 -1 -10 0.000 1138.685 52.376 1200.000 -1 -1 -1 -1000 -1000 -1000 -10 0.00194696
Car -1 -1 -10 1.019 618.774 89.238 686.517 -1 -1 -1 -1000 -1000 -1000 -10 0.00114687
Car -1 -1 -10 0.000 967.796 210.634 1200.000 -1 -1 -1 -1000 -1000 -1000 -10 0.00112974
Car -1 -1 -10 0.000 1000.107 270.039 1200.000 -1 -1 -1 -1000 -1000 -1000 -10 0.00305984
Car -1 -1 -10 251.057 583.476 446.301 1173.428 -1 -1 -1 -1000 -1000 -1000 -10 0.00179512
Car -1 -1 -10 0.000 1107.134 91.089 1200.000 -1 -1 -1 -1000 -1000 -1000 -10 0.00194733
Car -1 -1 -10 56.628 1127.411 123.427 1200.000 -1 -1 -1 -1000 -1000 -1000 -10 0.00185545
Car -1 -1 -10 18.228 429.601 88.946 821.519 -1 -1 -1 -1000 -1000 -1000 -10 0.00100681
Car -1 -1 -10 0.000 504.258 1017.040 1188.032 -1 -1 -1 -1000 -1000 -1000 -10 0.00342415
Car -1 -1 -10 54.479 493.737 101.154 796.895 -1 -1 -1 -1000 -1000 -1000 -10 0.00191959
Car -1 -1 -10 74.612 1158.551 113.024 1200.000 -1 -1 -1 -1000 -1000 -1000 -10 0.00098066
Car -1 -1 -10 2.963 603.318 39.998 665.386 -1 -1 -1 -1000 -1000 -1000 -10 0.00171503
Car -1 -1 -10 3.702 1087.752 270.205 1200.000 -1 -1 -1 -1000 -1000 -1000 -10 0.00093711
Car -1 -1 -10 0.000 465.746 160.007 744.183 -1 -1 -1 -1000 -1000 -1000 -10 0.00171974
Car -1 -1 -10 1579.889 569.710 1920.000 1200.000 -1 -1 -1 -1000 -1000 -1000 -10 0.00160205
Car -1 -1 -10 189.334 624.572 364.189 1190.972 -1 -1 -1 -1000 -1000 -1000 -10 0.00087583
Car -1 -1 -10 0.000 1084.841 164.948 1200.000 -1 -1 -1 -1000 -1000 -1000 -10 0.00087154
Car -1 -1 -10 1162.064 1160.696 1197.588 1200.000 -1 -1 -1 -1000 -1000 -1000 -10 0.00085576
Car -1 -1 -10 105.364 1158.725 142.638 1200.000 -1 -1 -1 -1000 -1000 -1000 -10 0.00082988
Car -1 -1 -10 0.000 1067.298 67.240 1200.000 -1 -1 -1 -1000 -1000 -1000 -10 0.00082494
Car -1 -1 -10 0.000 559.579 282.194 914.049 -1 -1 -1 -1000 -1000 -1000 -10 0.00080908
Car -1 -1 -10 41.017 847.942 163.842 1200.000 -1 -1 -1 -1000 -1000 -1000 -10 0.00078082
Car -1 -1 -10 14.044 414.662 137.329 823.635 -1 -1 -1 -1000 -1000 -1000 -10 0.00078016
Car -1 -1 -10 1572.675 520.983 1732.093 603.519 -1 -1 -1 -1000 -1000 -1000 -10 0.00076989
Car -1 -1 -10 11.866 1109.815 243.249 1200.000 -1 -1 -1 -1000 -1000 -1000 -10 0.00076988
Car -1 -1 -10 0.000 1166.690 25.328 1200.000 -1 -1 -1 -1000 -1000 -1000 -10 0.00076405
Car -1 -1 -10 63.905 1087.945 122.211 1200.000 -1 -1 -1 -1000 -1000 -1000 -10 0.00149400
Car -1 -1 -10 16.483 1136.790 197.210 1200.000 -1 -1 -1 -1000 -1000 -1000 -10 0.00151215
Car -1 -1 -10 697.658 331.904 780.874 848.294 -1 -1 -1 -1000 -1000 -1000 -10 0.00075625
Car -1 -1 -10 17.035 1127.070 83.430 1200.000 -1 -1 -1 -1000 -1000 -1000 -10 0.00075489
Car -1 -1 -10 683.915 585.184 755.957 634.746 -1 -1 -1 -1000 -1000 -1000 -10 0.00075055
Car -1 -1 -10 68.440 1156.761 106.316 1200.000 -1 -1 -1 -1000 -1000 -1000 -10 0.00072074
Car -1 -1 -10 313.149 611.527 535.864 1187.203 -1 -1 -1 -1000 -1000 -1000 -10 0.00071475
Car -1 -1 -10 115.002 1159.339 153.000 1200.000 -1 -1 -1 -1000 -1000 -1000 -10 0.00071143
Car -1 -1 -10 1417.334 472.407 1893.690 799.302 -1 -1 -1 -1000 -1000 -1000 -10 0.00071137
Car -1 -1 -10 14.614 359.819 311.982 1200.000 -1 -1 -1 -1000 -1000 -1000 -10 0.00070523
Car -1 -1 -10 219.328 1159.479 256.471 1200.000 -1 -1 -1 -1000 -1000 -1000 -10 0.00069976
Car -1 -1 -10 1540.544 472.790 1801.618 989.438 -1 -1 -1 -1000 -1000 -1000 -10 0.00069403
Car -1 -1 -10 67.426 484.810 110.829 793.770 -1 -1 -1 -1000 -1000 -1000 -10 0.00068979
Car -1 -1 -10 117.426 624.343 291.975 1192.062 -1 -1 -1 -1000 -1000 -1000 -10 0.00068162
Car -1 -1 -10 61.902 1157.215 99.733 1200.000 -1 -1 -1 -1000 -1000 -1000 -10 0.00067795
