Car -1 -1 -10 0.000 784.937 456.293 1200.000 -1 -1 -1 -1000 -1000 -1000 -10 0.00407830
Car -1 -1 -10 44.722 504.058 1264.862 1199.849 -1 -1 -1 -1000 -1000 -1000 -10 0.00237697
Car -1 -1 -10 685.805 561.687 826.533 1193.202 -1 -1 -1 -1000 -1000 -1000 -10 0.00184830
Car -1 -1 -10 589.216 624.139 940.701 1200.000 -1 -1 -1 -1000 -1000 -1000 -10 0.00156332
Car -1 -1 -10 0.000 909.649 354.458 1200.000 -1 -1 -1 -1000 -1000 -1000 -10 0.00079874
Car -1 -1 -10 738.667 595.495 867.272 1190.254 -1 -1 -1 -1000 -1000 -1000 -10 0.00077703
Car -1 -1 -10 575.042 611.413 757.590 1179.138 -1 -1 -1 -1000 -1000 -1000 -10 0.00226149
Car -1 -1 -10 1579.366 570.337 1920.000 1200.000 -1 -1 -1 -1000 -1000 -1000 -10 0.00132924
Car -1 -1 -10 0.000 881.262 263.550 1200.000 -1 -1 -1 -1000 -1000 -1000 -10 0.00072452
Car -1 -1 -10 1456.464 438.563 1913.466 805.685 -1 -1 -1 -1000 -1000 -1000 -10 0.00117938
Car -1 -1 -10 1469.170 805.005 1920.000 1200.000 -1 -1 -1 -1000 -1000 -1000 -10 0.00128743
Car -1 -1 -10 660.267 344.752 862.284 1088.946 -1 -1 -1 -1000 -1000 -1000 -10 0.00063218
Car -1 -1 -10 659.037 575.457 852.097 1173.599 -1 -1 -1 -1000 -1000 -1000 -10 0.00110488
Car -1 -1 -10 425.570 1046.914 879.496 1200.000 -1 -1 -1 -1000 -1000 -1000 -10 0.00060264
Car -1 -1 -10 502.571 638.656 674.877 1186.784 -1 -1 -1 -1000 -1000 -1000 -10 0.00058464
Car -1 -1 -10 321.468 584.881 517.880 1178.101 -1 -1 -1 -1000 -1000 -1000 -10 0.00101913
Car -1 -1 -10 1463.348 289.603 1913.731 665.442 -1 -1 -1 -1000 -1000 -1000 -10 0.00058162
Car -1 -1 -10 1484.593 577.381 1920.000 927.252 -1 -1 -1 -1000 -1000 -1000 -10 0.00162823
Car -1 -1 -10 521.916 791.096 973.735 1066.391 -1 -1 -1 -1000 -1000 -1000 -10 0.00109021
Car -1 -1 -10 435.462 682.464 1136.943 1183.050 -1 -1 -1 -1000 -1000 -1000 -10 0.00056506
Car -1 -1 -10 815.084 622.765 987.644 1189.650 -1 -1 -1 -1000 -1000 -1000 -10 0.00056222
Car -1 -1 -10 430.231 641.863 602.323 1190.484 -1 -1 -1 -1000 -1000 -1000 -10 0.00055825
Car -1 -1 -10 1686.393 503.427 1917.489 839.181 -1 -1 -1 -1000 -1000 -1000 -10 0.00055547
Car -1 -1 -10 333.392 1109.011 581.930 1200.000 -1 -1 -1 -1000 -1000 -1000 -10 0.00100635
Car -1 -1 -10 746.742 578.449 909.593 1194.396 -1 -1 -1 -1000 -1000 -1000 -10 0.00102861
Car -1 -1 -10 1500.268 300.573 1920.000 827.552 -1 -1 -1 -1000 -1000 -1000 -10 0.00106639
Car -1 -1 -10 1615.529 490.263 1902.088 851.451 -1 -1 -1 -1000 -1000 -1000 -10 0.00053530
Car -1 -1 -10 0.000 1166.914 24.462 1200.000 -1 -1 -1 -1000 -1000 -1000 -10 0.00053208
Car -1 -1 -10 0.000 303.125 464.695 643.066 -1 -1 -1 -1000 -1000 -1000 -10 0.00052946
Car -1 -1 -10 735.346 1158.921 773.261 1200.000 -1 -1 -1 -1000 -1000 -1000 -10 0.00051622
Car -1 -1 -10 0.000 0.000 394.580 682.487 -1 -1 -1 -1000 -1000 -1000 -10 0.00051363
Car -1 -1 -10 385.998 1110.168 643.829 1200.000 -1 -1 -1 -1000 -1000 -1000 -10 0.00048274
Car -1 -1 -10 396.706 1084.232 456.844 1200.000 -1 -1 -1 -1000 -1000 -1000 -10 0.00093781
Car -1 -1 -10 1070.764 491.747 1217.080 584.924 -1 -1 -1 -1000 -1000 -1000 -10 0.00047252
Car -1 -1 -10 466.685 512.629 827.268 1200.000 -1 -1 -1 -1000 -1000 -1000 -10 0.00046353
Car -1 -1 -10 0.000 0.000 442.603 329.283 -1 -1 -1 -1000 -1000 -1000 -10 0.00046276
Car -1 -1 -10 549.610 732.396 673.902 1200.000 -1 -1 -1 -1000 -1000 -1000 -10 0.00045876
Car -1 -1 -10 0.000 454.920 462.264 801.122 -1 -1 -1 -1000 -1000 -1000 -10 0.00045264
Car -1 -1 -10 1617.739 941.082 1920.000 1200.000 -1 -1 -1 -1000 -1000 -1000 -10 0.00045161
Car -1 -1 -10 408.250 1122.975 449.048 1200.000 -1 -1 -1 -1000 -1000 -1000 -10 0.00043849
Car -1 -1 -10 218.578 1072.007 625.747 1200.000 -1 -1 -1 -1000 -1000 -1000 -10 0.00043758
Car -1 -1 -10 388.164 850.297 508.586 1200.000 -1 -1 -1 -1000 -1000 -1000 -10 0.00042809
Car -1 -1 -10 73.615 125.737 361.160 1200.000 -1 -1 -1 -1000 -1000 -1000 -10 0.00040929
