Car -1 -1 -10 370.200 628.001 495.659 724.219 -1 -1 -1 -1000 -1000 -1000 -10 0.99990737
Car -1 -1 -10 747.867 535.408 957.224 729.495 -1 -1 -1 -1000 -1000 -1000 -10 0.99974324
Car -1 -1 -10 541.693 636.218 646.330 716.952 -1 -1 -1 -1000 -1000 -1000 -10 0.99651870
Car -1 -1 -10 12.761 643.876 220.302 755.130 -1 -1 -1 -1000 -1000 -1000 -10 0.99214953
Car -1 -1 -10 0.000 658.175 105.789 755.371 -1 -1 -1 -1000 -1000 -1000 -10 0.08636434
Car -1 -1 -10 120.628 687.159 587.409 1200.000 -1 -1 -1 -1000 -1000 -1000 -10 0.00420950
Car -1 -1 -10 1378.538 371.467 1920.000 1018.144 -1 -1 -1 -1000 -1000 -1000 -10 0.00673077
Car -1 -1 -10 0.000 655.294 51.971 758.853 -1 -1 -1 -1000 -1000 -1000 -10 0.00647944
Car -1 -1 -10 635.659 785.720 1219.921 1199.549 -1 -1 -1 -1000 -1000 -1000 -10 0.00275653
Car -1 -1 -10 1423.734 558.414 1920.000 1200.000 -1 -1 -1 -1000 -1000 -1000 -10 0.00463598
Car -1 -1 -10 761.280 530.464 915.540 654.699 -1 -1 -1 -1000 -1000 -1000 -10 0.00227064
Car -1 -1 -10 1247.307 591.574 1407.768 677.450 -1 -1 -1 -1000 -1000 -1000 -10 0.00220475
