Car -1 -1 -10 715.104 481.418 1920.000 1194.337 -1 -1 -1 -1000 -1000 -1000 -10 0.02719016
Car -1 -1 -10 33.594 21.030 1380.209 1152.851 -1 -1 -1 -1000 -1000 -1000 -10 0.01349424
Car -1 -1 -10 0.000 182.472 501.226 554.104 -1 -1 -1 -1000 -1000 -1000 -10 0.01010957
Car -1 -1 -10 1230.444 451.678 1711.073 715.075 -1 -1 -1 -1000 -1000 -1000 -10 0.00499879
Car -1 -1 -10 0.000 577.964 524.478 1199.418 -1 -1 -1 -1000 -1000 -1000 -10 0.00961021
Car -1 -1 -10 21.201 56.863 307.629 1185.372 -1 -1 -1 -1000 -1000 -1000 -10 0.00648578
Car -1 -1 -10 182.697 49.160 322.018 794.546 -1 -1 -1 -1000 -1000 -1000 -10 0.00488662
Car -1 -1 -10 72.157 29.830 359.796 1200.000 -1 -1 -1 -1000 -1000 -1000 -10 0.00288431
Car -1 -1 -10 717.239 386.753 1330.212 748.805 -1 -1 -1 -1000 -1000 -1000 -10 0.00288236
Car -1 -1 -10 153.807 28.400 372.734 1061.549 -1 -1 -1 -1000 -1000 -1000 -10 0.00271217
Car -1 -1 -10 1405.146 570.628 1920.000 1200.000 -1 -1 -1 -1000 -1000 -1000 -10 0.00992176
Car -1 -1 -10 948.511 312.054 1147.065 1016.252 -1 -1 -1 -1000 -1000 -1000 -10 0.00259065
Car -1 -1 -10 64.662 5.545 475.645 744.554 -1 -1 -1 -1000 -1000 -1000 -10 0.00258064
Car -1 -1 -10 235.537 87.787 366.213 802.655 -1 -1 -1 -1000 -1000 -1000 -10 0.00235678
Car -1 -1 -10 593.883 291.908 1208.666 652.626 -1 -1 -1 -1000 -1000 -1000 -10 0.00232696
Car -1 -1 -10 208.561 493.982 1500.433 1200.000 -1 -1 -1 -1000 -1000 -1000 -10 0.00457264
Car -1 -1 -10 123.507 26.954 283.849 650.118 -1 -1 -1 -1000 -1000 -1000 -10 0.00229977
Car -1 -1 -10 4.097 15.987 547.508 698.798 -1 -1 -1 -1000 -1000 -1000 -10 0.00224731
Car -1 -1 -10 157.339 158.882 395.394 584.731 -1 -1 -1 -1000 -1000 -1000 -10 0.00223314
Car -1 -1 -10 148.807 252.337 443.930 419.182 -1 -1 -1 -1000 -1000 -1000 -10 0.00220473
Car -1 -1 -10 3.884 368.795 394.395 684.452 -1 -1 -1 -1000 -1000 -1000 -10 0.00426973
Car -1 -1 -10 1527.476 368.291 1919.462 683.085 -1 -1 -1 -1000 -1000 -1000 -10 0.00398582
Car -1 -1 -10 57.841 112.423 206.934 965.694 -1 -1 -1 -1000 -1000 -1000 -10 0.00218348
Car -1 -1 -10 1322.555 448.484 1913.050 862.468 -1 -1 -1 -1000 -1000 -1000 -10 0.00426729
Car -1 -1 -10 22.726 142.432 230.986 941.214 -1 -1 -1 -1000 -1000 -1000 -10 0.00211265
Car -1 -1 -10 395.698 245.247 883.795 511.917 -1 -1 -1 -1000 -1000 -1000 -10 0.00206744
Car -1 -1 -10 127.941 109.226 428.445 634.534 -1 -1 -1 -1000 -1000 -1000 -10 0.00203565
Car -1 -1 -10 884.034 329.992 1066.815 988.179 -1 -1 -1 -1000 -1000 -1000 -10 0.00199503
Car -1 -1 -10 1306.118 528.063 1595.160 696.451 -1 -1 -1 -1000 -1000 -1000 -10 0.00195869
Car -1 -1 -10 826.452 45.539 1043.715 1146.945 -1 -1 -1 -1000 -1000 -1000 -10 0.00193443
Car -1 -1 -10 1052.533 374.732 1920.000 1058.953 -1 -1 -1 -1000 -1000 -1000 -10 0.00191240
Car -1 -1 -10 0.000 487.127 871.111 1187.605 -1 -1 -1 -1000 -1000 -1000 -10 0.00369892
Car -1 -1 -10 193.177 34.921 434.708 1140.354 -1 -1 -1 -1000 -1000 -1000 -10 0.00186843
Car -1 -1 -10 531.450 251.594 1023.639 513.057 -1 -1 -1 -1000 -1000 -1000 -10 0.00185501
Car -1 -1 -10 571.915 363.318 1244.616 741.261 -1 -1 -1 -1000 -1000 -1000 -10 0.00185109
Car -1 -1 -10 1147.500 529.894 1876.007 988.416 -1 -1 -1 -1000 -1000 -1000 -10 0.00183986
Car -1 -1 -10 1131.054 511.191 1560.639 740.837 -1 -1 -1 -1000 -1000 -1000 -10 0.00175731
Car -1 -1 -10 838.843 268.878 1212.013 895.265 -1 -1 -1 -1000 -1000 -1000 -10 0.00174515
Car -1 -1 -10 921.874 54.974 1138.015 1144.169 -1 -1 -1 -1000 -1000 -1000 -10 0.00173765
Car -1 -1 -10 502.151 144.329 1154.932 553.904 -1 -1 -1 -1000 -1000 -1000 -10 0.00150646
Car -1 -1 -10 0.000 4.472 225.513 222.279 -1 -1 -1 -1000 -1000 -1000 -10 0.00150080
Car -1 -1 -10 730.973 39.244 947.603 1057.109 -1 -1 -1 -1000 -1000 -1000 -10 0.00149205
