Car -1 -1 -10 689.089 558.475 847.652 715.144 -1 -1 -1 -1000 -1000 -1000 -10 0.99958493
Car -1 -1 -10 983.790 589.560 1114.625 682.004 -1 -1 -1 -1000 -1000 -1000 -10 0.98849100
Car -1 -1 -10 1395.414 538.101 1662.463 672.416 -1 -1 -1 -1000 -1000 -1000 -10 0.98518680
Car -1 -1 -10 754.834 566.661 858.197 683.971 -1 -1 -1 -1000 -1000 -1000 -10 0.33740028
Car -1 -1 -10 800.704 591.283 870.350 670.702 -1 -1 -1 -1000 -1000 -1000 -10 0.02855955
Car -1 -1 -10 926.999 593.489 1004.541 664.011 -1 -1 -1 -1000 -1000 -1000 -10 0.04500620
Car -1 -1 -10 796.986 580.940 870.098 657.526 -1 -1 -1 -1000 -1000 -1000 -10 0.05262206
Car -1 -1 -10 790.265 583.046 873.466 676.852 -1 -1 -1 -1000 -1000 -1000 -10 0.01850565
Car -1 -1 -10 959.547 574.826 1075.704 665.898 -1 -1 -1 -1000 -1000 -1000 -10 0.01814485
Car -1 -1 -10 947.989 579.064 1064.748 679.536 -1 -1 -1 -1000 -1000 -1000 -10 0.00724171
Car -1 -1 -10 934.709 572.871 1052.018 669.719 -1 -1 -1 -1000 -1000 -1000 -10 0.00679224
Car -1 -1 -10 796.699 571.050 839.939 642.826 -1 -1 -1 -1000 -1000 -1000 -10 0.00623913
Car -1 -1 -10 243.373 523.492 388.163 608.738 -1 -1 -1 -1000 -1000 -1000 -10 0.00699821
Car -1 -1 -10 891.835 596.459 950.050 648.044 -1 -1 -1 -1000 -1000 -1000 -10 0.00563708
Car -1 -1 -10 807.605 541.014 853.274 697.015 -1 -1 -1 -1000 -1000 -1000 -10 0.00485232
Car -1 -1 -10 905.180 595.138 982.692 663.680 -1 -1 -1 -1000 -1000 -1000 -10 0.00494696
