Car -1 -1 -10 1031.695 582.531 1113.892 651.985 -1 -1 -1 -1000 -1000 -1000 -10 0.26497856
Car -1 -1 -10 1019.300 576.304 1119.788 656.549 -1 -1 -1 -1000 -1000 -1000 -10 0.00885995
Car -1 -1 -10 444.480 947.109 791.972 1171.638 -1 -1 -1 -1000 -1000 -1000 -10 0.00653486
Car -1 -1 -10 66.118 540.930 288.949 679.813 -1 -1 -1 -1000 -1000 -1000 -10 0.00457720
Car -1 -1 -10 325.879 1049.603 756.129 1200.000 -1 -1 -1 -1000 -1000 -1000 -10 0.00843717
Car -1 -1 -10 464.293 822.152 1067.999 1197.149 -1 -1 -1 -1000 -1000 -1000 -10 0.00406722
Car -1 -1 -10 33.152 521.448 374.335 802.926 -1 -1 -1 -1000 -1000 -1000 -10 0.00415347
Car -1 -1 -10 483.169 780.048 668.825 1199.046 -1 -1 -1 -1000 -1000 -1000 -10 0.00392180
Car -1 -1 -10 326.305 869.550 919.833 1190.490 -1 -1 -1 -1000 -1000 -1000 -10 0.00437116
Car -1 -1 -10 401.184 821.993 756.354 1197.953 -1 -1 -1 -1000 -1000 -1000 -10 0.00401515
Car -1 -1 -10 992.935 590.195 1050.843 643.639 -1 -1 -1 -1000 -1000 -1000 -10 0.00201462
Car -1 -1 -10 974.348 585.624 1057.232 643.771 -1 -1 -1 -1000 -1000 -1000 -10 0.00200911
Car -1 -1 -10 550.170 658.526 721.253 1198.407 -1 -1 -1 -1000 -1000 -1000 -10 0.00333819
Car -1 -1 -10 483.943 834.796 642.819 1200.000 -1 -1 -1 -1000 -1000 -1000 -10 0.00186488
Car -1 -1 -10 498.281 761.013 627.606 1200.000 -1 -1 -1 -1000 -1000 -1000 -10 0.00183614
Car -1 -1 -10 500.764 1094.038 660.352 1187.093 -1 -1 -1 -1000 -1000 -1000 -10 0.00325337
Car -1 -1 -10 360.426 1103.249 620.678 1200.000 -1 -1 -1 -1000 -1000 -1000 -10 0.00170957
Car -1 -1 -10 217.348 1106.157 474.696 1200.000 -1 -1 -1 -1000 -1000 -1000 -10 0.00308918
Car -1 -1 -10 459.170 1076.401 577.677 1185.413 -1 -1 -1 -1000 -1000 -1000 -10 0.00163212
Car -1 -1 -10 449.717 1093.155 606.804 1186.109 -1 -1 -1 -1000 -1000 -1000 -10 0.00304881
Car -1 -1 -10 331.518 670.623 864.135 1200.000 -1 -1 -1 -1000 -1000 -1000 -10 0.00162282
Car -1 -1 -10 323.612 1101.869 581.966 1200.000 -1 -1 -1 -1000 -1000 -1000 -10 0.00161573
Car -1 -1 -10 452.758 758.851 579.364 1200.000 -1 -1 -1 -1000 -1000 -1000 -10 0.00291417
Car -1 -1 -10 549.492 963.304 718.143 1063.942 -1 -1 -1 -1000 -1000 -1000 -10 0.00153957
Car -1 -1 -10 578.587 747.731 882.112 1186.548 -1 -1 -1 -1000 -1000 -1000 -10 0.00152886
Car -1 -1 -10 493.287 1157.145 530.106 1200.000 -1 -1 -1 -1000 -1000 -1000 -10 0.00149854
Car -1 -1 -10 46.989 537.066 323.750 688.763 -1 -1 -1 -1000 -1000 -1000 -10 0.00140066
Car -1 -1 -10 1443.560 792.392 1791.432 1200.000 -1 -1 -1 -1000 -1000 -1000 -10 0.00139603
Car -1 -1 -10 459.905 722.983 818.594 1174.034 -1 -1 -1 -1000 -1000 -1000 -10 0.00139021
Car -1 -1 -10 478.536 1106.146 652.961 1200.000 -1 -1 -1 -1000 -1000 -1000 -10 0.00276095
Car -1 -1 -10 1674.424 1157.100 1713.358 1200.000 -1 -1 -1 -1000 -1000 -1000 -10 0.00138663
Car -1 -1 -10 546.635 765.066 675.125 1200.000 -1 -1 -1 -1000 -1000 -1000 -10 0.00138645
Car -1 -1 -10 537.610 646.833 689.117 1200.000 -1 -1 -1 -1000 -1000 -1000 -10 0.00138460
Car -1 -1 -10 387.903 842.521 548.215 1200.000 -1 -1 -1 -1000 -1000 -1000 -10 0.00135160
Car -1 -1 -10 222.509 910.711 911.982 1200.000 -1 -1 -1 -1000 -1000 -1000 -10 0.00132693
Car -1 -1 -10 579.184 835.509 739.064 1200.000 -1 -1 -1 -1000 -1000 -1000 -10 0.00126653
Car -1 -1 -10 969.168 580.327 1017.135 634.297 -1 -1 -1 -1000 -1000 -1000 -10 0.00126554
Car -1 -1 -10 572.267 944.335 921.453 1171.959 -1 -1 -1 -1000 -1000 -1000 -10 0.00120045
