Car -1 -1 -10 981.473 589.619 1164.577 725.120 -1 -1 -1 -1000 -1000 -1000 -10 0.99984357
Car -1 -1 -10 479.235 596.752 600.296 689.026 -1 -1 -1 -1000 -1000 -1000 -10 0.91691193
Car -1 -1 -10 919.720 608.061 1000.675 671.891 -1 -1 -1 -1000 -1000 -1000 -10 0.25480593
Car -1 -1 -10 403.267 619.896 459.546 671.190 -1 -1 -1 -1000 -1000 -1000 -10 0.01015348
Car -1 -1 -10 1062.275 593.410 1170.913 697.321 -1 -1 -1 -1000 -1000 -1000 -10 0.00622560
Car -1 -1 -10 1129.345 614.831 1168.163 683.335 -1 -1 -1 -1000 -1000 -1000 -10 0.00561735
Car -1 -1 -10 676.894 583.881 752.201 653.827 -1 -1 -1 -1000 -1000 -1000 -10 0.00295752
Car -1 -1 -10 945.828 600.513 1038.471 685.018 -1 -1 -1 -1000 -1000 -1000 -10 0.00279872
Car -1 -1 -10 973.798 588.348 1082.638 698.774 -1 -1 -1 -1000 -1000 -1000 -10 0.00860896
Car -1 -1 -10 0.342 1023.125 264.238 1200.000 -1 -1 -1 -1000 -1000 -1000 -10 0.00239437
Car -1 -1 -10 6.840 1082.947 279.258 1200.000 -1 -1 -1 -1000 -1000 -1000 -10 0.00414100
Car -1 -1 -10 11.233 1104.833 181.109 1200.000 -1 -1 -1 -1000 -1000 -1000 -10 0.00472426
Car -1 -1 -10 636.099 597.824 711.811 664.056 -1 -1 -1 -1000 -1000 -1000 -10 0.00386897
Car -1 -1 -10 0.000 884.458 273.234 1200.000 -1 -1 -1 -1000 -1000 -1000 -10 0.00204556
Car -1 -1 -10 954.712 605.868 1028.824 680.227 -1 -1 -1 -1000 -1000 -1000 -10 0.00204032
Car -1 -1 -10 16.162 785.279 198.439 1200.000 -1 -1 -1 -1000 -1000 -1000 -10 0.00201355
Car -1 -1 -10 0.000 797.622 461.833 1198.272 -1 -1 -1 -1000 -1000 -1000 -10 0.00721237
Car -1 -1 -10 34.499 717.168 183.729 1200.000 -1 -1 -1 -1000 -1000 -1000 -10 0.00185950
Car -1 -1 -10 522.754 605.419 570.403 679.737 -1 -1 -1 -1000 -1000 -1000 -10 0.00329371
Car -1 -1 -10 13.357 681.735 254.348 1200.000 -1 -1 -1 -1000 -1000 -1000 -10 0.00334504
Car -1 -1 -10 20.241 1133.762 185.614 1200.000 -1 -1 -1 -1000 -1000 -1000 -10 0.00175811
Car -1 -1 -10 1084.060 600.223 1177.384 685.982 -1 -1 -1 -1000 -1000 -1000 -10 0.00315215
Car -1 -1 -10 6.822 1059.853 325.866 1200.000 -1 -1 -1 -1000 -1000 -1000 -10 0.00168144
Car -1 -1 -10 65.675 1020.084 162.335 1200.000 -1 -1 -1 -1000 -1000 -1000 -10 0.00309228
Car -1 -1 -10 12.835 1005.414 412.524 1200.000 -1 -1 -1 -1000 -1000 -1000 -10 0.00289010
Car -1 -1 -10 82.596 1126.239 150.015 1200.000 -1 -1 -1 -1000 -1000 -1000 -10 0.00143200
Car -1 -1 -10 84.811 775.045 269.250 1200.000 -1 -1 -1 -1000 -1000 -1000 -10 0.00142357
Car -1 -1 -10 195.128 1158.491 232.483 1200.000 -1 -1 -1 -1000 -1000 -1000 -10 0.00137325
Car -1 -1 -10 1011.056 582.527 1058.319 633.233 -1 -1 -1 -1000 -1000 -1000 -10 0.00135950
Car -1 -1 -10 1019.023 573.423 1052.225 627.015 -1 -1 -1 -1000 -1000 -1000 -10 0.00125035
Car -1 -1 -10 69.831 751.734 196.271 1200.000 -1 -1 -1 -1000 -1000 -1000 -10 0.00113543
Car -1 -1 -10 900.228 597.790 932.539 646.632 -1 -1 -1 -1000 -1000 -1000 -10 0.00113338
Car -1 -1 -10 184.452 1089.468 241.574 1200.000 -1 -1 -1 -1000 -1000 -1000 -10 0.00111515
Car -1 -1 -10 33.100 1157.630 70.915 1200.000 -1 -1 -1 -1000 -1000 -1000 -10 0.00111005
