Car -1 -1 -10 0.000 789.490 641.470 1200.000 -1 -1 -1 -1000 -1000 -1000 -10 0.00427172
Car -1 -1 -10 0.000 808.170 464.781 1200.000 -1 -1 -1 -1000 -1000 -1000 -10 0.00371282
Car -1 -1 -10 0.000 556.888 362.233 1200.000 -1 -1 -1 -1000 -1000 -1000 -10 0.00316111
Car -1 -1 -10 0.000 532.346 790.013 1198.181 -1 -1 -1 -1000 -1000 -1000 -10 0.00464259
Car -1 -1 -10 1446.271 342.388 1918.790 706.214 -1 -1 -1 -1000 -1000 -1000 -10 0.00266375
Car -1 -1 -10 1402.075 580.741 1920.000 1200.000 -1 -1 -1 -1000 -1000 -1000 -10 0.00417291
Car -1 -1 -10 174.684 844.620 513.285 1199.432 -1 -1 -1 -1000 -1000 -1000 -10 0.00203403
Car -1 -1 -10 4.646 1107.753 167.623 1200.000 -1 -1 -1 -1000 -1000 -1000 -10 0.00109105
Car -1 -1 -10 307.094 602.529 436.892 1199.022 -1 -1 -1 -1000 -1000 -1000 -10 0.00108499
Car -1 -1 -10 111.171 194.509 410.429 1190.508 -1 -1 -1 -1000 -1000 -1000 -10 0.00106060
Car -1 -1 -10 0.000 990.829 276.632 1200.000 -1 -1 -1 -1000 -1000 -1000 -10 0.00291329
Car -1 -1 -10 16.511 1127.511 84.204 1200.000 -1 -1 -1 -1000 -1000 -1000 -10 0.00100429
Car -1 -1 -10 1425.091 461.100 1912.891 852.052 -1 -1 -1 -1000 -1000 -1000 -10 0.00175541
Car -1 -1 -10 101.141 588.811 512.575 1184.903 -1 -1 -1 -1000 -1000 -1000 -10 0.00097175
Car -1 -1 -10 1379.633 338.785 1912.341 783.006 -1 -1 -1 -1000 -1000 -1000 -10 0.00168997
Car -1 -1 -10 0.603 1108.336 124.551 1200.000 -1 -1 -1 -1000 -1000 -1000 -10 0.00092555
Car -1 -1 -10 129.130 587.407 278.809 1200.000 -1 -1 -1 -1000 -1000 -1000 -10 0.00092013
Car -1 -1 -10 120.152 1035.688 586.449 1200.000 -1 -1 -1 -1000 -1000 -1000 -10 0.00090434
Car -1 -1 -10 0.000 918.237 347.879 1200.000 -1 -1 -1 -1000 -1000 -1000 -10 0.00089856
Car -1 -1 -10 0.000 1107.966 90.598 1200.000 -1 -1 -1 -1000 -1000 -1000 -10 0.00088921
Car -1 -1 -10 20.939 1087.272 79.599 1200.000 -1 -1 -1 -1000 -1000 -1000 -10 0.00087986
Car -1 -1 -10 0.000 532.900 455.430 910.774 -1 -1 -1 -1000 -1000 -1000 -10 0.00087007
Car -1 -1 -10 0.000 1105.370 48.861 1200.000 -1 -1 -1 -1000 -1000 -1000 -10 0.00086342
Car -1 -1 -10 272.578 548.412 420.195 1200.000 -1 -1 -1 -1000 -1000 -1000 -10 0.00086059
Car -1 -1 -10 1576.863 306.116 1920.000 662.598 -1 -1 -1 -1000 -1000 -1000 -10 0.00083302
Car -1 -1 -10 9.917 599.963 315.342 949.468 -1 -1 -1 -1000 -1000 -1000 -10 0.00078617
Car -1 -1 -10 202.077 584.706 349.773 1200.000 -1 -1 -1 -1000 -1000 -1000 -10 0.00078433
Car -1 -1 -10 31.503 1157.995 68.818 1200.000 -1 -1 -1 -1000 -1000 -1000 -10 0.00075037
Car -1 -1 -10 465.165 1107.832 716.179 1200.000 -1 -1 -1 -1000 -1000 -1000 -10 0.00073017
Car -1 -1 -10 18.859 1142.587 70.651 1200.000 -1 -1 -1 -1000 -1000 -1000 -10 0.00064041
