Car -1 -1 -10 767.874 609.121 814.415 652.519 -1 -1 -1 -1000 -1000 -1000 -10 0.85147576
Car -1 -1 -10 357.882 629.501 457.835 686.074 -1 -1 -1 -1000 -1000 -1000 -10 0.00589999
Car -1 -1 -10 1487.116 297.410 1920.000 839.637 -1 -1 -1 -1000 -1000 -1000 -10 0.01170379
Car -1 -1 -10 1753.402 612.576 1875.258 722.665 -1 -1 -1 -1000 -1000 -1000 -10 0.00305684
Car -1 -1 -10 348.685 629.188 495.976 697.387 -1 -1 -1 -1000 -1000 -1000 -10 0.00432473
Car -1 -1 -10 1769.633 614.611 1914.920 717.723 -1 -1 -1 -1000 -1000 -1000 -10 0.00242847
Car -1 -1 -10 793.566 608.711 824.936 654.506 -1 -1 -1 -1000 -1000 -1000 -10 0.00320696
Car -1 -1 -10 1777.267 492.188 1911.220 756.958 -1 -1 -1 -1000 -1000 -1000 -10 0.00355630
Car -1 -1 -10 1753.837 506.604 1919.298 770.864 -1 -1 -1 -1000 -1000 -1000 -10 0.00169945
Car -1 -1 -10 1616.422 448.867 1918.916 765.352 -1 -1 -1 -1000 -1000 -1000 -10 0.00382853
Car -1 -1 -10 1811.887 617.178 1918.384 715.244 -1 -1 -1 -1000 -1000 -1000 -10 0.00332025
Car -1 -1 -10 1780.464 636.911 1919.468 738.773 -1 -1 -1 -1000 -1000 -1000 -10 0.00142778
Car -1 -1 -10 1547.949 500.859 1920.000 998.553 -1 -1 -1 -1000 -1000 -1000 -10 0.00262064
Car -1 -1 -10 1709.976 365.457 1920.000 780.574 -1 -1 -1 -1000 -1000 -1000 -10 0.00134741
Car -1 -1 -10 1767.986 589.621 1914.555 695.254 -1 -1 -1 -1000 -1000 -1000 -10 0.00130619
Car -1 -1 -10 981.604 255.484 1446.287 587.502 -1 -1 -1 -1000 -1000 -1000 -10 0.00120334
Car -1 -1 -10 1794.110 628.843 1872.724 708.253 -1 -1 -1 -1000 -1000 -1000 -10 0.00117406
Car -1 -1 -10 1741.772 593.234 1892.041 692.613 -1 -1 -1 -1000 -1000 -1000 -10 0.00116286
Car -1 -1 -10 1743.927 616.391 1891.146 713.738 -1 -1 -1 -1000 -1000 -1000 -10 0.00115951
Car -1 -1 -10 1808.971 618.300 1885.351 693.161 -1 -1 -1 -1000 -1000 -1000 -10 0.00115831
Car -1 -1 -10 72.214 609.461 224.275 716.012 -1 -1 -1 -1000 -1000 -1000 -10 0.00110387
Car -1 -1 -10 1555.384 336.996 1920.000 619.634 -1 -1 -1 -1000 -1000 -1000 -10 0.00109133
Car -1 -1 -10 1809.685 550.724 1920.000 762.369 -1 -1 -1 -1000 -1000 -1000 -10 0.00104804
Car -1 -1 -10 1770.425 618.058 1848.292 695.411 -1 -1 -1 -1000 -1000 -1000 -10 0.00104201
Car -1 -1 -10 1812.650 640.578 1920.000 739.695 -1 -1 -1 -1000 -1000 -1000 -10 0.00099793
