Car -1 -1 -10 661.261 606.205 766.444 687.942 -1 -1 -1 -1000 -1000 -1000 -10 0.99697541
Car -1 -1 -10 0.000 615.259 484.409 1197.077 -1 -1 -1 -1000 -1000 -1000 -10 0.03153907
Car -1 -1 -10 0.000 515.240 937.360 1191.244 -1 -1 -1 -1000 -1000 -1000 -10 0.02197372
Car -1 -1 -10 67.933 1047.665 512.158 1200.000 -1 -1 -1 -1000 -1000 -1000 -10 0.00297735
Car -1 -1 -10 0.000 851.079 742.102 1200.000 -1 -1 -1 -1000 -1000 -1000 -10 0.00143289
Car -1 -1 -10 0.000 780.981 211.499 1190.525 -1 -1 -1 -1000 -1000 -1000 -10 0.00136210
Car -1 -1 -10 334.973 806.487 974.083 1190.825 -1 -1 -1 -1000 -1000 -1000 -10 0.00136123
Car -1 -1 -10 76.969 241.769 388.706 1194.824 -1 -1 -1 -1000 -1000 -1000 -10 0.00256963
Car -1 -1 -10 204.376 780.779 392.155 1200.000 -1 -1 -1 -1000 -1000 -1000 -10 0.00133761
Car -1 -1 -10 0.000 657.457 292.269 1080.054 -1 -1 -1 -1000 -1000 -1000 -10 0.00132439
Car -1 -1 -10 0.000 1066.529 197.722 1200.000 -1 -1 -1 -1000 -1000 -1000 -10 0.00131128
Car -1 -1 -10 0.000 857.633 283.468 1200.000 -1 -1 -1 -1000 -1000 -1000 -10 0.00250682
Car -1 -1 -10 112.082 814.277 485.274 1197.801 -1 -1 -1 -1000 -1000 -1000 -10 0.00127108
Car -1 -1 -10 0.000 907.785 356.890 1200.000 -1 -1 -1 -1000 -1000 -1000 -10 0.00124417
Car -1 -1 -10 224.514 657.840 376.547 1200.000 -1 -1 -1 -1000 -1000 -1000 -10 0.00122845
Car -1 -1 -10 0.000 899.552 603.037 1200.000 -1 -1 -1 -1000 -1000 -1000 -10 0.00120287
Car -1 -1 -10 583.204 633.624 734.387 1197.740 -1 -1 -1 -1000 -1000 -1000 -10 0.00120159
