Car -1 -1 -10 0.000 527.573 916.518 1190.585 -1 -1 -1 -1000 -1000 -1000 -10 0.00698727
Car -1 -1 -10 0.000 799.918 457.108 1198.628 -1 -1 -1 -1000 -1000 -1000 -10 0.00472716
Car -1 -1 -10 7.472 646.602 594.647 1082.889 -1 -1 -1 -1000 -1000 -1000 -10 0.00200921
Car -1 -1 -10 1472.890 345.725 1920.000 703.230 -1 -1 -1 -1000 -1000 -1000 -10 0.00092436
Car -1 -1 -10 1421.103 455.790 1915.049 872.362 -1 -1 -1 -1000 -1000 -1000 -10 0.00159376
Car -1 -1 -10 1446.819 591.738 1920.000 953.610 -1 -1 -1 -1000 -1000 -1000 -10 0.00075094
Car -1 -1 -10 66.601 110.656 365.840 1194.449 -1 -1 -1 -1000 -1000 -1000 -10 0.00132274
Car -1 -1 -10 1580.080 569.038 1920.000 1200.000 -1 -1 -1 -1000 -1000 -1000 -10 0.00125101
Car -1 -1 -10 0.000 881.295 261.251 1200.000 -1 -1 -1 -1000 -1000 -1000 -10 0.00068186
Car -1 -1 -10 1407.300 241.672 1909.139 687.040 -1 -1 -1 -1000 -1000 -1000 -10 0.00064524
Car -1 -1 -10 91.356 631.325 815.805 1105.474 -1 -1 -1 -1000 -1000 -1000 -10 0.00063096
Car -1 -1 -10 1550.240 531.646 1913.172 823.327 -1 -1 -1 -1000 -1000 -1000 -10 0.00061882
Car -1 -1 -10 0.000 1166.801 24.594 1200.000 -1 -1 -1 -1000 -1000 -1000 -10 0.00060958
Car -1 -1 -10 0.000 717.210 437.700 946.877 -1 -1 -1 -1000 -1000 -1000 -10 0.00060917
Car -1 -1 -10 0.000 615.960 370.706 1104.123 -1 -1 -1 -1000 -1000 -1000 -10 0.00118414
Car -1 -1 -10 269.829 622.533 610.193 1200.000 -1 -1 -1 -1000 -1000 -1000 -10 0.00060556
Car -1 -1 -10 1353.027 534.715 1907.288 976.293 -1 -1 -1 -1000 -1000 -1000 -10 0.00059941
Car -1 -1 -10 1063.245 183.813 1593.110 575.550 -1 -1 -1 -1000 -1000 -1000 -10 0.00058507
Car -1 -1 -10 0.000 937.191 319.844 1200.000 -1 -1 -1 -1000 -1000 -1000 -10 0.00108051
Car -1 -1 -10 455.456 577.942 782.563 1191.700 -1 -1 -1 -1000 -1000 -1000 -10 0.00165998
Car -1 -1 -10 1435.985 612.926 1920.000 1200.000 -1 -1 -1 -1000 -1000 -1000 -10 0.00055008
Car -1 -1 -10 365.026 507.482 516.828 1200.000 -1 -1 -1 -1000 -1000 -1000 -10 0.00054630
Car -1 -1 -10 278.318 117.311 582.810 1165.790 -1 -1 -1 -1000 -1000 -1000 -10 0.00054363
Car -1 -1 -10 1609.790 355.975 1920.000 758.097 -1 -1 -1 -1000 -1000 -1000 -10 0.00054300
Car -1 -1 -10 375.918 487.945 560.017 1164.192 -1 -1 -1 -1000 -1000 -1000 -10 0.00053074
Car -1 -1 -10 1443.406 389.560 1920.000 753.173 -1 -1 -1 -1000 -1000 -1000 -10 0.00052990
Car -1 -1 -10 1568.504 473.071 1920.000 881.520 -1 -1 -1 -1000 -1000 -1000 -10 0.00049259
Car -1 -1 -10 1477.378 807.368 1920.000 1200.000 -1 -1 -1 -1000 -1000 -1000 -10 0.00049168
Car -1 -1 -10 150.138 709.814 765.001 1138.839 -1 -1 -1 -1000 -1000 -1000 -10 0.00048715
Car -1 -1 -10 245.548 555.505 676.756 989.577 -1 -1 -1 -1000 -1000 -1000 -10 0.00048153
Car -1 -1 -10 490.891 512.348 640.891 1200.000 -1 -1 -1 -1000 -1000 -1000 -10 0.00047959
Car -1 -1 -10 1353.902 332.240 1910.926 784.222 -1 -1 -1 -1000 -1000 -1000 -10 0.00047807
Car -1 -1 -10 759.699 35.878 1910.533 1136.007 -1 -1 -1 -1000 -1000 -1000 -10 0.00047580
Car -1 -1 -10 1316.268 265.325 1920.000 653.463 -1 -1 -1 -1000 -1000 -1000 -10 0.00046573
Car -1 -1 -10 1036.834 237.760 1582.261 613.227 -1 -1 -1 -1000 -1000 -1000 -10 0.00045849
Car -1 -1 -10 414.970 573.390 483.300 1005.019 -1 -1 -1 -1000 -1000 -1000 -10 0.00045095
Car -1 -1 -10 376.966 125.663 680.137 1171.101 -1 -1 -1 -1000 -1000 -1000 -10 0.00088061
Car -1 -1 -10 444.550 616.284 482.714 960.476 -1 -1 -1 -1000 -1000 -1000 -10 0.00043917
