Car -1 -1 -10 18.045 0.000 440.658 237.961 -1 -1 -1 -1000 -1000 -1000 -10 0.00741274
Car -1 -1 -10 12.390 2.411 366.002 156.571 -1 -1 -1 -1000 -1000 -1000 -10 0.00463592
Car -1 -1 -10 0.000 792.002 468.289 1197.845 -1 -1 -1 -1000 -1000 -1000 -10 0.01271743
Car -1 -1 -10 1204.435 0.000 1797.990 216.530 -1 -1 -1 -1000 -1000 -1000 -10 0.01203844
Car -1 -1 -10 104.662 7.003 430.180 147.476 -1 -1 -1 -1000 -1000 -1000 -10 0.00967582
Car -1 -1 -10 1331.289 2.954 1678.922 154.048 -1 -1 -1 -1000 -1000 -1000 -10 0.00950974
Car -1 -1 -10 0.000 0.000 546.537 218.358 -1 -1 -1 -1000 -1000 -1000 -10 0.00646990
Car -1 -1 -10 115.499 14.873 272.858 112.131 -1 -1 -1 -1000 -1000 -1000 -10 0.00594317
Car -1 -1 -10 2.194 9.570 310.319 145.558 -1 -1 -1 -1000 -1000 -1000 -10 0.00307720
Car -1 -1 -10 1361.088 3.206 1683.348 312.859 -1 -1 -1 -1000 -1000 -1000 -10 0.00305853
Car -1 -1 -10 185.220 14.191 343.646 111.413 -1 -1 -1 -1000 -1000 -1000 -10 0.00505407
Car -1 -1 -10 146.365 4.153 451.800 130.084 -1 -1 -1 -1000 -1000 -1000 -10 0.00297577
Car -1 -1 -10 12.720 17.881 269.679 471.259 -1 -1 -1 -1000 -1000 -1000 -10 0.00494006
Car -1 -1 -10 86.604 37.356 243.268 135.283 -1 -1 -1 -1000 -1000 -1000 -10 0.00288015
Car -1 -1 -10 140.985 21.537 400.716 468.408 -1 -1 -1 -1000 -1000 -1000 -10 0.00282936
Car -1 -1 -10 17.494 597.152 151.401 1200.000 -1 -1 -1 -1000 -1000 -1000 -10 0.00278334
Car -1 -1 -10 1400.877 20.692 1655.820 468.104 -1 -1 -1 -1000 -1000 -1000 -10 0.00434712
Car -1 -1 -10 115.814 4.859 431.951 307.933 -1 -1 -1 -1000 -1000 -1000 -10 0.00263923
Car -1 -1 -10 190.737 10.752 374.010 141.557 -1 -1 -1 -1000 -1000 -1000 -10 0.00262693
Car -1 -1 -10 1293.729 2.150 1613.905 310.651 -1 -1 -1 -1000 -1000 -1000 -10 0.00259370
Car -1 -1 -10 1455.458 0.000 1580.523 132.125 -1 -1 -1 -1000 -1000 -1000 -10 0.00500924
Car -1 -1 -10 205.761 5.772 334.307 121.673 -1 -1 -1 -1000 -1000 -1000 -10 0.00256697
Car -1 -1 -10 149.292 37.791 308.842 133.131 -1 -1 -1 -1000 -1000 -1000 -10 0.00666160
Car -1 -1 -10 103.319 2.536 391.901 270.727 -1 -1 -1 -1000 -1000 -1000 -10 0.00247503
Car -1 -1 -10 144.016 14.688 253.469 285.975 -1 -1 -1 -1000 -1000 -1000 -10 0.00243115
Car -1 -1 -10 1356.186 5.390 1663.137 128.010 -1 -1 -1 -1000 -1000 -1000 -10 0.00239200
Car -1 -1 -10 167.405 5.097 336.385 333.522 -1 -1 -1 -1000 -1000 -1000 -10 0.00235009
Car -1 -1 -10 139.107 17.455 273.249 415.021 -1 -1 -1 -1000 -1000 -1000 -10 0.00231046
Car -1 -1 -10 1445.330 2.721 1588.485 269.638 -1 -1 -1 -1000 -1000 -1000 -10 0.00370556
Car -1 -1 -10 1246.522 4.477 1548.282 130.402 -1 -1 -1 -1000 -1000 -1000 -10 0.00353464
Car -1 -1 -10 186.763 33.796 366.879 515.367 -1 -1 -1 -1000 -1000 -1000 -10 0.00175797
Car -1 -1 -10 1364.522 0.000 1491.035 131.508 -1 -1 -1 -1000 -1000 -1000 -10 0.00330434
Car -1 -1 -10 193.780 10.375 572.776 187.539 -1 -1 -1 -1000 -1000 -1000 -10 0.00169398
Car -1 -1 -10 190.495 15.467 300.690 284.603 -1 -1 -1 -1000 -1000 -1000 -10 0.00168733
Car -1 -1 -10 308.580 38.448 466.383 138.392 -1 -1 -1 -1000 -1000 -1000 -10 0.00161551
