Car -1 -1 -10 944.388 580.187 1042.476 665.170 -1 -1 -1 -1000 -1000 -1000 -10 0.59619533
Car -1 -1 -10 975.708 530.511 1022.645 694.876 -1 -1 -1 -1000 -1000 -1000 -10 0.00286829
Car -1 -1 -10 967.777 579.475 1027.478 638.307 -1 -1 -1 -1000 -1000 -1000 -10 0.00313614
Car -1 -1 -10 293.485 1118.982 372.624 1200.000 -1 -1 -1 -1000 -1000 -1000 -10 0.00293408
Car -1 -1 -10 1545.705 3.675 1920.000 557.052 -1 -1 -1 -1000 -1000 -1000 -10 0.00171804
Car -1 -1 -10 798.546 566.954 957.229 661.051 -1 -1 -1 -1000 -1000 -1000 -10 0.00327761
Car -1 -1 -10 963.896 531.101 1010.977 694.583 -1 -1 -1 -1000 -1000 -1000 -10 0.00284132
Car -1 -1 -10 959.289 578.573 1018.470 638.197 -1 -1 -1 -1000 -1000 -1000 -10 0.00164783
Car -1 -1 -10 1692.694 27.348 1920.000 194.105 -1 -1 -1 -1000 -1000 -1000 -10 0.00159060
Car -1 -1 -10 1469.230 0.000 1918.376 300.504 -1 -1 -1 -1000 -1000 -1000 -10 0.00312565
Car -1 -1 -10 386.770 1084.126 446.186 1200.000 -1 -1 -1 -1000 -1000 -1000 -10 0.00147922
Car -1 -1 -10 309.015 1157.776 345.705 1200.000 -1 -1 -1 -1000 -1000 -1000 -10 0.00278190
Car -1 -1 -10 951.996 559.160 1027.172 635.518 -1 -1 -1 -1000 -1000 -1000 -10 0.00143605
Car -1 -1 -10 242.164 1047.534 667.672 1200.000 -1 -1 -1 -1000 -1000 -1000 -10 0.00256871
Car -1 -1 -10 313.852 1123.750 351.950 1200.000 -1 -1 -1 -1000 -1000 -1000 -10 0.00135233
Car -1 -1 -10 397.567 1122.507 435.995 1200.000 -1 -1 -1 -1000 -1000 -1000 -10 0.00134942
Car -1 -1 -10 1666.677 4.250 1920.000 217.929 -1 -1 -1 -1000 -1000 -1000 -10 0.00134700
Car -1 -1 -10 393.382 1157.468 429.860 1200.000 -1 -1 -1 -1000 -1000 -1000 -10 0.00254615
Car -1 -1 -10 1641.886 9.264 1884.326 352.930 -1 -1 -1 -1000 -1000 -1000 -10 0.00133817
Car -1 -1 -10 984.637 572.357 1013.798 669.624 -1 -1 -1 -1000 -1000 -1000 -10 0.00130651
Car -1 -1 -10 377.213 1119.998 456.518 1200.000 -1 -1 -1 -1000 -1000 -1000 -10 0.00127249
Car -1 -1 -10 0.000 792.890 457.079 1196.585 -1 -1 -1 -1000 -1000 -1000 -10 0.00241803
Car -1 -1 -10 0.000 828.520 213.124 1194.752 -1 -1 -1 -1000 -1000 -1000 -10 0.00122901
Car -1 -1 -10 972.270 573.602 1001.637 670.084 -1 -1 -1 -1000 -1000 -1000 -10 0.00122336
Car -1 -1 -10 779.674 590.175 932.756 682.012 -1 -1 -1 -1000 -1000 -1000 -10 0.00227453
Car -1 -1 -10 874.833 569.228 980.709 648.852 -1 -1 -1 -1000 -1000 -1000 -10 0.00116160
Car -1 -1 -10 899.257 594.928 956.703 645.075 -1 -1 -1 -1000 -1000 -1000 -10 0.00213292
Car -1 -1 -10 298.740 882.342 591.718 1200.000 -1 -1 -1 -1000 -1000 -1000 -10 0.00211894
Car -1 -1 -10 1684.127 63.078 1839.656 160.895 -1 -1 -1 -1000 -1000 -1000 -10 0.00221041
Car -1 -1 -10 542.374 436.766 1017.052 715.830 -1 -1 -1 -1000 -1000 -1000 -10 0.00113065
Car -1 -1 -10 841.358 589.690 987.560 679.949 -1 -1 -1 -1000 -1000 -1000 -10 0.00196898
Car -1 -1 -10 738.184 213.064 869.774 923.425 -1 -1 -1 -1000 -1000 -1000 -10 0.00112496
Car -1 -1 -10 400.410 1143.649 452.089 1200.000 -1 -1 -1 -1000 -1000 -1000 -10 0.00201448
Car -1 -1 -10 425.198 1126.272 490.756 1200.000 -1 -1 -1 -1000 -1000 -1000 -10 0.00110953
Car -1 -1 -10 1755.172 63.152 1918.185 164.002 -1 -1 -1 -1000 -1000 -1000 -10 0.00110802
Car -1 -1 -10 278.240 1083.300 605.462 1200.000 -1 -1 -1 -1000 -1000 -1000 -10 0.00109812
Car -1 -1 -10 422.750 1158.175 461.199 1200.000 -1 -1 -1 -1000 -1000 -1000 -10 0.00109173
Car -1 -1 -10 999.906 658.706 1182.833 1191.755 -1 -1 -1 -1000 -1000 -1000 -10 0.00108863
Car -1 -1 -10 0.000 982.141 290.746 1200.000 -1 -1 -1 -1000 -1000 -1000 -10 0.00198567
Car -1 -1 -10 326.566 1158.150 363.896 1200.000 -1 -1 -1 -1000 -1000 -1000 -10 0.00194830
Car -1 -1 -10 301.084 1103.408 558.994 1200.000 -1 -1 -1 -1000 -1000 -1000 -10 0.00299850
Car -1 -1 -10 181.424 1158.741 219.141 1200.000 -1 -1 -1 -1000 -1000 -1000 -10 0.00107308
Car -1 -1 -10 1612.377 0.000 1920.000 371.068 -1 -1 -1 -1000 -1000 -1000 -10 0.00198997
Car -1 -1 -10 360.658 1137.225 470.390 1200.000 -1 -1 -1 -1000 -1000 -1000 -10 0.00106224
Car -1 -1 -10 416.331 1157.256 454.145 1200.000 -1 -1 -1 -1000 -1000 -1000 -10 0.00104307
Car -1 -1 -10 840.955 1159.031 879.353 1200.000 -1 -1 -1 -1000 -1000 -1000 -10 0.00103746
Car -1 -1 -10 440.575 1127.321 478.385 1194.912 -1 -1 -1 -1000 -1000 -1000 -10 0.00101860
Car -1 -1 -10 412.233 1086.392 470.745 1200.000 -1 -1 -1 -1000 -1000 -1000 -10 0.00183483
Car -1 -1 -10 748.701 208.277 952.459 931.493 -1 -1 -1 -1000 -1000 -1000 -10 0.00096156
Car -1 -1 -10 733.975 516.025 1023.634 664.226 -1 -1 -1 -1000 -1000 -1000 -10 0.00095583
Car -1 -1 -10 11.098 710.634 250.584 1196.279 -1 -1 -1 -1000 -1000 -1000 -10 0.00094012
Car -1 -1 -10 380.908 758.592 508.630 1200.000 -1 -1 -1 -1000 -1000 -1000 -10 0.00093979
Car -1 -1 -10 518.053 1122.531 556.159 1200.000 -1 -1 -1 -1000 -1000 -1000 -10 0.00091798
Car -1 -1 -10 973.442 563.335 1122.726 662.473 -1 -1 -1 -1000 -1000 -1000 -10 0.00173085
Car -1 -1 -10 716.829 538.751 1012.231 685.322 -1 -1 -1 -1000 -1000 -1000 -10 0.00089658
Car -1 -1 -10 7.662 1108.677 176.876 1200.000 -1 -1 -1 -1000 -1000 -1000 -10 0.00086167
Car -1 -1 -10 122.526 792.867 776.608 1200.000 -1 -1 -1 -1000 -1000 -1000 -10 0.00084645
Car -1 -1 -10 654.859 515.214 1138.276 837.860 -1 -1 -1 -1000 -1000 -1000 -10 0.00084563
Car -1 -1 -10 381.104 659.572 556.304 1190.141 -1 -1 -1 -1000 -1000 -1000 -10 0.00083536
Car -1 -1 -10 280.156 1088.062 338.744 1200.000 -1 -1 -1 -1000 -1000 -1000 -10 0.00082478
Car -1 -1 -10 845.126 539.637 996.114 640.896 -1 -1 -1 -1000 -1000 -1000 -10 0.00082407
Car -1 -1 -10 184.526 1105.175 437.398 1200.000 -1 -1 -1 -1000 -1000 -1000 -10 0.00081590
Car -1 -1 -10 0.000 1107.271 90.383 1200.000 -1 -1 -1 -1000 -1000 -1000 -10 0.00081515
