Car -1 -1 -10 567.776 547.610 690.101 645.644 -1 -1 -1 -1000 -1000 -1000 -10 0.99962561
Car -1 -1 -10 1434.964 550.511 1559.821 627.141 -1 -1 -1 -1000 -1000 -1000 -10 0.51936938
Car -1 -1 -10 915.537 568.803 973.291 619.634 -1 -1 -1 -1000 -1000 -1000 -10 0.26283908
Car -1 -1 -10 1009.141 559.156 1061.656 609.705 -1 -1 -1 -1000 -1000 -1000 -10 0.01844511
Car -1 -1 -10 1062.167 564.286 1119.177 624.957 -1 -1 -1 -1000 -1000 -1000 -10 0.00297644
Car -1 -1 -10 528.463 1.493 1138.807 364.053 -1 -1 -1 -1000 -1000 -1000 -10 0.00625067
Car -1 -1 -10 667.034 30.930 965.153 967.021 -1 -1 -1 -1000 -1000 -1000 -10 0.00588147
Car -1 -1 -10 474.484 32.531 773.132 965.870 -1 -1 -1 -1000 -1000 -1000 -10 0.00487753
Car -1 -1 -10 741.249 0.000 1156.607 240.109 -1 -1 -1 -1000 -1000 -1000 -10 0.00130208
Car -1 -1 -10 816.818 20.875 1074.915 472.024 -1 -1 -1 -1000 -1000 -1000 -10 0.00129313
Car -1 -1 -10 316.581 0.000 990.789 276.748 -1 -1 -1 -1000 -1000 -1000 -10 0.00119327
Car -1 -1 -10 431.883 0.000 1203.825 680.968 -1 -1 -1 -1000 -1000 -1000 -10 0.00118448
Car -1 -1 -10 307.376 0.000 880.523 336.171 -1 -1 -1 -1000 -1000 -1000 -10 0.00219811
Car -1 -1 -10 737.230 0.000 1070.498 294.063 -1 -1 -1 -1000 -1000 -1000 -10 0.00116357
Car -1 -1 -10 795.306 46.432 955.340 669.464 -1 -1 -1 -1000 -1000 -1000 -10 0.00219442
Car -1 -1 -10 0.000 0.000 440.513 324.681 -1 -1 -1 -1000 -1000 -1000 -10 0.00113173
Car -1 -1 -10 631.682 12.904 950.819 490.839 -1 -1 -1 -1000 -1000 -1000 -10 0.00218254
Car -1 -1 -10 754.116 53.192 903.940 642.887 -1 -1 -1 -1000 -1000 -1000 -10 0.00111522
Car -1 -1 -10 445.885 0.000 948.816 301.502 -1 -1 -1 -1000 -1000 -1000 -10 0.00110843
Car -1 -1 -10 859.450 33.284 1036.921 510.513 -1 -1 -1 -1000 -1000 -1000 -10 0.00105353
Car -1 -1 -10 682.182 49.741 832.817 639.986 -1 -1 -1 -1000 -1000 -1000 -10 0.00101582
Car -1 -1 -10 720.388 51.825 887.857 693.745 -1 -1 -1 -1000 -1000 -1000 -10 0.00099389
Car -1 -1 -10 626.831 541.370 653.219 647.492 -1 -1 -1 -1000 -1000 -1000 -10 0.00097378
Car -1 -1 -10 857.450 567.930 906.413 616.441 -1 -1 -1 -1000 -1000 -1000 -10 0.00096781
