Car -1 -1 -10 634.857 547.939 739.305 631.752 -1 -1 -1 -1000 -1000 -1000 -10 0.99985276
Car -1 -1 -10 1210.205 539.229 1372.350 635.822 -1 -1 -1 -1000 -1000 -1000 -10 0.00521085
Car -1 -1 -10 1468.314 802.883 1920.000 1198.072 -1 -1 -1 -1000 -1000 -1000 -10 0.00571854
Car -1 -1 -10 643.038 3.677 1013.029 373.307 -1 -1 -1 -1000 -1000 -1000 -10 0.00204863
Car -1 -1 -10 542.173 0.000 1125.749 210.951 -1 -1 -1 -1000 -1000 -1000 -10 0.00331006
Car -1 -1 -10 0.000 806.243 452.059 1200.000 -1 -1 -1 -1000 -1000 -1000 -10 0.00260705
Car -1 -1 -10 737.290 35.990 918.655 513.012 -1 -1 -1 -1000 -1000 -1000 -10 0.00085779
Car -1 -1 -10 822.669 37.788 1000.915 509.607 -1 -1 -1 -1000 -1000 -1000 -10 0.00148793
Car -1 -1 -10 645.389 396.502 713.411 719.798 -1 -1 -1 -1000 -1000 -1000 -10 0.00081335
Car -1 -1 -10 1605.146 939.192 1920.000 1200.000 -1 -1 -1 -1000 -1000 -1000 -10 0.00156446
Car -1 -1 -10 712.096 0.534 965.348 247.955 -1 -1 -1 -1000 -1000 -1000 -10 0.00137865
Car -1 -1 -10 792.145 0.400 1056.052 251.004 -1 -1 -1 -1000 -1000 -1000 -10 0.00074173
Car -1 -1 -10 698.791 17.612 950.829 473.148 -1 -1 -1 -1000 -1000 -1000 -10 0.00073283
Car -1 -1 -10 385.669 23.297 638.977 476.443 -1 -1 -1 -1000 -1000 -1000 -10 0.00071512
Car -1 -1 -10 508.015 3.502 874.475 378.876 -1 -1 -1 -1000 -1000 -1000 -10 0.00071275
Car -1 -1 -10 222.872 0.000 807.815 206.084 -1 -1 -1 -1000 -1000 -1000 -10 0.00129120
Car -1 -1 -10 428.069 35.804 603.997 507.535 -1 -1 -1 -1000 -1000 -1000 -10 0.00058794
