Car -1 -1 -10 213.429 612.570 447.613 765.181 -1 -1 -1 -1000 -1000 -1000 -10 0.99997750
Car -1 -1 -10 673.878 601.635 815.500 727.782 -1 -1 -1 -1000 -1000 -1000 -10 0.99929813
Car -1 -1 -10 896.017 623.757 986.846 701.438 -1 -1 -1 -1000 -1000 -1000 -10 0.87476926
Car -1 -1 -10 1164.546 559.547 1510.715 730.288 -1 -1 -1 -1000 -1000 -1000 -10 0.95770599
Car -1 -1 -10 585.670 631.601 647.736 685.979 -1 -1 -1 -1000 -1000 -1000 -10 0.05270470
Car -1 -1 -10 594.086 628.414 655.483 686.142 -1 -1 -1 -1000 -1000 -1000 -10 0.00965567
Car -1 -1 -10 1303.642 559.308 1591.706 712.226 -1 -1 -1 -1000 -1000 -1000 -10 0.01405113
Car -1 -1 -10 1420.876 556.103 1782.145 741.467 -1 -1 -1 -1000 -1000 -1000 -10 0.00539991
Car -1 -1 -10 1401.413 561.617 1559.326 666.239 -1 -1 -1 -1000 -1000 -1000 -10 0.00530065
Car -1 -1 -10 1289.520 548.857 1641.309 731.019 -1 -1 -1 -1000 -1000 -1000 -10 0.00279165
Car -1 -1 -10 1159.268 604.973 1328.926 715.247 -1 -1 -1 -1000 -1000 -1000 -10 0.00231395
Car -1 -1 -10 660.852 1155.338 699.312 1200.000 -1 -1 -1 -1000 -1000 -1000 -10 0.00228676
Car -1 -1 -10 0.000 731.209 454.578 1199.737 -1 -1 -1 -1000 -1000 -1000 -10 0.00405946
Car -1 -1 -10 1578.346 11.013 1920.000 466.094 -1 -1 -1 -1000 -1000 -1000 -10 0.00206996
Car -1 -1 -10 1527.745 0.034 1920.000 340.572 -1 -1 -1 -1000 -1000 -1000 -10 0.00197945
