Car -1 -1 -10 965.123 620.737 1048.458 686.152 -1 -1 -1 -1000 -1000 -1000 -10 0.99633113
Car -1 -1 -10 784.937 598.537 908.096 704.868 -1 -1 -1 -1000 -1000 -1000 -10 0.38354631
Car -1 -1 -10 560.674 627.710 632.715 681.103 -1 -1 -1 -1000 -1000 -1000 -10 0.51899207
Car -1 -1 -10 793.350 608.646 923.346 711.779 -1 -1 -1 -1000 -1000 -1000 -10 0.06654083
Car -1 -1 -10 0.000 1.669 384.330 298.038 -1 -1 -1 -1000 -1000 -1000 -10 0.00703569
Car -1 -1 -10 1.495 13.311 317.221 192.343 -1 -1 -1 -1000 -1000 -1000 -10 0.00948874
Car -1 -1 -10 5.326 20.444 258.624 478.232 -1 -1 -1 -1000 -1000 -1000 -10 0.00272437
Car -1 -1 -10 121.400 25.984 250.627 153.099 -1 -1 -1 -1000 -1000 -1000 -10 0.00454720
Car -1 -1 -10 0.000 10.999 355.252 425.372 -1 -1 -1 -1000 -1000 -1000 -10 0.00244153
Car -1 -1 -10 23.240 43.569 311.406 836.635 -1 -1 -1 -1000 -1000 -1000 -10 0.00665638
Car -1 -1 -10 0.000 798.672 462.816 1199.754 -1 -1 -1 -1000 -1000 -1000 -10 0.00847354
Car -1 -1 -10 0.000 5.446 168.877 178.376 -1 -1 -1 -1000 -1000 -1000 -10 0.00219572
Car -1 -1 -10 74.801 59.887 234.636 162.724 -1 -1 -1 -1000 -1000 -1000 -10 0.00336139
Car -1 -1 -10 85.413 2.595 214.368 125.548 -1 -1 -1 -1000 -1000 -1000 -10 0.00206496
Car -1 -1 -10 118.338 19.635 231.103 311.695 -1 -1 -1 -1000 -1000 -1000 -10 0.00190906
Car -1 -1 -10 111.157 38.458 268.323 141.043 -1 -1 -1 -1000 -1000 -1000 -10 0.00329653
Car -1 -1 -10 0.000 0.000 309.669 368.493 -1 -1 -1 -1000 -1000 -1000 -10 0.00144138
Car -1 -1 -10 83.485 49.595 215.610 172.758 -1 -1 -1 -1000 -1000 -1000 -10 0.00135121
Car -1 -1 -10 155.395 49.777 283.898 172.360 -1 -1 -1 -1000 -1000 -1000 -10 0.00110391
Car -1 -1 -10 93.674 14.258 206.021 313.670 -1 -1 -1 -1000 -1000 -1000 -10 0.00109832
