Car -1 -1 -10 1025.434 593.809 1149.198 718.516 -1 -1 -1 -1000 -1000 -1000 -10 0.99945790
Car -1 -1 -10 329.271 622.959 435.311 698.097 -1 -1 -1 -1000 -1000 -1000 -10 0.99508378
Car -1 -1 -10 954.913 594.161 1049.500 681.781 -1 -1 -1 -1000 -1000 -1000 -10 0.54154685
Car -1 -1 -10 809.670 616.827 863.664 669.678 -1 -1 -1 -1000 -1000 -1000 -10 0.06310730
Car -1 -1 -10 1486.147 465.771 1920.000 1035.198 -1 -1 -1 -1000 -1000 -1000 -10 0.02335505
Car -1 -1 -10 692.127 616.987 745.798 671.867 -1 -1 -1 -1000 -1000 -1000 -10 0.02194239
Car -1 -1 -10 1078.414 596.875 1211.410 728.368 -1 -1 -1 -1000 -1000 -1000 -10 0.01269249
Car -1 -1 -10 1601.226 663.005 1910.682 1056.003 -1 -1 -1 -1000 -1000 -1000 -10 0.00379022
Car -1 -1 -10 772.829 617.608 819.773 666.315 -1 -1 -1 -1000 -1000 -1000 -10 0.00255055
Car -1 -1 -10 617.105 619.694 663.995 666.740 -1 -1 -1 -1000 -1000 -1000 -10 0.00180719
Car -1 -1 -10 1456.904 805.299 1920.000 1200.000 -1 -1 -1 -1000 -1000 -1000 -10 0.00157352
