Car -1 -1 -10 476.661 17.377 1918.460 1175.985 -1 -1 -1 -1000 -1000 -1000 -10 0.02100658
Car -1 -1 -10 1331.633 378.999 1668.875 992.862 -1 -1 -1 -1000 -1000 -1000 -10 0.00830422
Car -1 -1 -10 1256.570 125.382 1920.000 1200.000 -1 -1 -1 -1000 -1000 -1000 -10 0.01166329
Car -1 -1 -10 851.177 454.186 1920.000 1200.000 -1 -1 -1 -1000 -1000 -1000 -10 0.01080801
Car -1 -1 -10 1497.936 480.503 1920.000 775.482 -1 -1 -1 -1000 -1000 -1000 -10 0.01128946
Car -1 -1 -10 1182.540 481.882 1801.253 869.286 -1 -1 -1 -1000 -1000 -1000 -10 0.01458950
Car -1 -1 -10 1289.838 461.272 1711.691 891.489 -1 -1 -1 -1000 -1000 -1000 -10 0.00571151
Car -1 -1 -10 1282.258 545.794 1676.717 804.920 -1 -1 -1 -1000 -1000 -1000 -10 0.00534895
Car -1 -1 -10 153.173 480.211 1394.070 1200.000 -1 -1 -1 -1000 -1000 -1000 -10 0.00967187
Car -1 -1 -10 322.863 461.372 1622.576 1196.619 -1 -1 -1 -1000 -1000 -1000 -10 0.00985861
Car -1 -1 -10 1663.989 446.061 1835.951 530.161 -1 -1 -1 -1000 -1000 -1000 -10 0.00933423
Car -1 -1 -10 1625.804 501.678 1909.904 673.231 -1 -1 -1 -1000 -1000 -1000 -10 0.00446863
Car -1 -1 -10 1413.992 526.876 1912.429 978.205 -1 -1 -1 -1000 -1000 -1000 -10 0.00804874
Car -1 -1 -10 1513.486 460.695 1920.000 705.029 -1 -1 -1 -1000 -1000 -1000 -10 0.00847157
Car -1 -1 -10 1063.021 392.246 1920.000 922.436 -1 -1 -1 -1000 -1000 -1000 -10 0.00403552
Car -1 -1 -10 1087.484 465.232 1625.303 789.444 -1 -1 -1 -1000 -1000 -1000 -10 0.00402187
Car -1 -1 -10 1213.816 152.660 1731.051 1166.631 -1 -1 -1 -1000 -1000 -1000 -10 0.00734965
Car -1 -1 -10 1036.785 471.997 1300.094 654.081 -1 -1 -1 -1000 -1000 -1000 -10 0.00389991
Car -1 -1 -10 889.767 367.482 1920.000 1052.094 -1 -1 -1 -1000 -1000 -1000 -10 0.00758897
Car -1 -1 -10 887.032 426.284 1410.699 815.832 -1 -1 -1 -1000 -1000 -1000 -10 0.00375933
Car -1 -1 -10 1015.189 411.668 1404.303 826.891 -1 -1 -1 -1000 -1000 -1000 -10 0.00361143
Car -1 -1 -10 1013.039 454.353 1355.772 675.084 -1 -1 -1 -1000 -1000 -1000 -10 0.00326439
Car -1 -1 -10 1270.475 517.609 1712.552 741.587 -1 -1 -1 -1000 -1000 -1000 -10 0.00324552
Car -1 -1 -10 1661.454 353.968 1910.357 813.098 -1 -1 -1 -1000 -1000 -1000 -10 0.00324295
Car -1 -1 -10 1354.961 351.892 1920.000 763.112 -1 -1 -1 -1000 -1000 -1000 -10 0.00638247
Car -1 -1 -10 1660.970 466.794 1824.726 558.552 -1 -1 -1 -1000 -1000 -1000 -10 0.00318525
Car -1 -1 -10 1343.090 40.049 1868.692 1026.480 -1 -1 -1 -1000 -1000 -1000 -10 0.00306635
Car -1 -1 -10 1325.816 166.274 1918.161 905.105 -1 -1 -1 -1000 -1000 -1000 -10 0.00299849
Car -1 -1 -10 1540.811 417.848 1920.000 656.091 -1 -1 -1 -1000 -1000 -1000 -10 0.00292614
