Car -1 -1 -10 0.000 792.512 530.832 1199.987 -1 -1 -1 -1000 -1000 -1000 -10 0.00597168
Car -1 -1 -10 0.000 604.522 498.687 1200.000 -1 -1 -1 -1000 -1000 -1000 -10 0.00613213
Car -1 -1 -10 0.000 506.150 978.283 1199.436 -1 -1 -1 -1000 -1000 -1000 -10 0.00997195
Car -1 -1 -10 7.795 976.227 456.041 1200.000 -1 -1 -1 -1000 -1000 -1000 -10 0.00529543
Car -1 -1 -10 0.000 567.079 370.383 1200.000 -1 -1 -1 -1000 -1000 -1000 -10 0.00244708
Car -1 -1 -10 0.000 826.851 319.684 1196.939 -1 -1 -1 -1000 -1000 -1000 -10 0.00566660
Car -1 -1 -10 35.470 776.799 228.029 1200.000 -1 -1 -1 -1000 -1000 -1000 -10 0.00174168
Car -1 -1 -10 229.979 575.097 370.509 1200.000 -1 -1 -1 -1000 -1000 -1000 -10 0.00310148
Car -1 -1 -10 17.322 378.076 311.442 1200.000 -1 -1 -1 -1000 -1000 -1000 -10 0.00170921
Car -1 -1 -10 1.897 1056.398 333.891 1200.000 -1 -1 -1 -1000 -1000 -1000 -10 0.00279926
Car -1 -1 -10 370.865 498.965 1602.126 1200.000 -1 -1 -1 -1000 -1000 -1000 -10 0.00324062
Car -1 -1 -10 80.253 606.456 231.811 1198.203 -1 -1 -1 -1000 -1000 -1000 -10 0.00488413
Car -1 -1 -10 108.910 304.527 414.539 1195.101 -1 -1 -1 -1000 -1000 -1000 -10 0.00289364
Car -1 -1 -10 138.938 495.952 1351.345 1200.000 -1 -1 -1 -1000 -1000 -1000 -10 0.00264114
Car -1 -1 -10 102.310 583.539 255.134 1200.000 -1 -1 -1 -1000 -1000 -1000 -10 0.00141530
Car -1 -1 -10 83.516 855.978 534.811 1099.045 -1 -1 -1 -1000 -1000 -1000 -10 0.00137464
Car -1 -1 -10 43.980 750.401 170.195 1200.000 -1 -1 -1 -1000 -1000 -1000 -10 0.00263495
Car -1 -1 -10 2.365 1018.737 298.260 1200.000 -1 -1 -1 -1000 -1000 -1000 -10 0.00125330
Car -1 -1 -10 221.905 672.776 435.848 1187.663 -1 -1 -1 -1000 -1000 -1000 -10 0.00124185
Car -1 -1 -10 13.276 923.655 528.546 1200.000 -1 -1 -1 -1000 -1000 -1000 -10 0.00118444
Car -1 -1 -10 397.868 650.569 587.691 1194.109 -1 -1 -1 -1000 -1000 -1000 -10 0.00116444
