Car -1 -1 -10 668.904 573.656 764.415 660.248 -1 -1 -1 -1000 -1000 -1000 -10 0.99999300
Car -1 -1 -10 388.816 578.577 618.698 735.851 -1 -1 -1 -1000 -1000 -1000 -10 0.99992749
Car -1 -1 -10 827.975 581.245 904.307 647.680 -1 -1 -1 -1000 -1000 -1000 -10 0.98998877
Car -1 -1 -10 733.499 580.998 789.330 635.364 -1 -1 -1 -1000 -1000 -1000 -10 0.03817887
Car -1 -1 -10 0.000 591.539 148.146 692.073 -1 -1 -1 -1000 -1000 -1000 -10 0.01397765
Car -1 -1 -10 528.507 584.052 607.849 654.154 -1 -1 -1 -1000 -1000 -1000 -10 0.00335972
Car -1 -1 -10 521.471 580.310 616.239 659.498 -1 -1 -1 -1000 -1000 -1000 -10 0.00319417
Car -1 -1 -10 480.834 574.464 614.870 700.131 -1 -1 -1 -1000 -1000 -1000 -10 0.00284808
Car -1 -1 -10 521.088 584.484 609.919 677.875 -1 -1 -1 -1000 -1000 -1000 -10 0.00239416
Car -1 -1 -10 0.000 796.541 461.174 1199.183 -1 -1 -1 -1000 -1000 -1000 -10 0.00795644
Car -1 -1 -10 563.103 591.368 616.822 647.944 -1 -1 -1 -1000 -1000 -1000 -10 0.00650702
Car -1 -1 -10 529.103 572.405 602.434 642.658 -1 -1 -1 -1000 -1000 -1000 -10 0.00195132
Car -1 -1 -10 0.000 424.328 296.417 820.185 -1 -1 -1 -1000 -1000 -1000 -10 0.00153551
Car -1 -1 -10 0.000 936.025 323.175 1200.000 -1 -1 -1 -1000 -1000 -1000 -10 0.00145079
Car -1 -1 -10 0.000 632.308 55.829 702.389 -1 -1 -1 -1000 -1000 -1000 -10 0.00130847
Car -1 -1 -10 0.000 619.370 105.428 707.316 -1 -1 -1 -1000 -1000 -1000 -10 0.00127358
Car -1 -1 -10 0.000 638.815 130.317 731.973 -1 -1 -1 -1000 -1000 -1000 -10 0.00124842
Car -1 -1 -10 1.198 961.557 210.572 1200.000 -1 -1 -1 -1000 -1000 -1000 -10 0.00117459
Car -1 -1 -10 54.435 1141.649 169.517 1200.000 -1 -1 -1 -1000 -1000 -1000 -10 0.00116307
Car -1 -1 -10 530.445 586.690 622.454 674.902 -1 -1 -1 -1000 -1000 -1000 -10 0.00115874
Car -1 -1 -10 320.148 590.767 461.996 682.075 -1 -1 -1 -1000 -1000 -1000 -10 0.00113488
Car -1 -1 -10 91.933 1159.092 128.830 1200.000 -1 -1 -1 -1000 -1000 -1000 -10 0.00112329
Car -1 -1 -10 534.722 592.125 589.005 648.982 -1 -1 -1 -1000 -1000 -1000 -10 0.00106318
