Car -1 -1 -10 1088.746 551.829 1177.728 626.933 -1 -1 -1 -1000 -1000 -1000 -10 0.99457887
Car -1 -1 -10 928.823 1076.887 1261.511 1200.000 -1 -1 -1 -1000 -1000 -1000 -10 0.01977552
Car -1 -1 -10 1138.157 1094.720 1291.250 1187.086 -1 -1 -1 -1000 -1000 -1000 -10 0.01774314
Car -1 -1 -10 1049.091 1089.738 1214.344 1190.130 -1 -1 -1 -1000 -1000 -1000 -10 0.00666268
Car -1 -1 -10 808.256 1014.670 1354.505 1200.000 -1 -1 -1 -1000 -1000 -1000 -10 0.01185739
Car -1 -1 -10 666.297 1073.469 996.335 1199.314 -1 -1 -1 -1000 -1000 -1000 -10 0.02539731
Car -1 -1 -10 953.288 517.608 1920.000 1190.271 -1 -1 -1 -1000 -1000 -1000 -10 0.01223984
Car -1 -1 -10 1021.087 1084.069 1351.459 1200.000 -1 -1 -1 -1000 -1000 -1000 -10 0.01130302
Car -1 -1 -10 737.036 1088.536 899.189 1191.024 -1 -1 -1 -1000 -1000 -1000 -10 0.01521462
Car -1 -1 -10 1072.281 1090.492 1236.722 1189.572 -1 -1 -1 -1000 -1000 -1000 -10 0.00538334
Car -1 -1 -10 1032.286 672.996 1203.055 1193.071 -1 -1 -1 -1000 -1000 -1000 -10 0.00857310
Car -1 -1 -10 614.675 1012.327 1135.401 1200.000 -1 -1 -1 -1000 -1000 -1000 -10 0.01351227
Car -1 -1 -10 787.451 1088.876 946.203 1189.786 -1 -1 -1 -1000 -1000 -1000 -10 0.01180236
Car -1 -1 -10 658.815 1088.509 817.310 1191.567 -1 -1 -1 -1000 -1000 -1000 -10 0.00865966
Car -1 -1 -10 597.728 1098.277 853.346 1200.000 -1 -1 -1 -1000 -1000 -1000 -10 0.00855234
Car -1 -1 -10 562.362 1071.469 891.117 1197.939 -1 -1 -1 -1000 -1000 -1000 -10 0.00884717
Car -1 -1 -10 912.091 898.604 1223.232 1198.151 -1 -1 -1 -1000 -1000 -1000 -10 0.00866218
Car -1 -1 -10 1075.942 1102.997 1253.024 1200.000 -1 -1 -1 -1000 -1000 -1000 -10 0.00802061
Car -1 -1 -10 1013.006 1055.267 1170.648 1199.873 -1 -1 -1 -1000 -1000 -1000 -10 0.00773929
Car -1 -1 -10 1173.427 1106.246 1253.789 1181.331 -1 -1 -1 -1000 -1000 -1000 -10 0.00763490
Car -1 -1 -10 1009.407 682.747 1178.760 1192.725 -1 -1 -1 -1000 -1000 -1000 -10 0.00398328
Car -1 -1 -10 855.788 1095.012 1125.485 1200.000 -1 -1 -1 -1000 -1000 -1000 -10 0.00761730
Car -1 -1 -10 858.897 1068.561 1193.196 1198.449 -1 -1 -1 -1000 -1000 -1000 -10 0.00758875
Car -1 -1 -10 785.745 1070.612 946.012 1164.924 -1 -1 -1 -1000 -1000 -1000 -10 0.00382289
Car -1 -1 -10 1287.544 1158.158 1323.598 1199.738 -1 -1 -1 -1000 -1000 -1000 -10 0.00372823
Car -1 -1 -10 942.041 1088.561 1106.113 1190.424 -1 -1 -1 -1000 -1000 -1000 -10 0.00727511
Car -1 -1 -10 789.376 1026.505 971.373 1200.000 -1 -1 -1 -1000 -1000 -1000 -10 0.00363171
Car -1 -1 -10 728.897 914.595 1021.977 1200.000 -1 -1 -1 -1000 -1000 -1000 -10 0.00357505
Car -1 -1 -10 644.211 672.298 816.246 1192.599 -1 -1 -1 -1000 -1000 -1000 -10 0.00354809
Car -1 -1 -10 0.000 790.976 461.499 1197.805 -1 -1 -1 -1000 -1000 -1000 -10 0.00628175
Car -1 -1 -10 936.997 1026.086 1439.200 1200.000 -1 -1 -1 -1000 -1000 -1000 -10 0.00335605
Car -1 -1 -10 633.124 1120.365 770.992 1200.000 -1 -1 -1 -1000 -1000 -1000 -10 0.00320708
Car -1 -1 -10 511.866 1024.197 1011.054 1200.000 -1 -1 -1 -1000 -1000 -1000 -10 0.00286304
Car -1 -1 -10 706.931 1119.620 844.283 1200.000 -1 -1 -1 -1000 -1000 -1000 -10 0.00285647
