Car -1 -1 -10 1021.818 594.085 1240.182 761.617 -1 -1 -1 -1000 -1000 -1000 -10 0.99988934
Car -1 -1 -10 248.468 532.410 1361.844 1189.190 -1 -1 -1 -1000 -1000 -1000 -10 0.00931292
Car -1 -1 -10 0.000 795.913 460.904 1197.466 -1 -1 -1 -1000 -1000 -1000 -10 0.00725851
Car -1 -1 -10 1152.625 525.512 1897.682 1199.446 -1 -1 -1 -1000 -1000 -1000 -10 0.00582438
Car -1 -1 -10 1622.836 589.544 1777.588 685.321 -1 -1 -1 -1000 -1000 -1000 -10 0.00283881
Car -1 -1 -10 497.821 1065.180 899.949 1200.000 -1 -1 -1 -1000 -1000 -1000 -10 0.00259258
Car -1 -1 -10 1569.051 511.014 1857.698 664.369 -1 -1 -1 -1000 -1000 -1000 -10 0.00250423
Car -1 -1 -10 598.860 646.282 771.135 1190.664 -1 -1 -1 -1000 -1000 -1000 -10 0.00144961
Car -1 -1 -10 1420.205 587.510 1920.000 1199.332 -1 -1 -1 -1000 -1000 -1000 -10 0.00280650
Car -1 -1 -10 1216.396 1062.273 1604.622 1200.000 -1 -1 -1 -1000 -1000 -1000 -10 0.00206884
Car -1 -1 -10 486.804 1107.027 736.437 1200.000 -1 -1 -1 -1000 -1000 -1000 -10 0.00219178
Car -1 -1 -10 1438.263 450.862 1920.000 794.092 -1 -1 -1 -1000 -1000 -1000 -10 0.00113827
Car -1 -1 -10 1082.912 587.166 1238.223 702.621 -1 -1 -1 -1000 -1000 -1000 -10 0.00112606
Car -1 -1 -10 541.603 809.858 876.438 1196.149 -1 -1 -1 -1000 -1000 -1000 -10 0.00111883
Car -1 -1 -10 668.532 734.466 794.912 1200.000 -1 -1 -1 -1000 -1000 -1000 -10 0.00111429
Car -1 -1 -10 620.379 1094.803 785.345 1186.324 -1 -1 -1 -1000 -1000 -1000 -10 0.00217618
Car -1 -1 -10 1610.076 513.132 1909.635 841.592 -1 -1 -1 -1000 -1000 -1000 -10 0.00108885
Car -1 -1 -10 714.890 600.034 845.040 1184.396 -1 -1 -1 -1000 -1000 -1000 -10 0.00107317
Car -1 -1 -10 604.657 1116.335 685.970 1200.000 -1 -1 -1 -1000 -1000 -1000 -10 0.00196252
Car -1 -1 -10 491.056 692.438 732.132 1196.848 -1 -1 -1 -1000 -1000 -1000 -10 0.00104055
Car -1 -1 -10 314.355 1053.777 746.180 1200.000 -1 -1 -1 -1000 -1000 -1000 -10 0.00181701
Car -1 -1 -10 601.912 719.685 817.343 1195.941 -1 -1 -1 -1000 -1000 -1000 -10 0.00101562
Car -1 -1 -10 1236.133 811.772 1633.969 1200.000 -1 -1 -1 -1000 -1000 -1000 -10 0.00101057
Car -1 -1 -10 1607.663 541.970 1777.886 641.684 -1 -1 -1 -1000 -1000 -1000 -10 0.00100995
Car -1 -1 -10 1252.217 578.960 1305.280 635.588 -1 -1 -1 -1000 -1000 -1000 -10 0.00191034
Car -1 -1 -10 427.541 1066.115 827.355 1200.000 -1 -1 -1 -1000 -1000 -1000 -10 0.00185742
Car -1 -1 -10 429.649 648.914 602.395 1192.323 -1 -1 -1 -1000 -1000 -1000 -10 0.00099320
Car -1 -1 -10 1567.400 552.211 1920.000 1200.000 -1 -1 -1 -1000 -1000 -1000 -10 0.00098323
Car -1 -1 -10 689.987 1106.700 939.489 1200.000 -1 -1 -1 -1000 -1000 -1000 -10 0.00094153
Car -1 -1 -10 593.177 937.037 820.521 1200.000 -1 -1 -1 -1000 -1000 -1000 -10 0.00092575
Car -1 -1 -10 625.507 1143.065 676.960 1200.000 -1 -1 -1 -1000 -1000 -1000 -10 0.00091534
Car -1 -1 -10 377.454 1107.563 632.058 1200.000 -1 -1 -1 -1000 -1000 -1000 -10 0.00089414
Car -1 -1 -10 538.598 1106.044 718.190 1200.000 -1 -1 -1 -1000 -1000 -1000 -10 0.00089043
Car -1 -1 -10 1464.330 796.706 1920.000 1200.000 -1 -1 -1 -1000 -1000 -1000 -10 0.00088506
Car -1 -1 -10 555.933 820.411 715.237 1200.000 -1 -1 -1 -1000 -1000 -1000 -10 0.00088276
Car -1 -1 -10 694.589 632.997 866.209 1186.629 -1 -1 -1 -1000 -1000 -1000 -10 0.00088180
Car -1 -1 -10 1684.336 650.389 1920.000 993.355 -1 -1 -1 -1000 -1000 -1000 -10 0.00087567
Car -1 -1 -10 634.934 1121.781 715.320 1200.000 -1 -1 -1 -1000 -1000 -1000 -10 0.00086926
Car -1 -1 -10 1268.855 673.198 1760.750 1200.000 -1 -1 -1 -1000 -1000 -1000 -10 0.00086500
Car -1 -1 -10 0.000 931.903 324.965 1200.000 -1 -1 -1 -1000 -1000 -1000 -10 0.00086408
Car -1 -1 -10 655.520 1144.519 707.125 1200.000 -1 -1 -1 -1000 -1000 -1000 -10 0.00084826
Car -1 -1 -10 1008.763 597.721 1147.367 737.475 -1 -1 -1 -1000 -1000 -1000 -10 0.00084370
Car -1 -1 -10 657.129 1088.427 715.502 1200.000 -1 -1 -1 -1000 -1000 -1000 -10 0.00083090
Car -1 -1 -10 1502.955 541.628 1920.000 812.747 -1 -1 -1 -1000 -1000 -1000 -10 0.00083017
Car -1 -1 -10 1559.179 486.265 1883.146 1113.176 -1 -1 -1 -1000 -1000 -1000 -10 0.00081661
Car -1 -1 -10 433.472 792.902 788.480 1199.746 -1 -1 -1 -1000 -1000 -1000 -10 0.00080930
Car -1 -1 -10 569.417 1019.101 665.421 1200.000 -1 -1 -1 -1000 -1000 -1000 -10 0.00078580
Car -1 -1 -10 1097.777 586.577 1213.362 701.831 -1 -1 -1 -1000 -1000 -1000 -10 0.00078346
Car -1 -1 -10 483.410 818.685 643.532 1200.000 -1 -1 -1 -1000 -1000 -1000 -10 0.00077825
