Car -1 -1 -10 390.962 614.819 536.683 700.687 -1 -1 -1 -1000 -1000 -1000 -10 0.99648206
Car -1 -1 -10 636.857 606.957 756.815 678.083 -1 -1 -1 -1000 -1000 -1000 -10 0.89812604
Car -1 -1 -10 1408.207 581.108 1580.586 659.723 -1 -1 -1 -1000 -1000 -1000 -10 0.85709108
Car -1 -1 -10 925.380 609.621 982.209 657.925 -1 -1 -1 -1000 -1000 -1000 -10 0.15339073
Car -1 -1 -10 1066.014 588.103 1142.459 654.898 -1 -1 -1 -1000 -1000 -1000 -10 0.10195349
Car -1 -1 -10 0.000 737.982 467.084 1199.833 -1 -1 -1 -1000 -1000 -1000 -10 0.02080302
Car -1 -1 -10 535.290 0.000 1128.718 218.946 -1 -1 -1 -1000 -1000 -1000 -10 0.00329629
Car -1 -1 -10 673.177 4.154 1017.918 153.130 -1 -1 -1 -1000 -1000 -1000 -10 0.00486850
Car -1 -1 -10 1214.419 595.837 1266.028 640.674 -1 -1 -1 -1000 -1000 -1000 -10 0.00298462
Car -1 -1 -10 640.186 4.082 1019.755 366.432 -1 -1 -1 -1000 -1000 -1000 -10 0.00285621
Car -1 -1 -10 502.673 2.229 814.868 316.775 -1 -1 -1 -1000 -1000 -1000 -10 0.00277138
Car -1 -1 -10 500.569 0.000 874.275 207.421 -1 -1 -1 -1000 -1000 -1000 -10 0.00265301
Car -1 -1 -10 770.447 12.872 924.470 111.849 -1 -1 -1 -1000 -1000 -1000 -10 0.00261935
Car -1 -1 -10 586.157 2.771 1021.655 289.559 -1 -1 -1 -1000 -1000 -1000 -10 0.00261844
Car -1 -1 -10 509.220 8.315 1097.978 267.991 -1 -1 -1 -1000 -1000 -1000 -10 0.00421715
Car -1 -1 -10 696.308 5.963 992.455 129.446 -1 -1 -1 -1000 -1000 -1000 -10 0.00245911
Car -1 -1 -10 491.561 0.000 892.792 155.690 -1 -1 -1 -1000 -1000 -1000 -10 0.00225294
Car -1 -1 -10 782.478 0.000 909.915 131.139 -1 -1 -1 -1000 -1000 -1000 -10 0.00404790
Car -1 -1 -10 592.464 31.161 774.430 519.564 -1 -1 -1 -1000 -1000 -1000 -10 0.00218088
Car -1 -1 -10 623.449 7.717 987.393 170.305 -1 -1 -1 -1000 -1000 -1000 -10 0.00215778
Car -1 -1 -10 737.948 30.723 918.330 517.703 -1 -1 -1 -1000 -1000 -1000 -10 0.00214243
Car -1 -1 -10 0.000 902.738 355.254 1200.000 -1 -1 -1 -1000 -1000 -1000 -10 0.00205813
Car -1 -1 -10 747.266 4.155 872.615 122.617 -1 -1 -1 -1000 -1000 -1000 -10 0.00204262
Car -1 -1 -10 701.147 18.847 957.214 467.312 -1 -1 -1 -1000 -1000 -1000 -10 0.00533595
Car -1 -1 -10 708.986 0.000 975.085 99.878 -1 -1 -1 -1000 -1000 -1000 -10 0.00166109
Car -1 -1 -10 790.114 7.035 904.288 232.244 -1 -1 -1 -1000 -1000 -1000 -10 0.00160271
Car -1 -1 -10 768.756 36.851 919.236 137.348 -1 -1 -1 -1000 -1000 -1000 -10 0.00160149
Car -1 -1 -10 760.333 16.265 893.600 413.402 -1 -1 -1 -1000 -1000 -1000 -10 0.00152503
Car -1 -1 -10 754.581 17.472 865.435 284.328 -1 -1 -1 -1000 -1000 -1000 -10 0.00145589
Car -1 -1 -10 426.782 450.948 497.109 835.053 -1 -1 -1 -1000 -1000 -1000 -10 0.00142098
Car -1 -1 -10 801.068 0.000 891.855 100.299 -1 -1 -1 -1000 -1000 -1000 -10 0.00142028
Car -1 -1 -10 718.266 13.170 874.943 113.024 -1 -1 -1 -1000 -1000 -1000 -10 0.00139889
