Car -1 -1 -10 739.528 587.333 923.188 715.318 -1 -1 -1 -1000 -1000 -1000 -10 0.98127054
Car -1 -1 -10 727.211 555.395 776.396 608.318 -1 -1 -1 -1000 -1000 -1000 -10 0.07836067
Car -1 -1 -10 1685.749 591.907 1917.983 778.641 -1 -1 -1 -1000 -1000 -1000 -10 0.00542275
Car -1 -1 -10 1688.450 546.898 1919.505 782.435 -1 -1 -1 -1000 -1000 -1000 -10 0.00873883
Car -1 -1 -10 1587.548 450.143 1920.000 818.742 -1 -1 -1 -1000 -1000 -1000 -10 0.00933350
Car -1 -1 -10 727.238 586.844 836.270 699.072 -1 -1 -1 -1000 -1000 -1000 -10 0.00890051
Car -1 -1 -10 0.000 497.819 1030.815 1193.814 -1 -1 -1 -1000 -1000 -1000 -10 0.00849521
Car -1 -1 -10 0.000 794.021 465.750 1198.686 -1 -1 -1 -1000 -1000 -1000 -10 0.00631210
Car -1 -1 -10 0.000 655.704 489.298 1200.000 -1 -1 -1 -1000 -1000 -1000 -10 0.00216783
Car -1 -1 -10 1860.590 713.393 1918.558 795.679 -1 -1 -1 -1000 -1000 -1000 -10 0.00303517
Car -1 -1 -10 1527.242 511.090 1920.000 1016.962 -1 -1 -1 -1000 -1000 -1000 -10 0.00323521
Car -1 -1 -10 1747.113 713.018 1906.023 812.266 -1 -1 -1 -1000 -1000 -1000 -10 0.00168067
Car -1 -1 -10 1754.119 475.293 1920.000 785.198 -1 -1 -1 -1000 -1000 -1000 -10 0.00166933
Car -1 -1 -10 827.221 588.852 924.768 671.887 -1 -1 -1 -1000 -1000 -1000 -10 0.00157779
Car -1 -1 -10 1741.509 582.495 1907.705 696.861 -1 -1 -1 -1000 -1000 -1000 -10 0.00156702
Car -1 -1 -10 17.400 364.342 308.807 1200.000 -1 -1 -1 -1000 -1000 -1000 -10 0.00146591
Car -1 -1 -10 0.000 0.000 413.051 689.352 -1 -1 -1 -1000 -1000 -1000 -10 0.00262573
Car -1 -1 -10 0.000 830.093 209.060 1192.211 -1 -1 -1 -1000 -1000 -1000 -10 0.00255456
Car -1 -1 -10 14.077 993.395 451.145 1200.000 -1 -1 -1 -1000 -1000 -1000 -10 0.00121909
Car -1 -1 -10 9.386 1038.369 391.681 1200.000 -1 -1 -1 -1000 -1000 -1000 -10 0.00119290
Car -1 -1 -10 3.583 1087.115 319.432 1200.000 -1 -1 -1 -1000 -1000 -1000 -10 0.00118852
Car -1 -1 -10 0.000 3.265 292.705 383.926 -1 -1 -1 -1000 -1000 -1000 -10 0.00117769
Car -1 -1 -10 100.056 829.927 259.393 1200.000 -1 -1 -1 -1000 -1000 -1000 -10 0.00114931
Car -1 -1 -10 1574.679 342.941 1920.000 782.753 -1 -1 -1 -1000 -1000 -1000 -10 0.00107410
Car -1 -1 -10 8.065 1107.752 176.803 1200.000 -1 -1 -1 -1000 -1000 -1000 -10 0.00105414
Car -1 -1 -10 0.000 0.000 444.920 322.965 -1 -1 -1 -1000 -1000 -1000 -10 0.00105182
Car -1 -1 -10 1788.601 617.820 1920.000 798.585 -1 -1 -1 -1000 -1000 -1000 -10 0.00098744
