Car -1 -1 -10 203.201 566.913 403.932 693.233 -1 -1 -1 -1000 -1000 -1000 -10 0.99954228
Car -1 -1 -10 867.253 561.242 920.667 609.993 -1 -1 -1 -1000 -1000 -1000 -10 0.62965542
Car -1 -1 -10 901.896 674.953 1777.352 1178.585 -1 -1 -1 -1000 -1000 -1000 -10 0.00892394
Car -1 -1 -10 731.491 550.561 1819.755 1177.125 -1 -1 -1 -1000 -1000 -1000 -10 0.00796687
Car -1 -1 -10 607.722 571.052 692.052 633.689 -1 -1 -1 -1000 -1000 -1000 -10 0.02656853
Car -1 -1 -10 187.382 568.908 315.036 672.314 -1 -1 -1 -1000 -1000 -1000 -10 0.00939208
Car -1 -1 -10 1023.144 776.923 1772.839 1200.000 -1 -1 -1 -1000 -1000 -1000 -10 0.00607895
Car -1 -1 -10 371.213 525.883 1466.981 1183.115 -1 -1 -1 -1000 -1000 -1000 -10 0.00694816
Car -1 -1 -10 814.083 1045.533 1238.839 1200.000 -1 -1 -1 -1000 -1000 -1000 -10 0.01223760
Car -1 -1 -10 719.638 789.082 1344.718 1196.832 -1 -1 -1 -1000 -1000 -1000 -10 0.00810663
Car -1 -1 -10 4.093 750.096 508.159 1186.413 -1 -1 -1 -1000 -1000 -1000 -10 0.00604460
Car -1 -1 -10 906.221 1097.981 1162.109 1200.000 -1 -1 -1 -1000 -1000 -1000 -10 0.00659253
Car -1 -1 -10 766.177 648.279 1289.780 1200.000 -1 -1 -1 -1000 -1000 -1000 -10 0.00299814
Car -1 -1 -10 877.583 787.958 1494.599 1190.628 -1 -1 -1 -1000 -1000 -1000 -10 0.00297555
Car -1 -1 -10 938.008 1086.886 1108.120 1189.979 -1 -1 -1 -1000 -1000 -1000 -10 0.00257534
Car -1 -1 -10 876.493 908.016 1164.154 1200.000 -1 -1 -1 -1000 -1000 -1000 -10 0.00257313
Car -1 -1 -10 713.334 937.389 1343.773 1200.000 -1 -1 -1 -1000 -1000 -1000 -10 0.00256635
Car -1 -1 -10 933.449 822.482 1105.620 1199.151 -1 -1 -1 -1000 -1000 -1000 -10 0.00419720
Car -1 -1 -10 948.441 716.482 1192.403 1194.325 -1 -1 -1 -1000 -1000 -1000 -10 0.00439081
Car -1 -1 -10 557.303 506.409 1731.068 1185.719 -1 -1 -1 -1000 -1000 -1000 -10 0.00392406
Car -1 -1 -10 1228.317 720.186 1711.536 1190.574 -1 -1 -1 -1000 -1000 -1000 -10 0.00210077
Car -1 -1 -10 143.702 661.150 310.774 1197.916 -1 -1 -1 -1000 -1000 -1000 -10 0.00210007
Car -1 -1 -10 994.504 1056.102 1386.342 1200.000 -1 -1 -1 -1000 -1000 -1000 -10 0.00197338
Car -1 -1 -10 1001.052 1082.978 1321.631 1200.000 -1 -1 -1 -1000 -1000 -1000 -10 0.00191953
Car -1 -1 -10 593.575 1038.290 1034.442 1200.000 -1 -1 -1 -1000 -1000 -1000 -10 0.00179465
Car -1 -1 -10 1086.020 1087.961 1246.588 1189.316 -1 -1 -1 -1000 -1000 -1000 -10 0.00341390
Car -1 -1 -10 855.495 941.741 1484.637 1200.000 -1 -1 -1 -1000 -1000 -1000 -10 0.00169138
Car -1 -1 -10 1277.359 1101.777 1530.496 1200.000 -1 -1 -1 -1000 -1000 -1000 -10 0.00164799
Car -1 -1 -10 1243.082 1082.902 1567.209 1200.000 -1 -1 -1 -1000 -1000 -1000 -10 0.00164045
Car -1 -1 -10 1224.690 799.653 1581.308 1200.000 -1 -1 -1 -1000 -1000 -1000 -10 0.00162223
Car -1 -1 -10 1049.197 951.580 1274.917 1200.000 -1 -1 -1 -1000 -1000 -1000 -10 0.00159638
Car -1 -1 -10 110.724 691.435 410.791 1195.372 -1 -1 -1 -1000 -1000 -1000 -10 0.00156607
Car -1 -1 -10 849.806 510.762 1217.165 1200.000 -1 -1 -1 -1000 -1000 -1000 -10 0.00150812
Car -1 -1 -10 1101.360 766.298 1226.949 1200.000 -1 -1 -1 -1000 -1000 -1000 -10 0.00143322
Car -1 -1 -10 655.355 1081.782 974.878 1200.000 -1 -1 -1 -1000 -1000 -1000 -10 0.00140730
