Car -1 -1 -10 219.702 556.824 403.760 683.161 -1 -1 -1 -1000 -1000 -1000 -10 0.98684278
Car -1 -1 -10 524.607 553.488 608.786 618.209 -1 -1 -1 -1000 -1000 -1000 -10 0.94109182
Car -1 -1 -10 331.842 563.896 430.278 645.990 -1 -1 -1 -1000 -1000 -1000 -10 0.69673924
Car -1 -1 -10 366.222 580.271 429.687 637.879 -1 -1 -1 -1000 -1000 -1000 -10 0.01926036
Car -1 -1 -10 176.391 738.597 571.943 1191.409 -1 -1 -1 -1000 -1000 -1000 -10 0.01696552
Car -1 -1 -10 164.390 1052.225 552.114 1200.000 -1 -1 -1 -1000 -1000 -1000 -10 0.01397495
Car -1 -1 -10 132.553 800.716 767.066 1195.796 -1 -1 -1 -1000 -1000 -1000 -10 0.00745864
Car -1 -1 -10 241.855 688.589 438.807 1193.381 -1 -1 -1 -1000 -1000 -1000 -10 0.01279556
Car -1 -1 -10 357.565 791.194 961.585 1194.102 -1 -1 -1 -1000 -1000 -1000 -10 0.01482155
Car -1 -1 -10 206.522 901.647 489.647 1198.611 -1 -1 -1 -1000 -1000 -1000 -10 0.01108927
Car -1 -1 -10 0.000 835.415 481.236 1195.057 -1 -1 -1 -1000 -1000 -1000 -10 0.00479118
Car -1 -1 -10 620.456 1088.579 779.892 1191.560 -1 -1 -1 -1000 -1000 -1000 -10 0.00859845
Car -1 -1 -10 198.421 1098.721 450.389 1200.000 -1 -1 -1 -1000 -1000 -1000 -10 0.00838417
Car -1 -1 -10 154.913 659.449 679.814 1200.000 -1 -1 -1 -1000 -1000 -1000 -10 0.00425802
Car -1 -1 -10 437.658 715.795 653.965 1190.222 -1 -1 -1 -1000 -1000 -1000 -10 0.00420360
Car -1 -1 -10 476.526 668.541 648.980 1187.474 -1 -1 -1 -1000 -1000 -1000 -10 0.00414398
Car -1 -1 -10 226.524 1000.141 432.955 1199.884 -1 -1 -1 -1000 -1000 -1000 -10 0.00391863
Car -1 -1 -10 11.337 716.777 442.284 1200.000 -1 -1 -1 -1000 -1000 -1000 -10 0.00766154
Car -1 -1 -10 514.067 1012.160 872.413 1192.330 -1 -1 -1 -1000 -1000 -1000 -10 0.00382547
Car -1 -1 -10 390.962 970.132 755.308 1188.128 -1 -1 -1 -1000 -1000 -1000 -10 0.00349653
Car -1 -1 -10 295.614 606.434 500.091 1179.886 -1 -1 -1 -1000 -1000 -1000 -10 0.00345173
Car -1 -1 -10 535.268 1080.221 855.268 1200.000 -1 -1 -1 -1000 -1000 -1000 -10 0.00336506
Car -1 -1 -10 189.332 551.415 338.170 682.137 -1 -1 -1 -1000 -1000 -1000 -10 0.00319280
Car -1 -1 -10 562.544 879.130 850.342 1200.000 -1 -1 -1 -1000 -1000 -1000 -10 0.00313542
Car -1 -1 -10 464.264 681.424 616.250 1197.520 -1 -1 -1 -1000 -1000 -1000 -10 0.00293411
Car -1 -1 -10 498.699 1068.500 659.025 1163.637 -1 -1 -1 -1000 -1000 -1000 -10 0.00292666
Car -1 -1 -10 455.273 1011.153 949.581 1200.000 -1 -1 -1 -1000 -1000 -1000 -10 0.00278264
