Car -1 -1 -10 1461.363 437.634 1920.000 1199.873 -1 -1 -1 -1000 -1000 -1000 -10 0.04763423
Car -1 -1 -10 973.234 499.301 1920.000 1200.000 -1 -1 -1 -1000 -1000 -1000 -10 0.03901977
Car -1 -1 -10 1461.733 697.711 1920.000 1054.549 -1 -1 -1 -1000 -1000 -1000 -10 0.00895838
Car -1 -1 -10 1392.383 557.060 1920.000 947.796 -1 -1 -1 -1000 -1000 -1000 -10 0.01947774
Car -1 -1 -10 1478.619 647.456 1861.988 1007.042 -1 -1 -1 -1000 -1000 -1000 -10 0.00724139
Car -1 -1 -10 566.207 76.185 1913.689 1195.733 -1 -1 -1 -1000 -1000 -1000 -10 0.01263364
Car -1 -1 -10 1331.723 152.124 1920.000 1200.000 -1 -1 -1 -1000 -1000 -1000 -10 0.00704263
Car -1 -1 -10 1196.335 589.101 1920.000 1118.891 -1 -1 -1 -1000 -1000 -1000 -10 0.00688711
Car -1 -1 -10 1482.952 580.708 1920.000 868.172 -1 -1 -1 -1000 -1000 -1000 -10 0.00516379
Car -1 -1 -10 1617.096 396.197 1907.852 958.220 -1 -1 -1 -1000 -1000 -1000 -10 0.00384422
Car -1 -1 -10 1638.361 654.054 1916.375 990.110 -1 -1 -1 -1000 -1000 -1000 -10 0.00372406
