Car -1 -1 -10 348.824 608.886 500.536 713.057 -1 -1 -1 -1000 -1000 -1000 -10 0.99987631
Car -1 -1 -10 1076.252 600.342 1176.547 673.329 -1 -1 -1 -1000 -1000 -1000 -10 0.92876367
Car -1 -1 -10 972.766 591.541 1042.584 659.760 -1 -1 -1 -1000 -1000 -1000 -10 0.65955918
Car -1 -1 -10 624.151 611.459 705.663 671.657 -1 -1 -1 -1000 -1000 -1000 -10 0.09310526
Car -1 -1 -10 646.906 615.818 707.368 672.231 -1 -1 -1 -1000 -1000 -1000 -10 0.02440558
Car -1 -1 -10 682.440 619.486 740.467 673.113 -1 -1 -1 -1000 -1000 -1000 -10 0.02264634
Car -1 -1 -10 420.837 611.587 517.359 701.203 -1 -1 -1 -1000 -1000 -1000 -10 0.01183374
Car -1 -1 -10 613.313 609.759 692.594 676.431 -1 -1 -1 -1000 -1000 -1000 -10 0.00776509
Car -1 -1 -10 0.000 758.575 467.731 1195.943 -1 -1 -1 -1000 -1000 -1000 -10 0.01190983
Car -1 -1 -10 696.478 608.908 772.288 678.887 -1 -1 -1 -1000 -1000 -1000 -10 0.00326261
Car -1 -1 -10 686.569 611.965 783.387 697.769 -1 -1 -1 -1000 -1000 -1000 -10 0.00231902
Car -1 -1 -10 0.000 804.773 213.393 1193.718 -1 -1 -1 -1000 -1000 -1000 -10 0.00369346
Car -1 -1 -10 14.712 380.714 311.408 1200.000 -1 -1 -1 -1000 -1000 -1000 -10 0.00177690
Car -1 -1 -10 1.392 827.148 297.682 1200.000 -1 -1 -1 -1000 -1000 -1000 -10 0.00172896
Car -1 -1 -10 1837.269 580.861 1920.000 744.422 -1 -1 -1 -1000 -1000 -1000 -10 0.00313713
Car -1 -1 -10 680.431 603.289 778.023 685.651 -1 -1 -1 -1000 -1000 -1000 -10 0.00148796
Car -1 -1 -10 19.901 1102.772 272.215 1200.000 -1 -1 -1 -1000 -1000 -1000 -10 0.00147863
Car -1 -1 -10 41.014 643.889 218.757 1187.398 -1 -1 -1 -1000 -1000 -1000 -10 0.00144500
Car -1 -1 -10 307.016 476.733 534.125 832.798 -1 -1 -1 -1000 -1000 -1000 -10 0.00143019
Car -1 -1 -10 695.066 0.523 1114.279 391.774 -1 -1 -1 -1000 -1000 -1000 -10 0.00135755
Car -1 -1 -10 208.457 746.159 542.189 1190.872 -1 -1 -1 -1000 -1000 -1000 -10 0.00135072
Car -1 -1 -10 0.000 1041.853 321.601 1200.000 -1 -1 -1 -1000 -1000 -1000 -10 0.00264802
Car -1 -1 -10 899.290 593.116 968.381 670.101 -1 -1 -1 -1000 -1000 -1000 -10 0.00134128
Car -1 -1 -10 889.452 587.052 977.215 677.367 -1 -1 -1 -1000 -1000 -1000 -10 0.00134067
Car -1 -1 -10 582.034 597.719 726.331 680.797 -1 -1 -1 -1000 -1000 -1000 -10 0.00129597
Car -1 -1 -10 20.377 746.316 146.857 1200.000 -1 -1 -1 -1000 -1000 -1000 -10 0.00250096
Car -1 -1 -10 357.932 467.417 480.426 863.392 -1 -1 -1 -1000 -1000 -1000 -10 0.00123571
Car -1 -1 -10 1629.203 492.437 1920.000 861.681 -1 -1 -1 -1000 -1000 -1000 -10 0.00122774
