Car -1 -1 -10 0.000 798.332 460.491 1197.371 -1 -1 -1 -1000 -1000 -1000 -10 0.01052320
Car -1 -1 -10 646.328 496.405 1899.092 1198.129 -1 -1 -1 -1000 -1000 -1000 -10 0.00294679
Car -1 -1 -10 443.061 503.520 1653.155 1200.000 -1 -1 -1 -1000 -1000 -1000 -10 0.00254247
Car -1 -1 -10 8.990 575.234 637.879 1176.154 -1 -1 -1 -1000 -1000 -1000 -10 0.00429381
Car -1 -1 -10 48.611 668.285 209.259 1194.474 -1 -1 -1 -1000 -1000 -1000 -10 0.00117885
Car -1 -1 -10 1494.328 85.072 1913.077 462.109 -1 -1 -1 -1000 -1000 -1000 -10 0.00290654
Car -1 -1 -10 63.218 311.601 371.542 1196.098 -1 -1 -1 -1000 -1000 -1000 -10 0.00214001
Car -1 -1 -10 1166.878 489.487 1760.727 850.703 -1 -1 -1 -1000 -1000 -1000 -10 0.00103788
Car -1 -1 -10 1053.740 547.200 1715.004 952.080 -1 -1 -1 -1000 -1000 -1000 -10 0.00100013
Car -1 -1 -10 73.373 652.959 241.025 1200.000 -1 -1 -1 -1000 -1000 -1000 -10 0.00097719
Car -1 -1 -10 70.310 580.103 285.183 1200.000 -1 -1 -1 -1000 -1000 -1000 -10 0.00096174
Car -1 -1 -10 145.151 632.056 307.529 1200.000 -1 -1 -1 -1000 -1000 -1000 -10 0.00094087
Car -1 -1 -10 140.534 588.302 269.747 1191.220 -1 -1 -1 -1000 -1000 -1000 -10 0.00091740
Car -1 -1 -10 1.432 882.617 260.052 1199.366 -1 -1 -1 -1000 -1000 -1000 -10 0.00267448
Car -1 -1 -10 1560.265 175.190 1906.663 391.771 -1 -1 -1 -1000 -1000 -1000 -10 0.00082926
Car -1 -1 -10 1539.808 0.000 1920.000 681.426 -1 -1 -1 -1000 -1000 -1000 -10 0.00080489
Car -1 -1 -10 66.585 738.665 194.458 1200.000 -1 -1 -1 -1000 -1000 -1000 -10 0.00078764
Car -1 -1 -10 11.014 852.984 286.283 1025.727 -1 -1 -1 -1000 -1000 -1000 -10 0.00075788
