Car -1 -1 -10 1365.448 554.339 1864.702 810.104 -1 -1 -1 -1000 -1000 -1000 -10 0.00693919
Car -1 -1 -10 1364.648 477.006 1920.000 846.079 -1 -1 -1 -1000 -1000 -1000 -10 0.00576019
Car -1 -1 -10 1473.156 580.437 1767.342 744.753 -1 -1 -1 -1000 -1000 -1000 -10 0.00467658
Car -1 -1 -10 1275.231 380.729 1920.000 762.363 -1 -1 -1 -1000 -1000 -1000 -10 0.00409256
Car -1 -1 -10 1425.965 590.873 1920.000 959.676 -1 -1 -1 -1000 -1000 -1000 -10 0.00254099
Car -1 -1 -10 1488.900 569.263 1907.009 792.066 -1 -1 -1 -1000 -1000 -1000 -10 0.00446945
Car -1 -1 -10 0.000 799.350 456.984 1199.423 -1 -1 -1 -1000 -1000 -1000 -10 0.00822230
Car -1 -1 -10 674.330 24.291 1911.423 1146.603 -1 -1 -1 -1000 -1000 -1000 -10 0.00362984
Car -1 -1 -10 1520.705 588.486 1679.281 688.594 -1 -1 -1 -1000 -1000 -1000 -10 0.00361631
Car -1 -1 -10 1427.860 566.729 1920.000 1138.817 -1 -1 -1 -1000 -1000 -1000 -10 0.00405198
Car -1 -1 -10 1564.777 508.895 1920.000 855.679 -1 -1 -1 -1000 -1000 -1000 -10 0.00213241
Car -1 -1 -10 1244.601 547.936 1920.000 965.733 -1 -1 -1 -1000 -1000 -1000 -10 0.00199546
Car -1 -1 -10 1458.021 463.467 1896.893 694.620 -1 -1 -1 -1000 -1000 -1000 -10 0.00196922
Car -1 -1 -10 1568.214 612.881 1726.458 715.295 -1 -1 -1 -1000 -1000 -1000 -10 0.00188952
Car -1 -1 -10 953.111 360.444 1920.000 1019.979 -1 -1 -1 -1000 -1000 -1000 -10 0.00322504
Car -1 -1 -10 1648.852 584.062 1819.450 744.584 -1 -1 -1 -1000 -1000 -1000 -10 0.00179180
Car -1 -1 -10 1545.428 612.208 1702.534 713.305 -1 -1 -1 -1000 -1000 -1000 -10 0.00178859
Car -1 -1 -10 1516.902 617.427 1920.000 1036.511 -1 -1 -1 -1000 -1000 -1000 -10 0.00178328
Car -1 -1 -10 0.000 505.333 846.855 1200.000 -1 -1 -1 -1000 -1000 -1000 -10 0.00174400
Car -1 -1 -10 1599.809 627.817 1888.506 796.769 -1 -1 -1 -1000 -1000 -1000 -10 0.00170148
Car -1 -1 -10 1507.766 587.517 1722.317 729.823 -1 -1 -1 -1000 -1000 -1000 -10 0.00162791
Car -1 -1 -10 1479.856 333.478 1849.047 955.541 -1 -1 -1 -1000 -1000 -1000 -10 0.00159444
Car -1 -1 -10 1583.695 636.956 1737.799 739.024 -1 -1 -1 -1000 -1000 -1000 -10 0.00157812
Car -1 -1 -10 1568.372 431.691 1919.404 827.152 -1 -1 -1 -1000 -1000 -1000 -10 0.00157376
Car -1 -1 -10 1447.455 535.934 1744.111 694.699 -1 -1 -1 -1000 -1000 -1000 -10 0.00149128
Car -1 -1 -10 1444.808 629.146 1745.749 797.609 -1 -1 -1 -1000 -1000 -1000 -10 0.00147039
Car -1 -1 -10 1219.216 7.283 1920.000 1126.028 -1 -1 -1 -1000 -1000 -1000 -10 0.00146390
Car -1 -1 -10 1670.492 601.095 1796.966 724.858 -1 -1 -1 -1000 -1000 -1000 -10 0.00141947
Car -1 -1 -10 1613.232 552.840 1901.562 721.993 -1 -1 -1 -1000 -1000 -1000 -10 0.00139612
Car -1 -1 -10 1608.188 358.004 1920.000 974.728 -1 -1 -1 -1000 -1000 -1000 -10 0.00137847
Car -1 -1 -10 1542.332 564.556 1702.863 664.650 -1 -1 -1 -1000 -1000 -1000 -10 0.00136667
Car -1 -1 -10 1586.678 625.718 1713.780 750.318 -1 -1 -1 -1000 -1000 -1000 -10 0.00131205
Car -1 -1 -10 1499.183 630.012 1786.562 796.809 -1 -1 -1 -1000 -1000 -1000 -10 0.00126748
Car -1 -1 -10 1607.981 649.076 1919.106 1092.150 -1 -1 -1 -1000 -1000 -1000 -10 0.00122525
