Car -1 -1 -10 985.525 579.356 1208.946 759.874 -1 -1 -1 -1000 -1000 -1000 -10 0.99992037
Car -1 -1 -10 593.302 610.325 676.030 675.594 -1 -1 -1 -1000 -1000 -1000 -10 0.80991903
Car -1 -1 -10 909.875 612.838 992.418 676.807 -1 -1 -1 -1000 -1000 -1000 -10 0.09338482
Car -1 -1 -10 0.000 524.760 933.754 1200.000 -1 -1 -1 -1000 -1000 -1000 -10 0.02681112
Car -1 -1 -10 0.000 718.870 613.405 1163.334 -1 -1 -1 -1000 -1000 -1000 -10 0.00658386
Car -1 -1 -10 0.000 690.435 426.802 969.300 -1 -1 -1 -1000 -1000 -1000 -10 0.00624832
Car -1 -1 -10 0.000 683.734 507.053 1077.853 -1 -1 -1 -1000 -1000 -1000 -10 0.00598893
Car -1 -1 -10 26.127 157.392 307.136 1190.133 -1 -1 -1 -1000 -1000 -1000 -10 0.00820909
Car -1 -1 -10 0.000 454.802 398.920 1200.000 -1 -1 -1 -1000 -1000 -1000 -10 0.00457806
Car -1 -1 -10 0.000 740.452 154.147 833.020 -1 -1 -1 -1000 -1000 -1000 -10 0.00810394
Car -1 -1 -10 4.868 754.003 348.910 1091.976 -1 -1 -1 -1000 -1000 -1000 -10 0.00426568
Car -1 -1 -10 0.000 587.616 500.466 1200.000 -1 -1 -1 -1000 -1000 -1000 -10 0.00809413
Car -1 -1 -10 95.049 586.167 263.784 1200.000 -1 -1 -1 -1000 -1000 -1000 -10 0.00389635
Car -1 -1 -10 518.741 1139.630 631.047 1200.000 -1 -1 -1 -1000 -1000 -1000 -10 0.00338365
Car -1 -1 -10 314.252 1035.479 749.082 1200.000 -1 -1 -1 -1000 -1000 -1000 -10 0.00301722
Car -1 -1 -10 562.752 1157.762 600.297 1200.000 -1 -1 -1 -1000 -1000 -1000 -10 0.00538459
Car -1 -1 -10 5.943 1102.785 167.840 1200.000 -1 -1 -1 -1000 -1000 -1000 -10 0.00249190
Car -1 -1 -10 308.698 1081.610 627.411 1200.000 -1 -1 -1 -1000 -1000 -1000 -10 0.00242228
Car -1 -1 -10 498.249 1081.334 827.509 1200.000 -1 -1 -1 -1000 -1000 -1000 -10 0.00241467
Car -1 -1 -10 0.000 648.422 292.472 1105.387 -1 -1 -1 -1000 -1000 -1000 -10 0.00238006
Car -1 -1 -10 58.830 313.234 357.529 1200.000 -1 -1 -1 -1000 -1000 -1000 -10 0.00226304
