Car -1 -1 -10 218.404 624.346 303.839 683.949 -1 -1 -1 -1000 -1000 -1000 -10 0.98357323
Car -1 -1 -10 1648.717 547.098 1821.567 634.856 -1 -1 -1 -1000 -1000 -1000 -10 0.01511909
Car -1 -1 -10 1519.428 508.218 1916.803 762.623 -1 -1 -1 -1000 -1000 -1000 -10 0.00459783
Car -1 -1 -10 1655.440 558.808 1742.345 625.607 -1 -1 -1 -1000 -1000 -1000 -10 0.00509441
Car -1 -1 -10 1594.801 540.481 1883.956 688.963 -1 -1 -1 -1000 -1000 -1000 -10 0.00448560
Car -1 -1 -10 1679.927 563.525 1843.524 660.688 -1 -1 -1 -1000 -1000 -1000 -10 0.00263934
Car -1 -1 -10 1661.927 562.834 1920.000 805.486 -1 -1 -1 -1000 -1000 -1000 -10 0.00154566
Car -1 -1 -10 0.353 1156.935 33.236 1200.000 -1 -1 -1 -1000 -1000 -1000 -10 0.00241093
Car -1 -1 -10 1594.932 548.899 1920.000 774.559 -1 -1 -1 -1000 -1000 -1000 -10 0.00142744
Car -1 -1 -10 1428.523 590.868 1920.000 1198.666 -1 -1 -1 -1000 -1000 -1000 -10 0.00274252
Car -1 -1 -10 1520.792 520.692 1911.446 847.652 -1 -1 -1 -1000 -1000 -1000 -10 0.00136547
Car -1 -1 -10 1620.945 560.927 1771.865 659.106 -1 -1 -1 -1000 -1000 -1000 -10 0.00131826
Car -1 -1 -10 0.000 799.846 453.453 1199.390 -1 -1 -1 -1000 -1000 -1000 -10 0.00466627
Car -1 -1 -10 1411.355 387.062 1920.000 1012.400 -1 -1 -1 -1000 -1000 -1000 -10 0.00232994
Car -1 -1 -10 1613.682 544.067 1772.200 639.912 -1 -1 -1 -1000 -1000 -1000 -10 0.00129922
Car -1 -1 -10 0.000 1110.053 123.209 1200.000 -1 -1 -1 -1000 -1000 -1000 -10 0.00118162
Car -1 -1 -10 12.403 599.159 208.301 1189.902 -1 -1 -1 -1000 -1000 -1000 -10 0.00117074
Car -1 -1 -10 1654.658 392.707 1920.000 907.206 -1 -1 -1 -1000 -1000 -1000 -10 0.00115906
Car -1 -1 -10 0.000 1038.844 219.962 1200.000 -1 -1 -1 -1000 -1000 -1000 -10 0.00112846
Car -1 -1 -10 0.000 1014.323 256.372 1200.000 -1 -1 -1 -1000 -1000 -1000 -10 0.00111716
Car -1 -1 -10 1493.780 389.901 1920.000 920.371 -1 -1 -1 -1000 -1000 -1000 -10 0.00111455
Car -1 -1 -10 392.625 1158.765 430.501 1200.000 -1 -1 -1 -1000 -1000 -1000 -10 0.00184905
Car -1 -1 -10 1608.653 643.271 1914.191 1029.042 -1 -1 -1 -1000 -1000 -1000 -10 0.00186582
Car -1 -1 -10 1601.542 558.229 1920.000 894.009 -1 -1 -1 -1000 -1000 -1000 -10 0.00097321
Car -1 -1 -10 1894.151 1166.711 1920.000 1200.000 -1 -1 -1 -1000 -1000 -1000 -10 0.00094790
Car -1 -1 -10 1766.830 636.763 1918.753 741.976 -1 -1 -1 -1000 -1000 -1000 -10 0.00093385
Car -1 -1 -10 356.187 643.148 530.391 1190.354 -1 -1 -1 -1000 -1000 -1000 -10 0.00093073
Car -1 -1 -10 1475.316 799.125 1920.000 1200.000 -1 -1 -1 -1000 -1000 -1000 -10 0.00089251
Car -1 -1 -10 1698.714 435.165 1920.000 820.976 -1 -1 -1 -1000 -1000 -1000 -10 0.00086619
Car -1 -1 -10 1690.277 569.321 1823.170 694.466 -1 -1 -1 -1000 -1000 -1000 -10 0.00086485
Car -1 -1 -10 1702.701 626.449 1920.000 801.470 -1 -1 -1 -1000 -1000 -1000 -10 0.00086248
Car -1 -1 -10 1823.577 645.864 1911.713 821.938 -1 -1 -1 -1000 -1000 -1000 -10 0.00160887
Car -1 -1 -10 0.000 1108.667 91.512 1200.000 -1 -1 -1 -1000 -1000 -1000 -10 0.00084319
Car -1 -1 -10 757.957 638.677 942.278 1192.416 -1 -1 -1 -1000 -1000 -1000 -10 0.00083796
Car -1 -1 -10 0.000 1139.217 54.195 1200.000 -1 -1 -1 -1000 -1000 -1000 -10 0.00083569
Car -1 -1 -10 1500.429 544.266 1723.593 678.981 -1 -1 -1 -1000 -1000 -1000 -10 0.00082006
Car -1 -1 -10 41.450 638.671 221.472 1196.496 -1 -1 -1 -1000 -1000 -1000 -10 0.00081059
Car -1 -1 -10 1762.780 639.610 1920.000 860.170 -1 -1 -1 -1000 -1000 -1000 -10 0.00159105
Car -1 -1 -10 683.182 634.664 872.070 1182.657 -1 -1 -1 -1000 -1000 -1000 -10 0.00077753
Car -1 -1 -10 246.289 1069.182 649.884 1200.000 -1 -1 -1 -1000 -1000 -1000 -10 0.00077028
Car -1 -1 -10 0.000 957.175 304.493 1200.000 -1 -1 -1 -1000 -1000 -1000 -10 0.00151681
Car -1 -1 -10 1716.016 517.992 1920.000 923.192 -1 -1 -1 -1000 -1000 -1000 -10 0.00074913
Car -1 -1 -10 1622.496 494.163 1904.065 643.837 -1 -1 -1 -1000 -1000 -1000 -10 0.00070076
