Car -1 -1 -10 1563.667 593.043 1796.375 715.524 -1 -1 -1 -1000 -1000 -1000 -10 0.08751113
Car -1 -1 -10 1739.395 525.029 1918.733 706.209 -1 -1 -1 -1000 -1000 -1000 -10 0.12040824
Car -1 -1 -10 37.329 554.264 1309.317 1190.111 -1 -1 -1 -1000 -1000 -1000 -10 0.06537488
Car -1 -1 -10 0.019 649.413 693.731 1200.000 -1 -1 -1 -1000 -1000 -1000 -10 0.03429057
Car -1 -1 -10 1803.446 534.205 1900.281 702.885 -1 -1 -1 -1000 -1000 -1000 -10 0.00496574
Car -1 -1 -10 1799.689 551.745 1919.955 673.485 -1 -1 -1 -1000 -1000 -1000 -10 0.00965203
Car -1 -1 -10 289.924 753.760 1018.051 1198.931 -1 -1 -1 -1000 -1000 -1000 -10 0.00795328
Car -1 -1 -10 0.000 693.917 373.589 1188.539 -1 -1 -1 -1000 -1000 -1000 -10 0.00275513
Car -1 -1 -10 0.000 617.555 312.019 1200.000 -1 -1 -1 -1000 -1000 -1000 -10 0.00274875
Car -1 -1 -10 444.798 695.941 1185.482 1193.800 -1 -1 -1 -1000 -1000 -1000 -10 0.00260709
Car -1 -1 -10 477.303 245.906 776.587 1198.486 -1 -1 -1 -1000 -1000 -1000 -10 0.00447566
