Car -1 -1 -10 686.951 589.479 869.783 728.045 -1 -1 -1 -1000 -1000 -1000 -10 0.97618686
Car -1 -1 -10 981.376 581.531 1099.515 655.167 -1 -1 -1 -1000 -1000 -1000 -10 0.27186508
Car -1 -1 -10 1010.492 585.518 1103.027 648.109 -1 -1 -1 -1000 -1000 -1000 -10 0.17510834
Car -1 -1 -10 966.600 582.429 1077.121 653.625 -1 -1 -1 -1000 -1000 -1000 -10 0.01365424
Car -1 -1 -10 621.208 593.589 776.075 683.435 -1 -1 -1 -1000 -1000 -1000 -10 0.00426071
Car -1 -1 -10 664.043 582.469 810.431 690.451 -1 -1 -1 -1000 -1000 -1000 -10 0.00520362
Car -1 -1 -10 672.943 590.510 787.108 697.099 -1 -1 -1 -1000 -1000 -1000 -10 0.00271190
Car -1 -1 -10 996.809 592.266 1066.151 645.810 -1 -1 -1 -1000 -1000 -1000 -10 0.00285604
Car -1 -1 -10 657.924 613.454 752.968 698.169 -1 -1 -1 -1000 -1000 -1000 -10 0.00531277
Car -1 -1 -10 835.187 606.320 885.160 661.464 -1 -1 -1 -1000 -1000 -1000 -10 0.00256561
Car -1 -1 -10 754.121 577.412 866.967 690.278 -1 -1 -1 -1000 -1000 -1000 -10 0.00264484
Car -1 -1 -10 1472.278 660.140 1920.000 1200.000 -1 -1 -1 -1000 -1000 -1000 -10 0.00136275
Car -1 -1 -10 0.000 802.790 453.278 1198.776 -1 -1 -1 -1000 -1000 -1000 -10 0.00441748
Car -1 -1 -10 1469.653 804.373 1920.000 1200.000 -1 -1 -1 -1000 -1000 -1000 -10 0.00220338
Car -1 -1 -10 1118.377 592.989 1172.524 641.708 -1 -1 -1 -1000 -1000 -1000 -10 0.00216491
Car -1 -1 -10 832.096 614.086 881.203 669.562 -1 -1 -1 -1000 -1000 -1000 -10 0.00109824
Car -1 -1 -10 671.170 729.332 994.657 1189.815 -1 -1 -1 -1000 -1000 -1000 -10 0.00109439
Car -1 -1 -10 1011.191 530.191 1056.559 695.273 -1 -1 -1 -1000 -1000 -1000 -10 0.00107936
Car -1 -1 -10 1027.368 578.529 1054.163 661.921 -1 -1 -1 -1000 -1000 -1000 -10 0.00106585
Car -1 -1 -10 677.257 595.675 758.765 664.904 -1 -1 -1 -1000 -1000 -1000 -10 0.00104295
Car -1 -1 -10 1569.481 563.591 1920.000 1200.000 -1 -1 -1 -1000 -1000 -1000 -10 0.00101515
Car -1 -1 -10 779.478 598.448 886.488 712.289 -1 -1 -1 -1000 -1000 -1000 -10 0.00182157
Car -1 -1 -10 749.578 516.532 798.869 825.698 -1 -1 -1 -1000 -1000 -1000 -10 0.00233153
Car -1 -1 -10 835.352 1158.826 872.905 1200.000 -1 -1 -1 -1000 -1000 -1000 -10 0.00098344
Car -1 -1 -10 855.055 610.206 929.335 674.230 -1 -1 -1 -1000 -1000 -1000 -10 0.00261290
Car -1 -1 -10 852.792 1158.948 891.862 1200.000 -1 -1 -1 -1000 -1000 -1000 -10 0.00088689
Car -1 -1 -10 689.456 594.820 770.057 667.532 -1 -1 -1 -1000 -1000 -1000 -10 0.00157640
Car -1 -1 -10 783.081 647.122 967.695 1191.053 -1 -1 -1 -1000 -1000 -1000 -10 0.00084504
Car -1 -1 -10 845.666 608.549 915.065 675.706 -1 -1 -1 -1000 -1000 -1000 -10 0.00083848
Car -1 -1 -10 637.198 1158.211 675.092 1200.000 -1 -1 -1 -1000 -1000 -1000 -10 0.00083601
Car -1 -1 -10 715.651 585.698 909.858 1178.917 -1 -1 -1 -1000 -1000 -1000 -10 0.00212194
Car -1 -1 -10 582.029 1041.140 1011.702 1200.000 -1 -1 -1 -1000 -1000 -1000 -10 0.00083484
Car -1 -1 -10 695.231 598.540 750.574 689.721 -1 -1 -1 -1000 -1000 -1000 -10 0.00082771
Car -1 -1 -10 877.752 663.565 1064.874 1191.202 -1 -1 -1 -1000 -1000 -1000 -10 0.00082544
Car -1 -1 -10 775.482 586.992 931.309 1189.163 -1 -1 -1 -1000 -1000 -1000 -10 0.00082280
Car -1 -1 -10 747.487 865.926 1031.321 1146.296 -1 -1 -1 -1000 -1000 -1000 -10 0.00078217
Car -1 -1 -10 762.228 937.892 926.029 1041.382 -1 -1 -1 -1000 -1000 -1000 -10 0.00076947
Car -1 -1 -10 1015.533 579.330 1042.667 661.435 -1 -1 -1 -1000 -1000 -1000 -10 0.00076690
Car -1 -1 -10 855.145 608.928 891.015 666.638 -1 -1 -1 -1000 -1000 -1000 -10 0.00073906
Car -1 -1 -10 749.267 595.494 854.247 688.658 -1 -1 -1 -1000 -1000 -1000 -10 0.00072112
Car -1 -1 -10 585.383 566.880 861.170 701.403 -1 -1 -1 -1000 -1000 -1000 -10 0.00071774
Car -1 -1 -10 718.304 310.311 838.421 985.369 -1 -1 -1 -1000 -1000 -1000 -10 0.00070836
Car -1 -1 -10 631.964 677.454 873.511 1199.373 -1 -1 -1 -1000 -1000 -1000 -10 0.00069234
Car -1 -1 -10 852.704 651.823 1038.980 1194.468 -1 -1 -1 -1000 -1000 -1000 -10 0.00069140
Car -1 -1 -10 814.147 601.346 898.327 682.988 -1 -1 -1 -1000 -1000 -1000 -10 0.00068754
Car -1 -1 -10 726.133 481.059 823.119 796.823 -1 -1 -1 -1000 -1000 -1000 -10 0.00068618
Car -1 -1 -10 1659.775 603.450 1909.769 1051.947 -1 -1 -1 -1000 -1000 -1000 -10 0.00068105
Car -1 -1 -10 784.040 582.393 840.848 679.836 -1 -1 -1 -1000 -1000 -1000 -10 0.00067681
Car -1 -1 -10 713.566 1095.210 873.697 1189.600 -1 -1 -1 -1000 -1000 -1000 -10 0.00065586
Car -1 -1 -10 1039.073 581.928 1065.838 658.421 -1 -1 -1 -1000 -1000 -1000 -10 0.00061157
Car -1 -1 -10 757.197 587.755 856.817 676.291 -1 -1 -1 -1000 -1000 -1000 -10 0.00059657
Car -1 -1 -10 860.425 609.686 897.677 663.784 -1 -1 -1 -1000 -1000 -1000 -10 0.00057191
Car -1 -1 -10 1710.613 964.227 1920.000 1200.000 -1 -1 -1 -1000 -1000 -1000 -10 0.00056780
Car -1 -1 -10 1029.114 533.475 1072.718 697.545 -1 -1 -1 -1000 -1000 -1000 -10 0.00055989
