Car -1 -1 -10 510.861 597.279 592.544 669.408 -1 -1 -1 -1000 -1000 -1000 -10 0.99754585
Car -1 -1 -10 1591.615 802.064 1655.342 882.571 -1 -1 -1 -1000 -1000 -1000 -10 0.01184883
Car -1 -1 -10 1483.598 542.811 1920.000 823.034 -1 -1 -1 -1000 -1000 -1000 -10 0.00705035
Car -1 -1 -10 1585.584 771.177 1638.860 871.087 -1 -1 -1 -1000 -1000 -1000 -10 0.00320326
Car -1 -1 -10 1595.625 781.782 1650.169 880.928 -1 -1 -1 -1000 -1000 -1000 -10 0.00630636
Car -1 -1 -10 1380.427 403.509 1920.000 746.599 -1 -1 -1 -1000 -1000 -1000 -10 0.00442241
Car -1 -1 -10 1577.111 763.255 1674.491 874.086 -1 -1 -1 -1000 -1000 -1000 -10 0.00676202
Car -1 -1 -10 1449.208 639.904 1920.000 997.267 -1 -1 -1 -1000 -1000 -1000 -10 0.00223795
Car -1 -1 -10 1284.704 539.503 1754.250 811.007 -1 -1 -1 -1000 -1000 -1000 -10 0.00218675
Car -1 -1 -10 1557.264 603.205 1840.880 774.511 -1 -1 -1 -1000 -1000 -1000 -10 0.00195657
Car -1 -1 -10 0.000 797.461 458.300 1199.533 -1 -1 -1 -1000 -1000 -1000 -10 0.00661655
Car -1 -1 -10 1398.107 555.948 1700.835 720.156 -1 -1 -1 -1000 -1000 -1000 -10 0.00321335
Car -1 -1 -10 1381.312 456.222 1911.295 889.998 -1 -1 -1 -1000 -1000 -1000 -10 0.00304918
Car -1 -1 -10 1554.462 726.358 1831.214 894.266 -1 -1 -1 -1000 -1000 -1000 -10 0.00174259
Car -1 -1 -10 1576.292 764.526 1793.395 901.196 -1 -1 -1 -1000 -1000 -1000 -10 0.00174221
Car -1 -1 -10 1346.871 614.720 1893.789 946.603 -1 -1 -1 -1000 -1000 -1000 -10 0.00170965
Car -1 -1 -10 1577.161 495.939 1810.899 886.980 -1 -1 -1 -1000 -1000 -1000 -10 0.00165878
Car -1 -1 -10 1541.453 705.618 1823.977 871.500 -1 -1 -1 -1000 -1000 -1000 -10 0.00303506
Car -1 -1 -10 1601.363 754.651 1655.307 857.361 -1 -1 -1 -1000 -1000 -1000 -10 0.00165260
Car -1 -1 -10 1484.118 636.672 1920.000 917.868 -1 -1 -1 -1000 -1000 -1000 -10 0.00160092
Car -1 -1 -10 1361.042 530.913 1769.434 737.489 -1 -1 -1 -1000 -1000 -1000 -10 0.00260770
Car -1 -1 -10 1584.000 733.086 1668.403 890.586 -1 -1 -1 -1000 -1000 -1000 -10 0.00150784
Car -1 -1 -10 1541.038 558.791 1830.844 723.520 -1 -1 -1 -1000 -1000 -1000 -10 0.00147976
Car -1 -1 -10 1569.669 739.437 1708.776 838.811 -1 -1 -1 -1000 -1000 -1000 -10 0.00145230
Car -1 -1 -10 1505.135 713.798 1837.712 902.345 -1 -1 -1 -1000 -1000 -1000 -10 0.00140966
Car -1 -1 -10 1493.458 472.769 1920.000 697.801 -1 -1 -1 -1000 -1000 -1000 -10 0.00140723
Car -1 -1 -10 1554.086 718.490 1704.957 817.562 -1 -1 -1 -1000 -1000 -1000 -10 0.00128842
Car -1 -1 -10 1549.407 648.226 1836.327 825.851 -1 -1 -1 -1000 -1000 -1000 -10 0.00128681
Car -1 -1 -10 1589.585 755.767 1658.566 834.690 -1 -1 -1 -1000 -1000 -1000 -10 0.00115832
Car -1 -1 -10 1598.037 762.996 1756.795 863.252 -1 -1 -1 -1000 -1000 -1000 -10 0.00113278
Car -1 -1 -10 1569.208 735.747 1740.785 886.541 -1 -1 -1 -1000 -1000 -1000 -10 0.00109835
Car -1 -1 -10 1547.273 638.719 1920.000 837.261 -1 -1 -1 -1000 -1000 -1000 -10 0.00105413
Car -1 -1 -10 1416.591 696.958 1834.439 963.850 -1 -1 -1 -1000 -1000 -1000 -10 0.00100426
Car -1 -1 -10 1399.827 251.098 1920.000 656.350 -1 -1 -1 -1000 -1000 -1000 -10 0.00092415
Car -1 -1 -10 0.000 935.384 322.776 1200.000 -1 -1 -1 -1000 -1000 -1000 -10 0.00091335
Car -1 -1 -10 1476.920 563.957 1635.944 661.929 -1 -1 -1 -1000 -1000 -1000 -10 0.00087974
