Car -1 -1 -10 817.365 573.391 935.716 690.024 -1 -1 -1 -1000 -1000 -1000 -10 0.99995518
Car -1 -1 -10 508.935 612.638 598.259 675.665 -1 -1 -1 -1000 -1000 -1000 -10 0.50986926
Car -1 -1 -10 552.270 609.879 630.930 673.830 -1 -1 -1 -1000 -1000 -1000 -10 0.03685411
Car -1 -1 -10 0.000 792.705 464.097 1196.849 -1 -1 -1 -1000 -1000 -1000 -10 0.00966190
Car -1 -1 -10 0.000 523.345 933.100 1196.519 -1 -1 -1 -1000 -1000 -1000 -10 0.00788950
Car -1 -1 -10 1559.407 562.092 1920.000 1200.000 -1 -1 -1 -1000 -1000 -1000 -10 0.00173114
Car -1 -1 -10 1459.042 802.859 1920.000 1200.000 -1 -1 -1 -1000 -1000 -1000 -10 0.00262077
Car -1 -1 -10 0.000 932.952 232.084 1200.000 -1 -1 -1 -1000 -1000 -1000 -10 0.00151915
Car -1 -1 -10 638.146 603.822 693.312 654.639 -1 -1 -1 -1000 -1000 -1000 -10 0.00273451
Car -1 -1 -10 1687.484 931.833 1920.000 1200.000 -1 -1 -1 -1000 -1000 -1000 -10 0.00151353
Car -1 -1 -10 10.508 691.318 254.932 1199.269 -1 -1 -1 -1000 -1000 -1000 -10 0.00150415
Car -1 -1 -10 111.461 780.160 784.358 1200.000 -1 -1 -1 -1000 -1000 -1000 -10 0.00397319
Car -1 -1 -10 419.748 651.680 635.082 1183.598 -1 -1 -1 -1000 -1000 -1000 -10 0.00251935
Car -1 -1 -10 24.233 654.005 196.028 1189.159 -1 -1 -1 -1000 -1000 -1000 -10 0.00139899
Car -1 -1 -10 0.161 1003.569 279.654 1200.000 -1 -1 -1 -1000 -1000 -1000 -10 0.00364844
Car -1 -1 -10 459.696 509.903 1624.618 1197.754 -1 -1 -1 -1000 -1000 -1000 -10 0.00263855
Car -1 -1 -10 1454.966 523.350 1913.102 915.632 -1 -1 -1 -1000 -1000 -1000 -10 0.00130699
Car -1 -1 -10 9.678 1103.564 245.844 1200.000 -1 -1 -1 -1000 -1000 -1000 -10 0.00130668
Car -1 -1 -10 1610.321 1055.736 1915.602 1200.000 -1 -1 -1 -1000 -1000 -1000 -10 0.00129507
Car -1 -1 -10 6.991 1060.988 328.284 1200.000 -1 -1 -1 -1000 -1000 -1000 -10 0.00119178
Car -1 -1 -10 10.869 622.555 542.948 1102.483 -1 -1 -1 -1000 -1000 -1000 -10 0.00231423
Car -1 -1 -10 1555.272 684.169 1918.695 978.164 -1 -1 -1 -1000 -1000 -1000 -10 0.00116406
Car -1 -1 -10 1628.715 985.505 1920.000 1200.000 -1 -1 -1 -1000 -1000 -1000 -10 0.00109729
Car -1 -1 -10 1426.426 595.124 1920.000 1196.064 -1 -1 -1 -1000 -1000 -1000 -10 0.00108687
Car -1 -1 -10 69.576 362.699 364.094 1200.000 -1 -1 -1 -1000 -1000 -1000 -10 0.00106834
Car -1 -1 -10 156.604 1127.127 223.259 1200.000 -1 -1 -1 -1000 -1000 -1000 -10 0.00106308
Car -1 -1 -10 67.583 587.595 195.840 1200.000 -1 -1 -1 -1000 -1000 -1000 -10 0.00103501
