Car -1 -1 -10 522.740 580.889 606.270 654.417 -1 -1 -1 -1000 -1000 -1000 -10 0.99753991
Car -1 -1 -10 328.001 501.697 1591.871 1197.436 -1 -1 -1 -1000 -1000 -1000 -10 0.02351777
Car -1 -1 -10 1405.437 542.815 1920.000 1196.099 -1 -1 -1 -1000 -1000 -1000 -10 0.01032338
Car -1 -1 -10 0.000 731.053 474.990 1199.316 -1 -1 -1 -1000 -1000 -1000 -10 0.01511215
Car -1 -1 -10 1000.777 554.544 1134.369 1189.931 -1 -1 -1 -1000 -1000 -1000 -10 0.00548303
Car -1 -1 -10 1739.789 470.272 1912.863 559.537 -1 -1 -1 -1000 -1000 -1000 -10 0.01057548
Car -1 -1 -10 1067.584 480.882 1920.000 1185.513 -1 -1 -1 -1000 -1000 -1000 -10 0.00590867
Car -1 -1 -10 142.391 822.664 795.495 1189.659 -1 -1 -1 -1000 -1000 -1000 -10 0.00461529
Car -1 -1 -10 888.162 569.557 1208.262 1180.850 -1 -1 -1 -1000 -1000 -1000 -10 0.00269391
Car -1 -1 -10 300.546 815.930 959.550 1190.453 -1 -1 -1 -1000 -1000 -1000 -10 0.00267602
Car -1 -1 -10 0.000 534.961 802.808 1198.110 -1 -1 -1 -1000 -1000 -1000 -10 0.00915628
Car -1 -1 -10 282.686 778.887 632.260 1191.356 -1 -1 -1 -1000 -1000 -1000 -10 0.00448444
Car -1 -1 -10 1455.037 403.956 1915.795 918.893 -1 -1 -1 -1000 -1000 -1000 -10 0.00252030
Car -1 -1 -10 1615.321 484.672 1919.994 912.293 -1 -1 -1 -1000 -1000 -1000 -10 0.00459540
Car -1 -1 -10 850.934 796.506 1275.610 1050.225 -1 -1 -1 -1000 -1000 -1000 -10 0.00231226
Car -1 -1 -10 952.899 512.521 1085.455 1200.000 -1 -1 -1 -1000 -1000 -1000 -10 0.00229530
Car -1 -1 -10 290.050 1057.930 679.486 1200.000 -1 -1 -1 -1000 -1000 -1000 -10 0.00399356
Car -1 -1 -10 710.752 605.281 1313.226 1029.465 -1 -1 -1 -1000 -1000 -1000 -10 0.00223790
Car -1 -1 -10 498.909 745.357 1380.664 1187.507 -1 -1 -1 -1000 -1000 -1000 -10 0.00403864
Car -1 -1 -10 15.551 374.964 310.744 1200.000 -1 -1 -1 -1000 -1000 -1000 -10 0.00218821
Car -1 -1 -10 1.462 829.904 267.848 1200.000 -1 -1 -1 -1000 -1000 -1000 -10 0.00212301
Car -1 -1 -10 1554.583 691.467 1920.000 950.600 -1 -1 -1 -1000 -1000 -1000 -10 0.00212291
Car -1 -1 -10 261.734 670.369 474.741 1186.497 -1 -1 -1 -1000 -1000 -1000 -10 0.00208497
Car -1 -1 -10 253.304 1035.135 702.489 1200.000 -1 -1 -1 -1000 -1000 -1000 -10 0.00207818
Car -1 -1 -10 22.719 718.676 238.780 1200.000 -1 -1 -1 -1000 -1000 -1000 -10 0.00197866
Car -1 -1 -10 1050.034 605.606 1178.561 1196.766 -1 -1 -1 -1000 -1000 -1000 -10 0.00197104
Car -1 -1 -10 881.474 559.565 1011.877 1187.891 -1 -1 -1 -1000 -1000 -1000 -10 0.00195275
Car -1 -1 -10 900.152 753.363 1237.455 1082.055 -1 -1 -1 -1000 -1000 -1000 -10 0.00193577
Car -1 -1 -10 123.183 1062.731 516.764 1200.000 -1 -1 -1 -1000 -1000 -1000 -10 0.00193330
Car -1 -1 -10 1481.186 634.908 1920.000 1000.015 -1 -1 -1 -1000 -1000 -1000 -10 0.00193005
Car -1 -1 -10 269.651 1092.818 431.781 1189.227 -1 -1 -1 -1000 -1000 -1000 -10 0.00189684
Car -1 -1 -10 1498.203 460.183 1920.000 1044.213 -1 -1 -1 -1000 -1000 -1000 -10 0.00185044
Car -1 -1 -10 357.802 1101.236 606.049 1200.000 -1 -1 -1 -1000 -1000 -1000 -10 0.00177047
Car -1 -1 -10 8.102 1105.419 248.260 1200.000 -1 -1 -1 -1000 -1000 -1000 -10 0.00175116
Car -1 -1 -10 970.750 516.268 1120.846 1200.000 -1 -1 -1 -1000 -1000 -1000 -10 0.00171729
Car -1 -1 -10 774.640 615.110 1265.161 1122.308 -1 -1 -1 -1000 -1000 -1000 -10 0.00169041
Car -1 -1 -10 6.685 960.880 307.805 1200.000 -1 -1 -1 -1000 -1000 -1000 -10 0.00162524
Car -1 -1 -10 411.778 830.954 571.323 1200.000 -1 -1 -1 -1000 -1000 -1000 -10 0.00161849
