Car -1 -1 -10 465.520 572.514 605.326 702.735 -1 -1 -1 -1000 -1000 -1000 -10 0.99998367
Car -1 -1 -10 1664.261 564.660 1920.000 724.135 -1 -1 -1 -1000 -1000 -1000 -10 0.29885400
Car -1 -1 -10 0.264 593.123 67.781 692.225 -1 -1 -1 -1000 -1000 -1000 -10 0.05949619
Car -1 -1 -10 50.164 609.547 135.455 675.051 -1 -1 -1 -1000 -1000 -1000 -10 0.03505913
Car -1 -1 -10 447.877 593.846 501.721 646.370 -1 -1 -1 -1000 -1000 -1000 -10 0.03803093
Car -1 -1 -10 381.200 594.809 427.906 640.542 -1 -1 -1 -1000 -1000 -1000 -10 0.00730453
Car -1 -1 -10 1793.615 586.913 1920.000 689.518 -1 -1 -1 -1000 -1000 -1000 -10 0.01535915
Car -1 -1 -10 1546.728 582.030 1835.139 739.973 -1 -1 -1 -1000 -1000 -1000 -10 0.00684982
Car -1 -1 -10 0.299 597.586 35.904 665.924 -1 -1 -1 -1000 -1000 -1000 -10 0.00304553
Car -1 -1 -10 0.000 604.103 46.932 662.376 -1 -1 -1 -1000 -1000 -1000 -10 0.00303098
Car -1 -1 -10 29.925 576.521 144.616 668.040 -1 -1 -1 -1000 -1000 -1000 -10 0.00286425
Car -1 -1 -10 1741.994 576.612 1885.182 701.854 -1 -1 -1 -1000 -1000 -1000 -10 0.00469590
Car -1 -1 -10 1562.005 641.356 1724.024 736.584 -1 -1 -1 -1000 -1000 -1000 -10 0.00484205
Car -1 -1 -10 1677.023 607.126 1837.158 715.816 -1 -1 -1 -1000 -1000 -1000 -10 0.00436685
Car -1 -1 -10 1607.315 579.938 1920.000 973.076 -1 -1 -1 -1000 -1000 -1000 -10 0.00196381
Car -1 -1 -10 1715.045 576.666 1853.520 701.140 -1 -1 -1 -1000 -1000 -1000 -10 0.00194369
Car -1 -1 -10 1864.076 576.819 1920.000 688.001 -1 -1 -1 -1000 -1000 -1000 -10 0.00192126
Car -1 -1 -10 0.125 575.186 153.887 665.366 -1 -1 -1 -1000 -1000 -1000 -10 0.00188512
Car -1 -1 -10 1609.858 513.727 1767.552 608.411 -1 -1 -1 -1000 -1000 -1000 -10 0.00339722
Car -1 -1 -10 442.724 578.363 531.605 660.003 -1 -1 -1 -1000 -1000 -1000 -10 0.00345504
Car -1 -1 -10 1344.384 424.372 1861.751 730.901 -1 -1 -1 -1000 -1000 -1000 -10 0.00177747
Car -1 -1 -10 1513.161 451.577 1797.983 618.667 -1 -1 -1 -1000 -1000 -1000 -10 0.00334623
Car -1 -1 -10 1829.376 1109.366 1920.000 1200.000 -1 -1 -1 -1000 -1000 -1000 -10 0.00167145
