Car -1 -1 -10 1065.318 587.491 1349.864 765.054 -1 -1 -1 -1000 -1000 -1000 -10 0.99360313
Car -1 -1 -10 179.665 627.546 341.141 729.245 -1 -1 -1 -1000 -1000 -1000 -10 0.96838583
Car -1 -1 -10 930.263 611.735 995.995 676.316 -1 -1 -1 -1000 -1000 -1000 -10 0.83168374
Car -1 -1 -10 318.893 625.461 411.127 711.427 -1 -1 -1 -1000 -1000 -1000 -10 0.60870184
Car -1 -1 -10 381.891 623.690 470.112 700.718 -1 -1 -1 -1000 -1000 -1000 -10 0.66830905
Car -1 -1 -10 671.010 605.511 820.420 671.620 -1 -1 -1 -1000 -1000 -1000 -10 0.09293672
Car -1 -1 -10 279.272 623.442 381.880 714.797 -1 -1 -1 -1000 -1000 -1000 -10 0.02280489
Car -1 -1 -10 245.998 617.420 365.768 722.108 -1 -1 -1 -1000 -1000 -1000 -10 0.01762019
Car -1 -1 -10 1038.719 552.217 1154.127 661.892 -1 -1 -1 -1000 -1000 -1000 -10 0.00686954
Car -1 -1 -10 942.314 600.754 1030.797 686.631 -1 -1 -1 -1000 -1000 -1000 -10 0.00332783
