Car -1 -1 -10 700.936 568.574 886.503 756.845 -1 -1 -1 -1000 -1000 -1000 -10 0.49972531
Car -1 -1 -10 995.114 602.684 1080.362 681.680 -1 -1 -1 -1000 -1000 -1000 -10 0.99862266
Car -1 -1 -10 52.917 628.593 184.325 713.615 -1 -1 -1 -1000 -1000 -1000 -10 0.93622640
Car -1 -1 -10 843.537 604.431 923.550 687.815 -1 -1 -1 -1000 -1000 -1000 -10 0.81839512
Car -1 -1 -10 683.656 575.061 849.932 757.886 -1 -1 -1 -1000 -1000 -1000 -10 0.45905486
Car -1 -1 -10 163.087 628.667 272.895 706.762 -1 -1 -1 -1000 -1000 -1000 -10 0.39109397
Car -1 -1 -10 949.217 597.001 1018.662 668.435 -1 -1 -1 -1000 -1000 -1000 -10 0.45804089
Car -1 -1 -10 247.367 636.790 336.999 695.379 -1 -1 -1 -1000 -1000 -1000 -10 0.30266462
Car -1 -1 -10 185.920 630.074 286.367 704.616 -1 -1 -1 -1000 -1000 -1000 -10 0.09835333
Car -1 -1 -10 793.905 596.787 898.493 713.197 -1 -1 -1 -1000 -1000 -1000 -10 0.05265645
Car -1 -1 -10 973.863 606.110 1044.839 678.192 -1 -1 -1 -1000 -1000 -1000 -10 0.02759001
Car -1 -1 -10 138.107 630.754 248.070 706.612 -1 -1 -1 -1000 -1000 -1000 -10 0.01954554
Car -1 -1 -10 1835.135 583.822 1917.677 656.439 -1 -1 -1 -1000 -1000 -1000 -10 0.02193209
Car -1 -1 -10 1839.074 560.548 1920.000 666.038 -1 -1 -1 -1000 -1000 -1000 -10 0.02057090
Car -1 -1 -10 928.399 609.323 970.232 655.093 -1 -1 -1 -1000 -1000 -1000 -10 0.01492628
Car -1 -1 -10 0.000 824.707 371.540 1195.894 -1 -1 -1 -1000 -1000 -1000 -10 0.01139983
Car -1 -1 -10 317.994 634.871 380.078 685.383 -1 -1 -1 -1000 -1000 -1000 -10 0.01072475
Car -1 -1 -10 985.047 612.656 1045.861 675.224 -1 -1 -1 -1000 -1000 -1000 -10 0.00411400
Car -1 -1 -10 788.672 580.532 890.803 741.293 -1 -1 -1 -1000 -1000 -1000 -10 0.00389534
Car -1 -1 -10 794.363 794.662 1160.882 1196.561 -1 -1 -1 -1000 -1000 -1000 -10 0.00247105
