Car -1 -1 -10 717.973 568.926 928.775 733.425 -1 -1 -1 -1000 -1000 -1000 -10 0.99864680
Car -1 -1 -10 507.422 586.610 693.720 711.583 -1 -1 -1 -1000 -1000 -1000 -10 0.99948208
Car -1 -1 -10 442.838 597.359 528.123 668.779 -1 -1 -1 -1000 -1000 -1000 -10 0.68490814
Car -1 -1 -10 928.231 566.277 1032.833 644.821 -1 -1 -1 -1000 -1000 -1000 -10 0.32043265
Car -1 -1 -10 710.004 573.866 831.753 709.661 -1 -1 -1 -1000 -1000 -1000 -10 0.07605097
Car -1 -1 -10 1062.716 556.444 1121.368 611.375 -1 -1 -1 -1000 -1000 -1000 -10 0.05279401
Car -1 -1 -10 485.338 605.068 541.597 659.706 -1 -1 -1 -1000 -1000 -1000 -10 0.00957044
Car -1 -1 -10 969.533 566.081 1025.445 629.061 -1 -1 -1 -1000 -1000 -1000 -10 0.00925330
Car -1 -1 -10 1122.755 526.481 1196.288 591.584 -1 -1 -1 -1000 -1000 -1000 -10 0.00517697
Car -1 -1 -10 1137.244 531.682 1193.343 587.375 -1 -1 -1 -1000 -1000 -1000 -10 0.00452847
Car -1 -1 -10 903.419 570.088 978.424 642.897 -1 -1 -1 -1000 -1000 -1000 -10 0.00294769
Car -1 -1 -10 0.000 604.609 818.294 1195.769 -1 -1 -1 -1000 -1000 -1000 -10 0.00478923
Car -1 -1 -10 901.243 587.553 939.100 650.357 -1 -1 -1 -1000 -1000 -1000 -10 0.00236274
Car -1 -1 -10 725.182 568.071 839.255 667.483 -1 -1 -1 -1000 -1000 -1000 -10 0.00225927
Car -1 -1 -10 835.362 563.695 930.019 649.732 -1 -1 -1 -1000 -1000 -1000 -10 0.00411693
Car -1 -1 -10 892.942 571.150 960.261 643.104 -1 -1 -1 -1000 -1000 -1000 -10 0.00220206
Car -1 -1 -10 717.627 576.102 818.774 659.565 -1 -1 -1 -1000 -1000 -1000 -10 0.00213475
Car -1 -1 -10 800.487 569.562 920.756 687.585 -1 -1 -1 -1000 -1000 -1000 -10 0.00202056
Car -1 -1 -10 921.935 575.682 986.287 639.362 -1 -1 -1 -1000 -1000 -1000 -10 0.00154742
Car -1 -1 -10 813.214 567.558 943.035 710.211 -1 -1 -1 -1000 -1000 -1000 -10 0.00147873
