Car -1 -1 -10 621.752 511.932 857.702 735.944 -1 -1 -1 -1000 -1000 -1000 -10 0.99995020
Car -1 -1 -10 297.738 571.757 426.980 672.742 -1 -1 -1 -1000 -1000 -1000 -10 0.40041795
Car -1 -1 -10 0.000 798.108 460.778 1199.057 -1 -1 -1 -1000 -1000 -1000 -10 0.00565940
Car -1 -1 -10 655.377 508.472 808.995 621.522 -1 -1 -1 -1000 -1000 -1000 -10 0.00209433
Car -1 -1 -10 1482.739 416.594 1643.756 510.923 -1 -1 -1 -1000 -1000 -1000 -10 0.00215704
Car -1 -1 -10 1098.947 333.427 1670.483 698.710 -1 -1 -1 -1000 -1000 -1000 -10 0.00118945
Car -1 -1 -10 1425.387 323.451 1917.906 711.491 -1 -1 -1 -1000 -1000 -1000 -10 0.00115359
Car -1 -1 -10 1229.300 378.303 1769.463 733.779 -1 -1 -1 -1000 -1000 -1000 -10 0.00109726
Car -1 -1 -10 667.802 485.555 823.794 588.439 -1 -1 -1 -1000 -1000 -1000 -10 0.00204815
Car -1 -1 -10 1444.527 439.790 1609.558 533.516 -1 -1 -1 -1000 -1000 -1000 -10 0.00185275
Car -1 -1 -10 1398.430 459.664 1900.589 868.740 -1 -1 -1 -1000 -1000 -1000 -10 0.00365503
Car -1 -1 -10 1414.811 440.109 1578.945 535.612 -1 -1 -1 -1000 -1000 -1000 -10 0.00104828
Car -1 -1 -10 823.787 1157.927 863.438 1200.000 -1 -1 -1 -1000 -1000 -1000 -10 0.00097396
Car -1 -1 -10 291.755 527.759 632.618 740.463 -1 -1 -1 -1000 -1000 -1000 -10 0.00092170
Car -1 -1 -10 1169.027 486.153 1599.345 766.228 -1 -1 -1 -1000 -1000 -1000 -10 0.00090041
Car -1 -1 -10 331.055 468.748 378.869 760.683 -1 -1 -1 -1000 -1000 -1000 -10 0.00086694
Car -1 -1 -10 316.158 589.974 378.350 649.099 -1 -1 -1 -1000 -1000 -1000 -10 0.00081728
Car -1 -1 -10 1492.666 193.857 1920.000 731.337 -1 -1 -1 -1000 -1000 -1000 -10 0.00081013
Car -1 -1 -10 689.661 467.315 741.642 760.774 -1 -1 -1 -1000 -1000 -1000 -10 0.00078550
Car -1 -1 -10 1232.451 447.617 1512.311 621.378 -1 -1 -1 -1000 -1000 -1000 -10 0.00078447
Car -1 -1 -10 1290.781 486.367 1714.509 760.410 -1 -1 -1 -1000 -1000 -1000 -10 0.00077880
Car -1 -1 -10 734.064 465.592 786.259 754.543 -1 -1 -1 -1000 -1000 -1000 -10 0.00074479
Car -1 -1 -10 1390.590 388.758 1694.796 538.843 -1 -1 -1 -1000 -1000 -1000 -10 0.00072838
Car -1 -1 -10 1453.948 384.424 1779.295 992.566 -1 -1 -1 -1000 -1000 -1000 -10 0.00071992
