Car -1 -1 -10 818.370 534.504 888.338 601.974 -1 -1 -1 -1000 -1000 -1000 -10 0.97353700
Car -1 -1 -10 332.893 396.941 706.617 796.495 -1 -1 -1 -1000 -1000 -1000 -10 0.00877482
Car -1 -1 -10 0.000 800.789 458.358 1198.588 -1 -1 -1 -1000 -1000 -1000 -10 0.00828011
Car -1 -1 -10 327.451 479.564 623.205 750.665 -1 -1 -1 -1000 -1000 -1000 -10 0.00334704
Car -1 -1 -10 829.151 519.749 882.687 576.180 -1 -1 -1 -1000 -1000 -1000 -10 0.00536280
Car -1 -1 -10 0.344 926.985 233.975 1200.000 -1 -1 -1 -1000 -1000 -1000 -10 0.00181883
Car -1 -1 -10 0.000 991.345 273.514 1200.000 -1 -1 -1 -1000 -1000 -1000 -10 0.00300301
Car -1 -1 -10 1454.954 428.469 1906.278 809.131 -1 -1 -1 -1000 -1000 -1000 -10 0.00159776
Car -1 -1 -10 1683.305 459.644 1919.648 788.893 -1 -1 -1 -1000 -1000 -1000 -10 0.00142122
Car -1 -1 -10 0.000 1061.010 198.341 1200.000 -1 -1 -1 -1000 -1000 -1000 -10 0.00235329
Car -1 -1 -10 1194.771 417.950 1640.279 708.323 -1 -1 -1 -1000 -1000 -1000 -10 0.00134892
Car -1 -1 -10 516.836 367.784 568.120 471.281 -1 -1 -1 -1000 -1000 -1000 -10 0.00131741
Car -1 -1 -10 0.000 935.153 321.742 1200.000 -1 -1 -1 -1000 -1000 -1000 -10 0.00128412
Car -1 -1 -10 0.262 1109.590 123.930 1200.000 -1 -1 -1 -1000 -1000 -1000 -10 0.00250958
Car -1 -1 -10 1382.551 345.450 1910.605 777.664 -1 -1 -1 -1000 -1000 -1000 -10 0.00310809
Car -1 -1 -10 0.000 1156.361 31.535 1200.000 -1 -1 -1 -1000 -1000 -1000 -10 0.00123203
Car -1 -1 -10 1488.654 508.731 1915.030 841.338 -1 -1 -1 -1000 -1000 -1000 -10 0.00215948
Car -1 -1 -10 0.000 1107.351 90.804 1200.000 -1 -1 -1 -1000 -1000 -1000 -10 0.00116555
Car -1 -1 -10 1596.218 460.140 1895.491 614.062 -1 -1 -1 -1000 -1000 -1000 -10 0.00112981
Car -1 -1 -10 1083.536 466.380 1252.078 560.369 -1 -1 -1 -1000 -1000 -1000 -10 0.00111709
Car -1 -1 -10 450.201 496.014 580.822 624.446 -1 -1 -1 -1000 -1000 -1000 -10 0.00205442
Car -1 -1 -10 1585.800 580.442 1890.121 743.102 -1 -1 -1 -1000 -1000 -1000 -10 0.00208184
Car -1 -1 -10 1617.497 387.329 1920.000 674.059 -1 -1 -1 -1000 -1000 -1000 -10 0.00109077
Car -1 -1 -10 1571.917 558.407 1920.000 1200.000 -1 -1 -1 -1000 -1000 -1000 -10 0.00108647
Car -1 -1 -10 0.000 922.115 91.006 1100.897 -1 -1 -1 -1000 -1000 -1000 -10 0.00107271
Car -1 -1 -10 0.000 700.147 293.346 1099.388 -1 -1 -1 -1000 -1000 -1000 -10 0.00192082
Car -1 -1 -10 442.070 439.472 681.231 680.719 -1 -1 -1 -1000 -1000 -1000 -10 0.00098128
Car -1 -1 -10 1463.246 806.666 1920.000 1200.000 -1 -1 -1 -1000 -1000 -1000 -10 0.00188026
Car -1 -1 -10 0.000 1104.721 49.165 1200.000 -1 -1 -1 -1000 -1000 -1000 -10 0.00097017
Car -1 -1 -10 1629.754 403.324 1920.000 571.262 -1 -1 -1 -1000 -1000 -1000 -10 0.00096182
Car -1 -1 -10 1709.119 541.899 1862.610 637.236 -1 -1 -1 -1000 -1000 -1000 -10 0.00094166
Car -1 -1 -10 1659.096 392.824 1920.000 766.500 -1 -1 -1 -1000 -1000 -1000 -10 0.00092088
Car -1 -1 -10 722.881 523.619 810.404 614.422 -1 -1 -1 -1000 -1000 -1000 -10 0.00084861
