Car -1 -1 -10 497.914 353.478 1307.355 1096.752 -1 -1 -1 -1000 -1000 -1000 -10 0.37860180
Car -1 -1 -10 1212.527 514.961 1499.475 745.598 -1 -1 -1 -1000 -1000 -1000 -10 0.01695239
Car -1 -1 -10 1221.776 522.035 1460.819 705.605 -1 -1 -1 -1000 -1000 -1000 -10 0.01280555
Car -1 -1 -10 571.913 379.615 974.113 1053.802 -1 -1 -1 -1000 -1000 -1000 -10 0.00523826
Car -1 -1 -10 837.209 405.505 1296.171 958.724 -1 -1 -1 -1000 -1000 -1000 -10 0.01367826
Car -1 -1 -10 602.733 342.911 1000.934 1158.524 -1 -1 -1 -1000 -1000 -1000 -10 0.01140381
Car -1 -1 -10 856.467 59.334 1171.914 1128.759 -1 -1 -1 -1000 -1000 -1000 -10 0.00631649
Car -1 -1 -10 763.062 66.464 1075.352 1153.500 -1 -1 -1 -1000 -1000 -1000 -10 0.00437440
Car -1 -1 -10 717.557 591.463 1278.969 1029.863 -1 -1 -1 -1000 -1000 -1000 -10 0.00164158
Car -1 -1 -10 943.861 653.785 1223.757 823.453 -1 -1 -1 -1000 -1000 -1000 -10 0.00163024
