Car -1 -1 -10 853.158 544.149 1026.182 705.502 -1 -1 -1 -1000 -1000 -1000 -10 0.99995539
Car -1 -1 -10 352.703 587.415 493.310 682.163 -1 -1 -1 -1000 -1000 -1000 -10 0.93180953
Car -1 -1 -10 472.516 584.479 567.735 656.016 -1 -1 -1 -1000 -1000 -1000 -10 0.82645729
Car -1 -1 -10 535.006 585.291 608.771 648.675 -1 -1 -1 -1000 -1000 -1000 -10 0.55432907
Car -1 -1 -10 410.454 1157.268 447.392 1200.000 -1 -1 -1 -1000 -1000 -1000 -10 0.01239707
Car -1 -1 -10 466.665 676.825 954.028 1198.906 -1 -1 -1 -1000 -1000 -1000 -10 0.00359834
Car -1 -1 -10 925.996 578.755 1294.674 1200.000 -1 -1 -1 -1000 -1000 -1000 -10 0.00476785
Car -1 -1 -10 506.979 1157.539 544.100 1200.000 -1 -1 -1 -1000 -1000 -1000 -10 0.00489746
Car -1 -1 -10 840.729 546.940 948.577 662.961 -1 -1 -1 -1000 -1000 -1000 -10 0.00555335
Car -1 -1 -10 513.978 600.286 579.555 658.535 -1 -1 -1 -1000 -1000 -1000 -10 0.00287090
Car -1 -1 -10 911.854 537.051 1025.858 649.068 -1 -1 -1 -1000 -1000 -1000 -10 0.00253913
Car -1 -1 -10 415.620 1123.301 454.395 1200.000 -1 -1 -1 -1000 -1000 -1000 -10 0.00410519
Car -1 -1 -10 457.792 1122.419 496.629 1200.000 -1 -1 -1 -1000 -1000 -1000 -10 0.00246140
Car -1 -1 -10 427.904 1137.006 539.409 1200.000 -1 -1 -1 -1000 -1000 -1000 -10 0.00244715
Car -1 -1 -10 294.054 1085.461 625.477 1200.000 -1 -1 -1 -1000 -1000 -1000 -10 0.00723932
Car -1 -1 -10 340.749 1103.501 599.579 1200.000 -1 -1 -1 -1000 -1000 -1000 -10 0.00240044
Car -1 -1 -10 389.148 779.999 984.325 1190.679 -1 -1 -1 -1000 -1000 -1000 -10 0.00401350
Car -1 -1 -10 370.435 1137.846 481.380 1200.000 -1 -1 -1 -1000 -1000 -1000 -10 0.00444250
Car -1 -1 -10 238.724 1138.515 350.748 1200.000 -1 -1 -1 -1000 -1000 -1000 -10 0.00448259
Car -1 -1 -10 0.000 794.716 449.905 1199.631 -1 -1 -1 -1000 -1000 -1000 -10 0.00440210
Car -1 -1 -10 309.200 644.197 483.308 1193.672 -1 -1 -1 -1000 -1000 -1000 -10 0.00439893
Car -1 -1 -10 404.300 1123.519 443.024 1200.000 -1 -1 -1 -1000 -1000 -1000 -10 0.00224868
Car -1 -1 -10 397.351 1121.745 436.274 1200.000 -1 -1 -1 -1000 -1000 -1000 -10 0.00223199
Car -1 -1 -10 379.422 646.039 555.560 1194.248 -1 -1 -1 -1000 -1000 -1000 -10 0.00401845
Car -1 -1 -10 386.920 1093.085 553.567 1189.926 -1 -1 -1 -1000 -1000 -1000 -10 0.00219269
Car -1 -1 -10 1266.822 713.305 1918.667 1173.412 -1 -1 -1 -1000 -1000 -1000 -10 0.00389461
Car -1 -1 -10 441.918 1084.544 500.734 1200.000 -1 -1 -1 -1000 -1000 -1000 -10 0.00423172
Car -1 -1 -10 395.724 1085.094 453.877 1200.000 -1 -1 -1 -1000 -1000 -1000 -10 0.00601737
Car -1 -1 -10 207.011 781.479 823.647 1189.171 -1 -1 -1 -1000 -1000 -1000 -10 0.00211033
Car -1 -1 -10 3.880 485.588 449.882 1200.000 -1 -1 -1 -1000 -1000 -1000 -10 0.00381576
Car -1 -1 -10 389.325 1118.380 468.586 1200.000 -1 -1 -1 -1000 -1000 -1000 -10 0.00205515
Car -1 -1 -10 601.049 617.834 767.431 1191.247 -1 -1 -1 -1000 -1000 -1000 -10 0.00407110
Car -1 -1 -10 513.826 1059.958 909.863 1200.000 -1 -1 -1 -1000 -1000 -1000 -10 0.00202738
Car -1 -1 -10 47.672 332.671 387.869 1200.000 -1 -1 -1 -1000 -1000 -1000 -10 0.00373130
Car -1 -1 -10 417.979 1082.801 476.957 1200.000 -1 -1 -1 -1000 -1000 -1000 -10 0.00199936
Car -1 -1 -10 527.206 602.442 698.376 1187.371 -1 -1 -1 -1000 -1000 -1000 -10 0.00360660
Car -1 -1 -10 552.023 335.286 842.155 1199.292 -1 -1 -1 -1000 -1000 -1000 -10 0.00370187
Car -1 -1 -10 236.516 648.461 410.695 1196.900 -1 -1 -1 -1000 -1000 -1000 -10 0.00193678
Car -1 -1 -10 892.939 536.999 1011.340 650.520 -1 -1 -1 -1000 -1000 -1000 -10 0.00191315
Car -1 -1 -10 442.635 1118.714 523.278 1200.000 -1 -1 -1 -1000 -1000 -1000 -10 0.00189079
Car -1 -1 -10 201.070 1158.329 238.413 1200.000 -1 -1 -1 -1000 -1000 -1000 -10 0.00188028
Car -1 -1 -10 193.374 1106.758 452.130 1200.000 -1 -1 -1 -1000 -1000 -1000 -10 0.00543661
Car -1 -1 -10 962.513 560.653 1059.996 652.584 -1 -1 -1 -1000 -1000 -1000 -10 0.00183324
Car -1 -1 -10 1276.530 781.934 1857.274 1196.470 -1 -1 -1 -1000 -1000 -1000 -10 0.00182906
Car -1 -1 -10 452.396 1156.988 490.129 1200.000 -1 -1 -1 -1000 -1000 -1000 -10 0.00346452
Car -1 -1 -10 392.374 1156.987 429.923 1200.000 -1 -1 -1 -1000 -1000 -1000 -10 0.00177046
Car -1 -1 -10 14.177 678.286 253.400 1200.000 -1 -1 -1 -1000 -1000 -1000 -10 0.00176668
Car -1 -1 -10 464.077 1156.158 501.737 1200.000 -1 -1 -1 -1000 -1000 -1000 -10 0.00175490
Car -1 -1 -10 320.894 597.755 514.078 1182.732 -1 -1 -1 -1000 -1000 -1000 -10 0.00166468
Car -1 -1 -10 368.182 1157.555 405.315 1200.000 -1 -1 -1 -1000 -1000 -1000 -10 0.00165800
Car -1 -1 -10 360.387 1104.974 540.757 1200.000 -1 -1 -1 -1000 -1000 -1000 -10 0.00165715
Car -1 -1 -10 218.051 1021.998 725.416 1200.000 -1 -1 -1 -1000 -1000 -1000 -10 0.00163072
Car -1 -1 -10 348.990 591.661 542.552 1181.329 -1 -1 -1 -1000 -1000 -1000 -10 0.00161536
Car -1 -1 -10 174.595 567.748 329.501 1200.000 -1 -1 -1 -1000 -1000 -1000 -10 0.00161491
Car -1 -1 -10 505.039 575.265 589.879 642.883 -1 -1 -1 -1000 -1000 -1000 -10 0.00160336
Car -1 -1 -10 376.996 1087.372 434.539 1200.000 -1 -1 -1 -1000 -1000 -1000 -10 0.00158407
