Car -1 -1 -10 0.000 583.128 506.253 1192.989 -1 -1 -1 -1000 -1000 -1000 -10 0.00360189
Car -1 -1 -10 0.000 800.330 443.218 1198.839 -1 -1 -1 -1000 -1000 -1000 -10 0.00246968
Car -1 -1 -10 0.000 564.468 353.575 970.517 -1 -1 -1 -1000 -1000 -1000 -10 0.00372245
Car -1 -1 -10 18.268 627.860 250.232 1195.886 -1 -1 -1 -1000 -1000 -1000 -10 0.00320294
Car -1 -1 -10 0.000 0.005 294.296 368.018 -1 -1 -1 -1000 -1000 -1000 -10 0.00156056
Car -1 -1 -10 22.102 618.347 147.939 1199.475 -1 -1 -1 -1000 -1000 -1000 -10 0.00078126
Car -1 -1 -10 64.822 351.820 363.110 1200.000 -1 -1 -1 -1000 -1000 -1000 -10 0.00152299
Car -1 -1 -10 1480.948 801.849 1920.000 1199.782 -1 -1 -1 -1000 -1000 -1000 -10 0.00138188
Car -1 -1 -10 157.384 649.698 346.065 1191.400 -1 -1 -1 -1000 -1000 -1000 -10 0.00073208
Car -1 -1 -10 3.982 726.874 312.679 1200.000 -1 -1 -1 -1000 -1000 -1000 -10 0.00073166
Car -1 -1 -10 0.000 0.000 288.531 209.608 -1 -1 -1 -1000 -1000 -1000 -10 0.00072642
Car -1 -1 -10 0.000 803.333 332.065 1136.151 -1 -1 -1 -1000 -1000 -1000 -10 0.00072413
Car -1 -1 -10 149.574 573.918 303.611 1199.587 -1 -1 -1 -1000 -1000 -1000 -10 0.00071652
Car -1 -1 -10 76.804 575.517 234.085 1199.109 -1 -1 -1 -1000 -1000 -1000 -10 0.00071472
Car -1 -1 -10 0.000 872.926 199.022 1097.890 -1 -1 -1 -1000 -1000 -1000 -10 0.00136254
Car -1 -1 -10 0.000 849.384 387.858 1098.309 -1 -1 -1 -1000 -1000 -1000 -10 0.00069657
Car -1 -1 -10 1291.455 1157.941 1329.582 1200.000 -1 -1 -1 -1000 -1000 -1000 -10 0.00069054
Car -1 -1 -10 0.000 0.000 401.266 679.524 -1 -1 -1 -1000 -1000 -1000 -10 0.00068935
Car -1 -1 -10 113.617 294.934 254.404 1061.873 -1 -1 -1 -1000 -1000 -1000 -10 0.00068477
Car -1 -1 -10 1633.059 561.368 1706.669 627.945 -1 -1 -1 -1000 -1000 -1000 -10 0.00066992
Car -1 -1 -10 0.000 0.000 436.554 329.246 -1 -1 -1 -1000 -1000 -1000 -10 0.00066905
Car -1 -1 -10 16.428 924.107 520.707 1200.000 -1 -1 -1 -1000 -1000 -1000 -10 0.00066193
Car -1 -1 -10 21.931 538.770 668.168 1200.000 -1 -1 -1 -1000 -1000 -1000 -10 0.00061996
