Car -1 -1 -10 0.000 553.068 548.541 1196.886 -1 -1 -1 -1000 -1000 -1000 -10 0.00303559
Car -1 -1 -10 0.000 491.869 880.299 1188.003 -1 -1 -1 -1000 -1000 -1000 -10 0.00596980
Car -1 -1 -10 36.171 153.486 1164.851 1200.000 -1 -1 -1 -1000 -1000 -1000 -10 0.00240456
Car -1 -1 -10 0.000 649.450 444.363 1200.000 -1 -1 -1 -1000 -1000 -1000 -10 0.00189500
Car -1 -1 -10 0.000 783.344 350.657 1200.000 -1 -1 -1 -1000 -1000 -1000 -10 0.00151672
Car -1 -1 -10 0.000 814.902 463.167 1200.000 -1 -1 -1 -1000 -1000 -1000 -10 0.00286364
Car -1 -1 -10 1429.136 668.295 1726.539 830.549 -1 -1 -1 -1000 -1000 -1000 -10 0.00201226
Car -1 -1 -10 1369.156 651.422 1915.040 992.178 -1 -1 -1 -1000 -1000 -1000 -10 0.00222629
Car -1 -1 -10 152.527 477.669 631.707 781.400 -1 -1 -1 -1000 -1000 -1000 -10 0.00170144
Car -1 -1 -10 359.793 441.217 400.006 783.012 -1 -1 -1 -1000 -1000 -1000 -10 0.00107902
Car -1 -1 -10 250.039 417.535 491.434 851.716 -1 -1 -1 -1000 -1000 -1000 -10 0.00104776
Car -1 -1 -10 0.000 844.818 293.251 1200.000 -1 -1 -1 -1000 -1000 -1000 -10 0.00104696
Car -1 -1 -10 0.000 974.414 279.122 1200.000 -1 -1 -1 -1000 -1000 -1000 -10 0.00189681
Car -1 -1 -10 1546.813 763.405 1709.632 862.082 -1 -1 -1 -1000 -1000 -1000 -10 0.00169439
Car -1 -1 -10 2.467 449.238 579.636 869.823 -1 -1 -1 -1000 -1000 -1000 -10 0.00164414
Car -1 -1 -10 1470.358 295.202 1918.430 646.080 -1 -1 -1 -1000 -1000 -1000 -10 0.00089550
Car -1 -1 -10 1830.436 1110.639 1920.000 1200.000 -1 -1 -1 -1000 -1000 -1000 -10 0.00154806
Car -1 -1 -10 297.860 290.526 450.603 1082.246 -1 -1 -1 -1000 -1000 -1000 -10 0.00086526
Car -1 -1 -10 1253.741 557.111 1920.000 974.693 -1 -1 -1 -1000 -1000 -1000 -10 0.00085380
Car -1 -1 -10 0.000 1166.356 25.649 1200.000 -1 -1 -1 -1000 -1000 -1000 -10 0.00085371
Car -1 -1 -10 0.000 583.106 279.626 1116.814 -1 -1 -1 -1000 -1000 -1000 -10 0.00084763
Car -1 -1 -10 1579.165 578.567 1920.000 1200.000 -1 -1 -1 -1000 -1000 -1000 -10 0.00216307
Car -1 -1 -10 439.397 1156.601 479.533 1200.000 -1 -1 -1 -1000 -1000 -1000 -10 0.00083106
Car -1 -1 -10 0.000 622.114 594.187 1084.567 -1 -1 -1 -1000 -1000 -1000 -10 0.00081492
Car -1 -1 -10 0.000 911.059 129.389 1017.258 -1 -1 -1 -1000 -1000 -1000 -10 0.00080755
Car -1 -1 -10 0.000 403.527 507.196 1020.730 -1 -1 -1 -1000 -1000 -1000 -10 0.00142047
Car -1 -1 -10 1281.892 653.361 1765.590 918.912 -1 -1 -1 -1000 -1000 -1000 -10 0.00080156
Car -1 -1 -10 321.065 347.066 408.816 913.124 -1 -1 -1 -1000 -1000 -1000 -10 0.00078949
Car -1 -1 -10 287.200 565.226 440.738 663.746 -1 -1 -1 -1000 -1000 -1000 -10 0.00077616
Car -1 -1 -10 1532.635 679.785 1843.013 842.216 -1 -1 -1 -1000 -1000 -1000 -10 0.00150175
Car -1 -1 -10 1666.799 1007.139 1920.000 1200.000 -1 -1 -1 -1000 -1000 -1000 -10 0.00150469
Car -1 -1 -10 406.011 631.117 578.606 1189.346 -1 -1 -1 -1000 -1000 -1000 -10 0.00076476
Car -1 -1 -10 1599.439 922.371 1914.553 1200.000 -1 -1 -1 -1000 -1000 -1000 -10 0.00150422
Car -1 -1 -10 66.948 90.660 371.771 1194.521 -1 -1 -1 -1000 -1000 -1000 -10 0.00209003
Car -1 -1 -10 381.228 641.220 554.377 1191.841 -1 -1 -1 -1000 -1000 -1000 -10 0.00072286
Car -1 -1 -10 337.615 439.376 375.766 794.956 -1 -1 -1 -1000 -1000 -1000 -10 0.00072216
Car -1 -1 -10 0.000 1061.946 195.936 1200.000 -1 -1 -1 -1000 -1000 -1000 -10 0.00138755
Car -1 -1 -10 0.000 919.573 227.477 1200.000 -1 -1 -1 -1000 -1000 -1000 -10 0.00071564
Car -1 -1 -10 1722.278 1060.339 1920.000 1200.000 -1 -1 -1 -1000 -1000 -1000 -10 0.00067647
Car -1 -1 -10 0.000 413.698 462.457 743.531 -1 -1 -1 -1000 -1000 -1000 -10 0.00067332
Car -1 -1 -10 0.000 1112.110 122.510 1200.000 -1 -1 -1 -1000 -1000 -1000 -10 0.00066115
Car -1 -1 -10 282.050 114.446 582.207 1173.494 -1 -1 -1 -1000 -1000 -1000 -10 0.00059781
