Car -1 -1 -10 244.336 581.483 404.303 685.877 -1 -1 -1 -1000 -1000 -1000 -10 0.99994457
Car -1 -1 -10 384.679 585.327 513.131 676.490 -1 -1 -1 -1000 -1000 -1000 -10 0.93907234
Car -1 -1 -10 995.148 598.157 1042.654 640.618 -1 -1 -1 -1000 -1000 -1000 -10 0.01246672
Car -1 -1 -10 10.486 970.960 423.721 1200.000 -1 -1 -1 -1000 -1000 -1000 -10 0.01778188
Car -1 -1 -10 0.000 764.101 442.672 1200.000 -1 -1 -1 -1000 -1000 -1000 -10 0.02114185
Car -1 -1 -10 2.336 0.000 357.994 210.839 -1 -1 -1 -1000 -1000 -1000 -10 0.01130656
Car -1 -1 -10 0.000 0.756 322.530 154.752 -1 -1 -1 -1000 -1000 -1000 -10 0.00402821
Car -1 -1 -10 19.963 390.094 307.261 1200.000 -1 -1 -1 -1000 -1000 -1000 -10 0.00705031
Car -1 -1 -10 0.000 1003.714 340.518 1193.894 -1 -1 -1 -1000 -1000 -1000 -10 0.00364599
Car -1 -1 -10 24.915 20.387 285.737 473.563 -1 -1 -1 -1000 -1000 -1000 -10 0.00643856
Car -1 -1 -10 523.404 813.751 1184.734 1184.270 -1 -1 -1 -1000 -1000 -1000 -10 0.00320972
Car -1 -1 -10 431.172 593.496 582.978 679.833 -1 -1 -1 -1000 -1000 -1000 -10 0.00565266
Car -1 -1 -10 30.364 797.224 232.062 1198.728 -1 -1 -1 -1000 -1000 -1000 -10 0.01147492
Car -1 -1 -10 602.750 495.203 1868.211 1181.737 -1 -1 -1 -1000 -1000 -1000 -10 0.00793849
