Car -1 -1 -10 1073.166 483.611 1440.804 809.433 -1 -1 -1 -1000 -1000 -1000 -10 0.99992114
Car -1 -1 -10 644.962 612.524 786.591 702.632 -1 -1 -1 -1000 -1000 -1000 -10 0.98076108
Car -1 -1 -10 1406.703 566.988 1580.117 656.756 -1 -1 -1 -1000 -1000 -1000 -10 0.03133719
Car -1 -1 -10 24.910 599.202 280.074 716.625 -1 -1 -1 -1000 -1000 -1000 -10 0.02549655
Car -1 -1 -10 1061.045 497.597 1283.443 736.696 -1 -1 -1 -1000 -1000 -1000 -10 0.02655433
Car -1 -1 -10 0.000 594.470 320.032 722.241 -1 -1 -1 -1000 -1000 -1000 -10 0.00745242
Car -1 -1 -10 1383.010 566.497 1551.325 652.657 -1 -1 -1 -1000 -1000 -1000 -10 0.01214229
Car -1 -1 -10 0.000 569.874 602.362 948.711 -1 -1 -1 -1000 -1000 -1000 -10 0.00406157
Car -1 -1 -10 42.078 615.871 223.406 706.017 -1 -1 -1 -1000 -1000 -1000 -10 0.00369915
Car -1 -1 -10 0.000 576.124 367.389 768.887 -1 -1 -1 -1000 -1000 -1000 -10 0.00335567
Car -1 -1 -10 108.358 618.462 292.776 702.956 -1 -1 -1 -1000 -1000 -1000 -10 0.00286456
