Car -1 -1 -10 316.447 20.908 1917.529 1159.698 -1 -1 -1 -1000 -1000 -1000 -10 0.07373972
Car -1 -1 -10 1180.433 29.058 1920.000 1127.865 -1 -1 -1 -1000 -1000 -1000 -10 0.01877360
Car -1 -1 -10 974.850 95.659 1920.000 949.996 -1 -1 -1 -1000 -1000 -1000 -10 0.01413492
Car -1 -1 -10 1153.133 239.121 1789.393 644.268 -1 -1 -1 -1000 -1000 -1000 -10 0.00984746
Car -1 -1 -10 1118.172 227.585 1920.000 812.266 -1 -1 -1 -1000 -1000 -1000 -10 0.00553823
Car -1 -1 -10 1391.275 26.993 1915.183 1046.291 -1 -1 -1 -1000 -1000 -1000 -10 0.00972142
Car -1 -1 -10 1320.018 157.857 1632.912 728.978 -1 -1 -1 -1000 -1000 -1000 -10 0.00508828
Car -1 -1 -10 1225.920 308.313 1918.846 767.894 -1 -1 -1 -1000 -1000 -1000 -10 0.00832643
Car -1 -1 -10 1029.645 353.375 1694.794 720.739 -1 -1 -1 -1000 -1000 -1000 -10 0.00770653
Car -1 -1 -10 1268.936 142.578 1920.000 561.104 -1 -1 -1 -1000 -1000 -1000 -10 0.00402525
Car -1 -1 -10 16.498 93.623 1398.129 1171.564 -1 -1 -1 -1000 -1000 -1000 -10 0.00690063
Car -1 -1 -10 939.300 310.088 1920.000 1111.445 -1 -1 -1 -1000 -1000 -1000 -10 0.00390854
Car -1 -1 -10 137.161 326.563 667.886 635.884 -1 -1 -1 -1000 -1000 -1000 -10 0.00379868
Car -1 -1 -10 260.810 469.575 817.892 785.262 -1 -1 -1 -1000 -1000 -1000 -10 0.00353110
Car -1 -1 -10 1411.002 242.083 1920.000 607.136 -1 -1 -1 -1000 -1000 -1000 -10 0.00342943
Car -1 -1 -10 1212.705 298.363 1664.455 560.858 -1 -1 -1 -1000 -1000 -1000 -10 0.00604245
Car -1 -1 -10 290.719 91.858 492.552 817.095 -1 -1 -1 -1000 -1000 -1000 -10 0.00332347
Car -1 -1 -10 1296.697 254.075 1693.350 499.319 -1 -1 -1 -1000 -1000 -1000 -10 0.00327550
Car -1 -1 -10 1362.894 231.715 1826.203 520.700 -1 -1 -1 -1000 -1000 -1000 -10 0.00302965
Car -1 -1 -10 1330.004 546.218 1920.000 949.333 -1 -1 -1 -1000 -1000 -1000 -10 0.00591289
Car -1 -1 -10 783.390 451.464 1920.000 1200.000 -1 -1 -1 -1000 -1000 -1000 -10 0.00293124
Car -1 -1 -10 968.447 400.207 1795.353 894.229 -1 -1 -1 -1000 -1000 -1000 -10 0.00291429
Car -1 -1 -10 1350.308 197.875 1608.591 670.238 -1 -1 -1 -1000 -1000 -1000 -10 0.00288228
Car -1 -1 -10 1481.348 206.434 1910.653 640.805 -1 -1 -1 -1000 -1000 -1000 -10 0.00279159
Car -1 -1 -10 0.000 342.935 678.719 775.792 -1 -1 -1 -1000 -1000 -1000 -10 0.00275246
Car -1 -1 -10 1387.132 83.590 1914.244 626.341 -1 -1 -1 -1000 -1000 -1000 -10 0.00258072
Car -1 -1 -10 750.870 304.267 1677.784 1103.109 -1 -1 -1 -1000 -1000 -1000 -10 0.00245094
