Car -1 -1 -10 5.142 604.455 205.515 803.274 -1 -1 -1 -1000 -1000 -1000 -10 0.99496640
Car -1 -1 -10 798.473 606.943 847.095 655.517 -1 -1 -1 -1000 -1000 -1000 -10 0.89656122
Car -1 -1 -10 616.083 614.396 679.067 670.781 -1 -1 -1 -1000 -1000 -1000 -10 0.51853282
Car -1 -1 -10 380.625 616.551 458.075 687.619 -1 -1 -1 -1000 -1000 -1000 -10 0.06173199
Car -1 -1 -10 18.507 640.853 613.155 1180.408 -1 -1 -1 -1000 -1000 -1000 -10 0.00815208
Car -1 -1 -10 0.000 658.459 419.598 1193.374 -1 -1 -1 -1000 -1000 -1000 -10 0.00989549
Car -1 -1 -10 0.000 552.706 525.407 1200.000 -1 -1 -1 -1000 -1000 -1000 -10 0.00608672
Car -1 -1 -10 7.785 986.590 467.446 1200.000 -1 -1 -1 -1000 -1000 -1000 -10 0.00447473
Car -1 -1 -10 0.000 992.521 309.210 1196.523 -1 -1 -1 -1000 -1000 -1000 -10 0.00692408
Car -1 -1 -10 333.246 615.743 475.392 704.006 -1 -1 -1 -1000 -1000 -1000 -10 0.00308113
Car -1 -1 -10 0.000 585.108 251.866 916.005 -1 -1 -1 -1000 -1000 -1000 -10 0.00286031
Car -1 -1 -10 1.288 926.653 235.714 1200.000 -1 -1 -1 -1000 -1000 -1000 -10 0.00256135
Car -1 -1 -10 0.000 647.391 115.398 809.239 -1 -1 -1 -1000 -1000 -1000 -10 0.00247896
