Car -1 -1 -10 677.373 592.730 773.696 680.325 -1 -1 -1 -1000 -1000 -1000 -10 0.99964413
Car -1 -1 -10 886.263 583.495 1060.838 719.687 -1 -1 -1 -1000 -1000 -1000 -10 0.99362886
Car -1 -1 -10 1003.124 575.955 1115.174 671.029 -1 -1 -1 -1000 -1000 -1000 -10 0.47323896
Car -1 -1 -10 853.236 597.556 903.523 645.396 -1 -1 -1 -1000 -1000 -1000 -10 0.09961294
Car -1 -1 -10 961.461 566.349 1114.596 671.168 -1 -1 -1 -1000 -1000 -1000 -10 0.01420772
Car -1 -1 -10 875.924 594.312 920.934 643.423 -1 -1 -1 -1000 -1000 -1000 -10 0.01419650
Car -1 -1 -10 0.000 591.463 510.377 1200.000 -1 -1 -1 -1000 -1000 -1000 -10 0.00662778
Car -1 -1 -10 43.468 777.909 679.788 1195.706 -1 -1 -1 -1000 -1000 -1000 -10 0.00647503
Car -1 -1 -10 677.225 594.834 725.022 670.388 -1 -1 -1 -1000 -1000 -1000 -10 0.00253178
Car -1 -1 -10 845.310 595.240 893.939 646.933 -1 -1 -1 -1000 -1000 -1000 -10 0.00420881
Car -1 -1 -10 0.000 791.971 455.952 1200.000 -1 -1 -1 -1000 -1000 -1000 -10 0.00225635
Car -1 -1 -10 0.000 558.315 361.816 1200.000 -1 -1 -1 -1000 -1000 -1000 -10 0.00223332
Car -1 -1 -10 213.246 648.098 388.068 1188.952 -1 -1 -1 -1000 -1000 -1000 -10 0.00203152
Car -1 -1 -10 870.684 597.152 941.623 664.277 -1 -1 -1 -1000 -1000 -1000 -10 0.00339362
Car -1 -1 -10 330.445 649.266 508.608 1190.980 -1 -1 -1 -1000 -1000 -1000 -10 0.00185081
Car -1 -1 -10 4.261 813.316 292.713 1200.000 -1 -1 -1 -1000 -1000 -1000 -10 0.00180859
Car -1 -1 -10 40.531 648.951 219.094 1196.040 -1 -1 -1 -1000 -1000 -1000 -10 0.00179386
Car -1 -1 -10 868.792 591.089 978.704 694.393 -1 -1 -1 -1000 -1000 -1000 -10 0.00178635
Car -1 -1 -10 200.896 1061.214 603.531 1200.000 -1 -1 -1 -1000 -1000 -1000 -10 0.00328319
Car -1 -1 -10 113.575 1065.301 520.091 1200.000 -1 -1 -1 -1000 -1000 -1000 -10 0.00314957
Car -1 -1 -10 24.457 713.471 239.490 1200.000 -1 -1 -1 -1000 -1000 -1000 -10 0.00164645
Car -1 -1 -10 17.139 384.650 306.954 1200.000 -1 -1 -1 -1000 -1000 -1000 -10 0.00162090
Car -1 -1 -10 260.277 654.999 435.625 1190.055 -1 -1 -1 -1000 -1000 -1000 -10 0.00157776
Car -1 -1 -10 236.434 744.425 362.933 1200.000 -1 -1 -1 -1000 -1000 -1000 -10 0.00149891
Car -1 -1 -10 278.586 1105.435 533.925 1200.000 -1 -1 -1 -1000 -1000 -1000 -10 0.00146156
Car -1 -1 -10 578.551 1100.630 827.636 1200.000 -1 -1 -1 -1000 -1000 -1000 -10 0.00146064
Car -1 -1 -10 190.877 796.974 554.345 1198.213 -1 -1 -1 -1000 -1000 -1000 -10 0.00143983
Car -1 -1 -10 44.034 557.365 628.462 1184.566 -1 -1 -1 -1000 -1000 -1000 -10 0.00139828
Car -1 -1 -10 880.726 577.207 988.497 685.731 -1 -1 -1 -1000 -1000 -1000 -10 0.00137163
Car -1 -1 -10 787.559 595.866 841.059 649.648 -1 -1 -1 -1000 -1000 -1000 -10 0.00137077
Car -1 -1 -10 1044.981 547.234 1084.144 698.932 -1 -1 -1 -1000 -1000 -1000 -10 0.00132258
