Car -1 -1 -10 359.585 609.221 467.918 684.726 -1 -1 -1 -1000 -1000 -1000 -10 0.96881576
Car -1 -1 -10 678.748 596.246 780.090 677.197 -1 -1 -1 -1000 -1000 -1000 -10 0.66035356
Car -1 -1 -10 610.217 609.322 669.794 659.647 -1 -1 -1 -1000 -1000 -1000 -10 0.01650757
Car -1 -1 -10 0.000 603.760 506.247 1193.751 -1 -1 -1 -1000 -1000 -1000 -10 0.00286087
Car -1 -1 -10 0.000 791.804 462.822 1197.757 -1 -1 -1 -1000 -1000 -1000 -10 0.00694564
Car -1 -1 -10 677.653 612.217 737.563 676.180 -1 -1 -1 -1000 -1000 -1000 -10 0.00385773
Car -1 -1 -10 1415.164 459.005 1920.000 789.820 -1 -1 -1 -1000 -1000 -1000 -10 0.00337492
Car -1 -1 -10 300.713 1045.232 715.082 1200.000 -1 -1 -1 -1000 -1000 -1000 -10 0.00343722
Car -1 -1 -10 33.592 623.865 217.338 1190.709 -1 -1 -1 -1000 -1000 -1000 -10 0.00471789
Car -1 -1 -10 345.131 1085.651 404.401 1200.000 -1 -1 -1 -1000 -1000 -1000 -10 0.00297834
Car -1 -1 -10 0.000 591.685 743.607 1198.726 -1 -1 -1 -1000 -1000 -1000 -10 0.00319329
Car -1 -1 -10 17.682 1103.545 227.711 1200.000 -1 -1 -1 -1000 -1000 -1000 -10 0.00312236
Car -1 -1 -10 45.754 799.428 691.915 1187.609 -1 -1 -1 -1000 -1000 -1000 -10 0.00174029
Car -1 -1 -10 140.780 1063.351 541.436 1200.000 -1 -1 -1 -1000 -1000 -1000 -10 0.00306915
Car -1 -1 -10 267.969 627.586 450.642 1193.529 -1 -1 -1 -1000 -1000 -1000 -10 0.00557906
Car -1 -1 -10 580.763 600.434 727.294 674.014 -1 -1 -1 -1000 -1000 -1000 -10 0.00153696
Car -1 -1 -10 396.765 1085.925 455.515 1200.000 -1 -1 -1 -1000 -1000 -1000 -10 0.00262770
Car -1 -1 -10 401.018 657.551 585.350 1189.194 -1 -1 -1 -1000 -1000 -1000 -10 0.00138960
Car -1 -1 -10 1.225 1025.580 264.498 1200.000 -1 -1 -1 -1000 -1000 -1000 -10 0.00138249
Car -1 -1 -10 392.070 1099.929 643.095 1200.000 -1 -1 -1 -1000 -1000 -1000 -10 0.00136968
Car -1 -1 -10 583.996 1157.638 621.484 1200.000 -1 -1 -1 -1000 -1000 -1000 -10 0.00135745
Car -1 -1 -10 282.424 1093.154 444.869 1190.149 -1 -1 -1 -1000 -1000 -1000 -10 0.00269512
Car -1 -1 -10 656.094 1157.850 693.378 1200.000 -1 -1 -1 -1000 -1000 -1000 -10 0.00134521
Car -1 -1 -10 371.819 884.979 657.509 1200.000 -1 -1 -1 -1000 -1000 -1000 -10 0.00131875
Car -1 -1 -10 0.237 892.100 240.590 1200.000 -1 -1 -1 -1000 -1000 -1000 -10 0.00131696
Car -1 -1 -10 61.674 314.700 374.057 1198.842 -1 -1 -1 -1000 -1000 -1000 -10 0.00234393
Car -1 -1 -10 537.819 1138.611 647.501 1200.000 -1 -1 -1 -1000 -1000 -1000 -10 0.00130095
Car -1 -1 -10 381.898 1083.583 697.507 1200.000 -1 -1 -1 -1000 -1000 -1000 -10 0.00127081
Car -1 -1 -10 225.332 1062.216 620.933 1200.000 -1 -1 -1 -1000 -1000 -1000 -10 0.00126372
Car -1 -1 -10 14.670 369.518 307.949 1200.000 -1 -1 -1 -1000 -1000 -1000 -10 0.00122073
Car -1 -1 -10 0.000 1044.976 324.778 1200.000 -1 -1 -1 -1000 -1000 -1000 -10 0.00119859
Car -1 -1 -10 592.135 619.154 626.792 666.466 -1 -1 -1 -1000 -1000 -1000 -10 0.00118560
Car -1 -1 -10 103.881 595.227 256.002 1200.000 -1 -1 -1 -1000 -1000 -1000 -10 0.00118178
Car -1 -1 -10 346.552 655.713 538.758 1192.858 -1 -1 -1 -1000 -1000 -1000 -10 0.00118118
Car -1 -1 -10 747.120 1157.785 785.243 1200.000 -1 -1 -1 -1000 -1000 -1000 -10 0.00115882
Car -1 -1 -10 181.413 667.761 369.611 1198.893 -1 -1 -1 -1000 -1000 -1000 -10 0.00115643
Car -1 -1 -10 0.000 938.618 323.150 1200.000 -1 -1 -1 -1000 -1000 -1000 -10 0.00112832
Car -1 -1 -10 403.891 1124.613 442.651 1200.000 -1 -1 -1 -1000 -1000 -1000 -10 0.00109274
Car -1 -1 -10 67.203 593.143 196.209 1200.000 -1 -1 -1 -1000 -1000 -1000 -10 0.00107395
Car -1 -1 -10 214.911 731.298 579.514 1192.647 -1 -1 -1 -1000 -1000 -1000 -10 0.00105889
