Car -1 -1 -10 321.783 572.431 381.880 620.219 -1 -1 -1 -1000 -1000 -1000 -10 0.63571734
Car -1 -1 -10 706.217 559.212 1894.699 1193.766 -1 -1 -1 -1000 -1000 -1000 -10 0.09326247
Car -1 -1 -10 10.342 546.194 1102.077 1187.341 -1 -1 -1 -1000 -1000 -1000 -10 0.03446889
Car -1 -1 -10 1075.326 751.622 1920.000 1182.696 -1 -1 -1 -1000 -1000 -1000 -10 0.00741035
Car -1 -1 -10 649.643 559.903 688.681 601.948 -1 -1 -1 -1000 -1000 -1000 -10 0.00413870
Car -1 -1 -10 51.791 773.294 692.693 1187.550 -1 -1 -1 -1000 -1000 -1000 -10 0.00958567
Car -1 -1 -10 0.762 741.059 600.338 1182.803 -1 -1 -1 -1000 -1000 -1000 -10 0.00301307
Car -1 -1 -10 0.000 738.668 408.554 1188.022 -1 -1 -1 -1000 -1000 -1000 -10 0.00251554
Car -1 -1 -10 956.320 1081.089 1277.023 1200.000 -1 -1 -1 -1000 -1000 -1000 -10 0.00482147
Car -1 -1 -10 208.263 659.828 798.477 1200.000 -1 -1 -1 -1000 -1000 -1000 -10 0.00237645
Car -1 -1 -10 12.518 535.650 521.942 1200.000 -1 -1 -1 -1000 -1000 -1000 -10 0.00429721
Car -1 -1 -10 886.943 774.417 1564.831 1200.000 -1 -1 -1 -1000 -1000 -1000 -10 0.00423387
Car -1 -1 -10 1053.942 1090.209 1225.845 1190.362 -1 -1 -1 -1000 -1000 -1000 -10 0.00432221
Car -1 -1 -10 909.831 654.464 1442.465 1200.000 -1 -1 -1 -1000 -1000 -1000 -10 0.00205244
Car -1 -1 -10 816.256 936.748 1441.612 1200.000 -1 -1 -1 -1000 -1000 -1000 -10 0.00201021
Car -1 -1 -10 898.865 823.853 1239.185 1194.683 -1 -1 -1 -1000 -1000 -1000 -10 0.00198115
Car -1 -1 -10 211.733 732.554 478.902 1197.563 -1 -1 -1 -1000 -1000 -1000 -10 0.00196332
Car -1 -1 -10 155.586 632.555 346.234 1200.000 -1 -1 -1 -1000 -1000 -1000 -10 0.00187056
Car -1 -1 -10 971.506 886.095 1258.561 1200.000 -1 -1 -1 -1000 -1000 -1000 -10 0.00187008
Car -1 -1 -10 374.578 241.570 680.756 1199.625 -1 -1 -1 -1000 -1000 -1000 -10 0.00356390
Car -1 -1 -10 173.666 553.612 327.618 1200.000 -1 -1 -1 -1000 -1000 -1000 -10 0.00182479
Car -1 -1 -10 90.918 771.493 425.295 1099.199 -1 -1 -1 -1000 -1000 -1000 -10 0.00175045
Car -1 -1 -10 107.217 401.824 422.204 1200.000 -1 -1 -1 -1000 -1000 -1000 -10 0.00172215
Car -1 -1 -10 817.281 1005.126 1302.571 1200.000 -1 -1 -1 -1000 -1000 -1000 -10 0.00169977
Car -1 -1 -10 948.098 779.968 1138.154 1197.806 -1 -1 -1 -1000 -1000 -1000 -10 0.00153793
