Car -1 -1 -10 0.000 593.746 573.638 1199.410 -1 -1 -1 -1000 -1000 -1000 -10 0.04371259
Car -1 -1 -10 372.840 143.226 1917.048 1200.000 -1 -1 -1 -1000 -1000 -1000 -10 0.02635144
Car -1 -1 -10 957.260 467.715 1920.000 1199.245 -1 -1 -1 -1000 -1000 -1000 -10 0.03324802
Car -1 -1 -10 1397.521 375.395 1920.000 1198.143 -1 -1 -1 -1000 -1000 -1000 -10 0.01469083
Car -1 -1 -10 0.000 501.822 881.853 1186.488 -1 -1 -1 -1000 -1000 -1000 -10 0.01314064
Car -1 -1 -10 1608.252 592.505 1917.935 1200.000 -1 -1 -1 -1000 -1000 -1000 -10 0.00666338
Car -1 -1 -10 1407.598 570.668 1920.000 1200.000 -1 -1 -1 -1000 -1000 -1000 -10 0.00659056
Car -1 -1 -10 1266.056 535.600 1906.877 960.298 -1 -1 -1 -1000 -1000 -1000 -10 0.00599406
Car -1 -1 -10 1593.047 651.525 1920.000 1002.225 -1 -1 -1 -1000 -1000 -1000 -10 0.00491840
Car -1 -1 -10 1381.012 508.402 1903.884 844.330 -1 -1 -1 -1000 -1000 -1000 -10 0.00483312
Car -1 -1 -10 1490.559 654.469 1920.000 1200.000 -1 -1 -1 -1000 -1000 -1000 -10 0.00467149
Car -1 -1 -10 1449.685 790.898 1920.000 1200.000 -1 -1 -1 -1000 -1000 -1000 -10 0.00456838
Car -1 -1 -10 1303.968 326.264 1902.435 983.013 -1 -1 -1 -1000 -1000 -1000 -10 0.00438808
Car -1 -1 -10 1499.173 450.593 1920.000 883.971 -1 -1 -1 -1000 -1000 -1000 -10 0.00436865
Car -1 -1 -10 1421.226 282.305 1920.000 660.003 -1 -1 -1 -1000 -1000 -1000 -10 0.00432731
Car -1 -1 -10 1504.357 153.683 1906.401 948.031 -1 -1 -1 -1000 -1000 -1000 -10 0.00421837
Car -1 -1 -10 1327.120 335.688 1913.031 763.839 -1 -1 -1 -1000 -1000 -1000 -10 0.00400025
