Car -1 -1 -10 1138.971 572.580 1239.504 646.551 -1 -1 -1 -1000 -1000 -1000 -10 0.18557575
Car -1 -1 -10 1701.658 492.930 1916.096 639.515 -1 -1 -1 -1000 -1000 -1000 -10 0.02323746
Car -1 -1 -10 956.968 787.390 1633.906 1200.000 -1 -1 -1 -1000 -1000 -1000 -10 0.01005428
Car -1 -1 -10 1612.773 477.663 1920.000 880.290 -1 -1 -1 -1000 -1000 -1000 -10 0.00660367
Car -1 -1 -10 793.269 517.011 1920.000 1200.000 -1 -1 -1 -1000 -1000 -1000 -10 0.00509658
Car -1 -1 -10 1395.297 552.141 1920.000 1193.557 -1 -1 -1 -1000 -1000 -1000 -10 0.00653488
Car -1 -1 -10 1506.044 473.773 1920.000 1039.844 -1 -1 -1 -1000 -1000 -1000 -10 0.00227832
Car -1 -1 -10 1160.986 822.151 1503.722 1193.091 -1 -1 -1 -1000 -1000 -1000 -10 0.00447627
Car -1 -1 -10 1131.023 1081.470 1190.842 1200.000 -1 -1 -1 -1000 -1000 -1000 -10 0.00219371
Car -1 -1 -10 1219.975 1036.928 1664.492 1200.000 -1 -1 -1 -1000 -1000 -1000 -10 0.00217979
Car -1 -1 -10 1187.830 879.134 1476.022 1200.000 -1 -1 -1 -1000 -1000 -1000 -10 0.00426821
Car -1 -1 -10 1149.095 1032.545 1580.708 1200.000 -1 -1 -1 -1000 -1000 -1000 -10 0.00208666
Car -1 -1 -10 1188.077 1082.446 1502.931 1200.000 -1 -1 -1 -1000 -1000 -1000 -10 0.00613391
Car -1 -1 -10 1603.015 461.214 1920.000 689.082 -1 -1 -1 -1000 -1000 -1000 -10 0.00200797
Car -1 -1 -10 1300.205 1101.829 1470.070 1200.000 -1 -1 -1 -1000 -1000 -1000 -10 0.00196433
Car -1 -1 -10 1280.736 820.260 1624.358 1193.696 -1 -1 -1 -1000 -1000 -1000 -10 0.00194895
Car -1 -1 -10 1371.539 1101.161 1620.913 1200.000 -1 -1 -1 -1000 -1000 -1000 -10 0.00373462
Car -1 -1 -10 1072.351 988.083 1615.802 1200.000 -1 -1 -1 -1000 -1000 -1000 -10 0.00379009
Car -1 -1 -10 1216.960 1102.411 1387.453 1200.000 -1 -1 -1 -1000 -1000 -1000 -10 0.00347235
Car -1 -1 -10 1027.923 1051.609 1432.188 1200.000 -1 -1 -1 -1000 -1000 -1000 -10 0.00483576
Car -1 -1 -10 1289.886 1057.504 1690.408 1200.000 -1 -1 -1 -1000 -1000 -1000 -10 0.00183550
Car -1 -1 -10 1328.719 881.134 1619.559 1200.000 -1 -1 -1 -1000 -1000 -1000 -10 0.00182416
Car -1 -1 -10 1451.515 799.971 1920.000 1200.000 -1 -1 -1 -1000 -1000 -1000 -10 0.00178315
Car -1 -1 -10 1309.886 1075.701 1438.342 1200.000 -1 -1 -1 -1000 -1000 -1000 -10 0.00178187
Car -1 -1 -10 1260.764 1075.417 1390.941 1200.000 -1 -1 -1 -1000 -1000 -1000 -10 0.00177789
Car -1 -1 -10 795.560 790.361 1381.274 1195.973 -1 -1 -1 -1000 -1000 -1000 -10 0.00176640
Car -1 -1 -10 1253.074 1100.718 1500.965 1200.000 -1 -1 -1 -1000 -1000 -1000 -10 0.00175367
Car -1 -1 -10 1325.068 1102.081 1496.346 1200.000 -1 -1 -1 -1000 -1000 -1000 -10 0.00166289
Car -1 -1 -10 1328.721 1080.080 1389.362 1200.000 -1 -1 -1 -1000 -1000 -1000 -10 0.00152925
Car -1 -1 -10 1244.460 807.174 1853.433 1196.304 -1 -1 -1 -1000 -1000 -1000 -10 0.00151424
Car -1 -1 -10 0.000 0.000 417.905 314.778 -1 -1 -1 -1000 -1000 -1000 -10 0.00295993
Car -1 -1 -10 1293.774 1134.213 1454.935 1200.000 -1 -1 -1 -1000 -1000 -1000 -10 0.00150281
Car -1 -1 -10 1327.376 1023.853 1420.811 1200.000 -1 -1 -1 -1000 -1000 -1000 -10 0.00150063
Car -1 -1 -10 569.945 27.896 870.000 959.012 -1 -1 -1 -1000 -1000 -1000 -10 0.00148444
Car -1 -1 -10 1191.754 1103.572 1365.010 1200.000 -1 -1 -1 -1000 -1000 -1000 -10 0.00147541
Car -1 -1 -10 1143.473 1104.768 1315.019 1200.000 -1 -1 -1 -1000 -1000 -1000 -10 0.00147361
Car -1 -1 -10 1168.582 937.803 1402.721 1200.000 -1 -1 -1 -1000 -1000 -1000 -10 0.00145230
