Car -1 -1 -10 1166.251 539.884 1360.121 688.754 -1 -1 -1 -1000 -1000 -1000 -10 0.99994865
Car -1 -1 -10 1083.918 526.478 1219.591 650.572 -1 -1 -1 -1000 -1000 -1000 -10 0.97302128
Car -1 -1 -10 1344.622 542.424 1662.169 749.614 -1 -1 -1 -1000 -1000 -1000 -10 0.94165236
Car -1 -1 -10 1030.878 540.014 1087.528 599.439 -1 -1 -1 -1000 -1000 -1000 -10 0.02358093
Car -1 -1 -10 1322.903 547.996 1529.537 727.876 -1 -1 -1 -1000 -1000 -1000 -10 0.01612933
Car -1 -1 -10 340.228 497.973 1505.175 1196.097 -1 -1 -1 -1000 -1000 -1000 -10 0.02519708
Car -1 -1 -10 0.000 519.853 1015.978 1188.299 -1 -1 -1 -1000 -1000 -1000 -10 0.01891255
Car -1 -1 -10 1306.687 547.374 1481.168 732.356 -1 -1 -1 -1000 -1000 -1000 -10 0.00870014
Car -1 -1 -10 719.258 788.876 1369.061 1200.000 -1 -1 -1 -1000 -1000 -1000 -10 0.00681828
Car -1 -1 -10 1350.067 538.847 1493.606 642.405 -1 -1 -1 -1000 -1000 -1000 -10 0.00644246
Car -1 -1 -10 1633.843 541.223 1920.000 939.025 -1 -1 -1 -1000 -1000 -1000 -10 0.00337029
Car -1 -1 -10 981.378 942.937 1281.521 1190.260 -1 -1 -1 -1000 -1000 -1000 -10 0.00319785
Car -1 -1 -10 844.477 863.592 1476.316 1194.292 -1 -1 -1 -1000 -1000 -1000 -10 0.00560001
Car -1 -1 -10 0.000 780.630 850.350 1192.416 -1 -1 -1 -1000 -1000 -1000 -10 0.00282244
Car -1 -1 -10 1019.215 945.091 1378.609 1165.122 -1 -1 -1 -1000 -1000 -1000 -10 0.00273398
Car -1 -1 -10 931.641 837.997 1289.848 1193.210 -1 -1 -1 -1000 -1000 -1000 -10 0.00269720
Car -1 -1 -10 1018.765 714.293 1212.357 1195.535 -1 -1 -1 -1000 -1000 -1000 -10 0.00258027
Car -1 -1 -10 7.222 793.618 606.377 1199.997 -1 -1 -1 -1000 -1000 -1000 -10 0.00228290
