Car -1 -1 -10 95.063 650.458 229.688 738.261 -1 -1 -1 -1000 -1000 -1000 -10 0.99500024
Car -1 -1 -10 258.746 646.346 331.649 708.275 -1 -1 -1 -1000 -1000 -1000 -10 0.29056583
Car -1 -1 -10 1.452 639.961 71.439 773.107 -1 -1 -1 -1000 -1000 -1000 -10 0.14346615
Car -1 -1 -10 0.000 628.540 421.912 1172.116 -1 -1 -1 -1000 -1000 -1000 -10 0.01270645
Car -1 -1 -10 209.766 644.229 272.419 693.424 -1 -1 -1 -1000 -1000 -1000 -10 0.00505631
Car -1 -1 -10 0.000 614.127 143.288 809.118 -1 -1 -1 -1000 -1000 -1000 -10 0.00647347
Car -1 -1 -10 124.704 648.749 1001.092 1195.594 -1 -1 -1 -1000 -1000 -1000 -10 0.00324899
Car -1 -1 -10 17.381 528.159 1068.761 1190.592 -1 -1 -1 -1000 -1000 -1000 -10 0.00761584
Car -1 -1 -10 61.521 794.110 682.368 1194.247 -1 -1 -1 -1000 -1000 -1000 -10 0.00412936
Car -1 -1 -10 0.000 601.660 100.480 743.192 -1 -1 -1 -1000 -1000 -1000 -10 0.00230000
Car -1 -1 -10 0.000 628.829 109.564 792.386 -1 -1 -1 -1000 -1000 -1000 -10 0.00194168
Car -1 -1 -10 1421.033 399.342 1920.000 746.360 -1 -1 -1 -1000 -1000 -1000 -10 0.00193639
Car -1 -1 -10 0.000 660.994 274.473 1034.959 -1 -1 -1 -1000 -1000 -1000 -10 0.00178754
Car -1 -1 -10 77.566 660.477 173.872 748.638 -1 -1 -1 -1000 -1000 -1000 -10 0.00178328
Car -1 -1 -10 0.000 646.652 58.099 721.316 -1 -1 -1 -1000 -1000 -1000 -10 0.00177011
Car -1 -1 -10 0.921 656.147 42.382 731.959 -1 -1 -1 -1000 -1000 -1000 -10 0.00167516
Car -1 -1 -10 23.043 655.779 66.011 737.152 -1 -1 -1 -1000 -1000 -1000 -10 0.00166360
Car -1 -1 -10 1585.725 466.899 1755.001 562.303 -1 -1 -1 -1000 -1000 -1000 -10 0.00149811
Car -1 -1 -10 133.197 543.235 507.103 1200.000 -1 -1 -1 -1000 -1000 -1000 -10 0.00145576
