Car -1 -1 -10 0.000 799.781 460.036 1196.944 -1 -1 -1 -1000 -1000 -1000 -10 0.00763035
Car -1 -1 -10 1434.636 483.996 1920.000 858.400 -1 -1 -1 -1000 -1000 -1000 -10 0.00177351
Car -1 -1 -10 0.000 1002.413 269.349 1200.000 -1 -1 -1 -1000 -1000 -1000 -10 0.00596935
Car -1 -1 -10 1406.503 585.277 1920.000 1200.000 -1 -1 -1 -1000 -1000 -1000 -10 0.00525402
Car -1 -1 -10 134.658 510.295 1361.962 1196.944 -1 -1 -1 -1000 -1000 -1000 -10 0.00317733
Car -1 -1 -10 0.000 1105.012 90.236 1200.000 -1 -1 -1 -1000 -1000 -1000 -10 0.00279973
Car -1 -1 -10 1441.721 430.309 1920.000 788.176 -1 -1 -1 -1000 -1000 -1000 -10 0.00316045
Car -1 -1 -10 1542.825 625.995 1912.317 919.672 -1 -1 -1 -1000 -1000 -1000 -10 0.00133888
Car -1 -1 -10 1634.964 508.889 1911.961 939.884 -1 -1 -1 -1000 -1000 -1000 -10 0.00132596
Car -1 -1 -10 0.560 1156.594 33.253 1200.000 -1 -1 -1 -1000 -1000 -1000 -10 0.00217846
Car -1 -1 -10 0.000 1056.701 202.175 1200.000 -1 -1 -1 -1000 -1000 -1000 -10 0.00244121
Car -1 -1 -10 1534.341 544.130 1916.253 905.315 -1 -1 -1 -1000 -1000 -1000 -10 0.00224069
Car -1 -1 -10 1672.388 459.662 1907.411 896.769 -1 -1 -1 -1000 -1000 -1000 -10 0.00103427
Car -1 -1 -10 0.620 1108.760 124.406 1200.000 -1 -1 -1 -1000 -1000 -1000 -10 0.00191472
Car -1 -1 -10 1675.746 416.845 1920.000 739.975 -1 -1 -1 -1000 -1000 -1000 -10 0.00098774
Car -1 -1 -10 13.568 677.951 333.112 1070.844 -1 -1 -1 -1000 -1000 -1000 -10 0.00094145
Car -1 -1 -10 1677.075 463.294 1920.000 785.005 -1 -1 -1 -1000 -1000 -1000 -10 0.00083041
Car -1 -1 -10 1513.584 707.299 1913.511 1050.359 -1 -1 -1 -1000 -1000 -1000 -10 0.00078427
Car -1 -1 -10 75.167 586.006 231.793 1200.000 -1 -1 -1 -1000 -1000 -1000 -10 0.00076776
