Car -1 -1 -10 351.411 579.853 517.576 710.604 -1 -1 -1 -1000 -1000 -1000 -10 0.98318422
Car -1 -1 -10 2.089 571.461 287.959 892.461 -1 -1 -1 -1000 -1000 -1000 -10 0.64104868
Car -1 -1 -10 431.934 509.558 1042.935 773.127 -1 -1 -1 -1000 -1000 -1000 -10 0.72349811
Car -1 -1 -10 179.179 608.193 313.429 719.775 -1 -1 -1 -1000 -1000 -1000 -10 0.37022854
Car -1 -1 -10 209.263 608.808 303.132 710.964 -1 -1 -1 -1000 -1000 -1000 -10 0.06482822
Car -1 -1 -10 1783.052 539.354 1915.994 717.792 -1 -1 -1 -1000 -1000 -1000 -10 0.08020432
Car -1 -1 -10 92.877 596.446 278.456 783.909 -1 -1 -1 -1000 -1000 -1000 -10 0.02122860
Car -1 -1 -10 261.791 612.937 355.020 703.118 -1 -1 -1 -1000 -1000 -1000 -10 0.02072953
Car -1 -1 -10 370.552 561.128 712.840 766.803 -1 -1 -1 -1000 -1000 -1000 -10 0.00979655
Car -1 -1 -10 353.089 533.973 768.740 749.220 -1 -1 -1 -1000 -1000 -1000 -10 0.00756026
