Car -1 -1 -10 335.602 594.158 528.901 722.672 -1 -1 -1 -1000 -1000 -1000 -10 0.99952398
Car -1 -1 -10 582.103 609.596 639.310 660.982 -1 -1 -1 -1000 -1000 -1000 -10 0.26371941
Car -1 -1 -10 430.523 588.957 540.216 701.382 -1 -1 -1 -1000 -1000 -1000 -10 0.00785886
Car -1 -1 -10 441.434 581.007 525.381 732.021 -1 -1 -1 -1000 -1000 -1000 -10 0.00266359
Car -1 -1 -10 500.641 608.207 545.161 659.351 -1 -1 -1 -1000 -1000 -1000 -10 0.00348823
Car -1 -1 -10 0.000 799.461 453.763 1198.271 -1 -1 -1 -1000 -1000 -1000 -10 0.00570548
Car -1 -1 -10 460.842 596.130 535.600 667.944 -1 -1 -1 -1000 -1000 -1000 -10 0.00284442
Car -1 -1 -10 565.944 606.219 613.538 660.721 -1 -1 -1 -1000 -1000 -1000 -10 0.00231162
Car -1 -1 -10 0.000 1166.421 25.579 1200.000 -1 -1 -1 -1000 -1000 -1000 -10 0.00104088
Car -1 -1 -10 390.591 475.268 484.587 806.234 -1 -1 -1 -1000 -1000 -1000 -10 0.00088186
Car -1 -1 -10 510.851 591.955 562.746 647.843 -1 -1 -1 -1000 -1000 -1000 -10 0.00146700
Car -1 -1 -10 306.518 1128.853 373.830 1200.000 -1 -1 -1 -1000 -1000 -1000 -10 0.00083548
Car -1 -1 -10 326.805 1158.004 365.314 1200.000 -1 -1 -1 -1000 -1000 -1000 -10 0.00081394
Car -1 -1 -10 570.278 1157.626 608.992 1200.000 -1 -1 -1 -1000 -1000 -1000 -10 0.00080774
Car -1 -1 -10 0.000 938.071 320.321 1200.000 -1 -1 -1 -1000 -1000 -1000 -10 0.00222026
Car -1 -1 -10 487.540 600.835 525.563 662.174 -1 -1 -1 -1000 -1000 -1000 -10 0.00198069
Car -1 -1 -10 324.780 591.131 445.856 694.336 -1 -1 -1 -1000 -1000 -1000 -10 0.00208278
Car -1 -1 -10 0.000 1010.388 259.929 1200.000 -1 -1 -1 -1000 -1000 -1000 -10 0.00073689
Car -1 -1 -10 862.561 351.719 989.278 1070.521 -1 -1 -1 -1000 -1000 -1000 -10 0.00073078
Car -1 -1 -10 413.446 516.616 462.955 822.071 -1 -1 -1 -1000 -1000 -1000 -10 0.00200491
Car -1 -1 -10 417.465 1158.797 454.093 1200.000 -1 -1 -1 -1000 -1000 -1000 -10 0.00140977
Car -1 -1 -10 10.270 620.948 164.063 709.366 -1 -1 -1 -1000 -1000 -1000 -10 0.00138695
Car -1 -1 -10 462.603 1123.078 502.897 1200.000 -1 -1 -1 -1000 -1000 -1000 -10 0.00070200
Car -1 -1 -10 64.510 352.069 365.957 1200.000 -1 -1 -1 -1000 -1000 -1000 -10 0.00132778
Car -1 -1 -10 249.568 589.094 447.072 1181.885 -1 -1 -1 -1000 -1000 -1000 -10 0.00068465
Car -1 -1 -10 523.762 37.591 677.714 141.078 -1 -1 -1 -1000 -1000 -1000 -10 0.00124563
Car -1 -1 -10 11.822 570.185 302.431 880.632 -1 -1 -1 -1000 -1000 -1000 -10 0.00122540
Car -1 -1 -10 384.485 384.367 477.459 899.511 -1 -1 -1 -1000 -1000 -1000 -10 0.00122323
Car -1 -1 -10 0.000 1068.052 196.315 1200.000 -1 -1 -1 -1000 -1000 -1000 -10 0.00066421
Car -1 -1 -10 551.138 1127.496 617.413 1200.000 -1 -1 -1 -1000 -1000 -1000 -10 0.00066121
Car -1 -1 -10 200.294 575.152 351.740 1192.798 -1 -1 -1 -1000 -1000 -1000 -10 0.00125840
Car -1 -1 -10 350.850 597.214 458.404 690.618 -1 -1 -1 -1000 -1000 -1000 -10 0.00064038
Car -1 -1 -10 801.086 631.495 1092.756 789.845 -1 -1 -1 -1000 -1000 -1000 -10 0.00063421
Car -1 -1 -10 0.188 1112.601 122.977 1200.000 -1 -1 -1 -1000 -1000 -1000 -10 0.00119777
Car -1 -1 -10 464.137 582.608 577.365 681.273 -1 -1 -1 -1000 -1000 -1000 -10 0.00062846
Car -1 -1 -10 447.389 541.429 507.230 751.391 -1 -1 -1 -1000 -1000 -1000 -10 0.00062599
Car -1 -1 -10 501.691 611.559 536.823 657.889 -1 -1 -1 -1000 -1000 -1000 -10 0.00062469
Car -1 -1 -10 21.941 708.291 241.367 1193.277 -1 -1 -1 -1000 -1000 -1000 -10 0.00062383
Car -1 -1 -10 151.926 1159.881 188.160 1200.000 -1 -1 -1 -1000 -1000 -1000 -10 0.00062217
Car -1 -1 -10 371.393 0.170 799.462 297.322 -1 -1 -1 -1000 -1000 -1000 -10 0.00061535
Car -1 -1 -10 183.478 652.904 369.373 1187.502 -1 -1 -1 -1000 -1000 -1000 -10 0.00060784
Car -1 -1 -10 438.404 509.652 485.002 823.165 -1 -1 -1 -1000 -1000 -1000 -10 0.00060465
Car -1 -1 -10 0.000 1109.547 91.098 1200.000 -1 -1 -1 -1000 -1000 -1000 -10 0.00060433
Car -1 -1 -10 567.313 617.019 619.366 668.446 -1 -1 -1 -1000 -1000 -1000 -10 0.00060234
Car -1 -1 -10 310.492 1089.074 368.992 1200.000 -1 -1 -1 -1000 -1000 -1000 -10 0.00058503
Car -1 -1 -10 21.625 621.647 547.798 1115.360 -1 -1 -1 -1000 -1000 -1000 -10 0.00058415
Car -1 -1 -10 320.475 1157.321 358.074 1200.000 -1 -1 -1 -1000 -1000 -1000 -10 0.00057514
Car -1 -1 -10 791.985 187.745 973.921 1183.372 -1 -1 -1 -1000 -1000 -1000 -10 0.00056709
Car -1 -1 -10 75.095 568.360 234.330 1198.718 -1 -1 -1 -1000 -1000 -1000 -10 0.00055123
Car -1 -1 -10 67.739 732.361 193.374 1200.000 -1 -1 -1 -1000 -1000 -1000 -10 0.00054346
Car -1 -1 -10 127.582 577.098 282.696 1192.342 -1 -1 -1 -1000 -1000 -1000 -10 0.00053973
Car -1 -1 -10 457.033 603.350 497.514 682.365 -1 -1 -1 -1000 -1000 -1000 -10 0.00053225
Car -1 -1 -10 469.794 9.072 750.756 168.805 -1 -1 -1 -1000 -1000 -1000 -10 0.00053040
Car -1 -1 -10 0.000 397.076 408.023 919.009 -1 -1 -1 -1000 -1000 -1000 -10 0.00052556
