Car -1 -1 -10 977.558 579.342 1090.596 667.161 -1 -1 -1 -1000 -1000 -1000 -10 0.71741371
Car -1 -1 -10 776.103 582.437 888.627 676.775 -1 -1 -1 -1000 -1000 -1000 -10 0.79638755
Car -1 -1 -10 1098.457 582.007 1207.754 653.969 -1 -1 -1 -1000 -1000 -1000 -10 0.08257349
Car -1 -1 -10 9.820 0.000 262.651 254.797 -1 -1 -1 -1000 -1000 -1000 -10 0.00209029
Car -1 -1 -10 1020.644 583.164 1103.116 655.778 -1 -1 -1 -1000 -1000 -1000 -10 0.00357572
Car -1 -1 -10 49.628 32.951 228.972 509.602 -1 -1 -1 -1000 -1000 -1000 -10 0.00300928
Car -1 -1 -10 0.000 0.618 325.132 184.041 -1 -1 -1 -1000 -1000 -1000 -10 0.00303265
Car -1 -1 -10 4.621 8.752 255.522 473.998 -1 -1 -1 -1000 -1000 -1000 -10 0.00133602
Car -1 -1 -10 4.790 0.000 306.254 121.413 -1 -1 -1 -1000 -1000 -1000 -10 0.00126028
Car -1 -1 -10 85.463 0.000 213.809 132.148 -1 -1 -1 -1000 -1000 -1000 -10 0.00119910
Car -1 -1 -10 68.086 0.000 158.711 182.478 -1 -1 -1 -1000 -1000 -1000 -10 0.00117466
Car -1 -1 -10 0.000 799.677 453.823 1199.218 -1 -1 -1 -1000 -1000 -1000 -10 0.00407967
Car -1 -1 -10 65.646 5.778 181.080 231.574 -1 -1 -1 -1000 -1000 -1000 -10 0.00110107
Car -1 -1 -10 815.686 545.395 862.428 710.309 -1 -1 -1 -1000 -1000 -1000 -10 0.00169088
Car -1 -1 -10 98.807 0.000 201.114 113.889 -1 -1 -1 -1000 -1000 -1000 -10 0.00213771
Car -1 -1 -10 1003.758 539.594 1051.144 703.864 -1 -1 -1 -1000 -1000 -1000 -10 0.00105651
Car -1 -1 -10 817.411 1157.903 855.257 1200.000 -1 -1 -1 -1000 -1000 -1000 -10 0.00101467
Car -1 -1 -10 757.829 1158.011 796.453 1200.000 -1 -1 -1 -1000 -1000 -1000 -10 0.00183646
Car -1 -1 -10 85.821 17.923 201.914 336.552 -1 -1 -1 -1000 -1000 -1000 -10 0.00185421
Car -1 -1 -10 1803.883 512.243 1920.000 618.348 -1 -1 -1 -1000 -1000 -1000 -10 0.00093555
Car -1 -1 -10 798.430 541.904 845.439 706.593 -1 -1 -1 -1000 -1000 -1000 -10 0.00090036
Car -1 -1 -10 103.536 5.060 147.737 183.954 -1 -1 -1 -1000 -1000 -1000 -10 0.00090002
Car -1 -1 -10 993.708 587.676 1058.734 653.620 -1 -1 -1 -1000 -1000 -1000 -10 0.00087237
Car -1 -1 -10 810.561 585.838 838.997 682.633 -1 -1 -1 -1000 -1000 -1000 -10 0.00085026
Car -1 -1 -10 714.773 1159.194 753.329 1200.000 -1 -1 -1 -1000 -1000 -1000 -10 0.00082336
Car -1 -1 -10 1022.607 590.557 1088.840 649.413 -1 -1 -1 -1000 -1000 -1000 -10 0.00140826
Car -1 -1 -10 0.000 2.618 308.588 378.335 -1 -1 -1 -1000 -1000 -1000 -10 0.00077692
Car -1 -1 -10 1112.539 581.831 1177.824 635.842 -1 -1 -1 -1000 -1000 -1000 -10 0.00138015
Car -1 -1 -10 1011.379 553.106 1049.076 706.192 -1 -1 -1 -1000 -1000 -1000 -10 0.00073090
Car -1 -1 -10 1028.990 540.162 1076.938 704.734 -1 -1 -1 -1000 -1000 -1000 -10 0.00070472
Car -1 -1 -10 704.072 572.991 902.827 1183.108 -1 -1 -1 -1000 -1000 -1000 -10 0.00061903
Car -1 -1 -10 466.349 576.791 661.961 1175.869 -1 -1 -1 -1000 -1000 -1000 -10 0.00057920
Car -1 -1 -10 0.000 939.634 318.063 1200.000 -1 -1 -1 -1000 -1000 -1000 -10 0.00057388
Car -1 -1 -10 0.000 1166.854 24.688 1200.000 -1 -1 -1 -1000 -1000 -1000 -10 0.00056045
Car -1 -1 -10 1038.786 583.828 1067.141 677.411 -1 -1 -1 -1000 -1000 -1000 -10 0.00054060
Car -1 -1 -10 640.544 642.656 826.189 1193.548 -1 -1 -1 -1000 -1000 -1000 -10 0.00053367
Car -1 -1 -10 3.170 961.054 210.163 1200.000 -1 -1 -1 -1000 -1000 -1000 -10 0.00053130
Car -1 -1 -10 1013.776 404.165 1082.469 777.741 -1 -1 -1 -1000 -1000 -1000 -10 0.00052713
Car -1 -1 -10 806.556 590.838 872.492 649.885 -1 -1 -1 -1000 -1000 -1000 -10 0.00052665
Car -1 -1 -10 822.443 586.119 851.012 681.873 -1 -1 -1 -1000 -1000 -1000 -10 0.00052382
Car -1 -1 -10 64.648 9.165 208.628 274.617 -1 -1 -1 -1000 -1000 -1000 -10 0.00052358
Car -1 -1 -10 548.284 627.425 723.996 1190.100 -1 -1 -1 -1000 -1000 -1000 -10 0.00050326
