Car -1 -1 -10 577.463 512.540 1829.085 1200.000 -1 -1 -1 -1000 -1000 -1000 -10 0.00824589
Car -1 -1 -10 21.736 615.006 571.730 1174.749 -1 -1 -1 -1000 -1000 -1000 -10 0.00675741
Car -1 -1 -10 0.000 516.280 890.796 1194.728 -1 -1 -1 -1000 -1000 -1000 -10 0.00785671
Car -1 -1 -10 0.000 727.381 634.895 1200.000 -1 -1 -1 -1000 -1000 -1000 -10 0.00219652
Car -1 -1 -10 644.219 701.668 1127.240 1200.000 -1 -1 -1 -1000 -1000 -1000 -10 0.00186557
Car -1 -1 -10 1066.933 353.020 1208.704 1180.401 -1 -1 -1 -1000 -1000 -1000 -10 0.00183240
Car -1 -1 -10 1.395 568.892 377.696 876.376 -1 -1 -1 -1000 -1000 -1000 -10 0.00273838
Car -1 -1 -10 931.405 629.178 1384.886 836.463 -1 -1 -1 -1000 -1000 -1000 -10 0.00142369
Car -1 -1 -10 895.319 646.077 1581.203 1080.601 -1 -1 -1 -1000 -1000 -1000 -10 0.00250142
Car -1 -1 -10 0.000 581.601 334.900 1200.000 -1 -1 -1 -1000 -1000 -1000 -10 0.00350729
Car -1 -1 -10 937.245 514.361 1373.822 745.437 -1 -1 -1 -1000 -1000 -1000 -10 0.00130430
Car -1 -1 -10 1071.428 589.449 1693.985 953.846 -1 -1 -1 -1000 -1000 -1000 -10 0.00129030
Car -1 -1 -10 101.859 396.939 428.443 1200.000 -1 -1 -1 -1000 -1000 -1000 -10 0.00122743
Car -1 -1 -10 1023.269 648.202 1508.100 915.960 -1 -1 -1 -1000 -1000 -1000 -10 0.00114853
Car -1 -1 -10 260.982 643.101 433.951 1186.371 -1 -1 -1 -1000 -1000 -1000 -10 0.00112227
Car -1 -1 -10 1589.240 397.191 1913.738 747.650 -1 -1 -1 -1000 -1000 -1000 -10 0.00212195
Car -1 -1 -10 864.142 481.027 1463.899 855.805 -1 -1 -1 -1000 -1000 -1000 -10 0.00197211
Car -1 -1 -10 155.820 255.477 374.662 1185.668 -1 -1 -1 -1000 -1000 -1000 -10 0.00108754
Car -1 -1 -10 1059.123 693.860 1227.429 782.898 -1 -1 -1 -1000 -1000 -1000 -10 0.00205798
Car -1 -1 -10 1580.268 554.811 1920.000 1200.000 -1 -1 -1 -1000 -1000 -1000 -10 0.00107664
Car -1 -1 -10 1284.978 618.731 1523.828 1048.783 -1 -1 -1 -1000 -1000 -1000 -10 0.00107067
Car -1 -1 -10 1031.417 687.499 1496.760 969.147 -1 -1 -1 -1000 -1000 -1000 -10 0.00103223
Car -1 -1 -10 682.823 589.416 1075.944 1200.000 -1 -1 -1 -1000 -1000 -1000 -10 0.00102714
Car -1 -1 -10 976.750 403.372 1305.967 947.609 -1 -1 -1 -1000 -1000 -1000 -10 0.00101439
Car -1 -1 -10 289.696 598.796 451.646 1200.000 -1 -1 -1 -1000 -1000 -1000 -10 0.00100457
Car -1 -1 -10 854.488 664.366 1043.078 1195.825 -1 -1 -1 -1000 -1000 -1000 -10 0.00098056
Car -1 -1 -10 167.615 603.073 333.629 1200.000 -1 -1 -1 -1000 -1000 -1000 -10 0.00095081
Car -1 -1 -10 50.296 1159.224 86.347 1200.000 -1 -1 -1 -1000 -1000 -1000 -10 0.00094252
Car -1 -1 -10 795.037 671.140 999.413 1189.397 -1 -1 -1 -1000 -1000 -1000 -10 0.00094201
Car -1 -1 -10 57.448 311.357 273.708 1155.572 -1 -1 -1 -1000 -1000 -1000 -10 0.00093114
Car -1 -1 -10 1429.509 587.230 1920.000 1200.000 -1 -1 -1 -1000 -1000 -1000 -10 0.00092213
Car -1 -1 -10 49.780 795.374 473.170 1061.519 -1 -1 -1 -1000 -1000 -1000 -10 0.00090871
Car -1 -1 -10 1192.772 709.814 1605.963 939.898 -1 -1 -1 -1000 -1000 -1000 -10 0.00089691
Car -1 -1 -10 285.921 545.083 505.746 1200.000 -1 -1 -1 -1000 -1000 -1000 -10 0.00089254
Car -1 -1 -10 150.073 799.678 575.365 1055.033 -1 -1 -1 -1000 -1000 -1000 -10 0.00085564
Car -1 -1 -10 229.890 683.454 466.418 1194.587 -1 -1 -1 -1000 -1000 -1000 -10 0.00085133
Car -1 -1 -10 1315.639 550.431 1920.000 956.010 -1 -1 -1 -1000 -1000 -1000 -10 0.00081819
Car -1 -1 -10 243.624 605.159 407.210 1200.000 -1 -1 -1 -1000 -1000 -1000 -10 0.00079328
Car -1 -1 -10 1151.127 665.302 1688.099 993.241 -1 -1 -1 -1000 -1000 -1000 -10 0.00077308
Car -1 -1 -10 1251.860 727.147 1547.881 894.530 -1 -1 -1 -1000 -1000 -1000 -10 0.00076348
