Car -1 -1 -10 1.697 141.403 1510.711 1200.000 -1 -1 -1 -1000 -1000 -1000 -10 0.02479422
Car -1 -1 -10 0.000 474.575 1099.784 1200.000 -1 -1 -1 -1000 -1000 -1000 -10 0.02256179
Car -1 -1 -10 504.929 133.517 708.304 871.598 -1 -1 -1 -1000 -1000 -1000 -10 0.00263931
Car -1 -1 -10 0.000 791.508 457.215 1197.538 -1 -1 -1 -1000 -1000 -1000 -10 0.00461140
Car -1 -1 -10 11.425 70.347 305.526 1185.210 -1 -1 -1 -1000 -1000 -1000 -10 0.00474679
Car -1 -1 -10 168.825 405.110 1185.909 923.718 -1 -1 -1 -1000 -1000 -1000 -10 0.00245478
Car -1 -1 -10 376.367 365.585 1057.002 741.008 -1 -1 -1 -1000 -1000 -1000 -10 0.00449437
Car -1 -1 -10 475.883 92.169 780.612 1176.151 -1 -1 -1 -1000 -1000 -1000 -10 0.00442031
Car -1 -1 -10 391.279 101.353 1358.517 920.050 -1 -1 -1 -1000 -1000 -1000 -10 0.00409079
Car -1 -1 -10 112.018 104.507 1089.288 925.718 -1 -1 -1 -1000 -1000 -1000 -10 0.00443632
Car -1 -1 -10 590.227 45.439 805.609 1151.377 -1 -1 -1 -1000 -1000 -1000 -10 0.00223617
Car -1 -1 -10 609.944 174.965 805.629 888.841 -1 -1 -1 -1000 -1000 -1000 -10 0.00406025
Car -1 -1 -10 4.477 586.768 556.349 1178.388 -1 -1 -1 -1000 -1000 -1000 -10 0.00840126
Car -1 -1 -10 233.453 370.478 955.297 741.945 -1 -1 -1 -1000 -1000 -1000 -10 0.00443976
Car -1 -1 -10 279.125 93.759 583.459 1175.204 -1 -1 -1 -1000 -1000 -1000 -10 0.00706756
Car -1 -1 -10 477.012 165.987 659.314 842.750 -1 -1 -1 -1000 -1000 -1000 -10 0.00209183
Car -1 -1 -10 231.871 544.845 947.436 949.539 -1 -1 -1 -1000 -1000 -1000 -10 0.00203155
Car -1 -1 -10 564.095 90.952 865.660 1172.636 -1 -1 -1 -1000 -1000 -1000 -10 0.00200909
Car -1 -1 -10 371.128 351.935 854.653 614.782 -1 -1 -1 -1000 -1000 -1000 -10 0.00196608
Car -1 -1 -10 318.053 516.532 1063.922 976.609 -1 -1 -1 -1000 -1000 -1000 -10 0.00186475
Car -1 -1 -10 1.952 101.287 830.590 932.751 -1 -1 -1 -1000 -1000 -1000 -10 0.00355525
Car -1 -1 -10 463.801 343.387 945.594 610.920 -1 -1 -1 -1000 -1000 -1000 -10 0.00181854
Car -1 -1 -10 493.994 53.720 708.451 1151.817 -1 -1 -1 -1000 -1000 -1000 -10 0.00176726
Car -1 -1 -10 264.120 260.291 925.743 646.777 -1 -1 -1 -1000 -1000 -1000 -10 0.00316308
Car -1 -1 -10 0.000 133.511 724.492 1200.000 -1 -1 -1 -1000 -1000 -1000 -10 0.00174978
Car -1 -1 -10 172.899 154.101 853.152 557.264 -1 -1 -1 -1000 -1000 -1000 -10 0.00173022
Car -1 -1 -10 665.578 104.184 969.544 1173.201 -1 -1 -1 -1000 -1000 -1000 -10 0.00315344
Car -1 -1 -10 255.084 467.952 1199.206 1022.175 -1 -1 -1 -1000 -1000 -1000 -10 0.00166447
Car -1 -1 -10 634.143 49.963 849.486 1151.142 -1 -1 -1 -1000 -1000 -1000 -10 0.00165640
Car -1 -1 -10 362.835 242.340 916.884 1200.000 -1 -1 -1 -1000 -1000 -1000 -10 0.00160061
Car -1 -1 -10 498.421 566.261 626.876 1189.051 -1 -1 -1 -1000 -1000 -1000 -10 0.00159691
Car -1 -1 -10 561.817 347.109 1197.069 695.538 -1 -1 -1 -1000 -1000 -1000 -10 0.00155817
Car -1 -1 -10 245.751 237.301 858.146 608.469 -1 -1 -1 -1000 -1000 -1000 -10 0.00155521
Car -1 -1 -10 569.476 138.259 700.834 859.964 -1 -1 -1 -1000 -1000 -1000 -10 0.00154764
Car -1 -1 -10 5.577 432.831 370.963 719.500 -1 -1 -1 -1000 -1000 -1000 -10 0.00152793
Car -1 -1 -10 53.862 492.391 206.524 1200.000 -1 -1 -1 -1000 -1000 -1000 -10 0.00152110
Car -1 -1 -10 0.000 233.718 660.743 661.919 -1 -1 -1 -1000 -1000 -1000 -10 0.00151417
Car -1 -1 -10 6.499 445.354 512.358 868.789 -1 -1 -1 -1000 -1000 -1000 -10 0.00302654
Car -1 -1 -10 594.397 500.387 1101.398 762.709 -1 -1 -1 -1000 -1000 -1000 -10 0.00148049
Car -1 -1 -10 776.884 205.622 983.089 911.072 -1 -1 -1 -1000 -1000 -1000 -10 0.00142862
Car -1 -1 -10 381.090 636.840 1077.679 1061.203 -1 -1 -1 -1000 -1000 -1000 -10 0.00139671
Car -1 -1 -10 7.468 400.739 312.485 750.333 -1 -1 -1 -1000 -1000 -1000 -10 0.00139382
Car -1 -1 -10 335.503 364.001 768.626 593.063 -1 -1 -1 -1000 -1000 -1000 -10 0.00135319
Car -1 -1 -10 197.160 620.725 868.691 1069.095 -1 -1 -1 -1000 -1000 -1000 -10 0.00129966
Car -1 -1 -10 730.744 63.404 944.596 1145.725 -1 -1 -1 -1000 -1000 -1000 -10 0.00128071
Car -1 -1 -10 514.484 499.445 662.479 1200.000 -1 -1 -1 -1000 -1000 -1000 -10 0.00126967
Car -1 -1 -10 201.378 427.614 876.627 861.102 -1 -1 -1 -1000 -1000 -1000 -10 0.00126021
