Car -1 -1 -10 562.061 165.223 1916.865 1200.000 -1 -1 -1 -1000 -1000 -1000 -10 0.01694941
Car -1 -1 -10 1353.277 324.614 1920.000 760.406 -1 -1 -1 -1000 -1000 -1000 -10 0.01156383
Car -1 -1 -10 1233.630 261.162 1896.061 643.425 -1 -1 -1 -1000 -1000 -1000 -10 0.00867296
Car -1 -1 -10 0.000 502.091 1205.519 1195.218 -1 -1 -1 -1000 -1000 -1000 -10 0.01591919
Car -1 -1 -10 1276.195 258.206 1831.990 582.018 -1 -1 -1 -1000 -1000 -1000 -10 0.00457911
Car -1 -1 -10 441.478 509.649 1792.637 1200.000 -1 -1 -1 -1000 -1000 -1000 -10 0.00865103
Car -1 -1 -10 1396.924 300.919 1892.374 565.968 -1 -1 -1 -1000 -1000 -1000 -10 0.00432005
Car -1 -1 -10 1267.936 171.043 1920.000 1200.000 -1 -1 -1 -1000 -1000 -1000 -10 0.00772498
Car -1 -1 -10 1407.669 229.404 1920.000 1200.000 -1 -1 -1 -1000 -1000 -1000 -10 0.00373818
Car -1 -1 -10 1185.423 388.010 1668.789 666.634 -1 -1 -1 -1000 -1000 -1000 -10 0.00611762
Car -1 -1 -10 1667.860 738.036 1827.713 838.834 -1 -1 -1 -1000 -1000 -1000 -10 0.00580802
Car -1 -1 -10 1394.087 351.427 1831.801 594.403 -1 -1 -1 -1000 -1000 -1000 -10 0.00318878
Car -1 -1 -10 1364.481 264.969 1756.732 463.736 -1 -1 -1 -1000 -1000 -1000 -10 0.00604266
Car -1 -1 -10 1403.142 221.464 1644.222 635.796 -1 -1 -1 -1000 -1000 -1000 -10 0.00289045
Car -1 -1 -10 1251.897 398.613 1920.000 886.288 -1 -1 -1 -1000 -1000 -1000 -10 0.00288766
Car -1 -1 -10 1576.686 705.599 1846.562 860.424 -1 -1 -1 -1000 -1000 -1000 -10 0.00287064
Car -1 -1 -10 1267.935 403.528 1711.868 645.087 -1 -1 -1 -1000 -1000 -1000 -10 0.00276225
Car -1 -1 -10 1272.176 460.856 1584.576 612.216 -1 -1 -1 -1000 -1000 -1000 -10 0.00533422
Car -1 -1 -10 1332.672 528.433 1919.713 965.125 -1 -1 -1 -1000 -1000 -1000 -10 0.00512906
Car -1 -1 -10 1376.470 332.712 1666.572 492.905 -1 -1 -1 -1000 -1000 -1000 -10 0.00271395
Car -1 -1 -10 1309.885 243.266 1744.456 632.084 -1 -1 -1 -1000 -1000 -1000 -10 0.00269296
Car -1 -1 -10 1547.300 556.048 1913.850 984.045 -1 -1 -1 -1000 -1000 -1000 -10 0.00266413
Car -1 -1 -10 1369.054 432.075 1850.065 712.477 -1 -1 -1 -1000 -1000 -1000 -10 0.00243695
Car -1 -1 -10 1463.517 355.892 1857.411 1131.283 -1 -1 -1 -1000 -1000 -1000 -10 0.00241493
Car -1 -1 -10 1440.516 471.303 1920.000 1017.301 -1 -1 -1 -1000 -1000 -1000 -10 0.00230343
Car -1 -1 -10 1218.244 467.885 1539.772 613.946 -1 -1 -1 -1000 -1000 -1000 -10 0.00229529
Car -1 -1 -10 334.276 483.204 960.125 858.746 -1 -1 -1 -1000 -1000 -1000 -10 0.00228478
Car -1 -1 -10 1350.685 519.328 1530.060 608.692 -1 -1 -1 -1000 -1000 -1000 -10 0.00209566
Car -1 -1 -10 1397.617 348.013 1701.553 516.953 -1 -1 -1 -1000 -1000 -1000 -10 0.00412916
Car -1 -1 -10 731.897 394.039 1356.825 763.484 -1 -1 -1 -1000 -1000 -1000 -10 0.00200819
Car -1 -1 -10 1370.792 185.130 1676.456 692.201 -1 -1 -1 -1000 -1000 -1000 -10 0.00191148
Car -1 -1 -10 1515.401 681.922 1920.000 971.607 -1 -1 -1 -1000 -1000 -1000 -10 0.00187067
Car -1 -1 -10 854.406 104.589 1155.550 1163.675 -1 -1 -1 -1000 -1000 -1000 -10 0.00186100
Car -1 -1 -10 1381.658 403.043 1823.672 642.528 -1 -1 -1 -1000 -1000 -1000 -10 0.00182199
