Car -1 -1 -10 1001.805 566.832 1194.409 692.969 -1 -1 -1 -1000 -1000 -1000 -10 0.99979706
Car -1 -1 -10 749.921 579.980 858.478 672.634 -1 -1 -1 -1000 -1000 -1000 -10 0.93545334
Car -1 -1 -10 990.131 587.426 1074.922 675.390 -1 -1 -1 -1000 -1000 -1000 -10 0.04471210
Car -1 -1 -10 1083.097 584.032 1246.520 681.880 -1 -1 -1 -1000 -1000 -1000 -10 0.01690007
Car -1 -1 -10 1081.634 568.312 1284.093 699.203 -1 -1 -1 -1000 -1000 -1000 -10 0.00469069
Car -1 -1 -10 974.501 582.720 1111.310 684.504 -1 -1 -1 -1000 -1000 -1000 -10 0.00234420
Car -1 -1 -10 1095.873 564.384 1212.002 673.725 -1 -1 -1 -1000 -1000 -1000 -10 0.00166612
Car -1 -1 -10 1005.901 588.239 1051.122 659.328 -1 -1 -1 -1000 -1000 -1000 -10 0.00162868
Car -1 -1 -10 736.153 594.027 782.983 643.547 -1 -1 -1 -1000 -1000 -1000 -10 0.00161356
Car -1 -1 -10 1001.042 565.571 1095.729 655.719 -1 -1 -1 -1000 -1000 -1000 -10 0.00150498
Car -1 -1 -10 0.000 819.089 446.832 1200.000 -1 -1 -1 -1000 -1000 -1000 -10 0.00437136
Car -1 -1 -10 735.686 585.786 782.572 636.045 -1 -1 -1 -1000 -1000 -1000 -10 0.00118577
Car -1 -1 -10 1098.915 570.855 1198.459 666.169 -1 -1 -1 -1000 -1000 -1000 -10 0.00117720
Car -1 -1 -10 1123.009 576.408 1295.162 655.384 -1 -1 -1 -1000 -1000 -1000 -10 0.00204890
Car -1 -1 -10 790.213 547.991 832.879 707.049 -1 -1 -1 -1000 -1000 -1000 -10 0.00181734
Car -1 -1 -10 798.814 587.909 826.887 682.421 -1 -1 -1 -1000 -1000 -1000 -10 0.00105827
Car -1 -1 -10 774.376 539.715 820.978 704.174 -1 -1 -1 -1000 -1000 -1000 -10 0.00099454
Car -1 -1 -10 0.000 799.932 210.398 1195.334 -1 -1 -1 -1000 -1000 -1000 -10 0.00099116
Car -1 -1 -10 780.995 587.656 809.321 680.965 -1 -1 -1 -1000 -1000 -1000 -10 0.00097582
Car -1 -1 -10 1142.481 578.528 1242.733 661.395 -1 -1 -1 -1000 -1000 -1000 -10 0.00094297
Car -1 -1 -10 1008.508 570.192 1084.899 646.803 -1 -1 -1 -1000 -1000 -1000 -10 0.00161839
Car -1 -1 -10 1096.714 578.125 1182.801 656.929 -1 -1 -1 -1000 -1000 -1000 -10 0.00088790
Car -1 -1 -10 1466.185 359.946 1919.654 687.398 -1 -1 -1 -1000 -1000 -1000 -10 0.00086794
Car -1 -1 -10 1005.260 551.144 1052.164 704.171 -1 -1 -1 -1000 -1000 -1000 -10 0.00082904
Car -1 -1 -10 681.177 571.653 877.943 1175.229 -1 -1 -1 -1000 -1000 -1000 -10 0.00081990
Car -1 -1 -10 1152.065 582.050 1232.515 653.767 -1 -1 -1 -1000 -1000 -1000 -10 0.00081663
Car -1 -1 -10 1014.971 560.796 1056.838 627.356 -1 -1 -1 -1000 -1000 -1000 -10 0.00081500
Car -1 -1 -10 1041.018 299.950 1156.739 979.349 -1 -1 -1 -1000 -1000 -1000 -10 0.00143085
Car -1 -1 -10 1077.352 559.545 1194.083 660.179 -1 -1 -1 -1000 -1000 -1000 -10 0.00077201
Car -1 -1 -10 766.427 581.815 823.701 641.661 -1 -1 -1 -1000 -1000 -1000 -10 0.00077151
Car -1 -1 -10 1072.059 493.854 1122.755 794.885 -1 -1 -1 -1000 -1000 -1000 -10 0.00075853
Car -1 -1 -10 835.217 1157.872 873.177 1200.000 -1 -1 -1 -1000 -1000 -1000 -10 0.00073014
Car -1 -1 -10 792.706 586.624 821.137 679.897 -1 -1 -1 -1000 -1000 -1000 -10 0.00070854
Car -1 -1 -10 1461.453 401.232 1920.000 748.106 -1 -1 -1 -1000 -1000 -1000 -10 0.00069885
Car -1 -1 -10 1001.405 590.644 1059.174 652.956 -1 -1 -1 -1000 -1000 -1000 -10 0.00067880
Car -1 -1 -10 1013.447 569.528 1117.576 670.174 -1 -1 -1 -1000 -1000 -1000 -10 0.00066227
Car -1 -1 -10 963.677 462.987 1205.240 811.762 -1 -1 -1 -1000 -1000 -1000 -10 0.00065714
Car -1 -1 -10 1085.583 486.236 1134.378 793.090 -1 -1 -1 -1000 -1000 -1000 -10 0.00064880
Car -1 -1 -10 793.584 1158.313 831.070 1200.000 -1 -1 -1 -1000 -1000 -1000 -10 0.00064210
Car -1 -1 -10 0.000 936.673 315.897 1200.000 -1 -1 -1 -1000 -1000 -1000 -10 0.00061898
