Car -1 -1 -10 302.990 543.303 537.022 724.944 -1 -1 -1 -1000 -1000 -1000 -10 0.99919465
Car -1 -1 -10 18.342 614.752 551.848 1168.569 -1 -1 -1 -1000 -1000 -1000 -10 0.01084021
Car -1 -1 -10 451.690 518.484 1716.029 1197.585 -1 -1 -1 -1000 -1000 -1000 -10 0.00661925
Car -1 -1 -10 220.121 531.893 1475.196 1198.265 -1 -1 -1 -1000 -1000 -1000 -10 0.00604864
Car -1 -1 -10 0.000 796.851 472.004 1200.000 -1 -1 -1 -1000 -1000 -1000 -10 0.00303471
Car -1 -1 -10 0.000 689.248 285.594 1180.839 -1 -1 -1 -1000 -1000 -1000 -10 0.00507501
Car -1 -1 -10 0.000 609.748 281.752 765.629 -1 -1 -1 -1000 -1000 -1000 -10 0.00184669
Car -1 -1 -10 0.370 642.173 154.419 782.994 -1 -1 -1 -1000 -1000 -1000 -10 0.00676584
Car -1 -1 -10 0.000 504.366 968.681 1172.882 -1 -1 -1 -1000 -1000 -1000 -10 0.00160305
Car -1 -1 -10 2.189 840.103 353.187 1111.195 -1 -1 -1 -1000 -1000 -1000 -10 0.00159578
Car -1 -1 -10 27.337 645.131 239.482 1191.176 -1 -1 -1 -1000 -1000 -1000 -10 0.00158514
Car -1 -1 -10 66.585 595.860 197.102 1199.050 -1 -1 -1 -1000 -1000 -1000 -10 0.00303397
Car -1 -1 -10 397.703 546.484 506.267 665.639 -1 -1 -1 -1000 -1000 -1000 -10 0.00144186
Car -1 -1 -10 173.080 673.243 388.570 1185.723 -1 -1 -1 -1000 -1000 -1000 -10 0.00140393
Car -1 -1 -10 430.076 818.011 1076.509 1183.973 -1 -1 -1 -1000 -1000 -1000 -10 0.00138927
Car -1 -1 -10 28.622 233.931 301.112 1200.000 -1 -1 -1 -1000 -1000 -1000 -10 0.00136544
Car -1 -1 -10 380.930 549.211 515.239 680.073 -1 -1 -1 -1000 -1000 -1000 -10 0.00135844
Car -1 -1 -10 594.275 666.737 778.233 1190.633 -1 -1 -1 -1000 -1000 -1000 -10 0.00130122
Car -1 -1 -10 0.000 614.402 252.874 837.112 -1 -1 -1 -1000 -1000 -1000 -10 0.00126337
Car -1 -1 -10 79.438 595.767 231.192 1200.000 -1 -1 -1 -1000 -1000 -1000 -10 0.00123352
