Car -1 -1 -10 850.837 518.226 1019.834 688.714 -1 -1 -1 -1000 -1000 -1000 -10 0.99996355
Car -1 -1 -10 1243.334 569.298 1343.880 653.449 -1 -1 -1 -1000 -1000 -1000 -10 0.97453140
Car -1 -1 -10 1668.749 591.647 1889.368 734.164 -1 -1 -1 -1000 -1000 -1000 -10 0.98705357
Car -1 -1 -10 1429.239 572.651 1538.550 640.136 -1 -1 -1 -1000 -1000 -1000 -10 0.45155831
Car -1 -1 -10 1327.675 578.219 1379.358 629.512 -1 -1 -1 -1000 -1000 -1000 -10 0.12140990
Car -1 -1 -10 250.278 738.804 1130.784 1192.896 -1 -1 -1 -1000 -1000 -1000 -10 0.06418183
Car -1 -1 -10 1562.605 577.139 1651.638 639.630 -1 -1 -1 -1000 -1000 -1000 -10 0.04316602
Car -1 -1 -10 258.943 490.415 413.413 584.547 -1 -1 -1 -1000 -1000 -1000 -10 0.02258223
Car -1 -1 -10 0.000 529.290 992.776 1193.425 -1 -1 -1 -1000 -1000 -1000 -10 0.00475851
Car -1 -1 -10 1784.313 595.245 1915.211 733.106 -1 -1 -1 -1000 -1000 -1000 -10 0.00297275
