Car -1 -1 -10 1392.594 539.680 1723.451 682.295 -1 -1 -1 -1000 -1000 -1000 -10 0.32344741
Car -1 -1 -10 1031.186 583.168 1112.232 652.171 -1 -1 -1 -1000 -1000 -1000 -10 0.03400232
Car -1 -1 -10 1385.429 529.887 1834.128 787.151 -1 -1 -1 -1000 -1000 -1000 -10 0.01483757
Car -1 -1 -10 1555.179 542.618 1789.152 668.505 -1 -1 -1 -1000 -1000 -1000 -10 0.00877826
Car -1 -1 -10 1575.132 539.368 1747.233 639.133 -1 -1 -1 -1000 -1000 -1000 -10 0.00821513
Car -1 -1 -10 1432.103 556.041 1619.407 664.690 -1 -1 -1 -1000 -1000 -1000 -10 0.01125616
Car -1 -1 -10 1506.735 555.836 1691.106 664.374 -1 -1 -1 -1000 -1000 -1000 -10 0.00708423
Car -1 -1 -10 1335.966 518.571 1887.701 945.500 -1 -1 -1 -1000 -1000 -1000 -10 0.00496435
Car -1 -1 -10 462.018 821.377 1065.063 1197.589 -1 -1 -1 -1000 -1000 -1000 -10 0.00331156
Car -1 -1 -10 1456.336 519.898 1874.179 723.761 -1 -1 -1 -1000 -1000 -1000 -10 0.00194906
Car -1 -1 -10 1377.578 491.386 1890.946 1028.921 -1 -1 -1 -1000 -1000 -1000 -10 0.00194712
Car -1 -1 -10 333.441 1044.826 769.847 1200.000 -1 -1 -1 -1000 -1000 -1000 -10 0.00489649
Car -1 -1 -10 1489.790 523.954 1905.877 942.816 -1 -1 -1 -1000 -1000 -1000 -10 0.00186820
Car -1 -1 -10 365.682 910.465 888.934 1189.733 -1 -1 -1 -1000 -1000 -1000 -10 0.00321288
Car -1 -1 -10 471.975 780.362 656.550 1199.236 -1 -1 -1 -1000 -1000 -1000 -10 0.00309448
Car -1 -1 -10 223.632 1105.743 479.854 1200.000 -1 -1 -1 -1000 -1000 -1000 -10 0.00321182
Car -1 -1 -10 1510.084 489.391 1906.253 1194.145 -1 -1 -1 -1000 -1000 -1000 -10 0.00168024
Car -1 -1 -10 423.787 845.863 750.576 1199.936 -1 -1 -1 -1000 -1000 -1000 -10 0.00323734
Car -1 -1 -10 1420.791 338.368 1920.000 709.469 -1 -1 -1 -1000 -1000 -1000 -10 0.00161180
Car -1 -1 -10 860.397 812.015 1462.997 1193.231 -1 -1 -1 -1000 -1000 -1000 -10 0.00407617
Car -1 -1 -10 523.887 675.318 742.529 1184.027 -1 -1 -1 -1000 -1000 -1000 -10 0.00152426
Car -1 -1 -10 1474.590 522.310 1721.813 932.850 -1 -1 -1 -1000 -1000 -1000 -10 0.00150883
Car -1 -1 -10 1482.821 479.556 1898.035 689.953 -1 -1 -1 -1000 -1000 -1000 -10 0.00146540
Car -1 -1 -10 1657.374 552.879 1777.691 658.046 -1 -1 -1 -1000 -1000 -1000 -10 0.00142795
Car -1 -1 -10 499.675 764.604 627.419 1200.000 -1 -1 -1 -1000 -1000 -1000 -10 0.00140359
Car -1 -1 -10 1495.603 686.472 1916.156 1038.643 -1 -1 -1 -1000 -1000 -1000 -10 0.00138955
Car -1 -1 -10 1424.907 518.056 1673.402 964.435 -1 -1 -1 -1000 -1000 -1000 -10 0.00137127
Car -1 -1 -10 561.523 743.133 894.090 1189.216 -1 -1 -1 -1000 -1000 -1000 -10 0.00132914
Car -1 -1 -10 278.586 983.656 836.130 1200.000 -1 -1 -1 -1000 -1000 -1000 -10 0.00131147
Car -1 -1 -10 445.963 1092.907 605.138 1187.068 -1 -1 -1 -1000 -1000 -1000 -10 0.00130248
Car -1 -1 -10 460.018 1106.229 717.289 1200.000 -1 -1 -1 -1000 -1000 -1000 -10 0.00129307
Car -1 -1 -10 955.473 574.640 1095.596 649.880 -1 -1 -1 -1000 -1000 -1000 -10 0.00123794
Car -1 -1 -10 1494.583 281.326 1920.000 808.844 -1 -1 -1 -1000 -1000 -1000 -10 0.00121464
Car -1 -1 -10 1543.114 535.368 1683.749 649.956 -1 -1 -1 -1000 -1000 -1000 -10 0.00117371
