Car -1 -1 -10 0.000 411.394 273.539 566.103 -1 -1 -1 -1000 -1000 -1000 -10 0.00485767
Car -1 -1 -10 0.000 660.915 153.988 766.031 -1 -1 -1 -1000 -1000 -1000 -10 0.00532131
Car -1 -1 -10 0.000 571.883 502.639 1200.000 -1 -1 -1 -1000 -1000 -1000 -10 0.00518479
Car -1 -1 -10 83.956 492.267 245.695 582.731 -1 -1 -1 -1000 -1000 -1000 -10 0.00468041
Car -1 -1 -10 192.904 484.623 1432.653 1200.000 -1 -1 -1 -1000 -1000 -1000 -10 0.00854708
Car -1 -1 -10 1631.821 331.032 1890.134 826.272 -1 -1 -1 -1000 -1000 -1000 -10 0.00225301
Car -1 -1 -10 0.696 436.556 299.457 812.972 -1 -1 -1 -1000 -1000 -1000 -10 0.00409050
Car -1 -1 -10 0.000 377.542 415.930 930.771 -1 -1 -1 -1000 -1000 -1000 -10 0.00202737
Car -1 -1 -10 0.000 793.621 448.437 1198.031 -1 -1 -1 -1000 -1000 -1000 -10 0.00374694
Car -1 -1 -10 1408.428 564.039 1920.000 1200.000 -1 -1 -1 -1000 -1000 -1000 -10 0.00706216
Car -1 -1 -10 19.091 633.885 131.387 829.976 -1 -1 -1 -1000 -1000 -1000 -10 0.00184772
Car -1 -1 -10 1402.177 329.485 1920.000 982.611 -1 -1 -1 -1000 -1000 -1000 -10 0.00174390
Car -1 -1 -10 4.047 625.520 185.867 837.488 -1 -1 -1 -1000 -1000 -1000 -10 0.00171858
Car -1 -1 -10 1509.124 496.052 1918.213 853.249 -1 -1 -1 -1000 -1000 -1000 -10 0.00297628
Car -1 -1 -10 1577.538 427.974 1920.000 809.831 -1 -1 -1 -1000 -1000 -1000 -10 0.00158297
Car -1 -1 -10 1447.085 210.458 1920.000 814.610 -1 -1 -1 -1000 -1000 -1000 -10 0.00153088
Car -1 -1 -10 1488.148 555.087 1920.000 896.398 -1 -1 -1 -1000 -1000 -1000 -10 0.00143580
Car -1 -1 -10 0.000 582.706 260.020 953.697 -1 -1 -1 -1000 -1000 -1000 -10 0.00139261
Car -1 -1 -10 1677.009 349.168 1920.000 692.558 -1 -1 -1 -1000 -1000 -1000 -10 0.00134725
Car -1 -1 -10 1516.644 645.293 1914.526 1001.329 -1 -1 -1 -1000 -1000 -1000 -10 0.00131141
