Car -1 -1 -10 806.257 575.371 1007.594 692.298 -1 -1 -1 -1000 -1000 -1000 -10 0.49994540
Car -1 -1 -10 853.622 577.422 1017.411 692.059 -1 -1 -1 -1000 -1000 -1000 -10 0.49976926
Car -1 -1 -10 797.800 575.706 954.363 682.472 -1 -1 -1 -1000 -1000 -1000 -10 0.08587764
Car -1 -1 -10 885.534 569.643 1034.053 672.077 -1 -1 -1 -1000 -1000 -1000 -10 0.01409792
Car -1 -1 -10 944.721 583.285 1042.913 666.367 -1 -1 -1 -1000 -1000 -1000 -10 0.00434163
Car -1 -1 -10 0.000 796.311 457.353 1199.335 -1 -1 -1 -1000 -1000 -1000 -10 0.00848547
Car -1 -1 -10 0.000 1139.459 96.834 1200.000 -1 -1 -1 -1000 -1000 -1000 -10 0.00212088
Car -1 -1 -10 0.937 963.360 209.727 1200.000 -1 -1 -1 -1000 -1000 -1000 -10 0.00165923
Car -1 -1 -10 0.000 960.342 302.554 1200.000 -1 -1 -1 -1000 -1000 -1000 -10 0.00394590
Car -1 -1 -10 934.725 581.217 1022.114 655.209 -1 -1 -1 -1000 -1000 -1000 -10 0.00138037
Car -1 -1 -10 20.124 1157.230 57.249 1200.000 -1 -1 -1 -1000 -1000 -1000 -10 0.00252939
Car -1 -1 -10 12.752 449.709 524.685 1200.000 -1 -1 -1 -1000 -1000 -1000 -10 0.00134160
Car -1 -1 -10 814.929 575.151 928.602 665.886 -1 -1 -1 -1000 -1000 -1000 -10 0.00133404
Car -1 -1 -10 0.000 743.584 220.752 1097.198 -1 -1 -1 -1000 -1000 -1000 -10 0.00128098
Car -1 -1 -10 0.000 1109.916 123.277 1200.000 -1 -1 -1 -1000 -1000 -1000 -10 0.00127533
Car -1 -1 -10 858.913 445.925 952.504 781.553 -1 -1 -1 -1000 -1000 -1000 -10 0.00363759
Car -1 -1 -10 0.000 682.405 287.642 1147.696 -1 -1 -1 -1000 -1000 -1000 -10 0.00122295
Car -1 -1 -10 813.282 448.660 1050.576 809.584 -1 -1 -1 -1000 -1000 -1000 -10 0.00120277
Car -1 -1 -10 0.000 1064.218 195.946 1200.000 -1 -1 -1 -1000 -1000 -1000 -10 0.00120221
Car -1 -1 -10 41.659 641.243 219.724 1198.085 -1 -1 -1 -1000 -1000 -1000 -10 0.00119365
Car -1 -1 -10 0.000 1107.223 90.652 1200.000 -1 -1 -1 -1000 -1000 -1000 -10 0.00118952
Car -1 -1 -10 58.284 384.410 378.363 1200.000 -1 -1 -1 -1000 -1000 -1000 -10 0.00116453
Car -1 -1 -10 896.823 356.279 987.508 867.328 -1 -1 -1 -1000 -1000 -1000 -10 0.00115820
Car -1 -1 -10 67.203 577.918 195.207 1200.000 -1 -1 -1 -1000 -1000 -1000 -10 0.00115716
Car -1 -1 -10 252.470 610.011 438.462 1198.606 -1 -1 -1 -1000 -1000 -1000 -10 0.00113748
Car -1 -1 -10 79.851 547.350 232.892 1200.000 -1 -1 -1 -1000 -1000 -1000 -10 0.00112927
Car -1 -1 -10 0.000 655.225 350.511 1102.840 -1 -1 -1 -1000 -1000 -1000 -10 0.00106907
Car -1 -1 -10 0.000 1104.905 48.990 1200.000 -1 -1 -1 -1000 -1000 -1000 -10 0.00106613
