Car -1 -1 -10 922.106 482.878 1508.385 737.805 -1 -1 -1 -1000 -1000 -1000 -10 0.55406836
Car -1 -1 -10 250.846 577.949 313.666 661.301 -1 -1 -1 -1000 -1000 -1000 -10 0.02350984
Car -1 -1 -10 1176.251 498.199 1528.125 700.620 -1 -1 -1 -1000 -1000 -1000 -10 0.02096428
Car -1 -1 -10 248.337 1156.252 284.688 1200.000 -1 -1 -1 -1000 -1000 -1000 -10 0.00929832
Car -1 -1 -10 860.270 518.477 1588.931 973.050 -1 -1 -1 -1000 -1000 -1000 -10 0.00738865
Car -1 -1 -10 783.952 777.341 1435.918 1193.112 -1 -1 -1 -1000 -1000 -1000 -10 0.01489942
Car -1 -1 -10 253.557 1120.939 292.194 1200.000 -1 -1 -1 -1000 -1000 -1000 -10 0.00647473
Car -1 -1 -10 791.394 1029.862 1244.708 1200.000 -1 -1 -1 -1000 -1000 -1000 -10 0.00365800
Car -1 -1 -10 894.617 831.221 1248.156 1193.055 -1 -1 -1 -1000 -1000 -1000 -10 0.00362824
Car -1 -1 -10 897.960 1057.823 1308.864 1200.000 -1 -1 -1 -1000 -1000 -1000 -10 0.00340692
Car -1 -1 -10 1025.846 673.894 1203.827 1194.779 -1 -1 -1 -1000 -1000 -1000 -10 0.00328003
Car -1 -1 -10 923.972 949.073 1165.513 1200.000 -1 -1 -1 -1000 -1000 -1000 -10 0.00326809
Car -1 -1 -10 915.292 893.137 1219.208 1200.000 -1 -1 -1 -1000 -1000 -1000 -10 0.00326759
Car -1 -1 -10 216.541 1079.032 538.071 1200.000 -1 -1 -1 -1000 -1000 -1000 -10 0.00569425
Car -1 -1 -10 237.348 1084.047 296.446 1200.000 -1 -1 -1 -1000 -1000 -1000 -10 0.00565061
Car -1 -1 -10 247.449 1098.656 499.592 1200.000 -1 -1 -1 -1000 -1000 -1000 -10 0.00305995
Car -1 -1 -10 210.446 1156.672 249.563 1200.000 -1 -1 -1 -1000 -1000 -1000 -10 0.00302863
Car -1 -1 -10 220.171 1135.905 327.079 1200.000 -1 -1 -1 -1000 -1000 -1000 -10 0.00295703
Car -1 -1 -10 952.503 1077.703 1279.447 1200.000 -1 -1 -1 -1000 -1000 -1000 -10 0.00284700
Car -1 -1 -10 0.450 796.643 631.218 1200.000 -1 -1 -1 -1000 -1000 -1000 -10 0.00796710
Car -1 -1 -10 196.683 1128.303 264.022 1200.000 -1 -1 -1 -1000 -1000 -1000 -10 0.00281926
Car -1 -1 -10 1273.939 787.316 1920.000 1200.000 -1 -1 -1 -1000 -1000 -1000 -10 0.00269114
Car -1 -1 -10 137.378 1027.755 599.490 1200.000 -1 -1 -1 -1000 -1000 -1000 -10 0.00740099
Car -1 -1 -10 955.529 685.696 1131.586 1196.704 -1 -1 -1 -1000 -1000 -1000 -10 0.00253559
Car -1 -1 -10 569.149 515.082 1695.365 1177.835 -1 -1 -1 -1000 -1000 -1000 -10 0.00722056
Car -1 -1 -10 1051.672 765.806 1178.350 1200.000 -1 -1 -1 -1000 -1000 -1000 -10 0.00250373
Car -1 -1 -10 0.000 659.472 486.154 1200.000 -1 -1 -1 -1000 -1000 -1000 -10 0.00249451
Car -1 -1 -10 226.543 892.463 520.715 1200.000 -1 -1 -1 -1000 -1000 -1000 -10 0.00711236
Car -1 -1 -10 235.969 1117.460 315.368 1200.000 -1 -1 -1 -1000 -1000 -1000 -10 0.00434781
Car -1 -1 -10 702.378 994.939 1275.762 1200.000 -1 -1 -1 -1000 -1000 -1000 -10 0.00235615
Car -1 -1 -10 273.041 1081.151 333.551 1200.000 -1 -1 -1 -1000 -1000 -1000 -10 0.00223913
Car -1 -1 -10 223.548 1121.749 262.330 1200.000 -1 -1 -1 -1000 -1000 -1000 -10 0.00222844
Car -1 -1 -10 260.470 1156.403 298.484 1200.000 -1 -1 -1 -1000 -1000 -1000 -10 0.00217858
Car -1 -1 -10 903.787 645.146 1171.807 1200.000 -1 -1 -1 -1000 -1000 -1000 -10 0.00416555
Car -1 -1 -10 0.000 557.317 373.570 1200.000 -1 -1 -1 -1000 -1000 -1000 -10 0.00215331
Car -1 -1 -10 883.234 566.482 936.218 622.315 -1 -1 -1 -1000 -1000 -1000 -10 0.00214219
Car -1 -1 -10 309.983 1082.543 368.895 1200.000 -1 -1 -1 -1000 -1000 -1000 -10 0.00207278
Car -1 -1 -10 334.871 812.814 984.388 1185.324 -1 -1 -1 -1000 -1000 -1000 -10 0.00206441
Car -1 -1 -10 161.457 1100.492 411.406 1200.000 -1 -1 -1 -1000 -1000 -1000 -10 0.00198525
Car -1 -1 -10 207.767 786.596 396.474 1200.000 -1 -1 -1 -1000 -1000 -1000 -10 0.00193425
