Car -1 -1 -10 0.000 600.224 92.486 721.449 -1 -1 -1 -1000 -1000 -1000 -10 0.17172859
Car -1 -1 -10 1693.137 516.941 1911.060 703.838 -1 -1 -1 -1000 -1000 -1000 -10 0.12148920
Car -1 -1 -10 1627.966 477.360 1920.000 785.918 -1 -1 -1 -1000 -1000 -1000 -10 0.01658397
Car -1 -1 -10 1438.809 522.248 1725.947 662.899 -1 -1 -1 -1000 -1000 -1000 -10 0.00858230
Car -1 -1 -10 1452.899 529.468 1703.467 646.979 -1 -1 -1 -1000 -1000 -1000 -10 0.00779547
Car -1 -1 -10 1773.915 523.996 1908.429 659.339 -1 -1 -1 -1000 -1000 -1000 -10 0.00684091
Car -1 -1 -10 1581.527 515.633 1920.000 797.412 -1 -1 -1 -1000 -1000 -1000 -10 0.01233685
Car -1 -1 -10 1482.840 524.315 1668.532 611.353 -1 -1 -1 -1000 -1000 -1000 -10 0.01027363
Car -1 -1 -10 1756.791 532.336 1917.811 648.589 -1 -1 -1 -1000 -1000 -1000 -10 0.00946150
Car -1 -1 -10 18.452 554.683 80.633 758.650 -1 -1 -1 -1000 -1000 -1000 -10 0.00337511
Car -1 -1 -10 320.043 2.747 762.470 288.381 -1 -1 -1 -1000 -1000 -1000 -10 0.00322442
Car -1 -1 -10 1823.373 542.611 1920.000 682.930 -1 -1 -1 -1000 -1000 -1000 -10 0.00289690
Car -1 -1 -10 1776.875 498.695 1920.000 769.226 -1 -1 -1 -1000 -1000 -1000 -10 0.00279612
