Car -1 -1 -10 985.923 602.655 1186.074 737.475 -1 -1 -1 -1000 -1000 -1000 -10 0.99997693
Car -1 -1 -10 8.721 575.137 322.485 779.972 -1 -1 -1 -1000 -1000 -1000 -10 0.99853426
Car -1 -1 -10 545.581 627.560 614.322 686.572 -1 -1 -1 -1000 -1000 -1000 -10 0.85037549
Car -1 -1 -10 9.468 589.429 669.604 1182.805 -1 -1 -1 -1000 -1000 -1000 -10 0.04887309
Car -1 -1 -10 0.781 584.314 180.953 749.052 -1 -1 -1 -1000 -1000 -1000 -10 0.03570107
Car -1 -1 -10 915.407 615.047 990.326 676.667 -1 -1 -1 -1000 -1000 -1000 -10 0.02094529
Car -1 -1 -10 27.561 597.855 506.534 1175.117 -1 -1 -1 -1000 -1000 -1000 -10 0.00442171
Car -1 -1 -10 959.518 617.376 1016.178 673.057 -1 -1 -1 -1000 -1000 -1000 -10 0.00438212
Car -1 -1 -10 606.635 576.137 716.707 680.049 -1 -1 -1 -1000 -1000 -1000 -10 0.00406586
Car -1 -1 -10 0.000 580.475 414.006 1132.221 -1 -1 -1 -1000 -1000 -1000 -10 0.00290787
Car -1 -1 -10 932.384 613.180 1014.432 678.039 -1 -1 -1 -1000 -1000 -1000 -10 0.00238193
