Car -1 -1 -10 15.242 580.051 183.263 690.336 -1 -1 -1 -1000 -1000 -1000 -10 0.04708980
Car -1 -1 -10 3.627 546.972 196.345 685.385 -1 -1 -1 -1000 -1000 -1000 -10 0.03346385
Car -1 -1 -10 4.356 650.701 683.789 1183.174 -1 -1 -1 -1000 -1000 -1000 -10 0.02945529
Car -1 -1 -10 0.000 537.555 960.580 1174.360 -1 -1 -1 -1000 -1000 -1000 -10 0.01701403
Car -1 -1 -10 300.170 625.599 591.310 1175.188 -1 -1 -1 -1000 -1000 -1000 -10 0.01317639
Car -1 -1 -10 0.000 524.315 223.515 707.696 -1 -1 -1 -1000 -1000 -1000 -10 0.01237197
Car -1 -1 -10 80.052 481.170 1128.937 1186.296 -1 -1 -1 -1000 -1000 -1000 -10 0.01162563
Car -1 -1 -10 1358.692 575.893 1920.000 933.634 -1 -1 -1 -1000 -1000 -1000 -10 0.01456871
Car -1 -1 -10 1521.605 582.787 1915.477 947.928 -1 -1 -1 -1000 -1000 -1000 -10 0.00566190
Car -1 -1 -10 484.524 496.393 1589.763 1183.337 -1 -1 -1 -1000 -1000 -1000 -10 0.00999888
Car -1 -1 -10 1129.935 591.117 1301.424 681.943 -1 -1 -1 -1000 -1000 -1000 -10 0.01353079
Car -1 -1 -10 710.631 789.652 1395.693 1200.000 -1 -1 -1 -1000 -1000 -1000 -10 0.00728341
Car -1 -1 -10 0.000 556.849 126.615 673.455 -1 -1 -1 -1000 -1000 -1000 -10 0.00672292
Car -1 -1 -10 0.000 778.108 716.319 1193.597 -1 -1 -1 -1000 -1000 -1000 -10 0.00364653
Car -1 -1 -10 0.000 532.142 85.534 692.517 -1 -1 -1 -1000 -1000 -1000 -10 0.00357080
Car -1 -1 -10 0.000 531.104 120.104 655.000 -1 -1 -1 -1000 -1000 -1000 -10 0.00337162
Car -1 -1 -10 962.709 627.295 1335.992 1191.339 -1 -1 -1 -1000 -1000 -1000 -10 0.00334547
Car -1 -1 -10 1509.294 648.757 1920.000 875.822 -1 -1 -1 -1000 -1000 -1000 -10 0.00292854
Car -1 -1 -10 292.726 547.401 682.298 1200.000 -1 -1 -1 -1000 -1000 -1000 -10 0.00283638
Car -1 -1 -10 258.284 628.974 730.223 1134.989 -1 -1 -1 -1000 -1000 -1000 -10 0.00218007
