Car -1 -1 -10 4.206 550.728 187.687 768.539 -1 -1 -1 -1000 -1000 -1000 -10 0.99949950
Car -1 -1 -10 212.807 591.478 418.568 708.950 -1 -1 -1 -1000 -1000 -1000 -10 0.99937370
Car -1 -1 -10 375.830 572.768 491.922 684.315 -1 -1 -1 -1000 -1000 -1000 -10 0.49949600
Car -1 -1 -10 764.329 587.292 841.527 652.542 -1 -1 -1 -1000 -1000 -1000 -10 0.99430050
Car -1 -1 -10 346.039 572.914 485.773 685.977 -1 -1 -1 -1000 -1000 -1000 -10 0.41208889
Car -1 -1 -10 432.575 584.655 525.889 671.836 -1 -1 -1 -1000 -1000 -1000 -10 0.31445599
Car -1 -1 -10 504.077 588.356 578.329 659.326 -1 -1 -1 -1000 -1000 -1000 -10 0.12307080
Car -1 -1 -10 628.700 596.054 691.464 641.325 -1 -1 -1 -1000 -1000 -1000 -10 0.06175163
Car -1 -1 -10 302.892 584.234 455.991 691.660 -1 -1 -1 -1000 -1000 -1000 -10 0.01635699
Car -1 -1 -10 409.708 577.718 519.822 680.884 -1 -1 -1 -1000 -1000 -1000 -10 0.01387539
