Car -1 -1 -10 426.559 148.698 1910.608 1200.000 -1 -1 -1 -1000 -1000 -1000 -10 0.00919426
Car -1 -1 -10 1326.106 353.055 1919.154 755.192 -1 -1 -1 -1000 -1000 -1000 -10 0.01489116
Car -1 -1 -10 1304.364 541.909 1784.684 812.844 -1 -1 -1 -1000 -1000 -1000 -10 0.00355801
Car -1 -1 -10 1274.475 158.040 1920.000 1200.000 -1 -1 -1 -1000 -1000 -1000 -10 0.00662442
Car -1 -1 -10 1083.170 496.593 1920.000 1200.000 -1 -1 -1 -1000 -1000 -1000 -10 0.00533600
Car -1 -1 -10 1554.966 339.889 1879.520 921.031 -1 -1 -1 -1000 -1000 -1000 -10 0.00322906
Car -1 -1 -10 1481.682 335.576 1920.000 619.489 -1 -1 -1 -1000 -1000 -1000 -10 0.00274897
Car -1 -1 -10 1186.038 459.090 1845.655 840.621 -1 -1 -1 -1000 -1000 -1000 -10 0.00460136
Car -1 -1 -10 1045.282 432.205 1658.057 807.143 -1 -1 -1 -1000 -1000 -1000 -10 0.00257242
Car -1 -1 -10 0.000 585.307 499.132 1200.000 -1 -1 -1 -1000 -1000 -1000 -10 0.00509417
Car -1 -1 -10 1367.658 460.595 1806.734 692.739 -1 -1 -1 -1000 -1000 -1000 -10 0.00255200
Car -1 -1 -10 1118.425 445.862 1736.876 799.313 -1 -1 -1 -1000 -1000 -1000 -10 0.00243564
Car -1 -1 -10 1315.880 542.256 1905.587 959.017 -1 -1 -1 -1000 -1000 -1000 -10 0.00232475
Car -1 -1 -10 1466.289 187.202 1853.553 909.057 -1 -1 -1 -1000 -1000 -1000 -10 0.00417483
Car -1 -1 -10 1374.281 0.017 1907.824 675.490 -1 -1 -1 -1000 -1000 -1000 -10 0.00223015
Car -1 -1 -10 1373.762 198.953 1746.992 901.899 -1 -1 -1 -1000 -1000 -1000 -10 0.00216189
Car -1 -1 -10 1452.800 76.599 1920.000 607.558 -1 -1 -1 -1000 -1000 -1000 -10 0.00210146
Car -1 -1 -10 1548.983 255.081 1917.693 686.970 -1 -1 -1 -1000 -1000 -1000 -10 0.00198526
Car -1 -1 -10 0.000 818.777 214.037 1192.545 -1 -1 -1 -1000 -1000 -1000 -10 0.00198210
