Car -1 -1 -10 873.829 557.957 1005.076 681.780 -1 -1 -1 -1000 -1000 -1000 -10 0.99796216
Car -1 -1 -10 768.868 559.717 820.123 605.306 -1 -1 -1 -1000 -1000 -1000 -10 0.30139475
Car -1 -1 -10 539.939 557.975 599.209 612.330 -1 -1 -1 -1000 -1000 -1000 -10 0.05302744
Car -1 -1 -10 1395.456 598.660 1907.554 1200.000 -1 -1 -1 -1000 -1000 -1000 -10 0.03037632
Car -1 -1 -10 1600.522 620.499 1863.488 1127.189 -1 -1 -1 -1000 -1000 -1000 -10 0.00466387
Car -1 -1 -10 774.994 535.687 813.028 590.376 -1 -1 -1 -1000 -1000 -1000 -10 0.00295360
Car -1 -1 -10 743.205 536.010 837.399 607.281 -1 -1 -1 -1000 -1000 -1000 -10 0.00140920
Car -1 -1 -10 841.081 437.551 1034.171 741.848 -1 -1 -1 -1000 -1000 -1000 -10 0.00137854
Car -1 -1 -10 755.460 0.000 1190.125 301.884 -1 -1 -1 -1000 -1000 -1000 -10 0.00132433
Car -1 -1 -10 868.696 345.739 1009.655 812.154 -1 -1 -1 -1000 -1000 -1000 -10 0.00243127
Car -1 -1 -10 658.742 3.775 1031.414 372.227 -1 -1 -1 -1000 -1000 -1000 -10 0.00100209
Car -1 -1 -10 748.388 539.855 822.320 600.062 -1 -1 -1 -1000 -1000 -1000 -10 0.00096062
Car -1 -1 -10 1131.102 577.690 1187.148 635.324 -1 -1 -1 -1000 -1000 -1000 -10 0.00089778
Car -1 -1 -10 912.033 547.234 1018.308 645.614 -1 -1 -1 -1000 -1000 -1000 -10 0.00176427
Car -1 -1 -10 1535.542 624.823 1791.674 1110.378 -1 -1 -1 -1000 -1000 -1000 -10 0.00086428
Car -1 -1 -10 585.445 0.000 1168.394 215.492 -1 -1 -1 -1000 -1000 -1000 -10 0.00085034
Car -1 -1 -10 1478.985 0.000 1920.000 321.900 -1 -1 -1 -1000 -1000 -1000 -10 0.00161118
Car -1 -1 -10 1628.584 0.000 1920.000 210.815 -1 -1 -1 -1000 -1000 -1000 -10 0.00163364
Car -1 -1 -10 915.034 473.792 967.636 760.679 -1 -1 -1 -1000 -1000 -1000 -10 0.00160131
Car -1 -1 -10 1577.504 767.144 1920.000 1200.000 -1 -1 -1 -1000 -1000 -1000 -10 0.00144352
Car -1 -1 -10 823.596 23.483 1078.667 472.767 -1 -1 -1 -1000 -1000 -1000 -10 0.00143261
Car -1 -1 -10 629.659 2.812 1214.073 274.487 -1 -1 -1 -1000 -1000 -1000 -10 0.00077105
Car -1 -1 -10 894.904 337.593 984.735 865.308 -1 -1 -1 -1000 -1000 -1000 -10 0.00076861
Car -1 -1 -10 0.000 816.323 452.086 1200.000 -1 -1 -1 -1000 -1000 -1000 -10 0.00149288
Car -1 -1 -10 737.025 35.356 919.049 511.654 -1 -1 -1 -1000 -1000 -1000 -10 0.00074904
Car -1 -1 -10 704.553 18.427 958.785 471.691 -1 -1 -1 -1000 -1000 -1000 -10 0.00067068
Car -1 -1 -10 541.899 0.000 1050.143 193.278 -1 -1 -1 -1000 -1000 -1000 -10 0.00066429
Car -1 -1 -10 921.848 562.073 958.378 623.224 -1 -1 -1 -1000 -1000 -1000 -10 0.00065649
