Car -1 -1 -10 777.440 579.361 1003.967 769.042 -1 -1 -1 -1000 -1000 -1000 -10 0.99900916
Car -1 -1 -10 641.720 612.544 688.989 654.931 -1 -1 -1 -1000 -1000 -1000 -10 0.46481545
Car -1 -1 -10 0.000 549.857 925.160 1196.121 -1 -1 -1 -1000 -1000 -1000 -10 0.02365826
Car -1 -1 -10 324.612 600.177 491.644 677.000 -1 -1 -1 -1000 -1000 -1000 -10 0.01365502
Car -1 -1 -10 0.828 717.253 622.140 1192.108 -1 -1 -1 -1000 -1000 -1000 -10 0.01802423
Car -1 -1 -10 776.908 592.424 907.470 735.358 -1 -1 -1 -1000 -1000 -1000 -10 0.00661204
Car -1 -1 -10 12.097 644.585 303.791 1196.533 -1 -1 -1 -1000 -1000 -1000 -10 0.00416053
Car -1 -1 -10 874.826 587.327 990.559 699.625 -1 -1 -1 -1000 -1000 -1000 -10 0.00658710
Car -1 -1 -10 0.000 542.094 350.268 1200.000 -1 -1 -1 -1000 -1000 -1000 -10 0.00223310
Car -1 -1 -10 170.353 668.097 392.064 1184.161 -1 -1 -1 -1000 -1000 -1000 -10 0.00183630
Car -1 -1 -10 396.638 611.910 483.421 673.734 -1 -1 -1 -1000 -1000 -1000 -10 0.00168210
Car -1 -1 -10 102.696 632.102 256.739 1197.948 -1 -1 -1 -1000 -1000 -1000 -10 0.00164220
