Car -1 -1 -10 167.966 536.693 967.920 950.007 -1 -1 -1 -1000 -1000 -1000 -10 0.40854974
Car -1 -1 -10 18.883 529.498 1093.129 989.558 -1 -1 -1 -1000 -1000 -1000 -10 0.35118821
Car -1 -1 -10 0.000 485.199 1005.559 1150.996 -1 -1 -1 -1000 -1000 -1000 -10 0.20194132
Car -1 -1 -10 868.182 549.866 1920.000 1197.869 -1 -1 -1 -1000 -1000 -1000 -10 0.11368318
Car -1 -1 -10 11.429 547.240 661.954 1127.835 -1 -1 -1 -1000 -1000 -1000 -10 0.05442510
Car -1 -1 -10 335.503 523.691 959.783 876.802 -1 -1 -1 -1000 -1000 -1000 -10 0.02363905
Car -1 -1 -10 0.000 612.405 729.944 1185.308 -1 -1 -1 -1000 -1000 -1000 -10 0.01113403
Car -1 -1 -10 74.020 0.000 576.935 190.226 -1 -1 -1 -1000 -1000 -1000 -10 0.02410567
Car -1 -1 -10 19.553 547.493 628.128 907.191 -1 -1 -1 -1000 -1000 -1000 -10 0.00920337
Car -1 -1 -10 22.968 0.321 766.897 294.944 -1 -1 -1 -1000 -1000 -1000 -10 0.02376941
Car -1 -1 -10 1010.829 674.460 1818.852 1151.879 -1 -1 -1 -1000 -1000 -1000 -10 0.01507869
Car -1 -1 -10 1147.921 646.897 1886.679 1089.089 -1 -1 -1 -1000 -1000 -1000 -10 0.00765950
Car -1 -1 -10 208.289 5.029 681.123 266.733 -1 -1 -1 -1000 -1000 -1000 -10 0.00714190
Car -1 -1 -10 1240.609 656.707 1920.000 1192.800 -1 -1 -1 -1000 -1000 -1000 -10 0.00695242
Car -1 -1 -10 236.150 41.126 647.850 298.784 -1 -1 -1 -1000 -1000 -1000 -10 0.00690833
Car -1 -1 -10 253.893 0.000 631.420 212.765 -1 -1 -1 -1000 -1000 -1000 -10 0.00592742
Car -1 -1 -10 460.539 529.521 932.623 834.187 -1 -1 -1 -1000 -1000 -1000 -10 0.00591130
