Car -1 -1 -10 830.376 572.023 951.343 673.370 -1 -1 -1 -1000 -1000 -1000 -10 0.99975777
Car -1 -1 -10 626.854 573.456 775.811 684.756 -1 -1 -1 -1000 -1000 -1000 -10 0.99978983
Car -1 -1 -10 332.393 582.565 616.577 762.812 -1 -1 -1 -1000 -1000 -1000 -10 0.99989152
Car -1 -1 -10 915.518 577.875 975.884 639.165 -1 -1 -1 -1000 -1000 -1000 -10 0.05254141
Car -1 -1 -10 889.043 576.284 978.344 656.998 -1 -1 -1 -1000 -1000 -1000 -10 0.00270517
Car -1 -1 -10 1357.024 459.209 1643.974 624.288 -1 -1 -1 -1000 -1000 -1000 -10 0.00453500
Car -1 -1 -10 690.635 566.021 788.789 668.706 -1 -1 -1 -1000 -1000 -1000 -10 0.00447593
Car -1 -1 -10 0.000 798.907 459.378 1199.416 -1 -1 -1 -1000 -1000 -1000 -10 0.00836095
Car -1 -1 -10 403.634 590.367 527.839 698.659 -1 -1 -1 -1000 -1000 -1000 -10 0.00153949
Car -1 -1 -10 0.000 1105.766 90.963 1200.000 -1 -1 -1 -1000 -1000 -1000 -10 0.00152301
