Car -1 -1 -10 1193.076 540.362 1450.617 705.357 -1 -1 -1 -1000 -1000 -1000 -10 0.99998245
Car -1 -1 -10 1288.567 547.837 1432.029 678.945 -1 -1 -1 -1000 -1000 -1000 -10 0.00365098
Car -1 -1 -10 1198.097 545.347 1339.905 679.173 -1 -1 -1 -1000 -1000 -1000 -10 0.00236209
Car -1 -1 -10 0.000 0.000 510.152 379.544 -1 -1 -1 -1000 -1000 -1000 -10 0.00414177
Car -1 -1 -10 50.197 12.186 422.672 806.150 -1 -1 -1 -1000 -1000 -1000 -10 0.00279865
Car -1 -1 -10 242.831 0.000 860.025 367.532 -1 -1 -1 -1000 -1000 -1000 -10 0.00255897
Car -1 -1 -10 0.000 0.000 442.711 324.239 -1 -1 -1 -1000 -1000 -1000 -10 0.00131574
Car -1 -1 -10 1255.324 534.488 1365.934 652.900 -1 -1 -1 -1000 -1000 -1000 -10 0.00124238
Car -1 -1 -10 103.865 42.557 400.823 983.047 -1 -1 -1 -1000 -1000 -1000 -10 0.00219418
Car -1 -1 -10 122.514 0.000 980.534 319.356 -1 -1 -1 -1000 -1000 -1000 -10 0.00222210
Car -1 -1 -10 0.000 0.000 302.068 258.604 -1 -1 -1 -1000 -1000 -1000 -10 0.00225906
Car -1 -1 -10 72.834 0.000 670.117 257.733 -1 -1 -1 -1000 -1000 -1000 -10 0.00113287
Car -1 -1 -10 118.634 0.000 611.639 527.848 -1 -1 -1 -1000 -1000 -1000 -10 0.00113161
Car -1 -1 -10 0.000 0.000 383.851 678.307 -1 -1 -1 -1000 -1000 -1000 -10 0.00110114
Car -1 -1 -10 0.000 804.438 456.059 1199.528 -1 -1 -1 -1000 -1000 -1000 -10 0.00316341
Car -1 -1 -10 78.792 47.413 230.022 638.182 -1 -1 -1 -1000 -1000 -1000 -10 0.00107177
Car -1 -1 -10 1056.543 643.384 1226.713 1184.642 -1 -1 -1 -1000 -1000 -1000 -10 0.00102333
Car -1 -1 -10 175.278 41.185 325.671 637.821 -1 -1 -1 -1000 -1000 -1000 -10 0.00101887
Car -1 -1 -10 832.924 657.265 1017.840 1194.628 -1 -1 -1 -1000 -1000 -1000 -10 0.00101611
Car -1 -1 -10 130.271 45.025 280.471 637.220 -1 -1 -1 -1000 -1000 -1000 -10 0.00099735
Car -1 -1 -10 281.902 25.572 581.084 958.249 -1 -1 -1 -1000 -1000 -1000 -10 0.00099290
Car -1 -1 -10 202.482 44.490 352.359 637.187 -1 -1 -1 -1000 -1000 -1000 -10 0.00095216
Car -1 -1 -10 1459.944 547.065 1619.073 629.565 -1 -1 -1 -1000 -1000 -1000 -10 0.00093827
