Car -1 -1 -10 716.721 595.665 785.875 645.339 -1 -1 -1 -1000 -1000 -1000 -10 0.09782392
Car -1 -1 -10 895.704 576.606 1034.091 640.394 -1 -1 -1 -1000 -1000 -1000 -10 0.04901144
Car -1 -1 -10 488.162 606.509 580.638 662.054 -1 -1 -1 -1000 -1000 -1000 -10 0.05284313
Car -1 -1 -10 657.769 595.195 798.335 660.442 -1 -1 -1 -1000 -1000 -1000 -10 0.01629335
Car -1 -1 -10 927.631 578.668 1025.148 634.634 -1 -1 -1 -1000 -1000 -1000 -10 0.02486260
Car -1 -1 -10 661.151 586.691 792.753 653.772 -1 -1 -1 -1000 -1000 -1000 -10 0.01264525
Car -1 -1 -10 930.285 584.657 1004.903 633.234 -1 -1 -1 -1000 -1000 -1000 -10 0.00601386
Car -1 -1 -10 443.512 606.819 539.375 661.487 -1 -1 -1 -1000 -1000 -1000 -10 0.00820253
Car -1 -1 -10 900.020 582.596 964.989 638.399 -1 -1 -1 -1000 -1000 -1000 -10 0.00336285
Car -1 -1 -10 0.000 802.393 457.855 1199.954 -1 -1 -1 -1000 -1000 -1000 -10 0.00594769
Car -1 -1 -10 11.815 686.964 249.568 1200.000 -1 -1 -1 -1000 -1000 -1000 -10 0.00288842
Car -1 -1 -10 43.646 650.780 217.219 1194.361 -1 -1 -1 -1000 -1000 -1000 -10 0.00237466
Car -1 -1 -10 0.000 966.647 209.556 1200.000 -1 -1 -1 -1000 -1000 -1000 -10 0.00135745
Car -1 -1 -10 429.260 1105.590 686.328 1200.000 -1 -1 -1 -1000 -1000 -1000 -10 0.00241379
Car -1 -1 -10 0.628 1020.911 265.951 1200.000 -1 -1 -1 -1000 -1000 -1000 -10 0.00131876
Car -1 -1 -10 11.030 1106.189 242.295 1200.000 -1 -1 -1 -1000 -1000 -1000 -10 0.00308116
Car -1 -1 -10 187.357 600.898 314.939 1196.113 -1 -1 -1 -1000 -1000 -1000 -10 0.00115683
Car -1 -1 -10 0.000 1107.221 91.164 1200.000 -1 -1 -1 -1000 -1000 -1000 -10 0.00102680
Car -1 -1 -10 1576.888 566.243 1920.000 1200.000 -1 -1 -1 -1000 -1000 -1000 -10 0.00100110
Car -1 -1 -10 115.346 739.023 242.819 1200.000 -1 -1 -1 -1000 -1000 -1000 -10 0.00100054
Car -1 -1 -10 61.313 295.350 373.303 1199.360 -1 -1 -1 -1000 -1000 -1000 -10 0.00172600
Car -1 -1 -10 0.066 1110.361 123.296 1200.000 -1 -1 -1 -1000 -1000 -1000 -10 0.00193281
Car -1 -1 -10 472.337 610.046 654.359 1184.061 -1 -1 -1 -1000 -1000 -1000 -10 0.00174117
Car -1 -1 -10 0.000 959.850 304.926 1200.000 -1 -1 -1 -1000 -1000 -1000 -10 0.00189274
Car -1 -1 -10 235.632 601.640 363.739 1193.053 -1 -1 -1 -1000 -1000 -1000 -10 0.00184658
Car -1 -1 -10 675.856 594.866 754.577 643.944 -1 -1 -1 -1000 -1000 -1000 -10 0.00090314
Car -1 -1 -10 53.495 848.883 176.322 1200.000 -1 -1 -1 -1000 -1000 -1000 -10 0.00089821
Car -1 -1 -10 64.136 1008.656 163.037 1200.000 -1 -1 -1 -1000 -1000 -1000 -10 0.00089168
Car -1 -1 -10 155.199 542.257 304.053 1200.000 -1 -1 -1 -1000 -1000 -1000 -10 0.00088869
Car -1 -1 -10 321.180 1045.656 770.430 1200.000 -1 -1 -1 -1000 -1000 -1000 -10 0.00087829
Car -1 -1 -10 0.000 1104.697 49.096 1200.000 -1 -1 -1 -1000 -1000 -1000 -10 0.00083257
Car -1 -1 -10 1435.191 605.399 1920.000 1200.000 -1 -1 -1 -1000 -1000 -1000 -10 0.00081592
Car -1 -1 -10 117.619 639.654 289.834 1192.467 -1 -1 -1 -1000 -1000 -1000 -10 0.00080626
Car -1 -1 -10 550.516 634.043 718.777 1187.740 -1 -1 -1 -1000 -1000 -1000 -10 0.00080485
Car -1 -1 -10 548.794 1159.308 587.357 1200.000 -1 -1 -1 -1000 -1000 -1000 -10 0.00080361
Car -1 -1 -10 891.447 1159.144 928.592 1200.000 -1 -1 -1 -1000 -1000 -1000 -10 0.00076727
Car -1 -1 -10 1421.130 481.346 1920.000 1047.737 -1 -1 -1 -1000 -1000 -1000 -10 0.00076245
Car -1 -1 -10 199.950 543.327 348.599 1200.000 -1 -1 -1 -1000 -1000 -1000 -10 0.00073681
Car -1 -1 -10 520.786 1120.248 602.014 1200.000 -1 -1 -1 -1000 -1000 -1000 -10 0.00072389
