Car -1 -1 -10 114.263 541.998 240.393 621.437 -1 -1 -1 -1000 -1000 -1000 -10 0.98514956
Car -1 -1 -10 252.951 549.363 367.257 615.660 -1 -1 -1 -1000 -1000 -1000 -10 0.89624228
Car -1 -1 -10 985.589 1081.317 1316.702 1200.000 -1 -1 -1 -1000 -1000 -1000 -10 0.03623266
Car -1 -1 -10 486.135 484.024 1774.331 1181.383 -1 -1 -1 -1000 -1000 -1000 -10 0.02464268
Car -1 -1 -10 249.095 490.883 1549.143 1176.766 -1 -1 -1 -1000 -1000 -1000 -10 0.02387717
Car -1 -1 -10 412.307 546.174 496.635 603.506 -1 -1 -1 -1000 -1000 -1000 -10 0.01520511
Car -1 -1 -10 424.818 546.555 489.459 599.526 -1 -1 -1 -1000 -1000 -1000 -10 0.01208195
Car -1 -1 -10 1065.685 1101.369 1243.166 1200.000 -1 -1 -1 -1000 -1000 -1000 -10 0.02411233
Car -1 -1 -10 882.021 1014.927 1417.780 1199.577 -1 -1 -1 -1000 -1000 -1000 -10 0.01902329
Car -1 -1 -10 1056.201 676.239 1225.169 1194.214 -1 -1 -1 -1000 -1000 -1000 -10 0.00985247
Car -1 -1 -10 1128.997 1091.914 1289.416 1188.723 -1 -1 -1 -1000 -1000 -1000 -10 0.01663326
Car -1 -1 -10 865.165 1070.740 1196.492 1199.100 -1 -1 -1 -1000 -1000 -1000 -10 0.01366468
Car -1 -1 -10 1113.591 1072.766 1176.020 1200.000 -1 -1 -1 -1000 -1000 -1000 -10 0.01146384
Car -1 -1 -10 905.268 1096.595 1168.059 1200.000 -1 -1 -1 -1000 -1000 -1000 -10 0.00478466
Car -1 -1 -10 1050.033 811.265 1229.529 1199.407 -1 -1 -1 -1000 -1000 -1000 -10 0.00478360
Car -1 -1 -10 1038.189 1045.765 1205.305 1199.807 -1 -1 -1 -1000 -1000 -1000 -10 0.00467828
Car -1 -1 -10 1010.464 907.033 1295.827 1198.397 -1 -1 -1 -1000 -1000 -1000 -10 0.00758904
Car -1 -1 -10 825.333 801.092 1496.177 1200.000 -1 -1 -1 -1000 -1000 -1000 -10 0.01022767
Car -1 -1 -10 1051.432 520.601 1920.000 1200.000 -1 -1 -1 -1000 -1000 -1000 -10 0.00781808
Car -1 -1 -10 693.154 892.235 1546.152 1200.000 -1 -1 -1 -1000 -1000 -1000 -10 0.00385882
Car -1 -1 -10 1111.026 1136.145 1220.709 1200.000 -1 -1 -1 -1000 -1000 -1000 -10 0.00343580
Car -1 -1 -10 1126.807 1118.371 1207.197 1200.000 -1 -1 -1 -1000 -1000 -1000 -10 0.00331354
Car -1 -1 -10 0.000 792.320 467.858 1198.051 -1 -1 -1 -1000 -1000 -1000 -10 0.00609211
Car -1 -1 -10 956.968 659.438 1131.997 1191.962 -1 -1 -1 -1000 -1000 -1000 -10 0.00293902
Car -1 -1 -10 1087.269 929.989 1228.844 1200.000 -1 -1 -1 -1000 -1000 -1000 -10 0.00287490
Car -1 -1 -10 1081.282 1071.312 1241.883 1166.257 -1 -1 -1 -1000 -1000 -1000 -10 0.00280990
Car -1 -1 -10 1126.300 1066.967 1190.915 1200.000 -1 -1 -1 -1000 -1000 -1000 -10 0.00275293
Car -1 -1 -10 1112.123 1022.547 1204.075 1200.000 -1 -1 -1 -1000 -1000 -1000 -10 0.00273914
Car -1 -1 -10 1453.787 581.501 1920.000 1189.110 -1 -1 -1 -1000 -1000 -1000 -10 0.00273675
Car -1 -1 -10 1141.453 1101.206 1404.032 1200.000 -1 -1 -1 -1000 -1000 -1000 -10 0.00269464
Car -1 -1 -10 924.902 1089.286 1087.185 1188.880 -1 -1 -1 -1000 -1000 -1000 -10 0.00266380
Car -1 -1 -10 885.193 850.458 1202.581 1196.317 -1 -1 -1 -1000 -1000 -1000 -10 0.00252987
Car -1 -1 -10 1154.869 1082.908 1485.864 1200.000 -1 -1 -1 -1000 -1000 -1000 -10 0.00252872
