Car -1 -1 -10 526.455 547.709 680.637 702.360 -1 -1 -1 -1000 -1000 -1000 -10 0.99972735
Car -1 -1 -10 1873.741 504.767 1920.000 582.703 -1 -1 -1 -1000 -1000 -1000 -10 0.37076721
Car -1 -1 -10 373.446 585.867 476.079 663.334 -1 -1 -1 -1000 -1000 -1000 -10 0.51427765
Car -1 -1 -10 198.803 609.496 255.535 657.889 -1 -1 -1 -1000 -1000 -1000 -10 0.06459575
Car -1 -1 -10 355.108 594.038 409.356 647.622 -1 -1 -1 -1000 -1000 -1000 -10 0.04999475
Car -1 -1 -10 1866.821 492.528 1919.700 594.399 -1 -1 -1 -1000 -1000 -1000 -10 0.01775556
Car -1 -1 -10 367.487 495.760 1672.890 1194.398 -1 -1 -1 -1000 -1000 -1000 -10 0.00932039
Car -1 -1 -10 745.419 504.041 1920.000 1198.675 -1 -1 -1 -1000 -1000 -1000 -10 0.00544416
Car -1 -1 -10 1888.317 501.554 1920.000 563.253 -1 -1 -1 -1000 -1000 -1000 -10 0.00235175
Car -1 -1 -10 0.000 793.618 460.124 1198.843 -1 -1 -1 -1000 -1000 -1000 -10 0.00784384
Car -1 -1 -10 335.760 1104.760 591.293 1200.000 -1 -1 -1 -1000 -1000 -1000 -10 0.00690783
Car -1 -1 -10 277.688 1063.881 683.230 1200.000 -1 -1 -1 -1000 -1000 -1000 -10 0.00701691
Car -1 -1 -10 280.439 607.923 333.789 652.753 -1 -1 -1 -1000 -1000 -1000 -10 0.00366657
Car -1 -1 -10 467.816 1115.286 546.700 1200.000 -1 -1 -1 -1000 -1000 -1000 -10 0.00364476
Car -1 -1 -10 589.866 767.801 1460.944 1185.789 -1 -1 -1 -1000 -1000 -1000 -10 0.00486393
Car -1 -1 -10 487.740 1121.979 526.548 1200.000 -1 -1 -1 -1000 -1000 -1000 -10 0.00189409
Car -1 -1 -10 395.712 697.373 639.298 1194.981 -1 -1 -1 -1000 -1000 -1000 -10 0.00177596
Car -1 -1 -10 440.534 1083.722 759.197 1200.000 -1 -1 -1 -1000 -1000 -1000 -10 0.00164080
Car -1 -1 -10 1656.809 501.082 1920.000 857.944 -1 -1 -1 -1000 -1000 -1000 -10 0.00421209
Car -1 -1 -10 410.653 676.928 572.277 1194.300 -1 -1 -1 -1000 -1000 -1000 -10 0.00290667
Car -1 -1 -10 356.739 640.572 532.811 1189.992 -1 -1 -1 -1000 -1000 -1000 -10 0.00154185
Car -1 -1 -10 362.814 595.650 432.474 662.057 -1 -1 -1 -1000 -1000 -1000 -10 0.00152839
Car -1 -1 -10 1548.179 406.546 1920.000 901.086 -1 -1 -1 -1000 -1000 -1000 -10 0.00152398
Car -1 -1 -10 406.687 815.488 749.305 1198.593 -1 -1 -1 -1000 -1000 -1000 -10 0.00399453
Car -1 -1 -10 481.385 1141.788 532.243 1200.000 -1 -1 -1 -1000 -1000 -1000 -10 0.00144216
Car -1 -1 -10 1822.911 479.154 1920.000 600.444 -1 -1 -1 -1000 -1000 -1000 -10 0.00138921
Car -1 -1 -10 882.259 613.995 1012.758 1194.009 -1 -1 -1 -1000 -1000 -1000 -10 0.00138117
Car -1 -1 -10 177.613 762.380 835.533 1200.000 -1 -1 -1 -1000 -1000 -1000 -10 0.00265365
Car -1 -1 -10 561.183 736.334 900.294 1187.061 -1 -1 -1 -1000 -1000 -1000 -10 0.00136249
Car -1 -1 -10 568.630 1039.194 1012.637 1200.000 -1 -1 -1 -1000 -1000 -1000 -10 0.00136215
Car -1 -1 -10 421.926 1078.119 550.361 1200.000 -1 -1 -1 -1000 -1000 -1000 -10 0.00265548
Car -1 -1 -10 466.298 695.610 661.517 1184.605 -1 -1 -1 -1000 -1000 -1000 -10 0.00134067
Car -1 -1 -10 519.499 1103.882 693.330 1200.000 -1 -1 -1 -1000 -1000 -1000 -10 0.00133669
Car -1 -1 -10 285.281 634.815 459.307 1190.900 -1 -1 -1 -1000 -1000 -1000 -10 0.00133191
Car -1 -1 -10 446.803 1018.650 764.687 1200.000 -1 -1 -1 -1000 -1000 -1000 -10 0.00132559
Car -1 -1 -10 383.469 586.003 429.165 656.065 -1 -1 -1 -1000 -1000 -1000 -10 0.00132347
Car -1 -1 -10 250.214 1105.115 500.532 1200.000 -1 -1 -1 -1000 -1000 -1000 -10 0.00127189
Car -1 -1 -10 429.793 748.160 554.873 1200.000 -1 -1 -1 -1000 -1000 -1000 -10 0.00124737
Car -1 -1 -10 496.687 1019.504 819.734 1200.000 -1 -1 -1 -1000 -1000 -1000 -10 0.00123364
Car -1 -1 -10 423.803 1106.425 676.608 1200.000 -1 -1 -1 -1000 -1000 -1000 -10 0.00117185
Car -1 -1 -10 687.306 798.856 1380.336 1200.000 -1 -1 -1 -1000 -1000 -1000 -10 0.00115530
Car -1 -1 -10 592.460 770.965 778.004 1200.000 -1 -1 -1 -1000 -1000 -1000 -10 0.00114988
Car -1 -1 -10 484.350 828.701 645.190 1200.000 -1 -1 -1 -1000 -1000 -1000 -10 0.00113075
Car -1 -1 -10 652.113 1103.954 903.630 1200.000 -1 -1 -1 -1000 -1000 -1000 -10 0.00110497
