Car -1 -1 -10 992.333 602.901 1090.817 683.160 -1 -1 -1 -1000 -1000 -1000 -10 0.11425916
Car -1 -1 -10 174.041 687.286 674.949 1197.368 -1 -1 -1 -1000 -1000 -1000 -10 0.02054176
Car -1 -1 -10 0.000 651.929 486.949 1199.154 -1 -1 -1 -1000 -1000 -1000 -10 0.01608073
Car -1 -1 -10 442.284 1092.114 604.881 1186.206 -1 -1 -1 -1000 -1000 -1000 -10 0.01132087
Car -1 -1 -10 243.111 587.246 450.623 1184.206 -1 -1 -1 -1000 -1000 -1000 -10 0.01043679
Car -1 -1 -10 285.147 1060.044 685.860 1200.000 -1 -1 -1 -1000 -1000 -1000 -10 0.00779536
Car -1 -1 -10 1272.315 369.912 1899.151 919.475 -1 -1 -1 -1000 -1000 -1000 -10 0.00558835
Car -1 -1 -10 449.454 623.407 630.225 1188.519 -1 -1 -1 -1000 -1000 -1000 -10 0.00456520
Car -1 -1 -10 1497.469 365.821 1920.000 920.043 -1 -1 -1 -1000 -1000 -1000 -10 0.00249344
Car -1 -1 -10 1640.660 388.886 1920.000 924.500 -1 -1 -1 -1000 -1000 -1000 -10 0.00245440
Car -1 -1 -10 463.666 1039.556 874.356 1200.000 -1 -1 -1 -1000 -1000 -1000 -10 0.00672917
Car -1 -1 -10 302.615 1101.130 560.930 1200.000 -1 -1 -1 -1000 -1000 -1000 -10 0.00423990
Car -1 -1 -10 1447.118 230.893 1920.000 816.135 -1 -1 -1 -1000 -1000 -1000 -10 0.00213605
Car -1 -1 -10 315.004 889.171 611.732 1200.000 -1 -1 -1 -1000 -1000 -1000 -10 0.00208074
Car -1 -1 -10 407.904 1073.319 577.222 1162.166 -1 -1 -1 -1000 -1000 -1000 -10 0.00198981
Car -1 -1 -10 931.408 603.192 982.364 660.003 -1 -1 -1 -1000 -1000 -1000 -10 0.00192064
Car -1 -1 -10 380.407 655.032 556.220 1193.169 -1 -1 -1 -1000 -1000 -1000 -10 0.00191851
Car -1 -1 -10 1536.863 565.996 1914.961 875.093 -1 -1 -1 -1000 -1000 -1000 -10 0.00370385
Car -1 -1 -10 189.948 1085.720 514.992 1200.000 -1 -1 -1 -1000 -1000 -1000 -10 0.00181937
Car -1 -1 -10 339.311 591.454 544.322 1185.518 -1 -1 -1 -1000 -1000 -1000 -10 0.00180900
Car -1 -1 -10 542.112 703.256 780.112 1200.000 -1 -1 -1 -1000 -1000 -1000 -10 0.00180718
Car -1 -1 -10 1457.799 485.170 1920.000 1180.820 -1 -1 -1 -1000 -1000 -1000 -10 0.00178892
Car -1 -1 -10 184.104 936.339 806.375 1200.000 -1 -1 -1 -1000 -1000 -1000 -10 0.00175511
Car -1 -1 -10 573.875 1103.076 738.165 1200.000 -1 -1 -1 -1000 -1000 -1000 -10 0.00173209
Car -1 -1 -10 227.197 1104.086 483.165 1200.000 -1 -1 -1 -1000 -1000 -1000 -10 0.00170012
