Car -1 -1 -10 755.310 612.810 826.412 669.935 -1 -1 -1 -1000 -1000 -1000 -10 0.78081205
Car -1 -1 -10 866.869 611.398 918.586 658.560 -1 -1 -1 -1000 -1000 -1000 -10 0.00786005
Car -1 -1 -10 0.000 801.239 455.673 1199.708 -1 -1 -1 -1000 -1000 -1000 -10 0.00629669
Car -1 -1 -10 937.710 568.641 1088.111 665.117 -1 -1 -1 -1000 -1000 -1000 -10 0.00288831
Car -1 -1 -10 12.773 675.404 251.331 1200.000 -1 -1 -1 -1000 -1000 -1000 -10 0.00142077
Car -1 -1 -10 86.079 1158.676 122.772 1200.000 -1 -1 -1 -1000 -1000 -1000 -10 0.00131082
Car -1 -1 -10 253.928 588.929 445.641 1176.042 -1 -1 -1 -1000 -1000 -1000 -10 0.00220726
Car -1 -1 -10 1580.392 620.692 1743.511 702.764 -1 -1 -1 -1000 -1000 -1000 -10 0.00437587
Car -1 -1 -10 0.000 1000.388 267.605 1200.000 -1 -1 -1 -1000 -1000 -1000 -10 0.00320479
Car -1 -1 -10 111.231 272.834 415.643 1197.545 -1 -1 -1 -1000 -1000 -1000 -10 0.00211357
Car -1 -1 -10 0.141 1110.538 124.413 1200.000 -1 -1 -1 -1000 -1000 -1000 -10 0.00215157
Car -1 -1 -10 43.729 638.497 216.524 1188.674 -1 -1 -1 -1000 -1000 -1000 -10 0.00104145
Car -1 -1 -10 237.963 580.150 404.886 1197.665 -1 -1 -1 -1000 -1000 -1000 -10 0.00185389
Car -1 -1 -10 184.353 640.773 370.138 1192.838 -1 -1 -1 -1000 -1000 -1000 -10 0.00102363
Car -1 -1 -10 0.483 1156.573 33.366 1200.000 -1 -1 -1 -1000 -1000 -1000 -10 0.00185618
Car -1 -1 -10 105.419 532.321 256.243 1200.000 -1 -1 -1 -1000 -1000 -1000 -10 0.00100631
Car -1 -1 -10 55.237 583.408 253.194 1180.316 -1 -1 -1 -1000 -1000 -1000 -10 0.00099920
Car -1 -1 -10 50.383 1138.723 161.147 1200.000 -1 -1 -1 -1000 -1000 -1000 -10 0.00098392
Car -1 -1 -10 0.000 513.645 987.422 1196.246 -1 -1 -1 -1000 -1000 -1000 -10 0.00273523
Car -1 -1 -10 139.330 579.971 267.436 1191.950 -1 -1 -1 -1000 -1000 -1000 -10 0.00095432
Car -1 -1 -10 316.625 614.875 534.513 1183.978 -1 -1 -1 -1000 -1000 -1000 -10 0.00094886
Car -1 -1 -10 181.753 564.948 321.663 1192.837 -1 -1 -1 -1000 -1000 -1000 -10 0.00186555
Car -1 -1 -10 11.445 1107.052 248.744 1200.000 -1 -1 -1 -1000 -1000 -1000 -10 0.00257178
Car -1 -1 -10 0.000 940.781 319.856 1200.000 -1 -1 -1 -1000 -1000 -1000 -10 0.00091906
Car -1 -1 -10 0.000 540.417 699.502 1200.000 -1 -1 -1 -1000 -1000 -1000 -10 0.00091207
Car -1 -1 -10 38.766 324.800 390.264 1200.000 -1 -1 -1 -1000 -1000 -1000 -10 0.00089898
Car -1 -1 -10 92.148 1157.809 129.301 1200.000 -1 -1 -1 -1000 -1000 -1000 -10 0.00088722
Car -1 -1 -10 224.927 1108.485 475.080 1200.000 -1 -1 -1 -1000 -1000 -1000 -10 0.00087971
Car -1 -1 -10 1776.799 550.083 1905.394 673.900 -1 -1 -1 -1000 -1000 -1000 -10 0.00084733
Car -1 -1 -10 0.000 632.917 586.899 1081.520 -1 -1 -1 -1000 -1000 -1000 -10 0.00082721
Car -1 -1 -10 1747.174 536.787 1858.745 650.081 -1 -1 -1 -1000 -1000 -1000 -10 0.00082037
Car -1 -1 -10 202.410 538.612 352.762 1200.000 -1 -1 -1 -1000 -1000 -1000 -10 0.00081243
Car -1 -1 -10 357.480 643.328 529.072 1188.441 -1 -1 -1 -1000 -1000 -1000 -10 0.00080239
Car -1 -1 -10 0.000 1107.973 90.939 1200.000 -1 -1 -1 -1000 -1000 -1000 -10 0.00079663
Car -1 -1 -10 1621.804 614.099 1775.887 709.793 -1 -1 -1 -1000 -1000 -1000 -10 0.00078545
Car -1 -1 -10 67.072 582.593 194.467 1200.000 -1 -1 -1 -1000 -1000 -1000 -10 0.00075675
Car -1 -1 -10 345.175 542.907 497.405 1200.000 -1 -1 -1 -1000 -1000 -1000 -10 0.00075007
Car -1 -1 -10 1718.933 563.441 1873.199 663.415 -1 -1 -1 -1000 -1000 -1000 -10 0.00073526
Car -1 -1 -10 0.000 1105.169 48.934 1200.000 -1 -1 -1 -1000 -1000 -1000 -10 0.00073388
Car -1 -1 -10 1465.399 814.143 1920.000 1200.000 -1 -1 -1 -1000 -1000 -1000 -10 0.00070570
