Car -1 -1 -10 973.848 593.263 1114.753 701.149 -1 -1 -1 -1000 -1000 -1000 -10 0.99872346
Car -1 -1 -10 1123.512 517.957 1528.335 814.294 -1 -1 -1 -1000 -1000 -1000 -10 0.49844332
Car -1 -1 -10 1145.926 512.543 1588.017 856.084 -1 -1 -1 -1000 -1000 -1000 -10 0.49728891
Car -1 -1 -10 442.033 617.326 547.606 690.380 -1 -1 -1 -1000 -1000 -1000 -10 0.97165507
Car -1 -1 -10 548.028 596.462 643.830 673.489 -1 -1 -1 -1000 -1000 -1000 -10 0.58168908
Car -1 -1 -10 1235.502 412.862 1914.733 1026.198 -1 -1 -1 -1000 -1000 -1000 -10 0.58340696
Car -1 -1 -10 912.529 601.429 987.626 664.953 -1 -1 -1 -1000 -1000 -1000 -10 0.46545286
Car -1 -1 -10 628.857 610.587 688.689 657.364 -1 -1 -1 -1000 -1000 -1000 -10 0.21408173
Car -1 -1 -10 487.094 625.030 555.627 688.503 -1 -1 -1 -1000 -1000 -1000 -10 0.07536566
Car -1 -1 -10 1134.640 455.658 1767.837 863.357 -1 -1 -1 -1000 -1000 -1000 -10 0.03656791
Car -1 -1 -10 1172.254 503.539 1446.839 685.050 -1 -1 -1 -1000 -1000 -1000 -10 0.02121035
