Car -1 -1 -10 0.000 491.966 1014.196 1200.000 -1 -1 -1 -1000 -1000 -1000 -10 0.01934602
Car -1 -1 -10 0.000 639.640 434.346 1199.078 -1 -1 -1 -1000 -1000 -1000 -10 0.00530478
Car -1 -1 -10 15.182 150.114 310.117 1188.420 -1 -1 -1 -1000 -1000 -1000 -10 0.00393636
Car -1 -1 -10 11.415 390.977 533.972 1185.276 -1 -1 -1 -1000 -1000 -1000 -10 0.00568219
Car -1 -1 -10 10.569 588.262 156.604 1194.673 -1 -1 -1 -1000 -1000 -1000 -10 0.00481740
Car -1 -1 -10 52.753 516.528 207.659 1200.000 -1 -1 -1 -1000 -1000 -1000 -10 0.00171201
Car -1 -1 -10 0.000 803.639 461.872 1200.000 -1 -1 -1 -1000 -1000 -1000 -10 0.00327453
Car -1 -1 -10 18.292 499.544 196.234 1185.100 -1 -1 -1 -1000 -1000 -1000 -10 0.00159829
Car -1 -1 -10 155.447 355.600 468.054 1200.000 -1 -1 -1 -1000 -1000 -1000 -10 0.00158849
Car -1 -1 -10 127.905 535.140 279.865 1198.326 -1 -1 -1 -1000 -1000 -1000 -10 0.00284553
Car -1 -1 -10 0.000 686.774 289.809 1154.654 -1 -1 -1 -1000 -1000 -1000 -10 0.00273584
Car -1 -1 -10 1510.277 274.466 1903.647 1031.855 -1 -1 -1 -1000 -1000 -1000 -10 0.00147218
Car -1 -1 -10 0.000 772.097 264.800 1144.542 -1 -1 -1 -1000 -1000 -1000 -10 0.00142726
Car -1 -1 -10 282.792 112.684 584.320 1171.447 -1 -1 -1 -1000 -1000 -1000 -10 0.00279223
Car -1 -1 -10 1411.670 578.140 1920.000 1200.000 -1 -1 -1 -1000 -1000 -1000 -10 0.00521052
Car -1 -1 -10 114.619 588.181 245.978 1184.346 -1 -1 -1 -1000 -1000 -1000 -10 0.00135874
Car -1 -1 -10 136.279 230.408 391.735 1200.000 -1 -1 -1 -1000 -1000 -1000 -10 0.00134756
Car -1 -1 -10 57.869 696.840 753.162 1161.577 -1 -1 -1 -1000 -1000 -1000 -10 0.00389616
Car -1 -1 -10 199.605 536.455 352.178 1199.734 -1 -1 -1 -1000 -1000 -1000 -10 0.00243970
Car -1 -1 -10 189.431 250.310 430.645 1200.000 -1 -1 -1 -1000 -1000 -1000 -10 0.00128487
Car -1 -1 -10 280.475 612.591 468.603 1193.604 -1 -1 -1 -1000 -1000 -1000 -10 0.00122382
Car -1 -1 -10 11.723 542.747 668.340 961.660 -1 -1 -1 -1000 -1000 -1000 -10 0.00122208
Car -1 -1 -10 87.611 238.999 337.853 1200.000 -1 -1 -1 -1000 -1000 -1000 -10 0.00238310
Car -1 -1 -10 273.258 533.524 425.351 1200.000 -1 -1 -1 -1000 -1000 -1000 -10 0.00119571
Car -1 -1 -10 1493.627 743.465 1920.000 1014.686 -1 -1 -1 -1000 -1000 -1000 -10 0.00111195
Car -1 -1 -10 212.720 614.883 533.213 1200.000 -1 -1 -1 -1000 -1000 -1000 -10 0.00106797
