Car -1 -1 -10 880.333 549.717 1031.382 678.319 -1 -1 -1 -1000 -1000 -1000 -10 0.99805622
Car -1 -1 -10 1349.259 480.436 1570.784 695.024 -1 -1 -1 -1000 -1000 -1000 -10 0.26885998
Car -1 -1 -10 851.545 557.291 906.777 611.511 -1 -1 -1 -1000 -1000 -1000 -10 0.08903030
Car -1 -1 -10 863.446 542.596 979.000 645.703 -1 -1 -1 -1000 -1000 -1000 -10 0.00500828
Car -1 -1 -10 843.944 563.080 937.410 646.271 -1 -1 -1 -1000 -1000 -1000 -10 0.00235633
Car -1 -1 -10 0.000 802.486 457.420 1198.876 -1 -1 -1 -1000 -1000 -1000 -10 0.00690374
Car -1 -1 -10 775.992 799.407 1395.037 1188.183 -1 -1 -1 -1000 -1000 -1000 -10 0.00330933
Car -1 -1 -10 230.382 792.187 976.510 1198.478 -1 -1 -1 -1000 -1000 -1000 -10 0.00582463
Car -1 -1 -10 880.286 344.038 1028.887 806.915 -1 -1 -1 -1000 -1000 -1000 -10 0.00422093
Car -1 -1 -10 877.059 570.693 915.832 638.802 -1 -1 -1 -1000 -1000 -1000 -10 0.00156590
Car -1 -1 -10 870.556 470.465 1046.457 731.849 -1 -1 -1 -1000 -1000 -1000 -10 0.00153715
Car -1 -1 -10 895.414 672.277 1229.470 1185.704 -1 -1 -1 -1000 -1000 -1000 -10 0.00152613
Car -1 -1 -10 33.602 538.997 724.461 1200.000 -1 -1 -1 -1000 -1000 -1000 -10 0.00300475
Car -1 -1 -10 1215.640 1157.798 1252.552 1200.000 -1 -1 -1 -1000 -1000 -1000 -10 0.00146478
Car -1 -1 -10 957.171 1019.415 1270.373 1200.000 -1 -1 -1 -1000 -1000 -1000 -10 0.00145027
Car -1 -1 -10 973.587 693.109 1214.190 1198.714 -1 -1 -1 -1000 -1000 -1000 -10 0.00143557
Car -1 -1 -10 1166.481 1158.075 1204.415 1200.000 -1 -1 -1 -1000 -1000 -1000 -10 0.00143043
Car -1 -1 -10 10.361 616.883 162.848 1185.090 -1 -1 -1 -1000 -1000 -1000 -10 0.00139741
Car -1 -1 -10 1020.209 1104.664 1195.783 1200.000 -1 -1 -1 -1000 -1000 -1000 -10 0.00271314
Car -1 -1 -10 527.099 1034.746 956.225 1200.000 -1 -1 -1 -1000 -1000 -1000 -10 0.00135566
Car -1 -1 -10 922.621 1060.683 1314.027 1200.000 -1 -1 -1 -1000 -1000 -1000 -10 0.00134992
Car -1 -1 -10 860.406 557.620 930.491 628.757 -1 -1 -1 -1000 -1000 -1000 -10 0.00132889
Car -1 -1 -10 916.327 798.114 1521.376 1185.646 -1 -1 -1 -1000 -1000 -1000 -10 0.00131415
Car -1 -1 -10 614.792 637.015 881.707 1200.000 -1 -1 -1 -1000 -1000 -1000 -10 0.00256040
Car -1 -1 -10 13.380 694.066 249.654 1199.646 -1 -1 -1 -1000 -1000 -1000 -10 0.00130096
Car -1 -1 -10 573.437 793.042 1179.830 1189.563 -1 -1 -1 -1000 -1000 -1000 -10 0.00128776
Car -1 -1 -10 652.562 825.353 812.253 1200.000 -1 -1 -1 -1000 -1000 -1000 -10 0.00125385
Car -1 -1 -10 431.710 930.356 1052.009 1200.000 -1 -1 -1 -1000 -1000 -1000 -10 0.00125053
Car -1 -1 -10 595.187 1103.506 839.412 1200.000 -1 -1 -1 -1000 -1000 -1000 -10 0.00120876
Car -1 -1 -10 844.203 828.154 1004.901 1200.000 -1 -1 -1 -1000 -1000 -1000 -10 0.00120714
Car -1 -1 -10 930.620 869.302 1369.900 1104.893 -1 -1 -1 -1000 -1000 -1000 -10 0.00120380
Car -1 -1 -10 458.222 519.913 1605.147 1200.000 -1 -1 -1 -1000 -1000 -1000 -10 0.00119967
Car -1 -1 -10 52.608 1035.443 484.390 1200.000 -1 -1 -1 -1000 -1000 -1000 -10 0.00119444
Car -1 -1 -10 1167.405 1083.513 1226.478 1200.000 -1 -1 -1 -1000 -1000 -1000 -10 0.00117690
Car -1 -1 -10 108.942 1104.824 353.961 1200.000 -1 -1 -1 -1000 -1000 -1000 -10 0.00117552
Car -1 -1 -10 845.415 639.025 1115.662 1200.000 -1 -1 -1 -1000 -1000 -1000 -10 0.00222865
Car -1 -1 -10 996.958 661.530 1189.064 1189.897 -1 -1 -1 -1000 -1000 -1000 -10 0.00114490
Car -1 -1 -10 55.302 620.377 208.060 1192.692 -1 -1 -1 -1000 -1000 -1000 -10 0.00112768
Car -1 -1 -10 147.440 824.520 307.413 1200.000 -1 -1 -1 -1000 -1000 -1000 -10 0.00110980
Car -1 -1 -10 628.813 929.474 1246.166 1200.000 -1 -1 -1 -1000 -1000 -1000 -10 0.00109841
Car -1 -1 -10 951.653 900.952 1394.583 1145.640 -1 -1 -1 -1000 -1000 -1000 -10 0.00108755
Car -1 -1 -10 891.361 826.551 1051.664 1200.000 -1 -1 -1 -1000 -1000 -1000 -10 0.00107697
Car -1 -1 -10 27.449 1058.977 418.012 1200.000 -1 -1 -1 -1000 -1000 -1000 -10 0.00104529
