Car -1 -1 -10 642.331 583.301 865.990 778.778 -1 -1 -1 -1000 -1000 -1000 -10 0.99907246
Car -1 -1 -10 219.185 524.438 523.879 770.096 -1 -1 -1 -1000 -1000 -1000 -10 0.39805914
Car -1 -1 -10 477.039 589.033 573.388 667.367 -1 -1 -1 -1000 -1000 -1000 -10 0.22193653
Car -1 -1 -10 516.399 598.349 570.513 657.716 -1 -1 -1 -1000 -1000 -1000 -10 0.04618916
Car -1 -1 -10 808.704 599.725 910.158 679.959 -1 -1 -1 -1000 -1000 -1000 -10 0.02105709
Car -1 -1 -10 720.382 588.145 876.876 692.090 -1 -1 -1 -1000 -1000 -1000 -10 0.00864563
Car -1 -1 -10 828.585 620.828 900.038 691.122 -1 -1 -1 -1000 -1000 -1000 -10 0.00338330
Car -1 -1 -10 753.160 587.999 870.330 698.530 -1 -1 -1 -1000 -1000 -1000 -10 0.00567597
Car -1 -1 -10 709.323 1156.119 747.674 1200.000 -1 -1 -1 -1000 -1000 -1000 -10 0.00432795
Car -1 -1 -10 657.307 582.552 784.443 702.429 -1 -1 -1 -1000 -1000 -1000 -10 0.00509574
Car -1 -1 -10 230.035 511.058 437.117 664.841 -1 -1 -1 -1000 -1000 -1000 -10 0.00468139
Car -1 -1 -10 0.000 784.430 463.198 1198.099 -1 -1 -1 -1000 -1000 -1000 -10 0.00207363
Car -1 -1 -10 299.599 547.101 435.430 683.679 -1 -1 -1 -1000 -1000 -1000 -10 0.00194461
Car -1 -1 -10 958.740 0.000 1596.946 300.287 -1 -1 -1 -1000 -1000 -1000 -10 0.00347832
Car -1 -1 -10 811.913 608.688 886.335 679.074 -1 -1 -1 -1000 -1000 -1000 -10 0.00175553
