Car -1 -1 -10 436.363 19.041 1912.438 1176.865 -1 -1 -1 -1000 -1000 -1000 -10 0.01594653
Car -1 -1 -10 2.183 160.493 1463.841 1200.000 -1 -1 -1 -1000 -1000 -1000 -10 0.01143709
Car -1 -1 -10 1209.825 19.015 1920.000 1152.294 -1 -1 -1 -1000 -1000 -1000 -10 0.01160336
Car -1 -1 -10 1411.938 214.575 1920.000 1200.000 -1 -1 -1 -1000 -1000 -1000 -10 0.00573215
Car -1 -1 -10 1349.947 450.569 1918.255 854.215 -1 -1 -1 -1000 -1000 -1000 -10 0.01595994
Car -1 -1 -10 1507.049 451.854 1920.000 702.825 -1 -1 -1 -1000 -1000 -1000 -10 0.00991129
Car -1 -1 -10 0.000 502.606 927.316 1198.682 -1 -1 -1 -1000 -1000 -1000 -10 0.01266318
Car -1 -1 -10 1330.851 79.749 1915.970 788.418 -1 -1 -1 -1000 -1000 -1000 -10 0.00350957
Car -1 -1 -10 1359.028 236.576 1918.787 665.044 -1 -1 -1 -1000 -1000 -1000 -10 0.00600828
Car -1 -1 -10 1459.332 388.359 1920.000 666.753 -1 -1 -1 -1000 -1000 -1000 -10 0.00334688
Car -1 -1 -10 1023.635 461.457 1920.000 1199.867 -1 -1 -1 -1000 -1000 -1000 -10 0.00631514
Car -1 -1 -10 1607.002 259.947 1910.329 849.719 -1 -1 -1 -1000 -1000 -1000 -10 0.00557533
Car -1 -1 -10 1155.895 362.745 1825.440 743.084 -1 -1 -1 -1000 -1000 -1000 -10 0.00289361
Car -1 -1 -10 69.616 46.449 362.154 1200.000 -1 -1 -1 -1000 -1000 -1000 -10 0.00285411
Car -1 -1 -10 1577.990 455.313 1876.145 618.659 -1 -1 -1 -1000 -1000 -1000 -10 0.00281134
Car -1 -1 -10 28.446 65.166 311.456 1196.423 -1 -1 -1 -1000 -1000 -1000 -10 0.00277135
Car -1 -1 -10 1300.974 389.583 1785.247 664.255 -1 -1 -1 -1000 -1000 -1000 -10 0.00266815
Car -1 -1 -10 1073.323 94.575 1920.000 925.785 -1 -1 -1 -1000 -1000 -1000 -10 0.00518555
Car -1 -1 -10 1240.366 574.684 1915.651 1181.596 -1 -1 -1 -1000 -1000 -1000 -10 0.00244930
Car -1 -1 -10 7.418 450.408 549.394 865.237 -1 -1 -1 -1000 -1000 -1000 -10 0.00243161
Car -1 -1 -10 1452.309 270.467 1800.139 898.152 -1 -1 -1 -1000 -1000 -1000 -10 0.00241898
Car -1 -1 -10 0.000 588.358 500.768 1200.000 -1 -1 -1 -1000 -1000 -1000 -10 0.00234226
Car -1 -1 -10 1658.900 515.538 1825.587 612.561 -1 -1 -1 -1000 -1000 -1000 -10 0.00233773
