Car -1 -1 -10 0.000 634.703 101.898 714.625 -1 -1 -1 -1000 -1000 -1000 -10 0.99421807
Car -1 -1 -10 220.503 632.119 306.205 688.089 -1 -1 -1 -1000 -1000 -1000 -10 0.11286043
Car -1 -1 -10 235.765 633.098 298.632 683.857 -1 -1 -1 -1000 -1000 -1000 -10 0.02225703
Car -1 -1 -10 19.683 521.514 187.498 1173.641 -1 -1 -1 -1000 -1000 -1000 -10 0.00237782
Car -1 -1 -10 5.991 643.617 339.025 1188.227 -1 -1 -1 -1000 -1000 -1000 -10 0.00237336
Car -1 -1 -10 0.000 795.150 459.356 1197.585 -1 -1 -1 -1000 -1000 -1000 -10 0.00411765
Car -1 -1 -10 0.000 656.901 440.314 1200.000 -1 -1 -1 -1000 -1000 -1000 -10 0.00212527
Car -1 -1 -10 18.575 966.580 180.888 1064.707 -1 -1 -1 -1000 -1000 -1000 -10 0.00330705
Car -1 -1 -10 233.100 619.561 384.923 698.427 -1 -1 -1 -1000 -1000 -1000 -10 0.00164791
Car -1 -1 -10 0.000 896.153 392.569 1200.000 -1 -1 -1 -1000 -1000 -1000 -10 0.00153477
Car -1 -1 -10 0.000 862.493 229.146 1132.263 -1 -1 -1 -1000 -1000 -1000 -10 0.00143151
Car -1 -1 -10 0.000 622.771 267.420 970.797 -1 -1 -1 -1000 -1000 -1000 -10 0.00233007
Car -1 -1 -10 0.000 936.075 321.393 1200.000 -1 -1 -1 -1000 -1000 -1000 -10 0.00214891
Car -1 -1 -10 656.196 1155.984 695.574 1200.000 -1 -1 -1 -1000 -1000 -1000 -10 0.00245844
Car -1 -1 -10 30.434 662.421 221.725 1188.979 -1 -1 -1 -1000 -1000 -1000 -10 0.00132773
Car -1 -1 -10 1123.791 1160.682 1160.757 1200.000 -1 -1 -1 -1000 -1000 -1000 -10 0.00119799
Car -1 -1 -10 253.628 597.701 406.360 683.932 -1 -1 -1 -1000 -1000 -1000 -10 0.00223473
Car -1 -1 -10 646.888 1088.532 705.269 1200.000 -1 -1 -1 -1000 -1000 -1000 -10 0.00100978
Car -1 -1 -10 0.000 1166.866 25.188 1200.000 -1 -1 -1 -1000 -1000 -1000 -10 0.00088144
Car -1 -1 -10 0.000 937.299 129.337 1041.424 -1 -1 -1 -1000 -1000 -1000 -10 0.00159782
Car -1 -1 -10 1508.671 527.937 1920.000 1028.370 -1 -1 -1 -1000 -1000 -1000 -10 0.00084671
Car -1 -1 -10 344.678 493.147 1534.037 1196.668 -1 -1 -1 -1000 -1000 -1000 -10 0.00150374
Car -1 -1 -10 1473.331 806.877 1920.000 1200.000 -1 -1 -1 -1000 -1000 -1000 -10 0.00144936
Car -1 -1 -10 439.314 1159.585 476.119 1200.000 -1 -1 -1 -1000 -1000 -1000 -10 0.00074091
Car -1 -1 -10 0.000 0.000 291.392 210.598 -1 -1 -1 -1000 -1000 -1000 -10 0.00073209
Car -1 -1 -10 0.000 620.981 151.017 845.862 -1 -1 -1 -1000 -1000 -1000 -10 0.00070662
Car -1 -1 -10 0.000 0.000 415.476 318.431 -1 -1 -1 -1000 -1000 -1000 -10 0.00062415
Car -1 -1 -10 134.433 621.378 279.695 705.138 -1 -1 -1 -1000 -1000 -1000 -10 0.00061928
