Car -1 -1 -10 896.032 606.381 957.052 659.229 -1 -1 -1 -1000 -1000 -1000 -10 0.99400568
Car -1 -1 -10 0.000 1096.590 51.973 1200.000 -1 -1 -1 -1000 -1000 -1000 -10 0.00382125
Car -1 -1 -10 21.495 586.506 220.205 1183.051 -1 -1 -1 -1000 -1000 -1000 -10 0.00575544
Car -1 -1 -10 0.000 1008.910 288.799 1200.000 -1 -1 -1 -1000 -1000 -1000 -10 0.00407343
Car -1 -1 -10 0.000 1085.590 168.185 1200.000 -1 -1 -1 -1000 -1000 -1000 -10 0.00302102
Car -1 -1 -10 0.000 797.715 454.812 1197.877 -1 -1 -1 -1000 -1000 -1000 -10 0.00373733
Car -1 -1 -10 105.133 607.698 290.293 1185.682 -1 -1 -1 -1000 -1000 -1000 -10 0.00289874
Car -1 -1 -10 10.326 1108.853 266.424 1200.000 -1 -1 -1 -1000 -1000 -1000 -10 0.00292812
Car -1 -1 -10 0.000 643.794 471.783 1200.000 -1 -1 -1 -1000 -1000 -1000 -10 0.00099133
Car -1 -1 -10 162.173 628.309 339.784 1193.995 -1 -1 -1 -1000 -1000 -1000 -10 0.00097099
Car -1 -1 -10 0.000 1166.353 26.199 1200.000 -1 -1 -1 -1000 -1000 -1000 -10 0.00094037
Car -1 -1 -10 158.193 1157.141 196.559 1200.000 -1 -1 -1 -1000 -1000 -1000 -10 0.00157315
Car -1 -1 -10 6.454 814.908 312.632 1200.000 -1 -1 -1 -1000 -1000 -1000 -10 0.00089958
Car -1 -1 -10 0.000 1157.218 35.271 1200.000 -1 -1 -1 -1000 -1000 -1000 -10 0.00164455
Car -1 -1 -10 925.574 602.744 962.119 651.763 -1 -1 -1 -1000 -1000 -1000 -10 0.00083358
Car -1 -1 -10 13.959 356.247 312.139 1200.000 -1 -1 -1 -1000 -1000 -1000 -10 0.00083157
Car -1 -1 -10 53.902 841.225 177.113 1200.000 -1 -1 -1 -1000 -1000 -1000 -10 0.00149463
Car -1 -1 -10 1511.137 617.251 1912.717 1034.348 -1 -1 -1 -1000 -1000 -1000 -10 0.00142958
Car -1 -1 -10 135.072 1083.618 194.244 1200.000 -1 -1 -1 -1000 -1000 -1000 -10 0.00080976
Car -1 -1 -10 1649.839 703.200 1920.000 1200.000 -1 -1 -1 -1000 -1000 -1000 -10 0.00079328
Car -1 -1 -10 777.506 660.629 971.623 1195.616 -1 -1 -1 -1000 -1000 -1000 -10 0.00079058
Car -1 -1 -10 1687.471 662.853 1917.793 988.859 -1 -1 -1 -1000 -1000 -1000 -10 0.00077592
Car -1 -1 -10 144.927 1128.367 211.065 1200.000 -1 -1 -1 -1000 -1000 -1000 -10 0.00077309
Car -1 -1 -10 1503.353 496.047 1920.000 1017.591 -1 -1 -1 -1000 -1000 -1000 -10 0.00150988
Car -1 -1 -10 30.014 1138.565 140.303 1200.000 -1 -1 -1 -1000 -1000 -1000 -10 0.00076578
Car -1 -1 -10 55.013 1157.521 93.703 1200.000 -1 -1 -1 -1000 -1000 -1000 -10 0.00076144
Car -1 -1 -10 11.088 903.651 250.886 1200.000 -1 -1 -1 -1000 -1000 -1000 -10 0.00075767
Car -1 -1 -10 60.873 1088.214 119.330 1200.000 -1 -1 -1 -1000 -1000 -1000 -10 0.00147507
Car -1 -1 -10 86.057 750.298 748.052 1200.000 -1 -1 -1 -1000 -1000 -1000 -10 0.00073837
Car -1 -1 -10 0.000 1051.113 349.690 1200.000 -1 -1 -1 -1000 -1000 -1000 -10 0.00071649
Car -1 -1 -10 0.000 1039.106 82.648 1200.000 -1 -1 -1 -1000 -1000 -1000 -10 0.00070750
Car -1 -1 -10 247.323 683.439 497.492 1200.000 -1 -1 -1 -1000 -1000 -1000 -10 0.00070497
Car -1 -1 -10 91.560 731.874 218.569 1200.000 -1 -1 -1 -1000 -1000 -1000 -10 0.00069942
Car -1 -1 -10 64.819 1012.645 162.854 1200.000 -1 -1 -1 -1000 -1000 -1000 -10 0.00137429
Car -1 -1 -10 0.000 1113.309 123.156 1200.000 -1 -1 -1 -1000 -1000 -1000 -10 0.00069371
Car -1 -1 -10 1481.305 507.727 1908.962 846.978 -1 -1 -1 -1000 -1000 -1000 -10 0.00068537
Car -1 -1 -10 108.252 1108.130 365.298 1200.000 -1 -1 -1 -1000 -1000 -1000 -10 0.00131579
Car -1 -1 -10 188.439 731.479 313.922 1200.000 -1 -1 -1 -1000 -1000 -1000 -10 0.00065863
Car -1 -1 -10 1530.187 551.869 1914.432 819.134 -1 -1 -1 -1000 -1000 -1000 -10 0.00065393
Car -1 -1 -10 0.000 508.846 955.768 1179.750 -1 -1 -1 -1000 -1000 -1000 -10 0.00128300
Car -1 -1 -10 568.457 759.022 1174.988 1190.470 -1 -1 -1 -1000 -1000 -1000 -10 0.00064395
Car -1 -1 -10 175.338 1123.705 214.798 1200.000 -1 -1 -1 -1000 -1000 -1000 -10 0.00063614
Car -1 -1 -10 140.674 1137.306 251.013 1200.000 -1 -1 -1 -1000 -1000 -1000 -10 0.00063145
Car -1 -1 -10 71.462 1067.576 471.755 1200.000 -1 -1 -1 -1000 -1000 -1000 -10 0.00063115
Car -1 -1 -10 1480.042 802.958 1920.000 1200.000 -1 -1 -1 -1000 -1000 -1000 -10 0.00060096
Car -1 -1 -10 171.250 1088.852 229.227 1200.000 -1 -1 -1 -1000 -1000 -1000 -10 0.00059949
Car -1 -1 -10 103.515 905.104 347.587 1200.000 -1 -1 -1 -1000 -1000 -1000 -10 0.00059457
Car -1 -1 -10 110.556 1088.230 169.611 1200.000 -1 -1 -1 -1000 -1000 -1000 -10 0.00056251
