Car -1 -1 -10 190.831 416.657 945.530 1108.951 -1 -1 -1 -1000 -1000 -1000 -10 0.56607001
Car -1 -1 -10 24.757 540.243 512.484 1191.540 -1 -1 -1 -1000 -1000 -1000 -10 0.02257378
Car -1 -1 -10 1084.512 576.773 1178.343 634.220 -1 -1 -1 -1000 -1000 -1000 -10 0.03400376
Car -1 -1 -10 218.961 407.678 562.238 1030.033 -1 -1 -1 -1000 -1000 -1000 -10 0.01063645
Car -1 -1 -10 531.425 394.684 899.493 1104.008 -1 -1 -1 -1000 -1000 -1000 -10 0.01590769
Car -1 -1 -10 271.217 239.421 579.171 1186.072 -1 -1 -1 -1000 -1000 -1000 -10 0.00862815
Car -1 -1 -10 573.405 261.517 868.248 1184.345 -1 -1 -1 -1000 -1000 -1000 -10 0.00489652
Car -1 -1 -10 201.174 619.669 729.082 1192.880 -1 -1 -1 -1000 -1000 -1000 -10 0.00816070
Car -1 -1 -10 195.377 438.902 657.084 962.821 -1 -1 -1 -1000 -1000 -1000 -10 0.00717531
Car -1 -1 -10 187.984 791.801 590.293 1052.106 -1 -1 -1 -1000 -1000 -1000 -10 0.00340922
