Car -1 -1 -10 1.327 596.367 124.585 673.670 -1 -1 -1 -1000 -1000 -1000 -10 0.02146059
Car -1 -1 -10 763.038 31.920 1061.912 964.236 -1 -1 -1 -1000 -1000 -1000 -10 0.00314744
Car -1 -1 -10 580.221 3.504 1213.096 360.894 -1 -1 -1 -1000 -1000 -1000 -10 0.00322201
Car -1 -1 -10 666.309 30.487 964.739 966.598 -1 -1 -1 -1000 -1000 -1000 -10 0.00307056
Car -1 -1 -10 0.000 560.255 419.712 1146.978 -1 -1 -1 -1000 -1000 -1000 -10 0.00289962
Car -1 -1 -10 571.238 33.632 869.226 968.578 -1 -1 -1 -1000 -1000 -1000 -10 0.00277438
Car -1 -1 -10 477.087 0.000 1099.263 372.972 -1 -1 -1 -1000 -1000 -1000 -10 0.00148285
Car -1 -1 -10 0.000 597.220 273.728 971.854 -1 -1 -1 -1000 -1000 -1000 -10 0.00279648
Car -1 -1 -10 1445.509 12.369 1920.000 386.182 -1 -1 -1 -1000 -1000 -1000 -10 0.00145282
Car -1 -1 -10 530.311 0.000 1288.433 683.543 -1 -1 -1 -1000 -1000 -1000 -10 0.00240004
Car -1 -1 -10 337.815 0.000 1199.839 324.356 -1 -1 -1 -1000 -1000 -1000 -10 0.00129590
Car -1 -1 -10 1629.134 106.264 1920.000 528.709 -1 -1 -1 -1000 -1000 -1000 -10 0.00218683
Car -1 -1 -10 379.287 34.358 677.593 963.613 -1 -1 -1 -1000 -1000 -1000 -10 0.00234125
Car -1 -1 -10 473.629 33.417 773.159 963.593 -1 -1 -1 -1000 -1000 -1000 -10 0.00236513
Car -1 -1 -10 155.235 0.841 517.216 378.430 -1 -1 -1 -1000 -1000 -1000 -10 0.00231802
Car -1 -1 -10 1486.554 53.977 1920.000 637.723 -1 -1 -1 -1000 -1000 -1000 -10 0.00121675
Car -1 -1 -10 367.111 0.000 944.758 338.420 -1 -1 -1 -1000 -1000 -1000 -10 0.00118033
Car -1 -1 -10 759.896 0.000 1095.848 293.179 -1 -1 -1 -1000 -1000 -1000 -10 0.00117179
Car -1 -1 -10 1504.719 0.000 1920.000 327.520 -1 -1 -1 -1000 -1000 -1000 -10 0.00117000
Car -1 -1 -10 0.000 800.310 446.779 1200.000 -1 -1 -1 -1000 -1000 -1000 -10 0.00224458
Car -1 -1 -10 818.182 22.337 1075.720 471.530 -1 -1 -1 -1000 -1000 -1000 -10 0.00114729
Car -1 -1 -10 1610.854 1.239 1920.000 258.965 -1 -1 -1 -1000 -1000 -1000 -10 0.00114005
Car -1 -1 -10 657.507 0.000 1040.091 316.671 -1 -1 -1 -1000 -1000 -1000 -10 0.00113439
Car -1 -1 -10 764.421 0.000 1180.084 242.673 -1 -1 -1 -1000 -1000 -1000 -10 0.00113231
Car -1 -1 -10 529.191 0.000 1046.240 553.767 -1 -1 -1 -1000 -1000 -1000 -10 0.00112985
Car -1 -1 -10 823.284 47.695 974.658 643.119 -1 -1 -1 -1000 -1000 -1000 -10 0.00111471
Car -1 -1 -10 369.856 0.000 1028.555 281.222 -1 -1 -1 -1000 -1000 -1000 -10 0.00105759
Car -1 -1 -10 705.041 8.528 999.280 411.790 -1 -1 -1 -1000 -1000 -1000 -10 0.00203825
Car -1 -1 -10 281.179 34.840 580.226 961.477 -1 -1 -1 -1000 -1000 -1000 -10 0.00196308
Car -1 -1 -10 777.834 49.517 928.421 642.709 -1 -1 -1 -1000 -1000 -1000 -10 0.00101544
Car -1 -1 -10 414.936 0.924 929.480 563.223 -1 -1 -1 -1000 -1000 -1000 -10 0.00199231
Car -1 -1 -10 278.945 1.437 641.673 378.121 -1 -1 -1 -1000 -1000 -1000 -10 0.00097020
Car -1 -1 -10 332.652 0.000 936.549 257.334 -1 -1 -1 -1000 -1000 -1000 -10 0.00096733
Car -1 -1 -10 632.079 19.541 884.755 475.333 -1 -1 -1 -1000 -1000 -1000 -10 0.00187261
Car -1 -1 -10 216.513 484.004 291.483 550.902 -1 -1 -1 -1000 -1000 -1000 -10 0.00094332
Car -1 -1 -10 622.646 0.000 1035.587 239.016 -1 -1 -1 -1000 -1000 -1000 -10 0.00094224
Car -1 -1 -10 791.579 46.927 960.244 691.868 -1 -1 -1 -1000 -1000 -1000 -10 0.00093658
Car -1 -1 -10 1478.161 799.844 1920.000 1199.791 -1 -1 -1 -1000 -1000 -1000 -10 0.00093499
Car -1 -1 -10 445.519 0.000 1022.764 207.376 -1 -1 -1 -1000 -1000 -1000 -10 0.00090269
Car -1 -1 -10 0.000 0.000 290.908 206.173 -1 -1 -1 -1000 -1000 -1000 -10 0.00087235
