Car -1 -1 -10 951.149 601.382 1004.627 647.776 -1 -1 -1 -1000 -1000 -1000 -10 0.05433412
Car -1 -1 -10 0.000 513.221 945.245 1199.206 -1 -1 -1 -1000 -1000 -1000 -10 0.01505325
Car -1 -1 -10 0.000 585.263 511.280 1194.967 -1 -1 -1 -1000 -1000 -1000 -10 0.00487806
Car -1 -1 -10 0.000 698.483 619.788 1167.752 -1 -1 -1 -1000 -1000 -1000 -10 0.00249676
Car -1 -1 -10 0.000 787.179 465.653 1200.000 -1 -1 -1 -1000 -1000 -1000 -10 0.00214245
Car -1 -1 -10 4.601 1085.011 291.424 1200.000 -1 -1 -1 -1000 -1000 -1000 -10 0.00334615
Car -1 -1 -10 3.720 848.072 266.920 1200.000 -1 -1 -1 -1000 -1000 -1000 -10 0.00180532
Car -1 -1 -10 11.828 688.565 251.155 1200.000 -1 -1 -1 -1000 -1000 -1000 -10 0.00180171
Car -1 -1 -10 58.245 178.933 368.211 1184.283 -1 -1 -1 -1000 -1000 -1000 -10 0.00172815
Car -1 -1 -10 20.394 756.861 146.511 1195.876 -1 -1 -1 -1000 -1000 -1000 -10 0.00170186
Car -1 -1 -10 3.191 975.612 300.438 1200.000 -1 -1 -1 -1000 -1000 -1000 -10 0.00317591
Car -1 -1 -10 6.105 1104.138 163.825 1200.000 -1 -1 -1 -1000 -1000 -1000 -10 0.00579464
Car -1 -1 -10 0.000 1062.920 325.629 1200.000 -1 -1 -1 -1000 -1000 -1000 -10 0.00163817
Car -1 -1 -10 956.146 604.178 1006.826 654.780 -1 -1 -1 -1000 -1000 -1000 -10 0.00161122
Car -1 -1 -10 0.000 1105.111 90.464 1200.000 -1 -1 -1 -1000 -1000 -1000 -10 0.00156436
Car -1 -1 -10 12.019 624.133 590.275 1096.209 -1 -1 -1 -1000 -1000 -1000 -10 0.00150872
Car -1 -1 -10 0.000 875.902 429.209 1200.000 -1 -1 -1 -1000 -1000 -1000 -10 0.00148855
Car -1 -1 -10 105.178 376.968 424.912 1200.000 -1 -1 -1 -1000 -1000 -1000 -10 0.00144292
Car -1 -1 -10 123.393 1084.245 181.812 1200.000 -1 -1 -1 -1000 -1000 -1000 -10 0.00280850
Car -1 -1 -10 162.454 612.399 292.285 1190.562 -1 -1 -1 -1000 -1000 -1000 -10 0.00135946
Car -1 -1 -10 0.000 1103.043 49.186 1200.000 -1 -1 -1 -1000 -1000 -1000 -10 0.00135018
Car -1 -1 -10 139.119 602.767 270.114 1187.405 -1 -1 -1 -1000 -1000 -1000 -10 0.00134498
Car -1 -1 -10 83.699 571.015 225.551 1198.498 -1 -1 -1 -1000 -1000 -1000 -10 0.00263529
Car -1 -1 -10 18.120 1019.466 113.356 1200.000 -1 -1 -1 -1000 -1000 -1000 -10 0.00130491
Car -1 -1 -10 106.356 555.723 256.396 1200.000 -1 -1 -1 -1000 -1000 -1000 -10 0.00129742
Car -1 -1 -10 211.577 607.783 342.702 1190.075 -1 -1 -1 -1000 -1000 -1000 -10 0.00127393
Car -1 -1 -10 72.364 1076.871 204.133 1200.000 -1 -1 -1 -1000 -1000 -1000 -10 0.00243251
Car -1 -1 -10 3.606 863.796 592.538 1200.000 -1 -1 -1 -1000 -1000 -1000 -10 0.00124946
Car -1 -1 -10 17.710 993.387 423.659 1200.000 -1 -1 -1 -1000 -1000 -1000 -10 0.00123583
Car -1 -1 -10 133.656 1122.323 172.588 1200.000 -1 -1 -1 -1000 -1000 -1000 -10 0.00122478
Car -1 -1 -10 177.382 549.236 327.335 1200.000 -1 -1 -1 -1000 -1000 -1000 -10 0.00241569
Car -1 -1 -10 188.394 247.737 488.675 1200.000 -1 -1 -1 -1000 -1000 -1000 -10 0.00117752
Car -1 -1 -10 0.000 998.550 192.164 1200.000 -1 -1 -1 -1000 -1000 -1000 -10 0.00116577
