Car -1 -1 -10 182.151 635.698 411.104 759.100 -1 -1 -1 -1000 -1000 -1000 -10 0.99975143
Car -1 -1 -10 641.485 477.301 1345.253 820.072 -1 -1 -1 -1000 -1000 -1000 -10 0.61570577
Car -1 -1 -10 1165.630 518.483 1608.557 810.297 -1 -1 -1 -1000 -1000 -1000 -10 0.01359601
Car -1 -1 -10 792.555 459.917 1238.012 714.076 -1 -1 -1 -1000 -1000 -1000 -10 0.01191073
Car -1 -1 -10 1205.305 450.441 1654.877 885.715 -1 -1 -1 -1000 -1000 -1000 -10 0.01027850
Car -1 -1 -10 931.789 448.157 1539.091 821.505 -1 -1 -1 -1000 -1000 -1000 -10 0.00838609
Car -1 -1 -10 0.000 603.649 516.320 1200.000 -1 -1 -1 -1000 -1000 -1000 -10 0.00868927
Car -1 -1 -10 1083.759 517.960 1544.269 808.367 -1 -1 -1 -1000 -1000 -1000 -10 0.00456765
Car -1 -1 -10 0.000 788.463 474.970 1196.217 -1 -1 -1 -1000 -1000 -1000 -10 0.00648694
Car -1 -1 -10 1249.586 549.440 1534.276 723.987 -1 -1 -1 -1000 -1000 -1000 -10 0.00541194
Car -1 -1 -10 611.597 556.559 896.393 826.400 -1 -1 -1 -1000 -1000 -1000 -10 0.00275038
Car -1 -1 -10 1204.374 441.104 1554.270 1051.040 -1 -1 -1 -1000 -1000 -1000 -10 0.00261901
Car -1 -1 -10 893.531 538.480 1324.740 790.295 -1 -1 -1 -1000 -1000 -1000 -10 0.00258611
Car -1 -1 -10 1164.435 516.512 1493.823 827.826 -1 -1 -1 -1000 -1000 -1000 -10 0.00240733
Car -1 -1 -10 1172.944 622.388 1490.686 836.672 -1 -1 -1 -1000 -1000 -1000 -10 0.00223611
Car -1 -1 -10 1256.955 649.707 1523.367 822.839 -1 -1 -1 -1000 -1000 -1000 -10 0.00215990
Car -1 -1 -10 1200.291 650.327 1464.344 822.104 -1 -1 -1 -1000 -1000 -1000 -10 0.00196604
Car -1 -1 -10 988.817 480.580 1437.675 779.383 -1 -1 -1 -1000 -1000 -1000 -10 0.00182025
