Car -1 -1 -10 0.000 797.812 455.875 1198.195 -1 -1 -1 -1000 -1000 -1000 -10 0.00606830
Car -1 -1 -10 0.602 499.172 1111.744 1192.603 -1 -1 -1 -1000 -1000 -1000 -10 0.00384629
Car -1 -1 -10 1422.609 575.396 1920.000 1200.000 -1 -1 -1 -1000 -1000 -1000 -10 0.00112323
Car -1 -1 -10 1568.563 556.077 1920.000 1200.000 -1 -1 -1 -1000 -1000 -1000 -10 0.00109262
Car -1 -1 -10 367.659 686.487 608.151 1199.260 -1 -1 -1 -1000 -1000 -1000 -10 0.00189496
Car -1 -1 -10 288.331 1050.636 705.201 1200.000 -1 -1 -1 -1000 -1000 -1000 -10 0.00171883
Car -1 -1 -10 1345.071 478.782 1903.084 1053.208 -1 -1 -1 -1000 -1000 -1000 -10 0.00091739
Car -1 -1 -10 21.138 477.731 519.624 1200.000 -1 -1 -1 -1000 -1000 -1000 -10 0.00089681
Car -1 -1 -10 0.000 936.990 319.431 1200.000 -1 -1 -1 -1000 -1000 -1000 -10 0.00154527
Car -1 -1 -10 0.000 1166.400 25.600 1200.000 -1 -1 -1 -1000 -1000 -1000 -10 0.00088115
Car -1 -1 -10 345.559 559.148 496.635 1194.178 -1 -1 -1 -1000 -1000 -1000 -10 0.00145115
Car -1 -1 -10 372.133 1106.213 621.986 1200.000 -1 -1 -1 -1000 -1000 -1000 -10 0.00146697
Car -1 -1 -10 1473.954 806.511 1920.000 1200.000 -1 -1 -1 -1000 -1000 -1000 -10 0.00158689
Car -1 -1 -10 1573.288 663.503 1728.509 765.772 -1 -1 -1 -1000 -1000 -1000 -10 0.00076229
Car -1 -1 -10 1562.432 547.672 1916.860 939.406 -1 -1 -1 -1000 -1000 -1000 -10 0.00199474
Car -1 -1 -10 0.000 918.605 228.119 1200.000 -1 -1 -1 -1000 -1000 -1000 -10 0.00070049
Car -1 -1 -10 404.221 643.628 578.908 1189.855 -1 -1 -1 -1000 -1000 -1000 -10 0.00069844
Car -1 -1 -10 1318.670 620.738 1918.645 1080.722 -1 -1 -1 -1000 -1000 -1000 -10 0.00068705
Car -1 -1 -10 272.531 583.534 425.173 1197.434 -1 -1 -1 -1000 -1000 -1000 -10 0.00125076
Car -1 -1 -10 1229.483 535.189 1527.692 1129.470 -1 -1 -1 -1000 -1000 -1000 -10 0.00066746
Car -1 -1 -10 367.128 501.516 1510.277 1196.710 -1 -1 -1 -1000 -1000 -1000 -10 0.00119870
Car -1 -1 -10 98.877 570.051 510.516 1186.168 -1 -1 -1 -1000 -1000 -1000 -10 0.00065490
Car -1 -1 -10 0.000 700.169 283.768 1135.469 -1 -1 -1 -1000 -1000 -1000 -10 0.00118864
Car -1 -1 -10 443.709 786.104 553.317 1200.000 -1 -1 -1 -1000 -1000 -1000 -10 0.00060631
Car -1 -1 -10 972.181 509.063 1920.000 1200.000 -1 -1 -1 -1000 -1000 -1000 -10 0.00055042
Car -1 -1 -10 202.403 933.997 812.459 1200.000 -1 -1 -1 -1000 -1000 -1000 -10 0.00054788
Car -1 -1 -10 80.789 532.040 233.698 1200.000 -1 -1 -1 -1000 -1000 -1000 -10 0.00054143
Car -1 -1 -10 436.646 1119.746 517.554 1200.000 -1 -1 -1 -1000 -1000 -1000 -10 0.00053864
Car -1 -1 -10 401.651 937.034 623.405 1200.000 -1 -1 -1 -1000 -1000 -1000 -10 0.00053804
