Car -1 -1 -10 399.960 0.000 801.079 229.097 -1 -1 -1 -1000 -1000 -1000 -10 0.00566083
Car -1 -1 -10 509.778 34.665 713.923 589.454 -1 -1 -1 -1000 -1000 -1000 -10 0.00458801
Car -1 -1 -10 546.560 17.876 681.091 416.801 -1 -1 -1 -1000 -1000 -1000 -10 0.00243893
Car -1 -1 -10 451.325 0.000 777.906 186.043 -1 -1 -1 -1000 -1000 -1000 -10 0.00232041
Car -1 -1 -10 524.431 3.024 651.121 123.822 -1 -1 -1 -1000 -1000 -1000 -10 0.00399316
Car -1 -1 -10 0.000 799.807 451.173 1198.792 -1 -1 -1 -1000 -1000 -1000 -10 0.00643144
Car -1 -1 -10 440.227 3.687 734.194 138.349 -1 -1 -1 -1000 -1000 -1000 -10 0.00346439
Car -1 -1 -10 515.546 12.729 672.281 114.077 -1 -1 -1 -1000 -1000 -1000 -10 0.00360319
Car -1 -1 -10 395.531 4.131 761.027 172.408 -1 -1 -1 -1000 -1000 -1000 -10 0.00181546
Car -1 -1 -10 476.825 0.000 741.584 101.200 -1 -1 -1 -1000 -1000 -1000 -10 0.00159418
Car -1 -1 -10 462.938 25.177 721.800 471.731 -1 -1 -1 -1000 -1000 -1000 -10 0.00153986
Car -1 -1 -10 549.478 11.544 676.440 283.376 -1 -1 -1 -1000 -1000 -1000 -10 0.00234840
Car -1 -1 -10 525.083 16.694 637.395 286.165 -1 -1 -1 -1000 -1000 -1000 -10 0.00143216
Car -1 -1 -10 414.254 0.000 785.265 367.893 -1 -1 -1 -1000 -1000 -1000 -10 0.00237010
Car -1 -1 -10 519.895 15.123 653.709 414.837 -1 -1 -1 -1000 -1000 -1000 -10 0.00131777
Car -1 -1 -10 549.033 0.892 638.616 184.382 -1 -1 -1 -1000 -1000 -1000 -10 0.00116241
Car -1 -1 -10 583.347 0.000 674.087 101.300 -1 -1 -1 -1000 -1000 -1000 -10 0.00215551
Car -1 -1 -10 272.559 1159.014 308.616 1200.000 -1 -1 -1 -1000 -1000 -1000 -10 0.00111701
Car -1 -1 -10 499.364 33.374 677.712 509.658 -1 -1 -1 -1000 -1000 -1000 -10 0.00109738
Car -1 -1 -10 661.540 670.239 897.233 1200.000 -1 -1 -1 -1000 -1000 -1000 -10 0.00109659
Car -1 -1 -10 214.152 637.760 387.848 1183.341 -1 -1 -1 -1000 -1000 -1000 -10 0.00108768
Car -1 -1 -10 278.944 1158.957 315.655 1200.000 -1 -1 -1 -1000 -1000 -1000 -10 0.00203856
Car -1 -1 -10 572.317 5.205 614.591 218.480 -1 -1 -1 -1000 -1000 -1000 -10 0.00106163
Car -1 -1 -10 583.155 5.034 627.868 181.997 -1 -1 -1 -1000 -1000 -1000 -10 0.00104217
Car -1 -1 -10 511.948 2.923 654.228 272.387 -1 -1 -1 -1000 -1000 -1000 -10 0.00103635
Car -1 -1 -10 536.265 8.394 626.231 239.793 -1 -1 -1 -1000 -1000 -1000 -10 0.00103346
Car -1 -1 -10 551.956 13.476 704.135 113.600 -1 -1 -1 -1000 -1000 -1000 -10 0.00102636
Car -1 -1 -10 0.000 941.437 317.430 1200.000 -1 -1 -1 -1000 -1000 -1000 -10 0.00182532
Car -1 -1 -10 733.802 650.642 921.625 1190.875 -1 -1 -1 -1000 -1000 -1000 -10 0.00099585
Car -1 -1 -10 658.339 580.850 854.867 1181.729 -1 -1 -1 -1000 -1000 -1000 -10 0.00175671
Car -1 -1 -10 40.850 633.066 220.835 1194.775 -1 -1 -1 -1000 -1000 -1000 -10 0.00098021
Car -1 -1 -10 1690.228 591.066 1861.220 686.390 -1 -1 -1 -1000 -1000 -1000 -10 0.00094786
Car -1 -1 -10 567.997 0.360 693.382 157.481 -1 -1 -1 -1000 -1000 -1000 -10 0.00094364
Car -1 -1 -10 698.990 1158.244 737.511 1200.000 -1 -1 -1 -1000 -1000 -1000 -10 0.00094076
Car -1 -1 -10 801.934 576.668 998.804 1180.026 -1 -1 -1 -1000 -1000 -1000 -10 0.00090855
Car -1 -1 -10 793.979 1159.067 830.341 1200.000 -1 -1 -1 -1000 -1000 -1000 -10 0.00086928
Car -1 -1 -10 142.590 639.912 316.183 1187.005 -1 -1 -1 -1000 -1000 -1000 -10 0.00085994
Car -1 -1 -10 535.604 43.678 609.777 118.229 -1 -1 -1 -1000 -1000 -1000 -10 0.00079219
Car -1 -1 -10 550.146 8.013 613.713 183.286 -1 -1 -1 -1000 -1000 -1000 -10 0.00078331
Car -1 -1 -10 572.690 15.945 685.667 286.657 -1 -1 -1 -1000 -1000 -1000 -10 0.00077772
Car -1 -1 -10 0.000 1111.640 123.059 1200.000 -1 -1 -1 -1000 -1000 -1000 -10 0.00076327
Car -1 -1 -10 451.953 44.138 744.993 842.243 -1 -1 -1 -1000 -1000 -1000 -10 0.00076200
