Car -1 -1 -10 0.000 796.679 456.257 1199.183 -1 -1 -1 -1000 -1000 -1000 -10 0.01066853
Car -1 -1 -10 22.875 333.905 361.952 1200.000 -1 -1 -1 -1000 -1000 -1000 -10 0.00634013
Car -1 -1 -10 83.145 554.083 227.735 1200.000 -1 -1 -1 -1000 -1000 -1000 -10 0.00439212
Car -1 -1 -10 0.000 517.728 862.296 1199.745 -1 -1 -1 -1000 -1000 -1000 -10 0.00610128
Car -1 -1 -10 116.266 595.643 246.311 1193.654 -1 -1 -1 -1000 -1000 -1000 -10 0.00150536
Car -1 -1 -10 758.074 582.294 834.225 656.320 -1 -1 -1 -1000 -1000 -1000 -10 0.00289396
Car -1 -1 -10 0.000 1019.964 245.697 1200.000 -1 -1 -1 -1000 -1000 -1000 -10 0.00146827
Car -1 -1 -10 150.591 533.340 302.557 1200.000 -1 -1 -1 -1000 -1000 -1000 -10 0.00145143
Car -1 -1 -10 4.597 623.889 585.285 1089.029 -1 -1 -1 -1000 -1000 -1000 -10 0.00275234
Car -1 -1 -10 0.000 967.398 291.195 1200.000 -1 -1 -1 -1000 -1000 -1000 -10 0.00405185
Car -1 -1 -10 66.427 582.648 195.703 1200.000 -1 -1 -1 -1000 -1000 -1000 -10 0.00138534
Car -1 -1 -10 82.501 914.163 238.192 1014.475 -1 -1 -1 -1000 -1000 -1000 -10 0.00126236
Car -1 -1 -10 12.772 1107.557 237.014 1200.000 -1 -1 -1 -1000 -1000 -1000 -10 0.00115049
Car -1 -1 -10 0.000 689.728 292.938 1152.711 -1 -1 -1 -1000 -1000 -1000 -10 0.00109507
