Car -1 -1 -10 1.198 601.656 163.056 767.363 -1 -1 -1 -1000 -1000 -1000 -10 0.99985477
Car -1 -1 -10 124.488 499.392 634.978 1015.873 -1 -1 -1 -1000 -1000 -1000 -10 0.32084131
Car -1 -1 -10 193.185 465.689 902.405 1184.962 -1 -1 -1 -1000 -1000 -1000 -10 0.19858841
Car -1 -1 -10 33.399 434.433 1049.236 1195.779 -1 -1 -1 -1000 -1000 -1000 -10 0.11769929
Car -1 -1 -10 386.292 509.852 866.562 983.811 -1 -1 -1 -1000 -1000 -1000 -10 0.01718801
Car -1 -1 -10 315.381 474.279 898.897 1061.917 -1 -1 -1 -1000 -1000 -1000 -10 0.01575468
Car -1 -1 -10 0.000 614.946 334.465 1200.000 -1 -1 -1 -1000 -1000 -1000 -10 0.00896052
Car -1 -1 -10 178.711 263.413 487.937 1183.552 -1 -1 -1 -1000 -1000 -1000 -10 0.01682319
Car -1 -1 -10 20.310 615.304 461.107 1200.000 -1 -1 -1 -1000 -1000 -1000 -10 0.00491174
Car -1 -1 -10 540.757 504.652 830.009 772.871 -1 -1 -1 -1000 -1000 -1000 -10 0.00477493
