Car -1 -1 -10 611.070 549.495 762.419 661.578 -1 -1 -1 -1000 -1000 -1000 -10 0.99997407
Car -1 -1 -10 751.128 535.020 849.539 631.289 -1 -1 -1 -1000 -1000 -1000 -10 0.99942476
Car -1 -1 -10 488.196 543.306 622.371 646.442 -1 -1 -1 -1000 -1000 -1000 -10 0.99892664
Car -1 -1 -10 1046.356 555.145 1115.693 628.121 -1 -1 -1 -1000 -1000 -1000 -10 0.28653950
Car -1 -1 -10 1010.240 553.945 1065.940 612.271 -1 -1 -1 -1000 -1000 -1000 -10 0.00485495
Car -1 -1 -10 924.710 553.262 979.025 611.638 -1 -1 -1 -1000 -1000 -1000 -10 0.00491819
Car -1 -1 -10 787.181 543.317 864.041 621.052 -1 -1 -1 -1000 -1000 -1000 -10 0.00187399
Car -1 -1 -10 1078.529 1089.038 1193.177 1200.000 -1 -1 -1 -1000 -1000 -1000 -10 0.00182696
Car -1 -1 -10 595.878 550.191 697.745 639.944 -1 -1 -1 -1000 -1000 -1000 -10 0.00303665
Car -1 -1 -10 1010.133 1053.591 1227.102 1195.630 -1 -1 -1 -1000 -1000 -1000 -10 0.00331161
Car -1 -1 -10 0.000 801.140 460.167 1199.313 -1 -1 -1 -1000 -1000 -1000 -10 0.00289649
Car -1 -1 -10 1185.365 1157.547 1222.193 1200.000 -1 -1 -1 -1000 -1000 -1000 -10 0.00146710
Car -1 -1 -10 458.908 403.572 651.188 720.163 -1 -1 -1 -1000 -1000 -1000 -10 0.00264411
Car -1 -1 -10 1031.857 555.616 1090.044 613.604 -1 -1 -1 -1000 -1000 -1000 -10 0.00141729
Car -1 -1 -10 916.987 805.386 1530.775 1184.030 -1 -1 -1 -1000 -1000 -1000 -10 0.00258242
Car -1 -1 -10 792.553 545.085 840.934 619.092 -1 -1 -1 -1000 -1000 -1000 -10 0.00271442
Car -1 -1 -10 952.630 1036.832 1370.459 1200.000 -1 -1 -1 -1000 -1000 -1000 -10 0.00266557
Car -1 -1 -10 1205.575 1126.196 1270.918 1200.000 -1 -1 -1 -1000 -1000 -1000 -10 0.00133514
Car -1 -1 -10 1179.337 1083.916 1238.421 1200.000 -1 -1 -1 -1000 -1000 -1000 -10 0.00131620
Car -1 -1 -10 745.117 4.100 1117.758 373.631 -1 -1 -1 -1000 -1000 -1000 -10 0.00125662
Car -1 -1 -10 1147.650 1137.577 1256.976 1200.000 -1 -1 -1 -1000 -1000 -1000 -10 0.00124466
Car -1 -1 -10 1135.205 1122.998 1174.663 1200.000 -1 -1 -1 -1000 -1000 -1000 -10 0.00123606
Car -1 -1 -10 1189.495 1123.832 1228.689 1200.000 -1 -1 -1 -1000 -1000 -1000 -10 0.00122396
Car -1 -1 -10 1627.112 0.000 1920.000 211.816 -1 -1 -1 -1000 -1000 -1000 -10 0.00235758
Car -1 -1 -10 906.740 991.090 1437.683 1200.000 -1 -1 -1 -1000 -1000 -1000 -10 0.00106488
Car -1 -1 -10 1198.874 1118.655 1278.705 1200.000 -1 -1 -1 -1000 -1000 -1000 -10 0.00105444
Car -1 -1 -10 638.777 0.000 1073.704 301.888 -1 -1 -1 -1000 -1000 -1000 -10 0.00103811
Car -1 -1 -10 510.401 309.809 597.771 843.247 -1 -1 -1 -1000 -1000 -1000 -10 0.00102561
Car -1 -1 -10 1183.463 1122.803 1222.514 1200.000 -1 -1 -1 -1000 -1000 -1000 -10 0.00101393
Car -1 -1 -10 1478.937 798.659 1920.000 1197.699 -1 -1 -1 -1000 -1000 -1000 -10 0.00195345
Car -1 -1 -10 1074.841 1090.700 1232.276 1191.096 -1 -1 -1 -1000 -1000 -1000 -10 0.00099973
Car -1 -1 -10 1477.401 0.000 1920.000 322.429 -1 -1 -1 -1000 -1000 -1000 -10 0.00194676
Car -1 -1 -10 1166.919 1088.385 1225.554 1200.000 -1 -1 -1 -1000 -1000 -1000 -10 0.00099119
Car -1 -1 -10 0.000 0.000 289.701 207.057 -1 -1 -1 -1000 -1000 -1000 -10 0.00098926
Car -1 -1 -10 782.617 529.628 809.228 639.104 -1 -1 -1 -1000 -1000 -1000 -10 0.00098477
Car -1 -1 -10 1176.674 1141.884 1228.303 1200.000 -1 -1 -1 -1000 -1000 -1000 -10 0.00095745
Car -1 -1 -10 557.537 433.348 786.806 776.237 -1 -1 -1 -1000 -1000 -1000 -10 0.00095293
Car -1 -1 -10 1207.346 1142.677 1258.522 1200.000 -1 -1 -1 -1000 -1000 -1000 -10 0.00094613
Car -1 -1 -10 0.000 0.000 126.192 143.637 -1 -1 -1 -1000 -1000 -1000 -10 0.00090013
Car -1 -1 -10 1057.607 1081.724 1369.661 1200.000 -1 -1 -1 -1000 -1000 -1000 -10 0.00087620
Car -1 -1 -10 0.000 0.000 412.797 324.234 -1 -1 -1 -1000 -1000 -1000 -10 0.00087173
Car -1 -1 -10 558.705 3.312 1140.555 275.264 -1 -1 -1 -1000 -1000 -1000 -10 0.00086026
Car -1 -1 -10 793.055 531.794 820.957 635.827 -1 -1 -1 -1000 -1000 -1000 -10 0.00085990
