Car -1 -1 -10 273.361 583.126 352.685 631.058 -1 -1 -1 -1000 -1000 -1000 -10 0.21375384
Car -1 -1 -10 486.185 584.892 535.411 629.689 -1 -1 -1 -1000 -1000 -1000 -10 0.04215679
Car -1 -1 -10 630.692 558.263 697.498 605.706 -1 -1 -1 -1000 -1000 -1000 -10 0.03864376
Car -1 -1 -10 1025.714 489.123 1920.000 1196.988 -1 -1 -1 -1000 -1000 -1000 -10 0.02043406
Car -1 -1 -10 1312.404 596.684 1920.000 1163.723 -1 -1 -1 -1000 -1000 -1000 -10 0.02868014
Car -1 -1 -10 1615.990 768.269 1786.870 859.410 -1 -1 -1 -1000 -1000 -1000 -10 0.01314308
Car -1 -1 -10 1456.042 524.950 1920.000 831.595 -1 -1 -1 -1000 -1000 -1000 -10 0.01527921
Car -1 -1 -10 1579.604 715.599 1883.732 866.497 -1 -1 -1 -1000 -1000 -1000 -10 0.01414693
Car -1 -1 -10 1705.272 546.641 1919.773 728.319 -1 -1 -1 -1000 -1000 -1000 -10 0.01298749
Car -1 -1 -10 1575.126 559.558 1885.046 714.415 -1 -1 -1 -1000 -1000 -1000 -10 0.00923862
Car -1 -1 -10 1511.298 557.739 1920.000 891.064 -1 -1 -1 -1000 -1000 -1000 -10 0.00509083
Car -1 -1 -10 1653.383 792.299 1822.648 880.530 -1 -1 -1 -1000 -1000 -1000 -10 0.00892186
Car -1 -1 -10 598.899 537.831 702.837 606.754 -1 -1 -1 -1000 -1000 -1000 -10 0.01236721
Car -1 -1 -10 1504.697 645.852 1920.000 916.886 -1 -1 -1 -1000 -1000 -1000 -10 0.00455482
Car -1 -1 -10 1601.098 568.855 1834.868 702.891 -1 -1 -1 -1000 -1000 -1000 -10 0.00455357
Car -1 -1 -10 1573.719 459.063 1919.238 1038.813 -1 -1 -1 -1000 -1000 -1000 -10 0.00882549
Car -1 -1 -10 495.958 164.717 1919.938 1200.000 -1 -1 -1 -1000 -1000 -1000 -10 0.00448697
Car -1 -1 -10 1407.453 388.861 1920.000 762.992 -1 -1 -1 -1000 -1000 -1000 -10 0.00445170
Car -1 -1 -10 1641.478 566.270 1811.353 660.988 -1 -1 -1 -1000 -1000 -1000 -10 0.00830798
Car -1 -1 -10 1481.543 704.206 1920.000 963.434 -1 -1 -1 -1000 -1000 -1000 -10 0.00811737
Car -1 -1 -10 1575.549 739.246 1876.667 880.881 -1 -1 -1 -1000 -1000 -1000 -10 0.00402349
Car -1 -1 -10 1772.712 563.139 1920.000 666.646 -1 -1 -1 -1000 -1000 -1000 -10 0.01077650
Car -1 -1 -10 1760.037 635.414 1919.800 740.585 -1 -1 -1 -1000 -1000 -1000 -10 0.00374569
Car -1 -1 -10 1320.447 366.276 1918.000 948.900 -1 -1 -1 -1000 -1000 -1000 -10 0.00648597
Car -1 -1 -10 1507.327 752.487 1918.973 1117.962 -1 -1 -1 -1000 -1000 -1000 -10 0.00357902
Car -1 -1 -10 1658.852 561.258 1920.000 796.639 -1 -1 -1 -1000 -1000 -1000 -10 0.00348055
Car -1 -1 -10 1838.269 825.171 1920.000 935.473 -1 -1 -1 -1000 -1000 -1000 -10 0.00669213
Car -1 -1 -10 1717.645 792.317 1880.501 886.697 -1 -1 -1 -1000 -1000 -1000 -10 0.00326445
Car -1 -1 -10 1753.143 791.204 1905.623 886.408 -1 -1 -1 -1000 -1000 -1000 -10 0.00326320
Car -1 -1 -10 1629.784 609.446 1796.569 714.148 -1 -1 -1 -1000 -1000 -1000 -10 0.00323479
Car -1 -1 -10 1696.454 587.603 1865.676 686.723 -1 -1 -1 -1000 -1000 -1000 -10 0.00613285
Car -1 -1 -10 1593.078 592.630 1885.568 1091.996 -1 -1 -1 -1000 -1000 -1000 -10 0.00276715
Car -1 -1 -10 1774.761 597.754 1905.870 725.550 -1 -1 -1 -1000 -1000 -1000 -10 0.00274383
