Car -1 -1 -10 257.414 671.460 1275.799 1200.000 -1 -1 -1 -1000 -1000 -1000 -10 0.22591899
Car -1 -1 -10 218.894 579.416 1367.405 1186.903 -1 -1 -1 -1000 -1000 -1000 -10 0.03983245
Car -1 -1 -10 1439.357 367.936 1920.000 1198.422 -1 -1 -1 -1000 -1000 -1000 -10 0.04318773
Car -1 -1 -10 1044.524 464.287 1920.000 1200.000 -1 -1 -1 -1000 -1000 -1000 -10 0.01923810
Car -1 -1 -10 725.416 122.431 1920.000 1200.000 -1 -1 -1 -1000 -1000 -1000 -10 0.01277045
Car -1 -1 -10 99.547 774.446 966.303 1177.941 -1 -1 -1 -1000 -1000 -1000 -10 0.01811456
Car -1 -1 -10 15.233 552.183 893.699 1190.148 -1 -1 -1 -1000 -1000 -1000 -10 0.02002303
Car -1 -1 -10 24.330 150.036 1386.910 1200.000 -1 -1 -1 -1000 -1000 -1000 -10 0.00582783
Car -1 -1 -10 1510.207 690.597 1917.714 1104.973 -1 -1 -1 -1000 -1000 -1000 -10 0.01139056
Car -1 -1 -10 1445.558 768.357 1920.000 1161.508 -1 -1 -1 -1000 -1000 -1000 -10 0.00420886
Car -1 -1 -10 1373.285 629.072 1920.000 1031.073 -1 -1 -1 -1000 -1000 -1000 -10 0.00323143
