Car -1 -1 -10 0.140 599.502 167.270 688.585 -1 -1 -1 -1000 -1000 -1000 -10 0.96172965
Car -1 -1 -10 112.470 601.699 202.516 676.720 -1 -1 -1 -1000 -1000 -1000 -10 0.15885019
Car -1 -1 -10 344.374 363.102 1020.439 1137.404 -1 -1 -1 -1000 -1000 -1000 -10 0.12504566
Car -1 -1 -10 135.300 376.351 1120.776 1132.459 -1 -1 -1 -1000 -1000 -1000 -10 0.08494170
Car -1 -1 -10 0.000 552.028 844.010 1182.538 -1 -1 -1 -1000 -1000 -1000 -10 0.08093433
Car -1 -1 -10 73.669 593.981 236.920 681.651 -1 -1 -1 -1000 -1000 -1000 -10 0.05655452
Car -1 -1 -10 584.348 24.410 1920.000 1123.930 -1 -1 -1 -1000 -1000 -1000 -10 0.01766635
Car -1 -1 -10 650.534 388.598 994.385 1081.610 -1 -1 -1 -1000 -1000 -1000 -10 0.01955781
Car -1 -1 -10 23.824 738.667 678.335 1192.011 -1 -1 -1 -1000 -1000 -1000 -10 0.01285223
Car -1 -1 -10 2.406 613.714 110.091 700.380 -1 -1 -1 -1000 -1000 -1000 -10 0.01134358
Car -1 -1 -10 56.288 700.999 778.228 1164.777 -1 -1 -1 -1000 -1000 -1000 -10 0.00578791
Car -1 -1 -10 431.810 724.890 1028.209 1112.000 -1 -1 -1 -1000 -1000 -1000 -10 0.01922366
Car -1 -1 -10 473.482 432.470 965.808 1189.212 -1 -1 -1 -1000 -1000 -1000 -10 0.00490068
Car -1 -1 -10 362.080 432.723 1009.425 887.933 -1 -1 -1 -1000 -1000 -1000 -10 0.00404196
Car -1 -1 -10 157.791 515.562 367.092 657.879 -1 -1 -1 -1000 -1000 -1000 -10 0.00359200
Car -1 -1 -10 173.599 559.395 327.997 666.855 -1 -1 -1 -1000 -1000 -1000 -10 0.00339555
Car -1 -1 -10 177.372 572.029 312.365 697.540 -1 -1 -1 -1000 -1000 -1000 -10 0.00311528
Car -1 -1 -10 1377.152 631.320 1848.993 842.606 -1 -1 -1 -1000 -1000 -1000 -10 0.00286676
Car -1 -1 -10 470.942 37.994 771.254 1176.396 -1 -1 -1 -1000 -1000 -1000 -10 0.00285252
