Car -1 -1 -10 841.740 579.791 953.639 683.358 -1 -1 -1 -1000 -1000 -1000 -10 0.99999937
Car -1 -1 -10 1058.127 604.493 1204.405 718.753 -1 -1 -1 -1000 -1000 -1000 -10 0.99735720
Car -1 -1 -10 1007.153 602.122 1102.026 691.289 -1 -1 -1 -1000 -1000 -1000 -10 0.99411348
Car -1 -1 -10 1125.919 600.805 1366.919 743.397 -1 -1 -1 -1000 -1000 -1000 -10 0.99930817
Car -1 -1 -10 979.053 593.133 1069.427 677.492 -1 -1 -1 -1000 -1000 -1000 -10 0.61668606
Car -1 -1 -10 1111.251 603.468 1259.357 726.015 -1 -1 -1 -1000 -1000 -1000 -10 0.02731730
Car -1 -1 -10 1034.337 600.130 1145.732 704.920 -1 -1 -1 -1000 -1000 -1000 -10 0.03330392
Car -1 -1 -10 434.846 587.215 524.724 652.905 -1 -1 -1 -1000 -1000 -1000 -10 0.01408010
Car -1 -1 -10 461.278 594.537 536.928 664.078 -1 -1 -1 -1000 -1000 -1000 -10 0.02423891
Car -1 -1 -10 892.618 584.935 975.811 674.409 -1 -1 -1 -1000 -1000 -1000 -10 0.01399448
Car -1 -1 -10 957.512 567.771 1325.746 1200.000 -1 -1 -1 -1000 -1000 -1000 -10 0.00416491
Car -1 -1 -10 470.646 681.606 937.543 1196.105 -1 -1 -1 -1000 -1000 -1000 -10 0.00338029
