Car -1 -1 -10 1605.220 605.311 1766.204 668.731 -1 -1 -1 -1000 -1000 -1000 -10 0.41810834
Car -1 -1 -10 1748.764 600.191 1914.559 669.553 -1 -1 -1 -1000 -1000 -1000 -10 0.28406831
Car -1 -1 -10 0.000 601.255 132.729 688.881 -1 -1 -1 -1000 -1000 -1000 -10 0.22930754
Car -1 -1 -10 833.815 616.733 888.300 665.795 -1 -1 -1 -1000 -1000 -1000 -10 0.04625330
Car -1 -1 -10 487.349 556.507 1693.872 1191.922 -1 -1 -1 -1000 -1000 -1000 -10 0.03744031
Car -1 -1 -10 157.890 979.796 723.110 1200.000 -1 -1 -1 -1000 -1000 -1000 -10 0.01824139
Car -1 -1 -10 332.251 595.298 401.385 664.463 -1 -1 -1 -1000 -1000 -1000 -10 0.01108043
Car -1 -1 -10 803.128 943.905 1267.698 1200.000 -1 -1 -1 -1000 -1000 -1000 -10 0.01188918
Car -1 -1 -10 786.945 788.358 1477.007 1200.000 -1 -1 -1 -1000 -1000 -1000 -10 0.01104067
Car -1 -1 -10 0.000 672.284 485.493 1199.303 -1 -1 -1 -1000 -1000 -1000 -10 0.01102746
Car -1 -1 -10 300.494 919.519 591.063 1200.000 -1 -1 -1 -1000 -1000 -1000 -10 0.00937065
Car -1 -1 -10 0.000 801.023 611.643 1200.000 -1 -1 -1 -1000 -1000 -1000 -10 0.00930710
Car -1 -1 -10 1233.419 797.949 1909.146 1200.000 -1 -1 -1 -1000 -1000 -1000 -10 0.00828709
Car -1 -1 -10 978.837 814.009 1651.614 1189.719 -1 -1 -1 -1000 -1000 -1000 -10 0.00465247
Car -1 -1 -10 472.202 788.447 1175.649 1200.000 -1 -1 -1 -1000 -1000 -1000 -10 0.00737126
Car -1 -1 -10 82.470 807.977 718.810 1198.717 -1 -1 -1 -1000 -1000 -1000 -10 0.00410559
Car -1 -1 -10 1038.478 983.896 1578.928 1200.000 -1 -1 -1 -1000 -1000 -1000 -10 0.01564741
Car -1 -1 -10 247.936 891.430 542.647 1200.000 -1 -1 -1 -1000 -1000 -1000 -10 0.00403417
Car -1 -1 -10 628.235 798.537 1329.456 1200.000 -1 -1 -1 -1000 -1000 -1000 -10 0.00740198
Car -1 -1 -10 107.167 886.248 395.842 1200.000 -1 -1 -1 -1000 -1000 -1000 -10 0.00382339
Car -1 -1 -10 1112.392 863.335 1920.000 1200.000 -1 -1 -1 -1000 -1000 -1000 -10 0.00376573
Car -1 -1 -10 1571.710 613.430 1662.267 673.503 -1 -1 -1 -1000 -1000 -1000 -10 0.00365089
Car -1 -1 -10 893.087 813.450 1540.442 1192.862 -1 -1 -1 -1000 -1000 -1000 -10 0.00359901
Car -1 -1 -10 220.693 950.499 623.626 1200.000 -1 -1 -1 -1000 -1000 -1000 -10 0.00355890
Car -1 -1 -10 1074.757 504.178 1920.000 1186.795 -1 -1 -1 -1000 -1000 -1000 -10 0.00648015
Car -1 -1 -10 1382.739 837.788 1728.376 1196.784 -1 -1 -1 -1000 -1000 -1000 -10 0.01326367
Car -1 -1 -10 1256.381 972.113 1818.535 1200.000 -1 -1 -1 -1000 -1000 -1000 -10 0.00348043
Car -1 -1 -10 1133.452 862.028 1460.397 1195.801 -1 -1 -1 -1000 -1000 -1000 -10 0.01366786
Car -1 -1 -10 1863.177 596.633 1920.000 663.617 -1 -1 -1 -1000 -1000 -1000 -10 0.00681019
Car -1 -1 -10 92.906 1011.654 411.778 1200.000 -1 -1 -1 -1000 -1000 -1000 -10 0.00340292
Car -1 -1 -10 258.300 1098.780 514.407 1200.000 -1 -1 -1 -1000 -1000 -1000 -10 0.00331640
Car -1 -1 -10 224.996 1077.474 550.744 1200.000 -1 -1 -1 -1000 -1000 -1000 -10 0.00331558
Car -1 -1 -10 1433.366 668.348 1920.000 1200.000 -1 -1 -1 -1000 -1000 -1000 -10 0.00329689
Car -1 -1 -10 19.674 377.845 310.459 1200.000 -1 -1 -1 -1000 -1000 -1000 -10 0.00326967
Car -1 -1 -10 30.966 1028.725 463.694 1200.000 -1 -1 -1 -1000 -1000 -1000 -10 0.00321643
Car -1 -1 -10 298.595 1073.707 622.311 1200.000 -1 -1 -1 -1000 -1000 -1000 -10 0.00615570
Car -1 -1 -10 6.148 789.268 311.406 1193.502 -1 -1 -1 -1000 -1000 -1000 -10 0.00302068
Car -1 -1 -10 21.553 549.038 772.648 1200.000 -1 -1 -1 -1000 -1000 -1000 -10 0.00299457
Car -1 -1 -10 1108.329 796.221 1805.917 1200.000 -1 -1 -1 -1000 -1000 -1000 -10 0.00290040
