Car -1 -1 -10 781.671 563.017 886.669 659.734 -1 -1 -1 -1000 -1000 -1000 -10 0.99996102
Car -1 -1 -10 634.053 572.616 726.726 652.085 -1 -1 -1 -1000 -1000 -1000 -10 0.99313115
Car -1 -1 -10 757.236 578.400 817.626 634.725 -1 -1 -1 -1000 -1000 -1000 -10 0.81129993
Car -1 -1 -10 756.971 564.872 846.163 645.748 -1 -1 -1 -1000 -1000 -1000 -10 0.01645196
Car -1 -1 -10 0.000 789.379 460.013 1197.509 -1 -1 -1 -1000 -1000 -1000 -10 0.01075605
Car -1 -1 -10 20.001 649.883 199.702 1188.299 -1 -1 -1 -1000 -1000 -1000 -10 0.00189845
Car -1 -1 -10 0.000 535.817 831.446 1200.000 -1 -1 -1 -1000 -1000 -1000 -10 0.00450621
Car -1 -1 -10 0.000 947.451 312.021 1200.000 -1 -1 -1 -1000 -1000 -1000 -10 0.00431216
Car -1 -1 -10 1.782 960.357 210.188 1200.000 -1 -1 -1 -1000 -1000 -1000 -10 0.00157507
Car -1 -1 -10 0.000 1107.641 90.842 1200.000 -1 -1 -1 -1000 -1000 -1000 -10 0.00142614
Car -1 -1 -10 9.571 1106.944 242.023 1200.000 -1 -1 -1 -1000 -1000 -1000 -10 0.00140418
Car -1 -1 -10 860.273 561.115 896.587 612.044 -1 -1 -1 -1000 -1000 -1000 -10 0.00132611
Car -1 -1 -10 0.000 633.067 527.167 1078.237 -1 -1 -1 -1000 -1000 -1000 -10 0.00130401
Car -1 -1 -10 0.000 1065.270 301.677 1200.000 -1 -1 -1 -1000 -1000 -1000 -10 0.00130316
Car -1 -1 -10 0.000 1156.619 31.480 1200.000 -1 -1 -1 -1000 -1000 -1000 -10 0.00130065
Car -1 -1 -10 1466.890 801.620 1920.000 1200.000 -1 -1 -1 -1000 -1000 -1000 -10 0.00248468
Car -1 -1 -10 775.137 567.985 832.282 623.831 -1 -1 -1 -1000 -1000 -1000 -10 0.00128974
Car -1 -1 -10 0.000 371.593 488.125 1200.000 -1 -1 -1 -1000 -1000 -1000 -10 0.00128283
Car -1 -1 -10 0.000 1111.625 123.284 1200.000 -1 -1 -1 -1000 -1000 -1000 -10 0.00120712
Car -1 -1 -10 36.649 911.798 192.266 1200.000 -1 -1 -1 -1000 -1000 -1000 -10 0.00115203
