Car -1 -1 -10 148.650 560.671 291.555 655.834 -1 -1 -1 -1000 -1000 -1000 -10 0.99692515
Car -1 -1 -10 862.793 569.777 1008.275 693.813 -1 -1 -1 -1000 -1000 -1000 -10 0.73386050
Car -1 -1 -10 1235.562 578.602 1350.635 663.575 -1 -1 -1 -1000 -1000 -1000 -10 0.89691488
Car -1 -1 -10 1274.448 576.388 1366.822 661.777 -1 -1 -1 -1000 -1000 -1000 -10 0.03406511
Car -1 -1 -10 1639.648 565.315 1797.712 663.863 -1 -1 -1 -1000 -1000 -1000 -10 0.01268286
Car -1 -1 -10 1167.378 566.160 1267.983 648.291 -1 -1 -1 -1000 -1000 -1000 -10 0.00759297
Car -1 -1 -10 210.173 565.492 352.788 653.939 -1 -1 -1 -1000 -1000 -1000 -10 0.00479134
Car -1 -1 -10 231.766 565.878 379.318 654.733 -1 -1 -1 -1000 -1000 -1000 -10 0.00346896
Car -1 -1 -10 922.559 563.439 1024.733 675.607 -1 -1 -1 -1000 -1000 -1000 -10 0.00278746
Car -1 -1 -10 329.444 812.337 935.909 1192.886 -1 -1 -1 -1000 -1000 -1000 -10 0.00192985
Car -1 -1 -10 174.792 333.913 262.845 848.546 -1 -1 -1 -1000 -1000 -1000 -10 0.00200711
Car -1 -1 -10 995.438 1083.390 1298.008 1200.000 -1 -1 -1 -1000 -1000 -1000 -10 0.00114437
Car -1 -1 -10 1261.760 1155.694 1298.833 1200.000 -1 -1 -1 -1000 -1000 -1000 -10 0.00190532
Car -1 -1 -10 1226.959 582.875 1309.443 655.174 -1 -1 -1 -1000 -1000 -1000 -10 0.00108771
Car -1 -1 -10 841.223 566.489 952.116 681.122 -1 -1 -1 -1000 -1000 -1000 -10 0.00200060
Car -1 -1 -10 542.388 767.535 827.595 1197.688 -1 -1 -1 -1000 -1000 -1000 -10 0.00102319
Car -1 -1 -10 197.958 461.682 245.593 774.823 -1 -1 -1 -1000 -1000 -1000 -10 0.00101098
Car -1 -1 -10 1062.561 1099.208 1245.349 1200.000 -1 -1 -1 -1000 -1000 -1000 -10 0.00099503
Car -1 -1 -10 756.828 0.000 1187.199 307.094 -1 -1 -1 -1000 -1000 -1000 -10 0.00099330
Car -1 -1 -10 941.838 574.373 1042.736 683.086 -1 -1 -1 -1000 -1000 -1000 -10 0.00091856
Car -1 -1 -10 185.867 414.668 258.409 778.615 -1 -1 -1 -1000 -1000 -1000 -10 0.00091260
Car -1 -1 -10 108.899 426.529 323.996 767.811 -1 -1 -1 -1000 -1000 -1000 -10 0.00182115
Car -1 -1 -10 763.925 32.464 1062.507 958.342 -1 -1 -1 -1000 -1000 -1000 -10 0.00167785
Car -1 -1 -10 1249.107 1126.854 1313.977 1200.000 -1 -1 -1 -1000 -1000 -1000 -10 0.00087364
Car -1 -1 -10 157.626 410.862 279.457 809.936 -1 -1 -1 -1000 -1000 -1000 -10 0.00086866
Car -1 -1 -10 772.660 812.768 1366.680 1193.615 -1 -1 -1 -1000 -1000 -1000 -10 0.00085919
Car -1 -1 -10 1251.086 1085.743 1311.190 1200.000 -1 -1 -1 -1000 -1000 -1000 -10 0.00085059
Car -1 -1 -10 684.297 4.336 1266.682 279.327 -1 -1 -1 -1000 -1000 -1000 -10 0.00084519
Car -1 -1 -10 300.191 569.395 382.885 643.557 -1 -1 -1 -1000 -1000 -1000 -10 0.00163542
Car -1 -1 -10 1003.668 1044.969 1430.096 1200.000 -1 -1 -1 -1000 -1000 -1000 -10 0.00083425
Car -1 -1 -10 109.999 1.793 475.256 380.863 -1 -1 -1 -1000 -1000 -1000 -10 0.00081501
Car -1 -1 -10 0.000 801.759 446.962 1200.000 -1 -1 -1 -1000 -1000 -1000 -10 0.00158353
Car -1 -1 -10 853.392 481.123 1013.719 735.113 -1 -1 -1 -1000 -1000 -1000 -10 0.00080832
Car -1 -1 -10 949.574 575.560 1034.615 666.778 -1 -1 -1 -1000 -1000 -1000 -10 0.00079716
Car -1 -1 -10 682.157 4.211 1197.838 567.305 -1 -1 -1 -1000 -1000 -1000 -10 0.00079247
Car -1 -1 -10 1477.649 0.000 1920.000 325.480 -1 -1 -1 -1000 -1000 -1000 -10 0.00078843
Car -1 -1 -10 747.569 440.542 899.278 538.367 -1 -1 -1 -1000 -1000 -1000 -10 0.00077501
Car -1 -1 -10 1131.582 1103.948 1300.264 1200.000 -1 -1 -1 -1000 -1000 -1000 -10 0.00074324
Car -1 -1 -10 0.000 0.000 291.662 206.835 -1 -1 -1 -1000 -1000 -1000 -10 0.00072892
Car -1 -1 -10 1628.263 0.000 1920.000 209.592 -1 -1 -1 -1000 -1000 -1000 -10 0.00070604
Car -1 -1 -10 905.493 471.572 955.105 776.343 -1 -1 -1 -1000 -1000 -1000 -10 0.00070478
Car -1 -1 -10 580.167 682.181 794.234 1197.713 -1 -1 -1 -1000 -1000 -1000 -10 0.00068589
