Car -1 -1 -10 613.223 579.039 813.026 733.972 -1 -1 -1 -1000 -1000 -1000 -10 0.99998233
Car -1 -1 -10 543.477 580.864 623.576 639.640 -1 -1 -1 -1000 -1000 -1000 -10 0.21585240
Car -1 -1 -10 615.057 576.891 722.513 685.785 -1 -1 -1 -1000 -1000 -1000 -10 0.01020028
Car -1 -1 -10 696.809 576.811 795.417 662.268 -1 -1 -1 -1000 -1000 -1000 -10 0.00528422
Car -1 -1 -10 638.078 591.028 695.311 647.639 -1 -1 -1 -1000 -1000 -1000 -10 0.00561169
Car -1 -1 -10 580.203 1117.128 662.104 1200.000 -1 -1 -1 -1000 -1000 -1000 -10 0.00416092
Car -1 -1 -10 721.736 577.674 830.551 682.747 -1 -1 -1 -1000 -1000 -1000 -10 0.00198736
Car -1 -1 -10 595.960 1155.987 633.723 1200.000 -1 -1 -1 -1000 -1000 -1000 -10 0.00336703
Car -1 -1 -10 497.723 612.152 678.910 1184.976 -1 -1 -1 -1000 -1000 -1000 -10 0.00326020
Car -1 -1 -10 717.987 591.642 775.902 646.468 -1 -1 -1 -1000 -1000 -1000 -10 0.00186750
Car -1 -1 -10 381.875 1053.930 793.363 1200.000 -1 -1 -1 -1000 -1000 -1000 -10 0.00293692
Car -1 -1 -10 732.627 583.960 819.405 675.229 -1 -1 -1 -1000 -1000 -1000 -10 0.00279931
Car -1 -1 -10 537.245 1084.296 595.810 1200.000 -1 -1 -1 -1000 -1000 -1000 -10 0.00297961
Car -1 -1 -10 0.000 798.427 457.782 1199.297 -1 -1 -1 -1000 -1000 -1000 -10 0.00624799
Car -1 -1 -10 272.375 1061.497 666.933 1200.000 -1 -1 -1 -1000 -1000 -1000 -10 0.00415870
Car -1 -1 -10 546.520 1157.339 584.444 1200.000 -1 -1 -1 -1000 -1000 -1000 -10 0.00536073
Car -1 -1 -10 729.623 589.655 784.773 647.486 -1 -1 -1 -1000 -1000 -1000 -10 0.00146693
Car -1 -1 -10 335.043 690.511 573.711 1195.487 -1 -1 -1 -1000 -1000 -1000 -10 0.00288750
Car -1 -1 -10 529.939 1117.406 609.766 1200.000 -1 -1 -1 -1000 -1000 -1000 -10 0.00263793
Car -1 -1 -10 357.559 1102.860 604.646 1200.000 -1 -1 -1 -1000 -1000 -1000 -10 0.00241337
Car -1 -1 -10 421.910 684.134 659.243 1195.294 -1 -1 -1 -1000 -1000 -1000 -10 0.00236047
Car -1 -1 -10 610.708 1129.500 677.648 1200.000 -1 -1 -1 -1000 -1000 -1000 -10 0.00134872
Car -1 -1 -10 254.269 678.624 487.459 1197.105 -1 -1 -1 -1000 -1000 -1000 -10 0.00134309
Car -1 -1 -10 273.862 586.687 469.168 1178.397 -1 -1 -1 -1000 -1000 -1000 -10 0.00134267
Car -1 -1 -10 307.094 1019.493 626.700 1200.000 -1 -1 -1 -1000 -1000 -1000 -10 0.00133023
Car -1 -1 -10 11.730 678.561 250.536 1199.896 -1 -1 -1 -1000 -1000 -1000 -10 0.00132711
Car -1 -1 -10 451.193 1105.104 701.547 1200.000 -1 -1 -1 -1000 -1000 -1000 -10 0.00131322
Car -1 -1 -10 604.538 1123.049 643.624 1200.000 -1 -1 -1 -1000 -1000 -1000 -10 0.00252757
Car -1 -1 -10 336.748 870.887 621.047 1200.000 -1 -1 -1 -1000 -1000 -1000 -10 0.00221790
Car -1 -1 -10 405.165 1068.766 569.171 1164.660 -1 -1 -1 -1000 -1000 -1000 -10 0.00239188
Car -1 -1 -10 385.478 1103.367 562.887 1200.000 -1 -1 -1 -1000 -1000 -1000 -10 0.00125133
Car -1 -1 -10 589.026 1124.433 628.389 1200.000 -1 -1 -1 -1000 -1000 -1000 -10 0.00123783
Car -1 -1 -10 543.591 682.234 780.488 1198.260 -1 -1 -1 -1000 -1000 -1000 -10 0.00120586
Car -1 -1 -10 149.168 1066.193 537.770 1200.000 -1 -1 -1 -1000 -1000 -1000 -10 0.00119938
Car -1 -1 -10 619.793 1157.553 657.774 1200.000 -1 -1 -1 -1000 -1000 -1000 -10 0.00118235
Car -1 -1 -10 614.763 1088.452 673.134 1200.000 -1 -1 -1 -1000 -1000 -1000 -10 0.00115758
Car -1 -1 -10 623.377 589.144 679.761 690.595 -1 -1 -1 -1000 -1000 -1000 -10 0.00115644
Car -1 -1 -10 174.537 797.283 808.727 1184.517 -1 -1 -1 -1000 -1000 -1000 -10 0.00115372
Car -1 -1 -10 547.181 1122.834 586.817 1200.000 -1 -1 -1 -1000 -1000 -1000 -10 0.00113359
Car -1 -1 -10 212.607 637.753 387.329 1189.472 -1 -1 -1 -1000 -1000 -1000 -10 0.00111314
Car -1 -1 -10 405.148 746.354 531.583 1200.000 -1 -1 -1 -1000 -1000 -1000 -10 0.00110743
Car -1 -1 -10 393.043 597.060 590.744 1182.731 -1 -1 -1 -1000 -1000 -1000 -10 0.00108151
Car -1 -1 -10 363.853 1021.006 854.290 1200.000 -1 -1 -1 -1000 -1000 -1000 -10 0.00107359
Car -1 -1 -10 652.189 581.580 733.141 656.515 -1 -1 -1 -1000 -1000 -1000 -10 0.00105712
Car -1 -1 -10 321.520 592.262 513.611 1175.210 -1 -1 -1 -1000 -1000 -1000 -10 0.00105242
Car -1 -1 -10 743.038 591.463 794.526 650.686 -1 -1 -1 -1000 -1000 -1000 -10 0.00102688
Car -1 -1 -10 0.000 809.292 211.231 1195.007 -1 -1 -1 -1000 -1000 -1000 -10 0.00099015
Car -1 -1 -10 227.039 590.521 420.124 1175.562 -1 -1 -1 -1000 -1000 -1000 -10 0.00095428
Car -1 -1 -10 242.281 1157.299 280.029 1200.000 -1 -1 -1 -1000 -1000 -1000 -10 0.00093671
