Car -1 -1 -10 758.631 603.327 809.378 655.433 -1 -1 -1 -1000 -1000 -1000 -10 0.30367019
Car -1 -1 -10 443.626 138.107 1920.000 1200.000 -1 -1 -1 -1000 -1000 -1000 -10 0.01740599
Car -1 -1 -10 1183.952 588.038 1917.800 1165.173 -1 -1 -1 -1000 -1000 -1000 -10 0.01368320
Car -1 -1 -10 1009.165 467.944 1920.000 1193.776 -1 -1 -1 -1000 -1000 -1000 -10 0.01389927
Car -1 -1 -10 1267.540 493.679 1920.000 1027.272 -1 -1 -1 -1000 -1000 -1000 -10 0.01049256
Car -1 -1 -10 1412.221 557.282 1911.764 956.936 -1 -1 -1 -1000 -1000 -1000 -10 0.00514093
Car -1 -1 -10 1466.126 599.901 1920.000 863.023 -1 -1 -1 -1000 -1000 -1000 -10 0.00471742
Car -1 -1 -10 1427.019 492.881 1908.339 767.517 -1 -1 -1 -1000 -1000 -1000 -10 0.00389141
Car -1 -1 -10 911.981 363.742 1920.000 1083.784 -1 -1 -1 -1000 -1000 -1000 -10 0.00365094
Car -1 -1 -10 1475.587 255.786 1827.339 895.081 -1 -1 -1 -1000 -1000 -1000 -10 0.00357353
Car -1 -1 -10 1208.932 454.841 1878.332 851.564 -1 -1 -1 -1000 -1000 -1000 -10 0.00351472
Car -1 -1 -10 1430.071 438.803 1910.992 712.847 -1 -1 -1 -1000 -1000 -1000 -10 0.00344165
Car -1 -1 -10 1211.865 345.631 1882.818 759.792 -1 -1 -1 -1000 -1000 -1000 -10 0.00334346
Car -1 -1 -10 1334.309 142.680 1920.000 1200.000 -1 -1 -1 -1000 -1000 -1000 -10 0.00621798
Car -1 -1 -10 1498.934 531.727 1920.000 831.609 -1 -1 -1 -1000 -1000 -1000 -10 0.00577999
Car -1 -1 -10 1571.027 635.382 1883.611 788.876 -1 -1 -1 -1000 -1000 -1000 -10 0.00311530
Car -1 -1 -10 1350.742 366.937 1920.000 750.478 -1 -1 -1 -1000 -1000 -1000 -10 0.00308302
Car -1 -1 -10 1502.503 572.328 1920.000 796.073 -1 -1 -1 -1000 -1000 -1000 -10 0.00301217
Car -1 -1 -10 1385.094 214.619 1912.381 889.806 -1 -1 -1 -1000 -1000 -1000 -10 0.00532204
Car -1 -1 -10 0.000 789.095 464.335 1196.817 -1 -1 -1 -1000 -1000 -1000 -10 0.00474763
Car -1 -1 -10 1505.737 464.397 1920.000 693.797 -1 -1 -1 -1000 -1000 -1000 -10 0.00242191
Car -1 -1 -10 1310.209 391.535 1796.035 660.705 -1 -1 -1 -1000 -1000 -1000 -10 0.00239829
Car -1 -1 -10 1589.107 471.289 1891.308 1002.499 -1 -1 -1 -1000 -1000 -1000 -10 0.00219551
