Car -1 -1 -10 250.583 536.288 502.809 700.687 -1 -1 -1 -1000 -1000 -1000 -10 0.99941358
Car -1 -1 -10 1174.843 531.402 1408.672 652.275 -1 -1 -1 -1000 -1000 -1000 -10 0.06234476
Car -1 -1 -10 350.415 546.152 496.641 674.510 -1 -1 -1 -1000 -1000 -1000 -10 0.00962429
Car -1 -1 -10 422.187 516.930 529.745 594.101 -1 -1 -1 -1000 -1000 -1000 -10 0.00315063
Car -1 -1 -10 402.355 521.854 541.502 606.151 -1 -1 -1 -1000 -1000 -1000 -10 0.00256160
Car -1 -1 -10 340.235 535.264 503.349 648.821 -1 -1 -1 -1000 -1000 -1000 -10 0.00192724
Car -1 -1 -10 747.649 810.743 1369.643 1186.913 -1 -1 -1 -1000 -1000 -1000 -10 0.00456209
Car -1 -1 -10 8.333 626.029 496.255 1199.455 -1 -1 -1 -1000 -1000 -1000 -10 0.00414943
Car -1 -1 -10 1232.379 776.103 1898.703 1200.000 -1 -1 -1 -1000 -1000 -1000 -10 0.00145738
Car -1 -1 -10 1000.547 672.034 1185.839 1194.162 -1 -1 -1 -1000 -1000 -1000 -10 0.00143250
Car -1 -1 -10 948.980 743.394 1233.974 1188.089 -1 -1 -1 -1000 -1000 -1000 -10 0.00138314
Car -1 -1 -10 180.554 652.129 371.217 1188.408 -1 -1 -1 -1000 -1000 -1000 -10 0.00134594
Car -1 -1 -10 0.000 806.347 466.040 1200.000 -1 -1 -1 -1000 -1000 -1000 -10 0.00133863
Car -1 -1 -10 490.940 519.868 1650.995 1196.274 -1 -1 -1 -1000 -1000 -1000 -10 0.00236452
Car -1 -1 -10 341.709 535.767 457.846 652.168 -1 -1 -1 -1000 -1000 -1000 -10 0.00122687
Car -1 -1 -10 1463.850 809.874 1920.000 1200.000 -1 -1 -1 -1000 -1000 -1000 -10 0.00352220
Car -1 -1 -10 890.063 655.286 1078.587 1190.000 -1 -1 -1 -1000 -1000 -1000 -10 0.00223125
Car -1 -1 -10 174.372 584.382 326.931 1200.000 -1 -1 -1 -1000 -1000 -1000 -10 0.00116683
Car -1 -1 -10 0.000 728.921 280.268 1200.000 -1 -1 -1 -1000 -1000 -1000 -10 0.00116470
Car -1 -1 -10 195.201 615.648 414.735 1177.791 -1 -1 -1 -1000 -1000 -1000 -10 0.00116337
Car -1 -1 -10 1067.878 741.557 1398.711 1194.058 -1 -1 -1 -1000 -1000 -1000 -10 0.00114834
Car -1 -1 -10 319.734 536.152 442.350 652.847 -1 -1 -1 -1000 -1000 -1000 -10 0.00114702
Car -1 -1 -10 301.286 643.595 493.345 1186.171 -1 -1 -1 -1000 -1000 -1000 -10 0.00111783
Car -1 -1 -10 117.288 356.181 407.753 1200.000 -1 -1 -1 -1000 -1000 -1000 -10 0.00111711
Car -1 -1 -10 1305.329 805.432 1650.831 1197.782 -1 -1 -1 -1000 -1000 -1000 -10 0.00206190
Car -1 -1 -10 887.852 792.157 1547.174 1200.000 -1 -1 -1 -1000 -1000 -1000 -10 0.00109779
Car -1 -1 -10 515.371 32.245 708.965 552.051 -1 -1 -1 -1000 -1000 -1000 -10 0.00194413
Car -1 -1 -10 1261.116 1048.118 1676.598 1200.000 -1 -1 -1 -1000 -1000 -1000 -10 0.00196114
Car -1 -1 -10 318.220 0.000 902.538 209.613 -1 -1 -1 -1000 -1000 -1000 -10 0.00106247
Car -1 -1 -10 277.375 1046.569 691.399 1200.000 -1 -1 -1 -1000 -1000 -1000 -10 0.00195842
Car -1 -1 -10 0.000 907.535 603.941 1200.000 -1 -1 -1 -1000 -1000 -1000 -10 0.00103793
Car -1 -1 -10 356.069 569.715 477.900 687.110 -1 -1 -1 -1000 -1000 -1000 -10 0.00103458
Car -1 -1 -10 97.148 778.695 694.495 1198.977 -1 -1 -1 -1000 -1000 -1000 -10 0.00101664
Car -1 -1 -10 724.626 931.445 1336.939 1200.000 -1 -1 -1 -1000 -1000 -1000 -10 0.00100592
Car -1 -1 -10 845.031 826.613 1005.002 1200.000 -1 -1 -1 -1000 -1000 -1000 -10 0.00095851
Car -1 -1 -10 807.559 640.109 1072.693 1200.000 -1 -1 -1 -1000 -1000 -1000 -10 0.00095843
Car -1 -1 -10 1170.104 910.205 1870.089 1200.000 -1 -1 -1 -1000 -1000 -1000 -10 0.00092905
Car -1 -1 -10 0.000 472.230 418.233 1027.524 -1 -1 -1 -1000 -1000 -1000 -10 0.00092835
Car -1 -1 -10 493.003 0.000 719.568 217.922 -1 -1 -1 -1000 -1000 -1000 -10 0.00089515
Car -1 -1 -10 277.813 519.193 1412.761 1199.207 -1 -1 -1 -1000 -1000 -1000 -10 0.00089280
Car -1 -1 -10 430.165 0.000 766.241 119.280 -1 -1 -1 -1000 -1000 -1000 -10 0.00088610
Car -1 -1 -10 410.535 3.318 1003.081 274.955 -1 -1 -1 -1000 -1000 -1000 -10 0.00087857
Car -1 -1 -10 411.467 825.534 571.129 1200.000 -1 -1 -1 -1000 -1000 -1000 -10 0.00087356
Car -1 -1 -10 1368.972 1104.677 1611.518 1200.000 -1 -1 -1 -1000 -1000 -1000 -10 0.00086661
Car -1 -1 -10 483.555 825.209 643.887 1200.000 -1 -1 -1 -1000 -1000 -1000 -10 0.00085543
Car -1 -1 -10 224.859 583.541 377.239 1194.581 -1 -1 -1 -1000 -1000 -1000 -10 0.00084719
Car -1 -1 -10 196.964 935.336 808.184 1200.000 -1 -1 -1 -1000 -1000 -1000 -10 0.00084636
Car -1 -1 -10 994.157 594.658 1143.345 1200.000 -1 -1 -1 -1000 -1000 -1000 -10 0.00084625
Car -1 -1 -10 1066.281 590.770 1216.240 1200.000 -1 -1 -1 -1000 -1000 -1000 -10 0.00082691
