Car -1 -1 -10 276.262 524.586 634.676 820.264 -1 -1 -1 -1000 -1000 -1000 -10 0.99983257
Car -1 -1 -10 900.240 549.374 1136.023 662.781 -1 -1 -1 -1000 -1000 -1000 -10 0.41331108
Car -1 -1 -10 1154.441 526.533 1543.348 752.231 -1 -1 -1 -1000 -1000 -1000 -10 0.53775534
Car -1 -1 -10 1016.524 540.215 1327.144 689.967 -1 -1 -1 -1000 -1000 -1000 -10 0.45727365
Car -1 -1 -10 264.212 575.523 409.931 685.274 -1 -1 -1 -1000 -1000 -1000 -10 0.24478026
Car -1 -1 -10 978.689 543.909 1214.566 674.363 -1 -1 -1 -1000 -1000 -1000 -10 0.15555714
Car -1 -1 -10 254.747 565.570 445.396 698.851 -1 -1 -1 -1000 -1000 -1000 -10 0.08277980
Car -1 -1 -10 183.823 578.989 327.942 657.389 -1 -1 -1 -1000 -1000 -1000 -10 0.05221105
Car -1 -1 -10 1101.450 535.062 1385.463 719.836 -1 -1 -1 -1000 -1000 -1000 -10 0.02054537
Car -1 -1 -10 262.955 551.258 481.139 764.314 -1 -1 -1 -1000 -1000 -1000 -10 0.03633319
Car -1 -1 -10 906.153 560.183 1087.747 658.728 -1 -1 -1 -1000 -1000 -1000 -10 0.01815107
Car -1 -1 -10 1004.159 562.238 1187.489 666.822 -1 -1 -1 -1000 -1000 -1000 -10 0.01446005
