Car -1 -1 -10 399.249 556.441 500.702 632.233 -1 -1 -1 -1000 -1000 -1000 -10 0.97144422
Car -1 -1 -10 786.640 571.484 863.995 633.875 -1 -1 -1 -1000 -1000 -1000 -10 0.88894576
Car -1 -1 -10 0.000 0.000 307.048 369.696 -1 -1 -1 -1000 -1000 -1000 -10 0.00419967
Car -1 -1 -10 906.455 797.189 1497.427 1185.620 -1 -1 -1 -1000 -1000 -1000 -10 0.00583801
Car -1 -1 -10 0.000 0.000 417.659 314.614 -1 -1 -1 -1000 -1000 -1000 -10 0.00326789
Car -1 -1 -10 439.419 566.018 507.695 625.907 -1 -1 -1 -1000 -1000 -1000 -10 0.00270828
Car -1 -1 -10 0.000 0.000 125.596 146.208 -1 -1 -1 -1000 -1000 -1000 -10 0.00148590
Car -1 -1 -10 356.000 781.854 930.111 1186.904 -1 -1 -1 -1000 -1000 -1000 -10 0.00355649
Car -1 -1 -10 1.409 709.057 297.107 1194.674 -1 -1 -1 -1000 -1000 -1000 -10 0.00401729
Car -1 -1 -10 1035.342 568.158 1092.466 624.461 -1 -1 -1 -1000 -1000 -1000 -10 0.00274567
Car -1 -1 -10 0.000 0.000 270.481 201.881 -1 -1 -1 -1000 -1000 -1000 -10 0.00277638
Car -1 -1 -10 707.868 3.338 1135.571 337.542 -1 -1 -1 -1000 -1000 -1000 -10 0.00139877
Car -1 -1 -10 11.512 0.000 491.504 553.315 -1 -1 -1 -1000 -1000 -1000 -10 0.00232826
Car -1 -1 -10 0.000 0.000 206.837 236.791 -1 -1 -1 -1000 -1000 -1000 -10 0.00128650
Car -1 -1 -10 517.342 660.031 706.730 1190.329 -1 -1 -1 -1000 -1000 -1000 -10 0.00126758
Car -1 -1 -10 0.000 0.000 155.716 119.824 -1 -1 -1 -1000 -1000 -1000 -10 0.00126348
Car -1 -1 -10 325.319 659.431 512.369 1188.274 -1 -1 -1 -1000 -1000 -1000 -10 0.00126150
Car -1 -1 -10 433.949 664.194 620.893 1191.367 -1 -1 -1 -1000 -1000 -1000 -10 0.00227701
Car -1 -1 -10 0.000 808.593 464.984 1200.000 -1 -1 -1 -1000 -1000 -1000 -10 0.00123419
Car -1 -1 -10 590.270 660.534 779.016 1189.355 -1 -1 -1 -1000 -1000 -1000 -10 0.00242296
Car -1 -1 -10 1459.797 3.637 1920.000 354.923 -1 -1 -1 -1000 -1000 -1000 -10 0.00196314
Car -1 -1 -10 751.478 3.226 1099.288 226.837 -1 -1 -1 -1000 -1000 -1000 -10 0.00117359
Car -1 -1 -10 73.518 41.230 374.272 986.886 -1 -1 -1 -1000 -1000 -1000 -10 0.00342165
Car -1 -1 -10 996.721 660.154 1188.181 1191.831 -1 -1 -1 -1000 -1000 -1000 -10 0.00114698
Car -1 -1 -10 294.065 1.646 656.721 378.355 -1 -1 -1 -1000 -1000 -1000 -10 0.00113454
Car -1 -1 -10 1303.119 469.485 1639.797 679.026 -1 -1 -1 -1000 -1000 -1000 -10 0.00209126
Car -1 -1 -10 351.107 657.374 539.558 1190.212 -1 -1 -1 -1000 -1000 -1000 -10 0.00112935
Car -1 -1 -10 177.014 783.384 748.330 1183.357 -1 -1 -1 -1000 -1000 -1000 -10 0.00112816
Car -1 -1 -10 54.363 21.501 415.977 796.317 -1 -1 -1 -1000 -1000 -1000 -10 0.00112431
Car -1 -1 -10 666.585 33.840 964.306 959.131 -1 -1 -1 -1000 -1000 -1000 -10 0.00194565
Car -1 -1 -10 579.419 0.000 1159.671 327.236 -1 -1 -1 -1000 -1000 -1000 -10 0.00197141
Car -1 -1 -10 684.648 3.951 1053.265 374.777 -1 -1 -1 -1000 -1000 -1000 -10 0.00106531
Car -1 -1 -10 1354.624 474.558 1536.416 642.935 -1 -1 -1 -1000 -1000 -1000 -10 0.00207214
Car -1 -1 -10 1639.645 486.381 1920.000 639.593 -1 -1 -1 -1000 -1000 -1000 -10 0.00104821
Car -1 -1 -10 5.021 0.000 572.773 277.493 -1 -1 -1 -1000 -1000 -1000 -10 0.00193185
Car -1 -1 -10 496.988 0.000 1175.978 275.619 -1 -1 -1 -1000 -1000 -1000 -10 0.00098093
Car -1 -1 -10 0.000 567.559 534.208 1198.249 -1 -1 -1 -1000 -1000 -1000 -10 0.00098004
Car -1 -1 -10 1620.661 0.000 1920.000 257.160 -1 -1 -1 -1000 -1000 -1000 -10 0.00097127
Car -1 -1 -10 126.301 47.316 278.627 639.786 -1 -1 -1 -1000 -1000 -1000 -10 0.00096958
Car -1 -1 -10 427.022 550.913 454.835 645.411 -1 -1 -1 -1000 -1000 -1000 -10 0.00088585
Car -1 -1 -10 17.890 619.866 253.143 1189.932 -1 -1 -1 -1000 -1000 -1000 -10 0.00088518
Car -1 -1 -10 419.890 507.732 465.516 672.279 -1 -1 -1 -1000 -1000 -1000 -10 0.00085245
Car -1 -1 -10 250.460 17.233 500.346 475.163 -1 -1 -1 -1000 -1000 -1000 -10 0.00081210
Car -1 -1 -10 798.313 559.625 859.097 613.708 -1 -1 -1 -1000 -1000 -1000 -10 0.00080591
Car -1 -1 -10 228.528 0.000 806.461 205.794 -1 -1 -1 -1000 -1000 -1000 -10 0.00078363
