Car -1 -1 -10 982.132 520.357 1920.000 1200.000 -1 -1 -1 -1000 -1000 -1000 -10 0.01014694
Car -1 -1 -10 1500.952 262.926 1911.532 1042.428 -1 -1 -1 -1000 -1000 -1000 -10 0.00352663
Car -1 -1 -10 1452.952 401.766 1920.000 904.873 -1 -1 -1 -1000 -1000 -1000 -10 0.00339342
Car -1 -1 -10 1383.480 450.465 1916.773 855.471 -1 -1 -1 -1000 -1000 -1000 -10 0.00521872
Car -1 -1 -10 1508.785 345.275 1920.000 612.463 -1 -1 -1 -1000 -1000 -1000 -10 0.00425548
Car -1 -1 -10 1442.030 554.732 1892.354 803.091 -1 -1 -1 -1000 -1000 -1000 -10 0.00438953
Car -1 -1 -10 1293.692 566.467 1920.000 1138.801 -1 -1 -1 -1000 -1000 -1000 -10 0.00448311
Car -1 -1 -10 1356.210 189.380 1920.000 1200.000 -1 -1 -1 -1000 -1000 -1000 -10 0.00412407
Car -1 -1 -10 1391.712 390.363 1920.000 1017.132 -1 -1 -1 -1000 -1000 -1000 -10 0.00211927
Car -1 -1 -10 1634.585 679.981 1920.000 973.527 -1 -1 -1 -1000 -1000 -1000 -10 0.00200037
Car -1 -1 -10 1537.845 552.960 1920.000 798.246 -1 -1 -1 -1000 -1000 -1000 -10 0.00196776
Car -1 -1 -10 1278.791 573.468 1822.711 880.295 -1 -1 -1 -1000 -1000 -1000 -10 0.00194527
Car -1 -1 -10 1435.596 338.367 1920.000 702.162 -1 -1 -1 -1000 -1000 -1000 -10 0.00193481
Car -1 -1 -10 1189.140 540.427 1803.171 903.734 -1 -1 -1 -1000 -1000 -1000 -10 0.00191569
Car -1 -1 -10 1503.564 587.275 1815.268 742.205 -1 -1 -1 -1000 -1000 -1000 -10 0.00325942
Car -1 -1 -10 1548.160 582.073 1916.962 869.687 -1 -1 -1 -1000 -1000 -1000 -10 0.00177830
Car -1 -1 -10 566.539 159.584 1892.799 1200.000 -1 -1 -1 -1000 -1000 -1000 -10 0.00169962
Car -1 -1 -10 1364.775 250.514 1920.000 677.611 -1 -1 -1 -1000 -1000 -1000 -10 0.00167129
Car -1 -1 -10 1439.784 649.232 1920.000 1000.061 -1 -1 -1 -1000 -1000 -1000 -10 0.00156035
