Car -1 -1 -10 489.270 556.799 584.340 632.860 -1 -1 -1 -1000 -1000 -1000 -10 0.99217130
Car -1 -1 -10 229.204 580.741 361.665 667.337 -1 -1 -1 -1000 -1000 -1000 -10 0.98436403
Car -1 -1 -10 823.910 796.371 1444.932 1198.628 -1 -1 -1 -1000 -1000 -1000 -10 0.01666129
Car -1 -1 -10 236.171 848.765 576.751 1193.844 -1 -1 -1 -1000 -1000 -1000 -10 0.01391559
Car -1 -1 -10 156.574 985.333 695.599 1200.000 -1 -1 -1 -1000 -1000 -1000 -10 0.01361362
Car -1 -1 -10 1097.585 760.379 1757.993 1200.000 -1 -1 -1 -1000 -1000 -1000 -10 0.00804230
Car -1 -1 -10 452.514 792.942 1140.996 1200.000 -1 -1 -1 -1000 -1000 -1000 -10 0.01484569
Car -1 -1 -10 0.000 859.863 793.091 1200.000 -1 -1 -1 -1000 -1000 -1000 -10 0.00750019
Car -1 -1 -10 1182.664 673.836 1731.510 1200.000 -1 -1 -1 -1000 -1000 -1000 -10 0.00384390
Car -1 -1 -10 491.291 974.536 848.215 1196.817 -1 -1 -1 -1000 -1000 -1000 -10 0.00671348
Car -1 -1 -10 22.220 683.102 463.853 1197.247 -1 -1 -1 -1000 -1000 -1000 -10 0.00979451
Car -1 -1 -10 126.583 811.551 763.299 1199.145 -1 -1 -1 -1000 -1000 -1000 -10 0.00335125
Car -1 -1 -10 239.531 1056.304 547.148 1192.849 -1 -1 -1 -1000 -1000 -1000 -10 0.00610499
Car -1 -1 -10 243.437 1029.497 599.649 1194.293 -1 -1 -1 -1000 -1000 -1000 -10 0.00317851
Car -1 -1 -10 196.681 673.119 414.145 1186.458 -1 -1 -1 -1000 -1000 -1000 -10 0.00298992
Car -1 -1 -10 112.813 748.693 448.038 1184.638 -1 -1 -1 -1000 -1000 -1000 -10 0.00286773
Car -1 -1 -10 516.519 833.079 849.990 1196.548 -1 -1 -1 -1000 -1000 -1000 -10 0.00528492
Car -1 -1 -10 392.794 880.504 937.091 1200.000 -1 -1 -1 -1000 -1000 -1000 -10 0.00276134
Car -1 -1 -10 318.598 732.466 472.637 1200.000 -1 -1 -1 -1000 -1000 -1000 -10 0.00275651
Car -1 -1 -10 306.006 1099.023 558.328 1200.000 -1 -1 -1 -1000 -1000 -1000 -10 0.00526085
Car -1 -1 -10 617.267 999.748 995.956 1187.737 -1 -1 -1 -1000 -1000 -1000 -10 0.00272886
Car -1 -1 -10 577.906 788.661 888.912 1188.693 -1 -1 -1 -1000 -1000 -1000 -10 0.00272826
Car -1 -1 -10 901.361 551.518 1920.000 1192.148 -1 -1 -1 -1000 -1000 -1000 -10 0.00255419
Car -1 -1 -10 537.693 1028.648 820.771 1196.030 -1 -1 -1 -1000 -1000 -1000 -10 0.00240858
