Car -1 -1 -10 0.000 795.828 459.141 1198.482 -1 -1 -1 -1000 -1000 -1000 -10 0.00693074
Car -1 -1 -10 46.376 1139.383 163.193 1200.000 -1 -1 -1 -1000 -1000 -1000 -10 0.00114587
Car -1 -1 -10 0.464 967.852 210.517 1200.000 -1 -1 -1 -1000 -1000 -1000 -10 0.00209821
Car -1 -1 -10 43.119 640.646 218.913 1197.006 -1 -1 -1 -1000 -1000 -1000 -10 0.00197037
Car -1 -1 -10 0.000 961.186 306.320 1200.000 -1 -1 -1 -1000 -1000 -1000 -10 0.00196887
Car -1 -1 -10 3.210 1085.615 254.606 1200.000 -1 -1 -1 -1000 -1000 -1000 -10 0.00097530
Car -1 -1 -10 0.000 1109.263 123.780 1200.000 -1 -1 -1 -1000 -1000 -1000 -10 0.00175609
Car -1 -1 -10 79.725 1158.692 117.339 1200.000 -1 -1 -1 -1000 -1000 -1000 -10 0.00167692
Car -1 -1 -10 203.604 579.206 398.551 1178.495 -1 -1 -1 -1000 -1000 -1000 -10 0.00159255
Car -1 -1 -10 0.000 1066.325 301.966 1200.000 -1 -1 -1 -1000 -1000 -1000 -10 0.00090372
Car -1 -1 -10 0.000 1107.578 91.020 1200.000 -1 -1 -1 -1000 -1000 -1000 -10 0.00089413
Car -1 -1 -10 0.000 530.648 772.260 1191.816 -1 -1 -1 -1000 -1000 -1000 -10 0.00172872
Car -1 -1 -10 11.622 1105.184 220.749 1200.000 -1 -1 -1 -1000 -1000 -1000 -10 0.00157516
Car -1 -1 -10 0.000 1104.964 48.843 1200.000 -1 -1 -1 -1000 -1000 -1000 -10 0.00082941
Car -1 -1 -10 59.244 303.531 375.505 1197.989 -1 -1 -1 -1000 -1000 -1000 -10 0.00149940
Car -1 -1 -10 1448.968 307.893 1902.634 827.238 -1 -1 -1 -1000 -1000 -1000 -10 0.00079688
Car -1 -1 -10 55.986 1116.632 142.315 1200.000 -1 -1 -1 -1000 -1000 -1000 -10 0.00078701
Car -1 -1 -10 1462.073 592.543 1920.000 1167.530 -1 -1 -1 -1000 -1000 -1000 -10 0.00150532
Car -1 -1 -10 0.000 1156.294 30.970 1200.000 -1 -1 -1 -1000 -1000 -1000 -10 0.00076316
Car -1 -1 -10 61.800 1158.703 98.720 1200.000 -1 -1 -1 -1000 -1000 -1000 -10 0.00076276
Car -1 -1 -10 56.526 584.740 253.052 1182.085 -1 -1 -1 -1000 -1000 -1000 -10 0.00075600
Car -1 -1 -10 16.437 1127.959 82.972 1200.000 -1 -1 -1 -1000 -1000 -1000 -10 0.00075087
Car -1 -1 -10 52.339 1011.322 150.530 1200.000 -1 -1 -1 -1000 -1000 -1000 -10 0.00069236
Car -1 -1 -10 69.683 1089.210 128.013 1200.000 -1 -1 -1 -1000 -1000 -1000 -10 0.00136146
Car -1 -1 -10 20.975 1088.457 79.499 1200.000 -1 -1 -1 -1000 -1000 -1000 -10 0.00064343
