Car -1 -1 -10 173.065 612.754 324.728 705.801 -1 -1 -1 -1000 -1000 -1000 -10 0.99991208
Car -1 -1 -10 465.196 532.618 864.879 866.618 -1 -1 -1 -1000 -1000 -1000 -10 0.99854279
Car -1 -1 -10 288.743 621.392 395.538 696.673 -1 -1 -1 -1000 -1000 -1000 -10 0.99244192
Car -1 -1 -10 1457.804 526.755 1898.999 938.796 -1 -1 -1 -1000 -1000 -1000 -10 0.77656870
Car -1 -1 -10 1298.457 506.723 1684.447 785.985 -1 -1 -1 -1000 -1000 -1000 -10 0.45605122
Car -1 -1 -10 984.220 585.591 1154.476 687.339 -1 -1 -1 -1000 -1000 -1000 -10 0.76611313
Car -1 -1 -10 1072.086 571.759 1301.859 706.148 -1 -1 -1 -1000 -1000 -1000 -10 0.80340140
Car -1 -1 -10 1139.568 572.353 1439.529 748.240 -1 -1 -1 -1000 -1000 -1000 -10 0.41328190
Car -1 -1 -10 1042.362 588.020 1214.194 689.936 -1 -1 -1 -1000 -1000 -1000 -10 0.12187695
Car -1 -1 -10 1148.084 532.128 1540.258 746.357 -1 -1 -1 -1000 -1000 -1000 -10 0.08284679
Car -1 -1 -10 1.369 592.712 100.711 729.942 -1 -1 -1 -1000 -1000 -1000 -10 0.02625127
