Car -1 -1 -10 0.000 558.764 920.509 1196.824 -1 -1 -1 -1000 -1000 -1000 -10 0.01364205
Car -1 -1 -10 1650.267 589.072 1819.381 677.953 -1 -1 -1 -1000 -1000 -1000 -10 0.00987427
Car -1 -1 -10 8.646 737.130 623.422 1194.206 -1 -1 -1 -1000 -1000 -1000 -10 0.01659877
Car -1 -1 -10 213.997 441.973 512.737 1200.000 -1 -1 -1 -1000 -1000 -1000 -10 0.00193084
Car -1 -1 -10 23.173 389.350 377.286 1200.000 -1 -1 -1 -1000 -1000 -1000 -10 0.00745091
Car -1 -1 -10 299.106 666.203 491.765 1191.824 -1 -1 -1 -1000 -1000 -1000 -10 0.00172976
Car -1 -1 -10 665.746 697.746 1447.038 1188.909 -1 -1 -1 -1000 -1000 -1000 -10 0.00310372
Car -1 -1 -10 117.600 184.260 404.346 1200.000 -1 -1 -1 -1000 -1000 -1000 -10 0.00151063
Car -1 -1 -10 1489.619 538.306 1905.463 903.936 -1 -1 -1 -1000 -1000 -1000 -10 0.00147164
Car -1 -1 -10 0.000 738.354 282.300 1194.577 -1 -1 -1 -1000 -1000 -1000 -10 0.00142662
Car -1 -1 -10 480.465 570.707 1664.105 1200.000 -1 -1 -1 -1000 -1000 -1000 -10 0.00140864
Car -1 -1 -10 0.000 735.839 373.354 1127.072 -1 -1 -1 -1000 -1000 -1000 -10 0.00140804
Car -1 -1 -10 129.442 524.768 281.209 1200.000 -1 -1 -1 -1000 -1000 -1000 -10 0.00137419
Car -1 -1 -10 174.363 773.640 848.389 1200.000 -1 -1 -1 -1000 -1000 -1000 -10 0.00128005
Car -1 -1 -10 395.564 656.385 588.969 1192.514 -1 -1 -1 -1000 -1000 -1000 -10 0.00127766
Car -1 -1 -10 133.510 704.437 374.070 1161.743 -1 -1 -1 -1000 -1000 -1000 -10 0.00124296
Car -1 -1 -10 243.975 681.068 459.352 1186.554 -1 -1 -1 -1000 -1000 -1000 -10 0.00120044
Car -1 -1 -10 1475.240 570.146 1724.638 694.994 -1 -1 -1 -1000 -1000 -1000 -10 0.00117483
