Car -1 -1 -10 440.964 592.828 582.293 673.845 -1 -1 -1 -1000 -1000 -1000 -10 0.31492703
Car -1 -1 -10 1151.727 585.995 1206.102 633.639 -1 -1 -1 -1000 -1000 -1000 -10 0.14758286
Car -1 -1 -10 446.299 596.114 561.141 668.707 -1 -1 -1 -1000 -1000 -1000 -10 0.04974094
Car -1 -1 -10 0.000 800.335 459.780 1199.141 -1 -1 -1 -1000 -1000 -1000 -10 0.00949116
Car -1 -1 -10 1149.013 594.001 1184.975 644.501 -1 -1 -1 -1000 -1000 -1000 -10 0.00253360
Car -1 -1 -10 0.000 1021.564 245.018 1200.000 -1 -1 -1 -1000 -1000 -1000 -10 0.00216296
Car -1 -1 -10 28.879 703.759 256.828 1200.000 -1 -1 -1 -1000 -1000 -1000 -10 0.00319319
Car -1 -1 -10 0.000 933.721 235.025 1200.000 -1 -1 -1 -1000 -1000 -1000 -10 0.00197470
Car -1 -1 -10 0.000 958.006 305.963 1200.000 -1 -1 -1 -1000 -1000 -1000 -10 0.00358266
Car -1 -1 -10 10.777 713.525 160.146 1200.000 -1 -1 -1 -1000 -1000 -1000 -10 0.00182808
Car -1 -1 -10 0.000 536.574 816.892 1197.413 -1 -1 -1 -1000 -1000 -1000 -10 0.00608834
Car -1 -1 -10 66.882 181.297 366.212 1192.822 -1 -1 -1 -1000 -1000 -1000 -10 0.00181692
Car -1 -1 -10 0.000 1070.925 204.787 1200.000 -1 -1 -1 -1000 -1000 -1000 -10 0.00326603
Car -1 -1 -10 0.000 1101.531 91.622 1200.000 -1 -1 -1 -1000 -1000 -1000 -10 0.00463965
Car -1 -1 -10 14.201 615.538 205.252 1196.670 -1 -1 -1 -1000 -1000 -1000 -10 0.00169495
Car -1 -1 -10 437.331 606.852 518.186 676.474 -1 -1 -1 -1000 -1000 -1000 -10 0.00322969
Car -1 -1 -10 13.736 1102.895 212.720 1200.000 -1 -1 -1 -1000 -1000 -1000 -10 0.00300687
Car -1 -1 -10 10.056 636.973 598.574 1088.797 -1 -1 -1 -1000 -1000 -1000 -10 0.00273537
Car -1 -1 -10 0.000 1103.070 49.502 1200.000 -1 -1 -1 -1000 -1000 -1000 -10 0.00148811
Car -1 -1 -10 500.840 597.698 589.325 663.631 -1 -1 -1 -1000 -1000 -1000 -10 0.00147911
Car -1 -1 -10 0.000 446.019 604.173 861.961 -1 -1 -1 -1000 -1000 -1000 -10 0.00143522
Car -1 -1 -10 58.751 402.633 377.522 1200.000 -1 -1 -1 -1000 -1000 -1000 -10 0.00141249
Car -1 -1 -10 17.882 373.485 308.153 1200.000 -1 -1 -1 -1000 -1000 -1000 -10 0.00138164
Car -1 -1 -10 0.000 1156.130 31.834 1200.000 -1 -1 -1 -1000 -1000 -1000 -10 0.00137857
Car -1 -1 -10 52.887 1011.821 150.329 1200.000 -1 -1 -1 -1000 -1000 -1000 -10 0.00137852
Car -1 -1 -10 103.378 537.279 254.678 1200.000 -1 -1 -1 -1000 -1000 -1000 -10 0.00133597
Car -1 -1 -10 90.377 656.679 272.856 1194.041 -1 -1 -1 -1000 -1000 -1000 -10 0.00128618
Car -1 -1 -10 103.982 593.698 300.489 1184.498 -1 -1 -1 -1000 -1000 -1000 -10 0.00128327
Car -1 -1 -10 0.000 1067.169 162.456 1166.997 -1 -1 -1 -1000 -1000 -1000 -10 0.00126673
Car -1 -1 -10 1456.814 813.680 1920.000 1200.000 -1 -1 -1 -1000 -1000 -1000 -10 0.00116392
