Car -1 -1 -10 1332.416 494.723 1915.415 828.153 -1 -1 -1 -1000 -1000 -1000 -10 0.27601605
Car -1 -1 -10 1277.089 509.706 1733.633 738.370 -1 -1 -1 -1000 -1000 -1000 -10 0.06473171
Car -1 -1 -10 1360.777 539.595 1876.576 1113.297 -1 -1 -1 -1000 -1000 -1000 -10 0.01750853
Car -1 -1 -10 343.180 496.028 1637.956 1197.680 -1 -1 -1 -1000 -1000 -1000 -10 0.01413224
Car -1 -1 -10 72.178 505.927 1381.088 1197.950 -1 -1 -1 -1000 -1000 -1000 -10 0.01049817
Car -1 -1 -10 1124.605 532.810 1424.109 687.540 -1 -1 -1 -1000 -1000 -1000 -10 0.00701304
Car -1 -1 -10 0.000 496.875 418.550 1020.954 -1 -1 -1 -1000 -1000 -1000 -10 0.00736400
Car -1 -1 -10 1096.702 497.543 1917.796 967.390 -1 -1 -1 -1000 -1000 -1000 -10 0.00420716
Car -1 -1 -10 0.000 480.518 789.557 1185.319 -1 -1 -1 -1000 -1000 -1000 -10 0.00643396
Car -1 -1 -10 1471.751 535.777 1825.182 778.742 -1 -1 -1 -1000 -1000 -1000 -10 0.00600089
Car -1 -1 -10 0.000 518.675 239.639 809.935 -1 -1 -1 -1000 -1000 -1000 -10 0.00310038
Car -1 -1 -10 502.501 824.048 1145.234 1189.183 -1 -1 -1 -1000 -1000 -1000 -10 0.00305336
Car -1 -1 -10 0.000 582.669 93.495 735.598 -1 -1 -1 -1000 -1000 -1000 -10 0.00303093
Car -1 -1 -10 1442.499 482.015 1689.321 865.941 -1 -1 -1 -1000 -1000 -1000 -10 0.00283235
