Car -1 -1 -10 1089.252 580.115 1246.657 661.899 -1 -1 -1 -1000 -1000 -1000 -10 0.92265686
Car -1 -1 -10 1037.372 583.968 1112.784 644.842 -1 -1 -1 -1000 -1000 -1000 -10 0.27474561
Car -1 -1 -10 1041.263 583.697 1101.070 637.885 -1 -1 -1 -1000 -1000 -1000 -10 0.22970443
Car -1 -1 -10 245.257 584.749 391.565 681.468 -1 -1 -1 -1000 -1000 -1000 -10 0.26140888
Car -1 -1 -10 1433.686 576.065 1685.026 673.778 -1 -1 -1 -1000 -1000 -1000 -10 0.26930907
Car -1 -1 -10 0.828 537.685 208.148 699.583 -1 -1 -1 -1000 -1000 -1000 -10 0.11406089
Car -1 -1 -10 1086.242 588.528 1178.132 653.792 -1 -1 -1 -1000 -1000 -1000 -10 0.05462023
Car -1 -1 -10 12.557 544.026 256.235 729.914 -1 -1 -1 -1000 -1000 -1000 -10 0.04455829
Car -1 -1 -10 0.000 504.369 268.643 783.971 -1 -1 -1 -1000 -1000 -1000 -10 0.01780126
Car -1 -1 -10 1162.238 591.300 1249.831 659.146 -1 -1 -1 -1000 -1000 -1000 -10 0.00894638
Car -1 -1 -10 697.461 483.028 1920.000 1183.628 -1 -1 -1 -1000 -1000 -1000 -10 0.00841595
Car -1 -1 -10 0.444 820.900 671.214 1194.887 -1 -1 -1 -1000 -1000 -1000 -10 0.01401551
Car -1 -1 -10 1031.227 586.663 1131.008 654.389 -1 -1 -1 -1000 -1000 -1000 -10 0.00400026
Car -1 -1 -10 14.081 558.843 146.493 675.743 -1 -1 -1 -1000 -1000 -1000 -10 0.00672881
Car -1 -1 -10 1035.731 478.603 1920.000 1180.939 -1 -1 -1 -1000 -1000 -1000 -10 0.00756276
Car -1 -1 -10 59.037 500.585 120.653 737.142 -1 -1 -1 -1000 -1000 -1000 -10 0.00358046
Car -1 -1 -10 13.073 580.793 144.692 730.603 -1 -1 -1 -1000 -1000 -1000 -10 0.00347308
Car -1 -1 -10 35.751 504.896 96.612 741.927 -1 -1 -1 -1000 -1000 -1000 -10 0.00341698
Car -1 -1 -10 38.895 565.098 179.032 704.059 -1 -1 -1 -1000 -1000 -1000 -10 0.00659254
Car -1 -1 -10 74.034 564.013 192.905 672.578 -1 -1 -1 -1000 -1000 -1000 -10 0.00321424
Car -1 -1 -10 1526.359 583.297 1639.551 660.629 -1 -1 -1 -1000 -1000 -1000 -10 0.00271189
Car -1 -1 -10 569.924 817.425 1223.049 1184.410 -1 -1 -1 -1000 -1000 -1000 -10 0.00469864
Car -1 -1 -10 1544.216 573.210 1707.399 654.561 -1 -1 -1 -1000 -1000 -1000 -10 0.00258657
Car -1 -1 -10 0.000 501.647 155.520 778.427 -1 -1 -1 -1000 -1000 -1000 -10 0.00439935
Car -1 -1 -10 0.000 488.466 332.368 821.655 -1 -1 -1 -1000 -1000 -1000 -10 0.00228231
Car -1 -1 -10 1467.377 591.974 1580.159 672.219 -1 -1 -1 -1000 -1000 -1000 -10 0.00226535
Car -1 -1 -10 1292.925 538.701 1857.674 912.714 -1 -1 -1 -1000 -1000 -1000 -10 0.00222515
Car -1 -1 -10 1413.521 595.717 1920.000 1200.000 -1 -1 -1 -1000 -1000 -1000 -10 0.00208127
