Car -1 -1 -10 993.390 605.046 1063.010 659.551 -1 -1 -1 -1000 -1000 -1000 -10 0.79006834
Car -1 -1 -10 0.000 654.116 451.677 1200.000 -1 -1 -1 -1000 -1000 -1000 -10 0.00832761
Car -1 -1 -10 361.008 1086.696 419.356 1200.000 -1 -1 -1 -1000 -1000 -1000 -10 0.00273288
Car -1 -1 -10 0.000 788.609 448.237 1192.234 -1 -1 -1 -1000 -1000 -1000 -10 0.00329317
Car -1 -1 -10 356.698 1157.350 393.770 1200.000 -1 -1 -1 -1000 -1000 -1000 -10 0.00170539
Car -1 -1 -10 362.746 1157.695 399.923 1200.000 -1 -1 -1 -1000 -1000 -1000 -10 0.00151296
Car -1 -1 -10 343.828 1106.170 392.898 1200.000 -1 -1 -1 -1000 -1000 -1000 -10 0.00149252
Car -1 -1 -10 367.965 1122.478 406.004 1200.000 -1 -1 -1 -1000 -1000 -1000 -10 0.00131497
Car -1 -1 -10 345.527 1157.337 382.848 1200.000 -1 -1 -1 -1000 -1000 -1000 -10 0.00129442
Car -1 -1 -10 329.319 1120.569 408.813 1200.000 -1 -1 -1 -1000 -1000 -1000 -10 0.00126613
Car -1 -1 -10 349.615 1125.113 388.630 1200.000 -1 -1 -1 -1000 -1000 -1000 -10 0.00121590
Car -1 -1 -10 212.816 587.483 409.725 1183.515 -1 -1 -1 -1000 -1000 -1000 -10 0.00217093
Car -1 -1 -10 262.872 680.633 505.455 1198.340 -1 -1 -1 -1000 -1000 -1000 -10 0.00205134
Car -1 -1 -10 600.526 1103.017 846.127 1200.000 -1 -1 -1 -1000 -1000 -1000 -10 0.00108817
Car -1 -1 -10 286.212 1038.524 720.567 1200.000 -1 -1 -1 -1000 -1000 -1000 -10 0.00199701
Car -1 -1 -10 292.733 789.579 646.329 1197.156 -1 -1 -1 -1000 -1000 -1000 -10 0.00106956
Car -1 -1 -10 361.832 1143.136 412.752 1200.000 -1 -1 -1 -1000 -1000 -1000 -10 0.00106500
Car -1 -1 -10 417.028 1091.013 574.834 1190.678 -1 -1 -1 -1000 -1000 -1000 -10 0.00106416
Car -1 -1 -10 127.928 1067.851 524.990 1200.000 -1 -1 -1 -1000 -1000 -1000 -10 0.00106254
Car -1 -1 -10 514.827 688.427 754.131 1198.390 -1 -1 -1 -1000 -1000 -1000 -10 0.00105772
Car -1 -1 -10 706.377 580.362 902.534 1182.321 -1 -1 -1 -1000 -1000 -1000 -10 0.00105292
Car -1 -1 -10 332.710 1136.877 439.403 1200.000 -1 -1 -1 -1000 -1000 -1000 -10 0.00100315
Car -1 -1 -10 63.603 347.833 365.759 1200.000 -1 -1 -1 -1000 -1000 -1000 -10 0.00185122
Car -1 -1 -10 72.198 1029.523 545.533 1200.000 -1 -1 -1 -1000 -1000 -1000 -10 0.00173517
Car -1 -1 -10 431.324 1078.962 567.010 1200.000 -1 -1 -1 -1000 -1000 -1000 -10 0.00098965
Car -1 -1 -10 437.271 1062.069 826.945 1200.000 -1 -1 -1 -1000 -1000 -1000 -10 0.00098195
Car -1 -1 -10 0.000 877.947 262.950 1200.000 -1 -1 -1 -1000 -1000 -1000 -10 0.00097219
Car -1 -1 -10 338.546 1156.720 376.695 1200.000 -1 -1 -1 -1000 -1000 -1000 -10 0.00096843
Car -1 -1 -10 411.216 821.976 572.411 1199.466 -1 -1 -1 -1000 -1000 -1000 -10 0.00188919
Car -1 -1 -10 609.113 680.310 847.926 1198.901 -1 -1 -1 -1000 -1000 -1000 -10 0.00096028
Car -1 -1 -10 398.155 691.054 636.033 1196.416 -1 -1 -1 -1000 -1000 -1000 -10 0.00095622
Car -1 -1 -10 274.102 1085.009 333.186 1200.000 -1 -1 -1 -1000 -1000 -1000 -10 0.00185543
Car -1 -1 -10 44.640 598.913 258.033 1192.106 -1 -1 -1 -1000 -1000 -1000 -10 0.00092941
Car -1 -1 -10 163.681 1087.818 482.930 1200.000 -1 -1 -1 -1000 -1000 -1000 -10 0.00089300
Car -1 -1 -10 531.126 820.169 691.052 1200.000 -1 -1 -1 -1000 -1000 -1000 -10 0.00089012
Car -1 -1 -10 607.744 1156.366 648.350 1200.000 -1 -1 -1 -1000 -1000 -1000 -10 0.00088702
Car -1 -1 -10 164.948 634.754 340.767 1194.316 -1 -1 -1 -1000 -1000 -1000 -10 0.00087119
Car -1 -1 -10 453.414 781.724 810.438 1197.190 -1 -1 -1 -1000 -1000 -1000 -10 0.00086857
Car -1 -1 -10 321.177 1080.078 381.987 1200.000 -1 -1 -1 -1000 -1000 -1000 -10 0.00086225
Car -1 -1 -10 304.670 1088.143 363.040 1200.000 -1 -1 -1 -1000 -1000 -1000 -10 0.00079721
Car -1 -1 -10 179.206 902.551 422.732 1200.000 -1 -1 -1 -1000 -1000 -1000 -10 0.00079526
Car -1 -1 -10 285.536 735.479 411.537 1200.000 -1 -1 -1 -1000 -1000 -1000 -10 0.00079445
Car -1 -1 -10 533.529 1107.526 784.587 1200.000 -1 -1 -1 -1000 -1000 -1000 -10 0.00077937
Car -1 -1 -10 189.476 732.926 316.245 1200.000 -1 -1 -1 -1000 -1000 -1000 -10 0.00076874
Car -1 -1 -10 415.349 1105.594 659.095 1200.000 -1 -1 -1 -1000 -1000 -1000 -10 0.00076759
Car -1 -1 -10 314.222 1156.955 352.517 1200.000 -1 -1 -1 -1000 -1000 -1000 -10 0.00074960
