Car -1 -1 -10 1073.457 554.609 1144.332 618.230 -1 -1 -1 -1000 -1000 -1000 -10 0.91329540
Car -1 -1 -10 869.863 1046.559 1298.895 1200.000 -1 -1 -1 -1000 -1000 -1000 -10 0.00938483
Car -1 -1 -10 1.512 737.441 753.091 1200.000 -1 -1 -1 -1000 -1000 -1000 -10 0.00515626
Car -1 -1 -10 740.512 810.247 1381.917 1194.760 -1 -1 -1 -1000 -1000 -1000 -10 0.01219560
Car -1 -1 -10 934.833 508.758 1920.000 1196.683 -1 -1 -1 -1000 -1000 -1000 -10 0.00830965
Car -1 -1 -10 892.230 881.419 1196.068 1198.479 -1 -1 -1 -1000 -1000 -1000 -10 0.01051554
Car -1 -1 -10 1419.989 599.335 1920.000 1200.000 -1 -1 -1 -1000 -1000 -1000 -10 0.00373767
Car -1 -1 -10 1453.633 785.993 1920.000 1197.487 -1 -1 -1 -1000 -1000 -1000 -10 0.00864481
Car -1 -1 -10 847.039 1014.078 1205.439 1193.179 -1 -1 -1 -1000 -1000 -1000 -10 0.00348285
Car -1 -1 -10 13.303 713.854 586.619 1200.000 -1 -1 -1 -1000 -1000 -1000 -10 0.00344875
Car -1 -1 -10 992.289 682.319 1188.843 1190.044 -1 -1 -1 -1000 -1000 -1000 -10 0.00670283
Car -1 -1 -10 975.149 1057.486 1216.103 1196.573 -1 -1 -1 -1000 -1000 -1000 -10 0.00324593
Car -1 -1 -10 726.260 919.155 1429.431 1200.000 -1 -1 -1 -1000 -1000 -1000 -10 0.00319687
Car -1 -1 -10 975.871 1098.820 1234.944 1200.000 -1 -1 -1 -1000 -1000 -1000 -10 0.00316236
Car -1 -1 -10 942.130 1086.935 1106.342 1191.097 -1 -1 -1 -1000 -1000 -1000 -10 0.00296927
Car -1 -1 -10 904.805 1097.899 1160.502 1200.000 -1 -1 -1 -1000 -1000 -1000 -10 0.00549220
Car -1 -1 -10 0.000 538.856 904.718 1200.000 -1 -1 -1 -1000 -1000 -1000 -10 0.00293665
Car -1 -1 -10 825.360 1056.307 1231.332 1200.000 -1 -1 -1 -1000 -1000 -1000 -10 0.00292559
Car -1 -1 -10 631.739 1043.275 1068.827 1200.000 -1 -1 -1 -1000 -1000 -1000 -10 0.00847507
Car -1 -1 -10 942.704 1066.789 1104.618 1165.578 -1 -1 -1 -1000 -1000 -1000 -10 0.00287652
Car -1 -1 -10 648.150 824.422 1005.598 1195.582 -1 -1 -1 -1000 -1000 -1000 -10 0.00512885
Car -1 -1 -10 1071.455 1082.671 1131.241 1200.000 -1 -1 -1 -1000 -1000 -1000 -10 0.00285013
Car -1 -1 -10 567.941 1082.196 888.456 1200.000 -1 -1 -1 -1000 -1000 -1000 -10 0.00554713
Car -1 -1 -10 1028.019 775.096 1155.482 1200.000 -1 -1 -1 -1000 -1000 -1000 -10 0.00280856
Car -1 -1 -10 972.949 1056.849 1359.075 1200.000 -1 -1 -1 -1000 -1000 -1000 -10 0.00280145
Car -1 -1 -10 732.403 1068.531 890.834 1164.689 -1 -1 -1 -1000 -1000 -1000 -10 0.00276197
Car -1 -1 -10 810.257 857.623 1131.623 1199.661 -1 -1 -1 -1000 -1000 -1000 -10 0.00275793
Car -1 -1 -10 815.956 667.928 1337.392 1200.000 -1 -1 -1 -1000 -1000 -1000 -10 0.00274904
Car -1 -1 -10 1030.251 1077.445 1164.953 1198.040 -1 -1 -1 -1000 -1000 -1000 -10 0.00274770
Car -1 -1 -10 1119.751 1093.510 1275.130 1187.824 -1 -1 -1 -1000 -1000 -1000 -10 0.00544232
Car -1 -1 -10 932.300 679.194 1107.748 1193.952 -1 -1 -1 -1000 -1000 -1000 -10 0.00272188
Car -1 -1 -10 1165.252 537.254 1900.153 1200.000 -1 -1 -1 -1000 -1000 -1000 -10 0.00264903
Car -1 -1 -10 648.876 1083.439 980.177 1200.000 -1 -1 -1 -1000 -1000 -1000 -10 0.00264030
Car -1 -1 -10 975.950 1065.271 1139.561 1164.912 -1 -1 -1 -1000 -1000 -1000 -10 0.00262363
Car -1 -1 -10 1058.616 1068.506 1219.816 1164.914 -1 -1 -1 -1000 -1000 -1000 -10 0.00522007
Car -1 -1 -10 660.253 1089.425 819.387 1190.100 -1 -1 -1 -1000 -1000 -1000 -10 0.00497248
Car -1 -1 -10 979.027 772.881 1107.546 1200.000 -1 -1 -1 -1000 -1000 -1000 -10 0.00251950
Car -1 -1 -10 749.440 1100.499 1004.970 1200.000 -1 -1 -1 -1000 -1000 -1000 -10 0.00249492
Car -1 -1 -10 976.689 1083.968 1298.078 1200.000 -1 -1 -1 -1000 -1000 -1000 -10 0.00248269
Car -1 -1 -10 750.677 889.645 1042.071 1200.000 -1 -1 -1 -1000 -1000 -1000 -10 0.00246997
Car -1 -1 -10 731.566 1089.359 891.026 1187.744 -1 -1 -1 -1000 -1000 -1000 -10 0.00238317
Car -1 -1 -10 956.540 768.465 1085.228 1200.000 -1 -1 -1 -1000 -1000 -1000 -10 0.00238263
Car -1 -1 -10 1336.798 1083.930 1662.918 1200.000 -1 -1 -1 -1000 -1000 -1000 -10 0.00235277
Car -1 -1 -10 404.662 516.384 1571.611 1200.000 -1 -1 -1 -1000 -1000 -1000 -10 0.00234586
Car -1 -1 -10 1645.516 874.493 1920.000 1200.000 -1 -1 -1 -1000 -1000 -1000 -10 0.00225038
Car -1 -1 -10 1056.290 987.320 1628.017 1200.000 -1 -1 -1 -1000 -1000 -1000 -10 0.00223517
Car -1 -1 -10 1023.601 776.245 1210.908 1198.492 -1 -1 -1 -1000 -1000 -1000 -10 0.00220543
