Car -1 -1 -10 509.434 593.720 620.793 696.468 -1 -1 -1 -1000 -1000 -1000 -10 0.99996820
Car -1 -1 -10 694.962 585.129 939.627 784.448 -1 -1 -1 -1000 -1000 -1000 -10 0.99994177
Car -1 -1 -10 553.989 595.010 632.689 667.657 -1 -1 -1 -1000 -1000 -1000 -10 0.01044261
Car -1 -1 -10 569.385 598.246 642.545 665.313 -1 -1 -1 -1000 -1000 -1000 -10 0.00840662
Car -1 -1 -10 666.665 609.795 737.137 676.955 -1 -1 -1 -1000 -1000 -1000 -10 0.01362781
Car -1 -1 -10 622.360 18.770 1918.720 1151.312 -1 -1 -1 -1000 -1000 -1000 -10 0.00907609
Car -1 -1 -10 759.343 562.070 914.230 666.228 -1 -1 -1 -1000 -1000 -1000 -10 0.01068224
Car -1 -1 -10 639.437 619.171 680.079 665.513 -1 -1 -1 -1000 -1000 -1000 -10 0.00615502
Car -1 -1 -10 780.273 583.701 935.475 693.875 -1 -1 -1 -1000 -1000 -1000 -10 0.00525502
Car -1 -1 -10 661.107 589.963 805.510 684.964 -1 -1 -1 -1000 -1000 -1000 -10 0.00543233
Car -1 -1 -10 824.521 601.706 941.662 709.794 -1 -1 -1 -1000 -1000 -1000 -10 0.00270470
Car -1 -1 -10 651.904 580.826 746.260 662.848 -1 -1 -1 -1000 -1000 -1000 -10 0.00246147
Car -1 -1 -10 0.000 1104.856 125.395 1200.000 -1 -1 -1 -1000 -1000 -1000 -10 0.00243179
Car -1 -1 -10 1184.467 4.218 1920.000 1137.930 -1 -1 -1 -1000 -1000 -1000 -10 0.00446160
Car -1 -1 -10 6.503 1104.742 180.164 1200.000 -1 -1 -1 -1000 -1000 -1000 -10 0.00402823
Car -1 -1 -10 2.123 1083.151 254.843 1200.000 -1 -1 -1 -1000 -1000 -1000 -10 0.00230915
Car -1 -1 -10 646.639 598.889 714.897 664.219 -1 -1 -1 -1000 -1000 -1000 -10 0.00226112
Car -1 -1 -10 651.428 603.829 704.023 660.271 -1 -1 -1 -1000 -1000 -1000 -10 0.00427635
Car -1 -1 -10 0.000 1001.313 269.501 1200.000 -1 -1 -1 -1000 -1000 -1000 -10 0.00602928
Car -1 -1 -10 0.917 932.178 234.318 1200.000 -1 -1 -1 -1000 -1000 -1000 -10 0.00213470
Car -1 -1 -10 640.217 590.640 733.358 672.415 -1 -1 -1 -1000 -1000 -1000 -10 0.00204807
Car -1 -1 -10 723.188 581.686 850.191 702.378 -1 -1 -1 -1000 -1000 -1000 -10 0.00195055
Car -1 -1 -10 1440.464 28.715 1920.000 638.413 -1 -1 -1 -1000 -1000 -1000 -10 0.00368537
Car -1 -1 -10 11.096 596.215 206.614 1195.521 -1 -1 -1 -1000 -1000 -1000 -10 0.00192210
Car -1 -1 -10 0.000 1066.676 67.172 1200.000 -1 -1 -1 -1000 -1000 -1000 -10 0.00187707
Car -1 -1 -10 860.877 624.248 966.392 737.021 -1 -1 -1 -1000 -1000 -1000 -10 0.00184460
Car -1 -1 -10 0.000 798.699 462.636 1199.147 -1 -1 -1 -1000 -1000 -1000 -10 0.00518013
Car -1 -1 -10 0.000 1103.392 49.405 1200.000 -1 -1 -1 -1000 -1000 -1000 -10 0.00158693
