Car -1 -1 -10 1108.076 559.997 1460.021 792.835 -1 -1 -1 -1000 -1000 -1000 -10 0.99997723
Car -1 -1 -10 1029.031 597.509 1108.639 664.447 -1 -1 -1 -1000 -1000 -1000 -10 0.22342229
Car -1 -1 -10 72.896 619.292 244.465 700.013 -1 -1 -1 -1000 -1000 -1000 -10 0.07717528
Car -1 -1 -10 57.075 619.393 213.261 703.635 -1 -1 -1 -1000 -1000 -1000 -10 0.02885436
Car -1 -1 -10 1267.597 524.894 1382.492 623.828 -1 -1 -1 -1000 -1000 -1000 -10 0.01183194
Car -1 -1 -10 1275.448 560.913 1443.635 668.109 -1 -1 -1 -1000 -1000 -1000 -10 0.00951343
Car -1 -1 -10 14.936 623.027 181.087 705.700 -1 -1 -1 -1000 -1000 -1000 -10 0.00766938
Car -1 -1 -10 152.414 620.251 241.846 682.752 -1 -1 -1 -1000 -1000 -1000 -10 0.01161750
Car -1 -1 -10 97.550 604.669 261.686 681.696 -1 -1 -1 -1000 -1000 -1000 -10 0.00502520
Car -1 -1 -10 1260.750 558.386 1418.797 664.183 -1 -1 -1 -1000 -1000 -1000 -10 0.00522314
Car -1 -1 -10 465.113 608.019 526.170 663.002 -1 -1 -1 -1000 -1000 -1000 -10 0.00385018
Car -1 -1 -10 0.000 615.950 72.726 717.999 -1 -1 -1 -1000 -1000 -1000 -10 0.00389594
Car -1 -1 -10 0.000 793.439 458.470 1198.583 -1 -1 -1 -1000 -1000 -1000 -10 0.00712806
Car -1 -1 -10 441.630 601.465 597.784 673.165 -1 -1 -1 -1000 -1000 -1000 -10 0.00168230
