Car -1 -1 -10 616.082 556.166 779.472 654.644 -1 -1 -1 -1000 -1000 -1000 -10 0.99572836
Car -1 -1 -10 478.418 564.711 575.870 633.194 -1 -1 -1 -1000 -1000 -1000 -10 0.96704859
Car -1 -1 -10 1303.352 519.211 1869.708 890.167 -1 -1 -1 -1000 -1000 -1000 -10 0.98041925
Car -1 -1 -10 1034.437 564.258 1118.954 626.362 -1 -1 -1 -1000 -1000 -1000 -10 0.42177575
Car -1 -1 -10 33.514 520.208 243.767 644.931 -1 -1 -1 -1000 -1000 -1000 -10 0.25919928
Car -1 -1 -10 1166.540 505.593 1913.314 1186.236 -1 -1 -1 -1000 -1000 -1000 -10 0.05443027
Car -1 -1 -10 1286.360 515.202 1613.706 858.282 -1 -1 -1 -1000 -1000 -1000 -10 0.01602998
Car -1 -1 -10 1515.453 502.361 1902.274 842.257 -1 -1 -1 -1000 -1000 -1000 -10 0.01496007
Car -1 -1 -10 1542.920 536.897 1892.274 777.361 -1 -1 -1 -1000 -1000 -1000 -10 0.00972222
Car -1 -1 -10 1376.296 530.399 1897.573 1159.048 -1 -1 -1 -1000 -1000 -1000 -10 0.00824187
