Car -1 -1 -10 747.336 546.646 867.866 647.151 -1 -1 -1 -1000 -1000 -1000 -10 0.99290970
Car -1 -1 -10 287.131 584.312 361.297 645.646 -1 -1 -1 -1000 -1000 -1000 -10 0.63419860
Car -1 -1 -10 1138.474 483.374 1235.415 564.357 -1 -1 -1 -1000 -1000 -1000 -10 0.18846209
Car -1 -1 -10 741.961 505.246 1920.000 1177.176 -1 -1 -1 -1000 -1000 -1000 -10 0.06399649
Car -1 -1 -10 1124.956 480.009 1225.973 558.625 -1 -1 -1 -1000 -1000 -1000 -10 0.01595265
Car -1 -1 -10 1158.164 783.626 1920.000 1194.779 -1 -1 -1 -1000 -1000 -1000 -10 0.02394322
Car -1 -1 -10 592.412 787.379 1516.761 1199.879 -1 -1 -1 -1000 -1000 -1000 -10 0.02043090
Car -1 -1 -10 286.601 510.994 1505.844 1192.009 -1 -1 -1 -1000 -1000 -1000 -10 0.01690346
Car -1 -1 -10 33.978 788.937 657.847 1200.000 -1 -1 -1 -1000 -1000 -1000 -10 0.00720394
Car -1 -1 -10 358.513 791.050 1005.162 1199.239 -1 -1 -1 -1000 -1000 -1000 -10 0.00884171
Car -1 -1 -10 599.525 839.947 1111.637 1200.000 -1 -1 -1 -1000 -1000 -1000 -10 0.00302601
Car -1 -1 -10 859.436 251.405 1160.006 1200.000 -1 -1 -1 -1000 -1000 -1000 -10 0.00526164
Car -1 -1 -10 0.000 800.846 473.926 1200.000 -1 -1 -1 -1000 -1000 -1000 -10 0.00274128
Car -1 -1 -10 482.582 818.282 1068.978 1200.000 -1 -1 -1 -1000 -1000 -1000 -10 0.00250016
Car -1 -1 -10 0.000 529.752 1082.590 1200.000 -1 -1 -1 -1000 -1000 -1000 -10 0.00247807
Car -1 -1 -10 1418.940 491.970 1920.000 1200.000 -1 -1 -1 -1000 -1000 -1000 -10 0.00241295
Car -1 -1 -10 852.044 821.716 1211.520 1194.825 -1 -1 -1 -1000 -1000 -1000 -10 0.00463265
Car -1 -1 -10 191.945 804.277 782.067 1200.000 -1 -1 -1 -1000 -1000 -1000 -10 0.00231000
Car -1 -1 -10 827.940 1057.028 1230.486 1200.000 -1 -1 -1 -1000 -1000 -1000 -10 0.00230912
Car -1 -1 -10 49.373 659.018 579.770 1200.000 -1 -1 -1 -1000 -1000 -1000 -10 0.00230573
Car -1 -1 -10 940.108 835.946 1101.230 1200.000 -1 -1 -1 -1000 -1000 -1000 -10 0.00222359
