Car -1 -1 -10 0.000 533.936 602.898 907.426 -1 -1 -1 -1000 -1000 -1000 -10 0.97221787
Car -1 -1 -10 792.643 584.989 878.610 655.654 -1 -1 -1 -1000 -1000 -1000 -10 0.86131193
Car -1 -1 -10 0.000 499.863 794.562 1156.565 -1 -1 -1 -1000 -1000 -1000 -10 0.02104177
Car -1 -1 -10 1394.925 521.157 1631.069 657.602 -1 -1 -1 -1000 -1000 -1000 -10 0.01578408
Car -1 -1 -10 740.596 582.904 812.211 652.017 -1 -1 -1 -1000 -1000 -1000 -10 0.01694110
Car -1 -1 -10 301.962 537.778 819.358 905.207 -1 -1 -1 -1000 -1000 -1000 -10 0.00902935
Car -1 -1 -10 13.617 611.828 483.128 1071.676 -1 -1 -1 -1000 -1000 -1000 -10 0.00449554
Car -1 -1 -10 0.000 718.675 491.624 1107.372 -1 -1 -1 -1000 -1000 -1000 -10 0.00750709
Car -1 -1 -10 706.081 574.647 797.701 663.687 -1 -1 -1 -1000 -1000 -1000 -10 0.00674748
Car -1 -1 -10 391.426 846.261 901.445 1194.591 -1 -1 -1 -1000 -1000 -1000 -10 0.00606734
Car -1 -1 -10 115.588 497.640 1191.559 1200.000 -1 -1 -1 -1000 -1000 -1000 -10 0.00669993
Car -1 -1 -10 400.105 710.293 911.374 1046.134 -1 -1 -1 -1000 -1000 -1000 -10 0.00335335
Car -1 -1 -10 24.598 636.578 575.811 1166.791 -1 -1 -1 -1000 -1000 -1000 -10 0.00325992
Car -1 -1 -10 7.157 555.899 379.098 804.517 -1 -1 -1 -1000 -1000 -1000 -10 0.00560273
Car -1 -1 -10 173.239 311.607 363.983 1131.832 -1 -1 -1 -1000 -1000 -1000 -10 0.00280291
Car -1 -1 -10 555.733 482.268 721.885 1197.479 -1 -1 -1 -1000 -1000 -1000 -10 0.00475700
Car -1 -1 -10 489.992 548.965 863.297 1185.679 -1 -1 -1 -1000 -1000 -1000 -10 0.00468808
Car -1 -1 -10 0.000 705.782 425.774 925.368 -1 -1 -1 -1000 -1000 -1000 -10 0.00253960
Car -1 -1 -10 238.436 537.773 534.139 805.377 -1 -1 -1 -1000 -1000 -1000 -10 0.00253122
Car -1 -1 -10 331.884 548.188 663.494 1178.570 -1 -1 -1 -1000 -1000 -1000 -10 0.00251629
Car -1 -1 -10 501.193 774.195 844.219 995.918 -1 -1 -1 -1000 -1000 -1000 -10 0.00246371
Car -1 -1 -10 719.225 570.186 790.440 644.068 -1 -1 -1 -1000 -1000 -1000 -10 0.00223196
Car -1 -1 -10 491.847 767.594 821.969 1086.578 -1 -1 -1 -1000 -1000 -1000 -10 0.00222768
Car -1 -1 -10 424.481 589.275 570.658 683.942 -1 -1 -1 -1000 -1000 -1000 -10 0.00218511
Car -1 -1 -10 729.574 584.974 801.412 653.258 -1 -1 -1 -1000 -1000 -1000 -10 0.00212110
Car -1 -1 -10 123.368 592.148 336.536 1173.331 -1 -1 -1 -1000 -1000 -1000 -10 0.00193856
