Car -1 -1 -10 0.122 615.131 100.908 720.334 -1 -1 -1 -1000 -1000 -1000 -10 0.98975252
Car -1 -1 -10 97.752 492.776 1334.409 1194.127 -1 -1 -1 -1000 -1000 -1000 -10 0.00763239
Car -1 -1 -10 35.077 621.872 78.379 694.054 -1 -1 -1 -1000 -1000 -1000 -10 0.00665329
Car -1 -1 -10 19.638 616.970 58.107 679.395 -1 -1 -1 -1000 -1000 -1000 -10 0.00303949
Car -1 -1 -10 0.000 597.415 139.811 784.061 -1 -1 -1 -1000 -1000 -1000 -10 0.00252253
Car -1 -1 -10 34.099 580.955 83.014 745.333 -1 -1 -1 -1000 -1000 -1000 -10 0.00305540
Car -1 -1 -10 0.000 634.930 433.020 1199.564 -1 -1 -1 -1000 -1000 -1000 -10 0.00291747
Car -1 -1 -10 0.000 1156.580 31.571 1200.000 -1 -1 -1 -1000 -1000 -1000 -10 0.00143633
Car -1 -1 -10 444.026 1104.556 694.439 1200.000 -1 -1 -1 -1000 -1000 -1000 -10 0.00226382
Car -1 -1 -10 0.000 802.316 462.433 1200.000 -1 -1 -1 -1000 -1000 -1000 -10 0.00262637
Car -1 -1 -10 347.184 579.200 541.829 1178.603 -1 -1 -1 -1000 -1000 -1000 -10 0.00223009
Car -1 -1 -10 762.032 597.280 892.387 1189.362 -1 -1 -1 -1000 -1000 -1000 -10 0.00125654
Car -1 -1 -10 578.228 1117.871 660.730 1200.000 -1 -1 -1 -1000 -1000 -1000 -10 0.00289068
Car -1 -1 -10 359.669 1049.532 789.453 1200.000 -1 -1 -1 -1000 -1000 -1000 -10 0.00307215
Car -1 -1 -10 16.147 517.164 66.816 803.935 -1 -1 -1 -1000 -1000 -1000 -10 0.00121601
Car -1 -1 -10 455.675 683.903 695.218 1197.501 -1 -1 -1 -1000 -1000 -1000 -10 0.00187166
Car -1 -1 -10 642.581 1126.807 708.557 1200.000 -1 -1 -1 -1000 -1000 -1000 -10 0.00107795
Car -1 -1 -10 381.118 634.752 554.768 1191.003 -1 -1 -1 -1000 -1000 -1000 -10 0.00107361
Car -1 -1 -10 482.612 1103.800 659.219 1200.000 -1 -1 -1 -1000 -1000 -1000 -10 0.00104278
Car -1 -1 -10 19.475 622.562 60.983 691.182 -1 -1 -1 -1000 -1000 -1000 -10 0.00102473
Car -1 -1 -10 227.096 1046.016 677.960 1200.000 -1 -1 -1 -1000 -1000 -1000 -10 0.00102364
Car -1 -1 -10 607.387 1124.377 646.409 1200.000 -1 -1 -1 -1000 -1000 -1000 -10 0.00101686
Car -1 -1 -10 541.810 1105.399 790.692 1200.000 -1 -1 -1 -1000 -1000 -1000 -10 0.00179602
Car -1 -1 -10 296.139 1087.004 617.391 1200.000 -1 -1 -1 -1000 -1000 -1000 -10 0.00100576
Car -1 -1 -10 21.865 647.773 88.465 709.078 -1 -1 -1 -1000 -1000 -1000 -10 0.00098537
Car -1 -1 -10 639.745 674.066 969.045 1183.914 -1 -1 -1 -1000 -1000 -1000 -10 0.00097622
Car -1 -1 -10 476.654 638.815 651.194 1192.554 -1 -1 -1 -1000 -1000 -1000 -10 0.00097350
Car -1 -1 -10 2.534 604.461 295.416 965.955 -1 -1 -1 -1000 -1000 -1000 -10 0.00377032
Car -1 -1 -10 660.588 1084.621 720.366 1200.000 -1 -1 -1 -1000 -1000 -1000 -10 0.00185423
Car -1 -1 -10 608.478 1081.908 669.347 1200.000 -1 -1 -1 -1000 -1000 -1000 -10 0.00096657
Car -1 -1 -10 297.105 579.226 493.524 1183.911 -1 -1 -1 -1000 -1000 -1000 -10 0.00096634
Car -1 -1 -10 690.766 602.089 820.818 1189.547 -1 -1 -1 -1000 -1000 -1000 -10 0.00096215
Car -1 -1 -10 643.888 603.532 772.713 1186.977 -1 -1 -1 -1000 -1000 -1000 -10 0.00096097
Car -1 -1 -10 284.860 623.204 459.524 1192.642 -1 -1 -1 -1000 -1000 -1000 -10 0.00094938
Car -1 -1 -10 668.098 1157.898 706.257 1200.000 -1 -1 -1 -1000 -1000 -1000 -10 0.00262015
Car -1 -1 -10 501.802 745.068 627.408 1200.000 -1 -1 -1 -1000 -1000 -1000 -10 0.00093807
Car -1 -1 -10 23.518 632.639 68.651 706.186 -1 -1 -1 -1000 -1000 -1000 -10 0.00093703
Car -1 -1 -10 453.174 1083.884 513.644 1200.000 -1 -1 -1 -1000 -1000 -1000 -10 0.00179090
Car -1 -1 -10 730.198 545.349 881.837 1198.690 -1 -1 -1 -1000 -1000 -1000 -10 0.00093057
Car -1 -1 -10 312.047 1105.963 560.854 1200.000 -1 -1 -1 -1000 -1000 -1000 -10 0.00267738
Car -1 -1 -10 22.942 593.800 62.242 746.540 -1 -1 -1 -1000 -1000 -1000 -10 0.00164534
Car -1 -1 -10 36.671 632.559 65.276 727.899 -1 -1 -1 -1000 -1000 -1000 -10 0.00089597
Car -1 -1 -10 554.561 1080.086 616.013 1200.000 -1 -1 -1 -1000 -1000 -1000 -10 0.00089164
Car -1 -1 -10 24.576 623.437 52.150 718.901 -1 -1 -1 -1000 -1000 -1000 -10 0.00088075
Car -1 -1 -10 533.020 819.594 691.415 1200.000 -1 -1 -1 -1000 -1000 -1000 -10 0.00087438
Car -1 -1 -10 459.274 817.055 620.605 1200.000 -1 -1 -1 -1000 -1000 -1000 -10 0.00086824
Car -1 -1 -10 532.222 1103.375 631.320 1200.000 -1 -1 -1 -1000 -1000 -1000 -10 0.00085758
Car -1 -1 -10 632.530 1105.396 882.817 1200.000 -1 -1 -1 -1000 -1000 -1000 -10 0.00083860
Car -1 -1 -10 410.755 826.958 716.788 1200.000 -1 -1 -1 -1000 -1000 -1000 -10 0.00082476
Car -1 -1 -10 879.696 639.881 1064.087 1194.537 -1 -1 -1 -1000 -1000 -1000 -10 0.00080430
Car -1 -1 -10 465.163 1087.940 523.457 1200.000 -1 -1 -1 -1000 -1000 -1000 -10 0.00076214
Car -1 -1 -10 22.129 734.170 146.541 1200.000 -1 -1 -1 -1000 -1000 -1000 -10 0.00074616
