Car -1 -1 -10 538.574 567.970 750.472 743.105 -1 -1 -1 -1000 -1000 -1000 -10 0.99936113
Car -1 -1 -10 716.725 601.203 810.841 686.787 -1 -1 -1 -1000 -1000 -1000 -10 0.97253773
Car -1 -1 -10 1118.347 630.701 1424.250 793.307 -1 -1 -1 -1000 -1000 -1000 -10 0.01498359
Car -1 -1 -10 1055.552 606.113 1534.927 850.995 -1 -1 -1 -1000 -1000 -1000 -10 0.00845471
Car -1 -1 -10 1148.258 637.608 1317.982 740.947 -1 -1 -1 -1000 -1000 -1000 -10 0.00403303
Car -1 -1 -10 975.839 568.558 1669.314 934.780 -1 -1 -1 -1000 -1000 -1000 -10 0.00924142
Car -1 -1 -10 720.218 514.340 1897.959 1200.000 -1 -1 -1 -1000 -1000 -1000 -10 0.01297772
Car -1 -1 -10 1172.519 638.593 1345.046 739.479 -1 -1 -1 -1000 -1000 -1000 -10 0.00370843
Car -1 -1 -10 1109.279 612.698 1424.002 767.187 -1 -1 -1 -1000 -1000 -1000 -10 0.00646775
Car -1 -1 -10 1136.993 619.048 1305.721 712.042 -1 -1 -1 -1000 -1000 -1000 -10 0.00282441
Car -1 -1 -10 971.643 564.659 1397.908 794.776 -1 -1 -1 -1000 -1000 -1000 -10 0.00456986
Car -1 -1 -10 1218.070 636.161 1383.309 739.848 -1 -1 -1 -1000 -1000 -1000 -10 0.00255678
Car -1 -1 -10 1193.787 618.498 1363.816 709.456 -1 -1 -1 -1000 -1000 -1000 -10 0.00730171
Car -1 -1 -10 820.481 465.799 1491.880 842.141 -1 -1 -1 -1000 -1000 -1000 -10 0.00488102
Car -1 -1 -10 671.017 589.495 775.078 696.747 -1 -1 -1 -1000 -1000 -1000 -10 0.00247131
Car -1 -1 -10 0.000 547.951 731.028 1183.394 -1 -1 -1 -1000 -1000 -1000 -10 0.00243877
Car -1 -1 -10 0.000 675.735 626.813 1191.338 -1 -1 -1 -1000 -1000 -1000 -10 0.00240137
Car -1 -1 -10 1029.580 467.721 1733.898 874.642 -1 -1 -1 -1000 -1000 -1000 -10 0.00228420
Car -1 -1 -10 718.653 603.807 778.040 663.457 -1 -1 -1 -1000 -1000 -1000 -10 0.00216438
Car -1 -1 -10 0.000 794.858 458.429 1198.130 -1 -1 -1 -1000 -1000 -1000 -10 0.00395226
Car -1 -1 -10 680.078 597.759 770.707 688.564 -1 -1 -1 -1000 -1000 -1000 -10 0.00194839
