Car -1 -1 -10 118.398 297.591 950.658 1172.505 -1 -1 -1 -1000 -1000 -1000 -10 0.40284329
Car -1 -1 -10 17.262 589.660 244.135 696.675 -1 -1 -1 -1000 -1000 -1000 -10 0.14124598
Car -1 -1 -10 1759.499 570.583 1917.198 721.418 -1 -1 -1 -1000 -1000 -1000 -10 0.04554737
Car -1 -1 -10 1774.919 604.081 1920.000 718.676 -1 -1 -1 -1000 -1000 -1000 -10 0.02299017
Car -1 -1 -10 306.478 270.463 1030.740 884.177 -1 -1 -1 -1000 -1000 -1000 -10 0.01051747
Car -1 -1 -10 154.815 393.009 546.602 1158.149 -1 -1 -1 -1000 -1000 -1000 -10 0.01105982
Car -1 -1 -10 1718.563 540.392 1909.912 731.412 -1 -1 -1 -1000 -1000 -1000 -10 0.00931122
Car -1 -1 -10 115.595 358.318 507.203 1091.073 -1 -1 -1 -1000 -1000 -1000 -10 0.00505383
Car -1 -1 -10 577.558 351.618 963.921 1121.635 -1 -1 -1 -1000 -1000 -1000 -10 0.00849846
Car -1 -1 -10 71.221 662.089 655.174 1090.000 -1 -1 -1 -1000 -1000 -1000 -10 0.00364421
Car -1 -1 -10 12.109 564.501 417.758 1179.673 -1 -1 -1 -1000 -1000 -1000 -10 0.00358401
Car -1 -1 -10 449.736 626.864 964.264 1194.162 -1 -1 -1 -1000 -1000 -1000 -10 0.00643747
Car -1 -1 -10 573.433 91.930 890.641 1178.180 -1 -1 -1 -1000 -1000 -1000 -10 0.00356942
Car -1 -1 -10 154.545 67.017 478.390 1171.338 -1 -1 -1 -1000 -1000 -1000 -10 0.00353334
Car -1 -1 -10 56.916 580.216 770.237 1113.420 -1 -1 -1 -1000 -1000 -1000 -10 0.00674825
Car -1 -1 -10 671.746 123.446 960.484 1150.151 -1 -1 -1 -1000 -1000 -1000 -10 0.00348756
Car -1 -1 -10 178.499 699.084 521.274 1040.173 -1 -1 -1 -1000 -1000 -1000 -10 0.00347364
Car -1 -1 -10 317.009 673.142 1020.990 1181.160 -1 -1 -1 -1000 -1000 -1000 -10 0.00334674
Car -1 -1 -10 153.752 695.005 559.062 958.095 -1 -1 -1 -1000 -1000 -1000 -10 0.00328506
Car -1 -1 -10 15.308 561.865 359.529 895.754 -1 -1 -1 -1000 -1000 -1000 -10 0.00318332
Car -1 -1 -10 180.033 535.940 510.757 895.035 -1 -1 -1 -1000 -1000 -1000 -10 0.00300173
Car -1 -1 -10 86.931 442.569 556.571 967.208 -1 -1 -1 -1000 -1000 -1000 -10 0.00300071
Car -1 -1 -10 28.395 668.892 762.226 1178.499 -1 -1 -1 -1000 -1000 -1000 -10 0.00289435
Car -1 -1 -10 255.630 341.064 438.524 1200.000 -1 -1 -1 -1000 -1000 -1000 -10 0.00271957
