Car -1 -1 -10 522.735 574.849 656.441 662.624 -1 -1 -1 -1000 -1000 -1000 -10 0.99833280
Car -1 -1 -10 388.541 487.786 1622.052 1187.561 -1 -1 -1 -1000 -1000 -1000 -10 0.02761842
Car -1 -1 -10 1230.441 546.229 1288.223 611.724 -1 -1 -1 -1000 -1000 -1000 -10 0.01292656
Car -1 -1 -10 667.409 823.087 1339.264 1189.008 -1 -1 -1 -1000 -1000 -1000 -10 0.01286061
Car -1 -1 -10 817.387 1081.393 1139.690 1200.000 -1 -1 -1 -1000 -1000 -1000 -10 0.00599460
Car -1 -1 -10 400.484 827.389 1061.041 1192.008 -1 -1 -1 -1000 -1000 -1000 -10 0.00856298
Car -1 -1 -10 841.153 1121.906 879.918 1200.000 -1 -1 -1 -1000 -1000 -1000 -10 0.00549735
Car -1 -1 -10 750.506 1034.837 1192.783 1200.000 -1 -1 -1 -1000 -1000 -1000 -10 0.00552123
Car -1 -1 -10 862.103 1085.616 920.539 1200.000 -1 -1 -1 -1000 -1000 -1000 -10 0.00535802
Car -1 -1 -10 829.226 1084.476 887.945 1200.000 -1 -1 -1 -1000 -1000 -1000 -10 0.00696953
Car -1 -1 -10 1233.060 657.259 1920.000 1200.000 -1 -1 -1 -1000 -1000 -1000 -10 0.00496259
Car -1 -1 -10 814.151 868.342 1116.963 1199.074 -1 -1 -1 -1000 -1000 -1000 -10 0.00944296
Car -1 -1 -10 853.665 1099.839 1105.166 1200.000 -1 -1 -1 -1000 -1000 -1000 -10 0.00490541
Car -1 -1 -10 601.224 681.349 814.812 1185.318 -1 -1 -1 -1000 -1000 -1000 -10 0.00508000
Car -1 -1 -10 0.000 767.474 602.849 1200.000 -1 -1 -1 -1000 -1000 -1000 -10 0.00439360
Car -1 -1 -10 636.211 848.349 957.215 1199.220 -1 -1 -1 -1000 -1000 -1000 -10 0.00930287
Car -1 -1 -10 892.874 850.750 1179.710 1017.970 -1 -1 -1 -1000 -1000 -1000 -10 0.00255845
Car -1 -1 -10 572.628 1033.725 1012.120 1200.000 -1 -1 -1 -1000 -1000 -1000 -10 0.00456461
Car -1 -1 -10 992.672 863.772 1155.284 964.092 -1 -1 -1 -1000 -1000 -1000 -10 0.00466283
Car -1 -1 -10 805.181 856.603 1263.525 1097.769 -1 -1 -1 -1000 -1000 -1000 -10 0.00430387
Car -1 -1 -10 954.023 550.768 1083.100 1184.779 -1 -1 -1 -1000 -1000 -1000 -10 0.00243890
Car -1 -1 -10 658.911 1082.337 978.784 1200.000 -1 -1 -1 -1000 -1000 -1000 -10 0.00240488
Car -1 -1 -10 1430.271 661.348 1920.000 1200.000 -1 -1 -1 -1000 -1000 -1000 -10 0.00238589
Car -1 -1 -10 782.142 1080.578 842.538 1200.000 -1 -1 -1 -1000 -1000 -1000 -10 0.00237786
Car -1 -1 -10 928.611 1126.683 995.500 1200.000 -1 -1 -1 -1000 -1000 -1000 -10 0.00232727
Car -1 -1 -10 922.438 684.333 1110.590 1194.420 -1 -1 -1 -1000 -1000 -1000 -10 0.00232453
Car -1 -1 -10 966.891 887.827 1128.967 988.353 -1 -1 -1 -1000 -1000 -1000 -10 0.00229051
Car -1 -1 -10 925.103 704.619 1165.083 1198.764 -1 -1 -1 -1000 -1000 -1000 -10 0.00225541
Car -1 -1 -10 1077.515 512.134 1920.000 1194.399 -1 -1 -1 -1000 -1000 -1000 -10 0.00440516
Car -1 -1 -10 705.179 654.615 854.070 1200.000 -1 -1 -1 -1000 -1000 -1000 -10 0.00411753
Car -1 -1 -10 867.821 825.115 1210.754 1044.140 -1 -1 -1 -1000 -1000 -1000 -10 0.00221887
Car -1 -1 -10 900.045 669.481 1047.427 1200.000 -1 -1 -1 -1000 -1000 -1000 -10 0.00219283
Car -1 -1 -10 662.643 604.243 1378.169 1099.771 -1 -1 -1 -1000 -1000 -1000 -10 0.00219151
Car -1 -1 -10 871.637 1122.542 910.574 1200.000 -1 -1 -1 -1000 -1000 -1000 -10 0.00412501
Car -1 -1 -10 772.836 1116.775 852.365 1200.000 -1 -1 -1 -1000 -1000 -1000 -10 0.00215845
Car -1 -1 -10 799.770 534.376 1159.437 1200.000 -1 -1 -1 -1000 -1000 -1000 -10 0.00214626
Car -1 -1 -10 1446.438 795.799 1920.000 1200.000 -1 -1 -1 -1000 -1000 -1000 -10 0.00214352
Car -1 -1 -10 694.297 991.592 1251.225 1200.000 -1 -1 -1 -1000 -1000 -1000 -10 0.00390249
Car -1 -1 -10 889.084 1062.693 1041.586 1200.000 -1 -1 -1 -1000 -1000 -1000 -10 0.00207848
Car -1 -1 -10 914.130 1117.173 994.157 1200.000 -1 -1 -1 -1000 -1000 -1000 -10 0.00374536
Car -1 -1 -10 908.010 763.474 1036.134 1200.000 -1 -1 -1 -1000 -1000 -1000 -10 0.00362668
Car -1 -1 -10 771.608 1084.987 831.138 1200.000 -1 -1 -1 -1000 -1000 -1000 -10 0.00365091
Car -1 -1 -10 608.162 1084.057 924.495 1200.000 -1 -1 -1 -1000 -1000 -1000 -10 0.00193333
Car -1 -1 -10 855.973 1101.777 1027.762 1200.000 -1 -1 -1 -1000 -1000 -1000 -10 0.00191696
Car -1 -1 -10 846.856 1122.507 886.572 1200.000 -1 -1 -1 -1000 -1000 -1000 -10 0.00190539
Car -1 -1 -10 787.934 1156.265 826.274 1200.000 -1 -1 -1 -1000 -1000 -1000 -10 0.00180025
Car -1 -1 -10 900.813 432.870 1168.052 1200.000 -1 -1 -1 -1000 -1000 -1000 -10 0.00172896
Car -1 -1 -10 371.560 870.586 1220.338 1200.000 -1 -1 -1 -1000 -1000 -1000 -10 0.00170839
Car -1 -1 -10 676.432 834.190 835.889 1200.000 -1 -1 -1 -1000 -1000 -1000 -10 0.00170122
Car -1 -1 -10 748.084 833.241 907.000 1200.000 -1 -1 -1 -1000 -1000 -1000 -10 0.00166518
Car -1 -1 -10 631.803 649.351 781.375 1200.000 -1 -1 -1 -1000 -1000 -1000 -10 0.00163335
Car -1 -1 -10 842.289 1155.883 879.883 1200.000 -1 -1 -1 -1000 -1000 -1000 -10 0.00158274
