Car -1 -1 -10 588.440 531.905 1155.628 985.689 -1 -1 -1 -1000 -1000 -1000 -10 0.11471861
Car -1 -1 -10 593.063 541.562 1176.790 1133.291 -1 -1 -1 -1000 -1000 -1000 -10 0.03450121
Car -1 -1 -10 1724.449 547.400 1916.026 679.192 -1 -1 -1 -1000 -1000 -1000 -10 0.03577955
Car -1 -1 -10 541.503 658.213 1236.718 1170.476 -1 -1 -1 -1000 -1000 -1000 -10 0.01601745
Car -1 -1 -10 0.000 598.486 511.270 1197.848 -1 -1 -1 -1000 -1000 -1000 -10 0.01310814
Car -1 -1 -10 2.333 622.730 154.582 709.425 -1 -1 -1 -1000 -1000 -1000 -10 0.01346504
Car -1 -1 -10 670.430 536.434 1093.116 909.722 -1 -1 -1 -1000 -1000 -1000 -10 0.00639840
Car -1 -1 -10 598.210 697.570 1200.139 1107.219 -1 -1 -1 -1000 -1000 -1000 -10 0.00604850
Car -1 -1 -10 601.980 665.078 998.807 962.042 -1 -1 -1 -1000 -1000 -1000 -10 0.00490242
Car -1 -1 -10 579.459 282.295 863.110 1185.891 -1 -1 -1 -1000 -1000 -1000 -10 0.01108309
Car -1 -1 -10 349.444 538.900 1255.151 1161.902 -1 -1 -1 -1000 -1000 -1000 -10 0.00395565
Car -1 -1 -10 682.909 577.956 1047.786 818.885 -1 -1 -1 -1000 -1000 -1000 -10 0.00933218
Car -1 -1 -10 734.254 669.662 1158.169 948.456 -1 -1 -1 -1000 -1000 -1000 -10 0.00331750
Car -1 -1 -10 584.376 483.418 953.369 1194.069 -1 -1 -1 -1000 -1000 -1000 -10 0.00281306
Car -1 -1 -10 867.384 265.701 1154.923 1193.906 -1 -1 -1 -1000 -1000 -1000 -10 0.00273641
