Car -1 -1 -10 938.211 620.007 1044.706 706.326 -1 -1 -1 -1000 -1000 -1000 -10 0.91759743
Car -1 -1 -10 513.000 616.330 656.381 710.306 -1 -1 -1 -1000 -1000 -1000 -10 0.97954255
Car -1 -1 -10 352.201 625.123 446.152 694.615 -1 -1 -1 -1000 -1000 -1000 -10 0.53489602
Car -1 -1 -10 194.255 600.649 326.762 693.352 -1 -1 -1 -1000 -1000 -1000 -10 0.39922522
Car -1 -1 -10 310.939 623.172 453.474 700.988 -1 -1 -1 -1000 -1000 -1000 -10 0.03259106
Car -1 -1 -10 293.120 629.060 381.502 693.729 -1 -1 -1 -1000 -1000 -1000 -10 0.06365769
Car -1 -1 -10 260.688 614.239 360.247 696.669 -1 -1 -1 -1000 -1000 -1000 -10 0.00947086
Car -1 -1 -10 0.000 674.727 676.572 1200.000 -1 -1 -1 -1000 -1000 -1000 -10 0.00849530
Car -1 -1 -10 0.000 595.936 507.085 1199.265 -1 -1 -1 -1000 -1000 -1000 -10 0.00920394
Car -1 -1 -10 470.307 517.280 1750.172 1200.000 -1 -1 -1 -1000 -1000 -1000 -10 0.00939168
Car -1 -1 -10 1089.035 514.960 1920.000 1195.121 -1 -1 -1 -1000 -1000 -1000 -10 0.01340873
Car -1 -1 -10 192.370 614.129 276.222 694.353 -1 -1 -1 -1000 -1000 -1000 -10 0.00529784
Car -1 -1 -10 727.661 623.656 770.901 666.788 -1 -1 -1 -1000 -1000 -1000 -10 0.00297054
Car -1 -1 -10 355.460 617.088 445.084 681.519 -1 -1 -1 -1000 -1000 -1000 -10 0.00296323
Car -1 -1 -10 0.000 515.811 1094.662 1196.766 -1 -1 -1 -1000 -1000 -1000 -10 0.00497097
Car -1 -1 -10 0.016 822.427 345.903 1197.457 -1 -1 -1 -1000 -1000 -1000 -10 0.00930910
Car -1 -1 -10 0.000 630.758 236.114 1069.510 -1 -1 -1 -1000 -1000 -1000 -10 0.00439075
Car -1 -1 -10 76.777 782.466 749.674 1200.000 -1 -1 -1 -1000 -1000 -1000 -10 0.00228021
Car -1 -1 -10 18.963 562.314 148.925 1195.225 -1 -1 -1 -1000 -1000 -1000 -10 0.00222527
Car -1 -1 -10 150.491 745.642 491.974 1188.100 -1 -1 -1 -1000 -1000 -1000 -10 0.00220455
Car -1 -1 -10 9.791 1032.869 408.806 1200.000 -1 -1 -1 -1000 -1000 -1000 -10 0.00219169
Car -1 -1 -10 687.829 764.083 1563.411 1181.089 -1 -1 -1 -1000 -1000 -1000 -10 0.00211221
Car -1 -1 -10 508.596 620.270 590.050 692.231 -1 -1 -1 -1000 -1000 -1000 -10 0.00209261
Car -1 -1 -10 322.360 633.626 403.112 699.991 -1 -1 -1 -1000 -1000 -1000 -10 0.00208309
Car -1 -1 -10 491.178 624.964 581.409 708.935 -1 -1 -1 -1000 -1000 -1000 -10 0.00200665
