Car -1 -1 -10 609.712 623.874 681.507 682.517 -1 -1 -1 -1000 -1000 -1000 -10 0.60973290
Car -1 -1 -10 20.050 50.273 311.627 1198.945 -1 -1 -1 -1000 -1000 -1000 -10 0.01580578
Car -1 -1 -10 539.205 15.119 1918.546 1167.604 -1 -1 -1 -1000 -1000 -1000 -10 0.00870656
Car -1 -1 -10 1356.263 149.147 1920.000 1200.000 -1 -1 -1 -1000 -1000 -1000 -10 0.00862855
Car -1 -1 -10 4.514 429.724 506.822 876.161 -1 -1 -1 -1000 -1000 -1000 -10 0.00809391
Car -1 -1 -10 1436.985 296.775 1920.000 816.839 -1 -1 -1 -1000 -1000 -1000 -10 0.00785118
Car -1 -1 -10 0.000 560.592 491.043 1199.525 -1 -1 -1 -1000 -1000 -1000 -10 0.01106561
Car -1 -1 -10 0.000 535.248 930.012 1200.000 -1 -1 -1 -1000 -1000 -1000 -10 0.00327258
Car -1 -1 -10 1453.261 796.059 1920.000 1200.000 -1 -1 -1 -1000 -1000 -1000 -10 0.00509387
Car -1 -1 -10 104.928 179.536 308.203 925.261 -1 -1 -1 -1000 -1000 -1000 -10 0.00264181
Car -1 -1 -10 1332.844 126.371 1920.000 564.359 -1 -1 -1 -1000 -1000 -1000 -10 0.00477120
Car -1 -1 -10 88.578 45.912 221.275 774.010 -1 -1 -1 -1000 -1000 -1000 -10 0.00244979
Car -1 -1 -10 1313.906 345.462 1920.000 765.382 -1 -1 -1 -1000 -1000 -1000 -10 0.00242902
Car -1 -1 -10 673.196 1155.838 711.826 1200.000 -1 -1 -1 -1000 -1000 -1000 -10 0.00241363
Car -1 -1 -10 1501.082 265.778 1906.740 588.090 -1 -1 -1 -1000 -1000 -1000 -10 0.00439110
Car -1 -1 -10 54.149 247.385 207.116 1133.170 -1 -1 -1 -1000 -1000 -1000 -10 0.00234075
Car -1 -1 -10 1322.564 237.727 1914.790 659.958 -1 -1 -1 -1000 -1000 -1000 -10 0.00229622
Car -1 -1 -10 2.222 185.652 331.601 550.540 -1 -1 -1 -1000 -1000 -1000 -10 0.00207029
Car -1 -1 -10 0.000 393.618 434.534 667.414 -1 -1 -1 -1000 -1000 -1000 -10 0.00198176
Car -1 -1 -10 1437.000 9.564 1873.295 876.199 -1 -1 -1 -1000 -1000 -1000 -10 0.00192527
Car -1 -1 -10 0.000 235.632 315.387 661.689 -1 -1 -1 -1000 -1000 -1000 -10 0.00191817
Car -1 -1 -10 1541.990 186.140 1920.000 561.977 -1 -1 -1 -1000 -1000 -1000 -10 0.00181257
Car -1 -1 -10 1322.388 429.782 1909.869 870.680 -1 -1 -1 -1000 -1000 -1000 -10 0.00169562
Car -1 -1 -10 72.529 59.145 240.417 935.414 -1 -1 -1 -1000 -1000 -1000 -10 0.00162280
