Car -1 -1 -10 138.989 604.901 312.161 697.296 -1 -1 -1 -1000 -1000 -1000 -10 0.99479131
Car -1 -1 -10 359.008 560.245 666.274 748.216 -1 -1 -1 -1000 -1000 -1000 -10 0.99088705
Car -1 -1 -10 687.581 596.965 858.934 668.897 -1 -1 -1 -1000 -1000 -1000 -10 0.38039664
Car -1 -1 -10 332.474 593.608 445.289 677.700 -1 -1 -1 -1000 -1000 -1000 -10 0.12820936
Car -1 -1 -10 338.714 599.133 417.631 667.295 -1 -1 -1 -1000 -1000 -1000 -10 0.04219902
Car -1 -1 -10 453.764 570.820 796.021 756.404 -1 -1 -1 -1000 -1000 -1000 -10 0.02294594
Car -1 -1 -10 1686.651 546.214 1919.481 888.404 -1 -1 -1 -1000 -1000 -1000 -10 0.01067165
Car -1 -1 -10 1586.373 433.260 1920.000 1100.242 -1 -1 -1 -1000 -1000 -1000 -10 0.01059152
Car -1 -1 -10 615.371 481.198 1920.000 1195.836 -1 -1 -1 -1000 -1000 -1000 -10 0.01015743
Car -1 -1 -10 1391.016 484.636 1885.407 1015.914 -1 -1 -1 -1000 -1000 -1000 -10 0.00488090
Car -1 -1 -10 343.461 613.232 406.960 672.090 -1 -1 -1 -1000 -1000 -1000 -10 0.00440985
Car -1 -1 -10 1741.070 546.974 1917.171 730.666 -1 -1 -1 -1000 -1000 -1000 -10 0.00413658
Car -1 -1 -10 1282.630 617.383 1718.427 1031.257 -1 -1 -1 -1000 -1000 -1000 -10 0.00360662
Car -1 -1 -10 362.850 575.456 459.529 664.281 -1 -1 -1 -1000 -1000 -1000 -10 0.00315072
