Car -1 -1 -10 588.006 539.176 737.065 669.629 -1 -1 -1 -1000 -1000 -1000 -10 0.99957864
Car -1 -1 -10 862.621 543.916 967.848 630.770 -1 -1 -1 -1000 -1000 -1000 -10 0.79989222
Car -1 -1 -10 0.000 797.093 460.879 1199.357 -1 -1 -1 -1000 -1000 -1000 -10 0.00831314
Car -1 -1 -10 168.716 814.106 772.796 1191.748 -1 -1 -1 -1000 -1000 -1000 -10 0.00470955
Car -1 -1 -10 900.369 543.193 928.264 640.392 -1 -1 -1 -1000 -1000 -1000 -10 0.00171165
Car -1 -1 -10 705.915 813.878 1264.512 1193.125 -1 -1 -1 -1000 -1000 -1000 -10 0.00380897
Car -1 -1 -10 419.605 810.316 1028.072 1192.357 -1 -1 -1 -1000 -1000 -1000 -10 0.00261847
Car -1 -1 -10 372.793 664.426 563.531 1195.057 -1 -1 -1 -1000 -1000 -1000 -10 0.00230164
Car -1 -1 -10 136.593 1040.318 579.497 1200.000 -1 -1 -1 -1000 -1000 -1000 -10 0.00120398
Car -1 -1 -10 68.030 347.225 368.102 1200.000 -1 -1 -1 -1000 -1000 -1000 -10 0.00228301
Car -1 -1 -10 892.874 502.501 938.508 665.207 -1 -1 -1 -1000 -1000 -1000 -10 0.00117383
Car -1 -1 -10 467.824 661.151 659.885 1197.118 -1 -1 -1 -1000 -1000 -1000 -10 0.00117361
Car -1 -1 -10 542.409 827.653 1061.310 1192.527 -1 -1 -1 -1000 -1000 -1000 -10 0.00115497
Car -1 -1 -10 26.952 637.171 299.684 1200.000 -1 -1 -1 -1000 -1000 -1000 -10 0.00114236
Car -1 -1 -10 98.054 908.725 802.804 1200.000 -1 -1 -1 -1000 -1000 -1000 -10 0.00112515
Car -1 -1 -10 285.761 1038.071 720.336 1200.000 -1 -1 -1 -1000 -1000 -1000 -10 0.00217946
Car -1 -1 -10 288.888 661.740 479.328 1194.549 -1 -1 -1 -1000 -1000 -1000 -10 0.00217604
Car -1 -1 -10 895.273 546.776 923.349 640.089 -1 -1 -1 -1000 -1000 -1000 -10 0.00204605
Car -1 -1 -10 612.483 663.829 803.161 1190.853 -1 -1 -1 -1000 -1000 -1000 -10 0.00105613
Car -1 -1 -10 977.355 798.757 1578.273 1193.330 -1 -1 -1 -1000 -1000 -1000 -10 0.00105511
Car -1 -1 -10 925.287 671.437 1115.146 1191.276 -1 -1 -1 -1000 -1000 -1000 -10 0.00105457
Car -1 -1 -10 228.657 649.617 420.654 1192.781 -1 -1 -1 -1000 -1000 -1000 -10 0.00103451
Car -1 -1 -10 313.699 1085.257 629.997 1200.000 -1 -1 -1 -1000 -1000 -1000 -10 0.00192580
Car -1 -1 -10 907.139 548.108 934.879 642.692 -1 -1 -1 -1000 -1000 -1000 -10 0.00102440
Car -1 -1 -10 231.379 1106.471 485.014 1200.000 -1 -1 -1 -1000 -1000 -1000 -10 0.00100780
Car -1 -1 -10 880.155 499.839 926.872 661.997 -1 -1 -1 -1000 -1000 -1000 -10 0.00095402
Car -1 -1 -10 436.070 824.210 596.246 1200.000 -1 -1 -1 -1000 -1000 -1000 -10 0.00094618
Car -1 -1 -10 291.767 821.844 452.028 1200.000 -1 -1 -1 -1000 -1000 -1000 -10 0.00093776
Car -1 -1 -10 5.250 1108.585 178.093 1200.000 -1 -1 -1 -1000 -1000 -1000 -10 0.00092533
Car -1 -1 -10 0.000 938.497 313.158 1200.000 -1 -1 -1 -1000 -1000 -1000 -10 0.00091465
Car -1 -1 -10 430.812 1104.862 676.672 1200.000 -1 -1 -1 -1000 -1000 -1000 -10 0.00089653
Car -1 -1 -10 0.000 608.592 321.713 1140.346 -1 -1 -1 -1000 -1000 -1000 -10 0.00088809
Car -1 -1 -10 387.713 824.968 547.660 1200.000 -1 -1 -1 -1000 -1000 -1000 -10 0.00088744
Car -1 -1 -10 414.923 653.089 681.749 1200.000 -1 -1 -1 -1000 -1000 -1000 -10 0.00088025
Car -1 -1 -10 484.255 824.263 643.670 1200.000 -1 -1 -1 -1000 -1000 -1000 -10 0.00088006
