Car -1 -1 -10 375.495 593.203 546.228 722.827 -1 -1 -1 -1000 -1000 -1000 -10 0.99982060
Car -1 -1 -10 485.429 523.984 1000.344 791.627 -1 -1 -1 -1000 -1000 -1000 -10 0.96859539
Car -1 -1 -10 150.133 615.395 332.059 726.377 -1 -1 -1 -1000 -1000 -1000 -10 0.98550093
Car -1 -1 -10 259.734 605.994 406.073 712.036 -1 -1 -1 -1000 -1000 -1000 -10 0.93094639
Car -1 -1 -10 712.050 536.613 1142.201 788.895 -1 -1 -1 -1000 -1000 -1000 -10 0.42804990
Car -1 -1 -10 505.225 550.761 743.740 773.049 -1 -1 -1 -1000 -1000 -1000 -10 0.01518883
Car -1 -1 -10 688.325 538.432 841.081 639.563 -1 -1 -1 -1000 -1000 -1000 -10 0.01189649
Car -1 -1 -10 719.721 560.827 875.612 661.374 -1 -1 -1 -1000 -1000 -1000 -10 0.00960845
Car -1 -1 -10 643.411 531.994 929.632 698.501 -1 -1 -1 -1000 -1000 -1000 -10 0.00513559
Car -1 -1 -10 0.000 595.055 596.686 1195.813 -1 -1 -1 -1000 -1000 -1000 -10 0.00439535
