Car -1 -1 -10 1103.396 407.905 1154.765 458.590 -1 -1 -1 -1000 -1000 -1000 -10 0.00802393
Car -1 -1 -10 0.000 382.391 508.917 755.801 -1 -1 -1 -1000 -1000 -1000 -10 0.00335527
Car -1 -1 -10 82.431 305.600 228.878 1136.963 -1 -1 -1 -1000 -1000 -1000 -10 0.00184864
Car -1 -1 -10 1449.576 564.602 1611.299 663.211 -1 -1 -1 -1000 -1000 -1000 -10 0.00350347
Car -1 -1 -10 75.277 96.961 355.743 1200.000 -1 -1 -1 -1000 -1000 -1000 -10 0.00164469
Car -1 -1 -10 130.326 267.038 327.739 957.485 -1 -1 -1 -1000 -1000 -1000 -10 0.00370679
Car -1 -1 -10 0.000 515.924 910.189 1189.966 -1 -1 -1 -1000 -1000 -1000 -10 0.00536363
Car -1 -1 -10 0.000 552.192 415.210 812.848 -1 -1 -1 -1000 -1000 -1000 -10 0.00149225
Car -1 -1 -10 0.000 802.907 457.437 1200.000 -1 -1 -1 -1000 -1000 -1000 -10 0.00394382
Car -1 -1 -10 158.986 56.512 373.383 1147.763 -1 -1 -1 -1000 -1000 -1000 -10 0.00138706
Car -1 -1 -10 0.000 447.224 484.546 805.895 -1 -1 -1 -1000 -1000 -1000 -10 0.00132937
Car -1 -1 -10 0.000 566.734 529.020 1191.848 -1 -1 -1 -1000 -1000 -1000 -10 0.00132492
Car -1 -1 -10 33.247 113.926 308.393 1166.848 -1 -1 -1 -1000 -1000 -1000 -10 0.00114786
Car -1 -1 -10 107.949 298.874 249.635 1132.957 -1 -1 -1 -1000 -1000 -1000 -10 0.00114096
Car -1 -1 -10 364.369 440.332 530.662 539.345 -1 -1 -1 -1000 -1000 -1000 -10 0.00215401
Car -1 -1 -10 12.811 85.259 228.686 1173.737 -1 -1 -1 -1000 -1000 -1000 -10 0.00100537
Car -1 -1 -10 3.213 377.017 266.534 874.437 -1 -1 -1 -1000 -1000 -1000 -10 0.00100083
Car -1 -1 -10 1339.549 540.663 1918.765 939.084 -1 -1 -1 -1000 -1000 -1000 -10 0.00178690
Car -1 -1 -10 219.149 298.004 377.717 906.096 -1 -1 -1 -1000 -1000 -1000 -10 0.00096406
Car -1 -1 -10 180.874 490.227 339.946 588.384 -1 -1 -1 -1000 -1000 -1000 -10 0.00158933
Car -1 -1 -10 9.412 572.267 569.533 956.888 -1 -1 -1 -1000 -1000 -1000 -10 0.00094573
Car -1 -1 -10 505.420 1063.538 898.497 1200.000 -1 -1 -1 -1000 -1000 -1000 -10 0.00161835
Car -1 -1 -10 545.186 811.351 875.774 1198.122 -1 -1 -1 -1000 -1000 -1000 -10 0.00089050
Car -1 -1 -10 1574.732 561.380 1920.000 1200.000 -1 -1 -1 -1000 -1000 -1000 -10 0.00088712
Car -1 -1 -10 281.004 501.522 1459.872 1191.843 -1 -1 -1 -1000 -1000 -1000 -10 0.00084962
Car -1 -1 -10 325.599 382.788 597.955 545.138 -1 -1 -1 -1000 -1000 -1000 -10 0.00162723
Car -1 -1 -10 253.616 675.231 491.234 1195.667 -1 -1 -1 -1000 -1000 -1000 -10 0.00081086
Car -1 -1 -10 180.245 300.534 319.982 1133.657 -1 -1 -1 -1000 -1000 -1000 -10 0.00080359
Car -1 -1 -10 1461.137 388.764 1854.521 1146.943 -1 -1 -1 -1000 -1000 -1000 -10 0.00080070
Car -1 -1 -10 622.116 655.796 794.318 1189.781 -1 -1 -1 -1000 -1000 -1000 -10 0.00078690
Car -1 -1 -10 0.247 308.518 452.103 642.722 -1 -1 -1 -1000 -1000 -1000 -10 0.00077848
Car -1 -1 -10 52.218 320.221 206.685 941.057 -1 -1 -1 -1000 -1000 -1000 -10 0.00077027
Car -1 -1 -10 687.996 1128.135 755.710 1200.000 -1 -1 -1 -1000 -1000 -1000 -10 0.00076726
Car -1 -1 -10 0.000 1166.821 24.830 1200.000 -1 -1 -1 -1000 -1000 -1000 -10 0.00076322
Car -1 -1 -10 44.461 258.148 417.277 899.175 -1 -1 -1 -1000 -1000 -1000 -10 0.00076138
Car -1 -1 -10 501.450 256.425 681.076 900.165 -1 -1 -1 -1000 -1000 -1000 -10 0.00075035
Car -1 -1 -10 1591.762 415.313 1918.635 1048.561 -1 -1 -1 -1000 -1000 -1000 -10 0.00074862
Car -1 -1 -10 343.945 578.420 543.581 1174.311 -1 -1 -1 -1000 -1000 -1000 -10 0.00074290
Car -1 -1 -10 1462.942 380.673 1909.318 758.946 -1 -1 -1 -1000 -1000 -1000 -10 0.00072868
Car -1 -1 -10 1496.387 423.629 1912.817 889.239 -1 -1 -1 -1000 -1000 -1000 -10 0.00072539
Car -1 -1 -10 703.057 1157.793 741.317 1200.000 -1 -1 -1 -1000 -1000 -1000 -10 0.00128464
Car -1 -1 -10 477.813 642.120 650.206 1187.813 -1 -1 -1 -1000 -1000 -1000 -10 0.00070542
Car -1 -1 -10 1473.823 805.287 1920.000 1200.000 -1 -1 -1 -1000 -1000 -1000 -10 0.00133763
Car -1 -1 -10 137.669 515.230 299.154 610.911 -1 -1 -1 -1000 -1000 -1000 -10 0.00068326
Car -1 -1 -10 348.125 455.357 463.973 556.910 -1 -1 -1 -1000 -1000 -1000 -10 0.00068087
Car -1 -1 -10 1409.196 609.516 1819.715 852.348 -1 -1 -1 -1000 -1000 -1000 -10 0.00068065
Car -1 -1 -10 601.845 724.211 817.602 1197.398 -1 -1 -1 -1000 -1000 -1000 -10 0.00067643
Car -1 -1 -10 344.530 466.990 487.151 558.254 -1 -1 -1 -1000 -1000 -1000 -10 0.00064178
Car -1 -1 -10 571.454 1109.995 821.907 1200.000 -1 -1 -1 -1000 -1000 -1000 -10 0.00063216
Car -1 -1 -10 1495.257 460.326 1787.659 1004.272 -1 -1 -1 -1000 -1000 -1000 -10 0.00062293
Car -1 -1 -10 4.971 436.734 367.775 815.495 -1 -1 -1 -1000 -1000 -1000 -10 0.00059435
Car -1 -1 -10 657.727 851.315 773.244 1197.972 -1 -1 -1 -1000 -1000 -1000 -10 0.00059060
Car -1 -1 -10 276.037 590.612 470.281 1173.229 -1 -1 -1 -1000 -1000 -1000 -10 0.00056997
Car -1 -1 -10 692.921 1088.667 751.264 1200.000 -1 -1 -1 -1000 -1000 -1000 -10 0.00054756
Car -1 -1 -10 1424.955 610.011 1720.658 771.160 -1 -1 -1 -1000 -1000 -1000 -10 0.00054390
