Car -1 -1 -10 1007.223 531.889 1269.191 728.842 -1 -1 -1 -1000 -1000 -1000 -10 0.99980555
Car -1 -1 -10 101.166 619.798 255.696 710.508 -1 -1 -1 -1000 -1000 -1000 -10 0.99833497
Car -1 -1 -10 480.088 607.105 548.242 671.699 -1 -1 -1 -1000 -1000 -1000 -10 0.84998821
Car -1 -1 -10 894.428 594.010 966.463 652.792 -1 -1 -1 -1000 -1000 -1000 -10 0.91080162
Car -1 -1 -10 806.453 595.179 842.827 639.423 -1 -1 -1 -1000 -1000 -1000 -10 0.00831349
Car -1 -1 -10 1021.163 536.857 1176.551 641.546 -1 -1 -1 -1000 -1000 -1000 -10 0.00467816
Car -1 -1 -10 0.000 793.058 463.802 1200.000 -1 -1 -1 -1000 -1000 -1000 -10 0.00187369
Car -1 -1 -10 118.154 438.807 241.999 861.137 -1 -1 -1 -1000 -1000 -1000 -10 0.00364851
Car -1 -1 -10 816.882 594.358 848.346 636.528 -1 -1 -1 -1000 -1000 -1000 -10 0.00301161
Car -1 -1 -10 0.000 666.036 416.150 1199.783 -1 -1 -1 -1000 -1000 -1000 -10 0.00430688
Car -1 -1 -10 73.667 463.094 282.270 806.727 -1 -1 -1 -1000 -1000 -1000 -10 0.00161780
Car -1 -1 -10 997.294 564.718 1098.951 670.338 -1 -1 -1 -1000 -1000 -1000 -10 0.00157132
Car -1 -1 -10 1102.604 533.773 1258.339 645.568 -1 -1 -1 -1000 -1000 -1000 -10 0.00151788
Car -1 -1 -10 131.180 375.663 217.714 922.935 -1 -1 -1 -1000 -1000 -1000 -10 0.00276042
Car -1 -1 -10 1033.576 537.352 1147.645 649.410 -1 -1 -1 -1000 -1000 -1000 -10 0.00141734
Car -1 -1 -10 23.597 1139.757 140.944 1200.000 -1 -1 -1 -1000 -1000 -1000 -10 0.00137320
Car -1 -1 -10 0.000 1156.151 31.812 1200.000 -1 -1 -1 -1000 -1000 -1000 -10 0.00130826
Car -1 -1 -10 1009.532 578.939 1048.115 636.753 -1 -1 -1 -1000 -1000 -1000 -10 0.00130235
Car -1 -1 -10 0.000 1110.853 123.753 1200.000 -1 -1 -1 -1000 -1000 -1000 -10 0.00127914
Car -1 -1 -10 1016.109 559.656 1103.112 651.925 -1 -1 -1 -1000 -1000 -1000 -10 0.00123067
Car -1 -1 -10 149.611 514.325 199.904 816.821 -1 -1 -1 -1000 -1000 -1000 -10 0.00122391
Car -1 -1 -10 0.000 1014.727 256.379 1200.000 -1 -1 -1 -1000 -1000 -1000 -10 0.00117611
Car -1 -1 -10 62.662 1158.481 99.382 1200.000 -1 -1 -1 -1000 -1000 -1000 -10 0.00114169
Car -1 -1 -10 493.580 599.593 543.293 649.908 -1 -1 -1 -1000 -1000 -1000 -10 0.00110891
Car -1 -1 -10 1074.233 446.963 1144.630 861.871 -1 -1 -1 -1000 -1000 -1000 -10 0.00107157
Car -1 -1 -10 1135.341 543.895 1273.838 678.189 -1 -1 -1 -1000 -1000 -1000 -10 0.00102483
