Car -1 -1 -10 0.000 520.173 859.717 1194.946 -1 -1 -1 -1000 -1000 -1000 -10 0.01751915
Car -1 -1 -10 382.070 509.935 1711.529 1200.000 -1 -1 -1 -1000 -1000 -1000 -10 0.01295995
Car -1 -1 -10 0.000 832.881 784.607 1197.322 -1 -1 -1 -1000 -1000 -1000 -10 0.00924133
Car -1 -1 -10 0.000 553.082 521.009 1195.754 -1 -1 -1 -1000 -1000 -1000 -10 0.01125545
Car -1 -1 -10 0.000 794.084 460.531 1195.979 -1 -1 -1 -1000 -1000 -1000 -10 0.00398152
Car -1 -1 -10 0.000 822.650 416.035 1151.169 -1 -1 -1 -1000 -1000 -1000 -10 0.00371329
Car -1 -1 -10 0.844 811.442 372.648 1048.791 -1 -1 -1 -1000 -1000 -1000 -10 0.00607553
Car -1 -1 -10 115.501 577.881 244.915 1197.991 -1 -1 -1 -1000 -1000 -1000 -10 0.00563295
Car -1 -1 -10 70.504 302.635 364.264 1200.000 -1 -1 -1 -1000 -1000 -1000 -10 0.00348029
Car -1 -1 -10 23.934 134.331 310.945 1190.647 -1 -1 -1 -1000 -1000 -1000 -10 0.00913321
Car -1 -1 -10 0.000 683.054 450.646 1069.784 -1 -1 -1 -1000 -1000 -1000 -10 0.00323624
Car -1 -1 -10 66.941 554.693 195.076 1198.251 -1 -1 -1 -1000 -1000 -1000 -10 0.00290941
Car -1 -1 -10 7.527 840.149 164.850 938.237 -1 -1 -1 -1000 -1000 -1000 -10 0.00468421
Car -1 -1 -10 154.423 697.886 576.078 943.732 -1 -1 -1 -1000 -1000 -1000 -10 0.00272017
Car -1 -1 -10 151.218 250.255 375.008 1188.904 -1 -1 -1 -1000 -1000 -1000 -10 0.00268341
Car -1 -1 -10 0.000 635.132 482.537 1007.951 -1 -1 -1 -1000 -1000 -1000 -10 0.00266263
Car -1 -1 -10 164.081 542.410 293.076 1197.734 -1 -1 -1 -1000 -1000 -1000 -10 0.00491812
Car -1 -1 -10 0.000 761.387 241.996 1087.655 -1 -1 -1 -1000 -1000 -1000 -10 0.00263514
Car -1 -1 -10 666.703 499.865 1920.000 1199.823 -1 -1 -1 -1000 -1000 -1000 -10 0.00516872
Car -1 -1 -10 303.135 424.475 437.227 1167.921 -1 -1 -1 -1000 -1000 -1000 -10 0.00256140
Car -1 -1 -10 2.678 736.304 373.453 1028.253 -1 -1 -1 -1000 -1000 -1000 -10 0.00232337
Car -1 -1 -10 17.762 160.499 1292.681 1200.000 -1 -1 -1 -1000 -1000 -1000 -10 0.00232049
Car -1 -1 -10 226.094 498.380 520.314 1052.947 -1 -1 -1 -1000 -1000 -1000 -10 0.00218400
Car -1 -1 -10 0.000 712.167 239.068 1039.176 -1 -1 -1 -1000 -1000 -1000 -10 0.00212357
Car -1 -1 -10 2.564 830.551 162.027 992.184 -1 -1 -1 -1000 -1000 -1000 -10 0.00209961
Car -1 -1 -10 47.004 703.687 208.709 1197.834 -1 -1 -1 -1000 -1000 -1000 -10 0.00207170
Car -1 -1 -10 81.231 514.304 231.728 1200.000 -1 -1 -1 -1000 -1000 -1000 -10 0.00195941
Car -1 -1 -10 128.924 370.415 392.802 1200.000 -1 -1 -1 -1000 -1000 -1000 -10 0.00188556
Car -1 -1 -10 0.000 544.826 625.429 954.692 -1 -1 -1 -1000 -1000 -1000 -10 0.00185657
Car -1 -1 -10 211.860 805.324 578.534 1199.205 -1 -1 -1 -1000 -1000 -1000 -10 0.00178487
