Car -1 -1 -10 186.408 543.478 678.872 868.812 -1 -1 -1 -1000 -1000 -1000 -10 0.87958783
Car -1 -1 -10 360.381 512.993 824.306 891.716 -1 -1 -1 -1000 -1000 -1000 -10 0.02563552
Car -1 -1 -10 883.086 632.184 927.328 677.993 -1 -1 -1 -1000 -1000 -1000 -10 0.01269093
Car -1 -1 -10 319.446 487.160 883.033 879.074 -1 -1 -1 -1000 -1000 -1000 -10 0.00674532
Car -1 -1 -10 166.097 2.281 823.709 273.678 -1 -1 -1 -1000 -1000 -1000 -10 0.01327476
Car -1 -1 -10 4.045 568.556 161.414 799.594 -1 -1 -1 -1000 -1000 -1000 -10 0.00720903
Car -1 -1 -10 207.505 8.451 583.875 189.385 -1 -1 -1 -1000 -1000 -1000 -10 0.00396208
Car -1 -1 -10 302.972 38.324 457.986 136.822 -1 -1 -1 -1000 -1000 -1000 -10 0.00380547
Car -1 -1 -10 0.000 595.049 519.700 1189.678 -1 -1 -1 -1000 -1000 -1000 -10 0.00653313
Car -1 -1 -10 221.138 6.252 574.343 238.828 -1 -1 -1 -1000 -1000 -1000 -10 0.00350713
Car -1 -1 -10 307.671 4.270 671.493 393.496 -1 -1 -1 -1000 -1000 -1000 -10 0.00349255
Car -1 -1 -10 377.288 9.481 748.081 191.547 -1 -1 -1 -1000 -1000 -1000 -10 0.00624097
Car -1 -1 -10 96.436 5.644 677.172 274.023 -1 -1 -1 -1000 -1000 -1000 -10 0.00296487
Car -1 -1 -10 520.568 26.139 643.723 150.412 -1 -1 -1 -1000 -1000 -1000 -10 0.00255299
