Car -1 -1 -10 856.618 563.034 938.051 631.743 -1 -1 -1 -1000 -1000 -1000 -10 0.97267742
Car -1 -1 -10 1016.400 566.585 1097.795 628.461 -1 -1 -1 -1000 -1000 -1000 -10 0.15205118
Car -1 -1 -10 85.379 2.395 663.991 228.822 -1 -1 -1 -1000 -1000 -1000 -10 0.01627174
Car -1 -1 -10 218.147 5.080 523.925 316.436 -1 -1 -1 -1000 -1000 -1000 -10 0.00786732
Car -1 -1 -10 210.823 0.000 558.515 154.593 -1 -1 -1 -1000 -1000 -1000 -10 0.00644186
Car -1 -1 -10 623.541 3.196 1035.036 299.929 -1 -1 -1 -1000 -1000 -1000 -10 0.00664976
Car -1 -1 -10 143.682 2.269 405.196 256.889 -1 -1 -1 -1000 -1000 -1000 -10 0.00547534
Car -1 -1 -10 273.626 37.471 469.095 566.913 -1 -1 -1 -1000 -1000 -1000 -10 0.00832871
Car -1 -1 -10 721.696 800.427 1321.970 1190.233 -1 -1 -1 -1000 -1000 -1000 -10 0.00291699
Car -1 -1 -10 182.426 0.000 549.968 365.807 -1 -1 -1 -1000 -1000 -1000 -10 0.00289299
Car -1 -1 -10 305.777 17.858 436.709 413.330 -1 -1 -1 -1000 -1000 -1000 -10 0.00504195
Car -1 -1 -10 700.712 15.015 951.820 476.563 -1 -1 -1 -1000 -1000 -1000 -10 0.00538633
Car -1 -1 -10 380.593 0.000 1224.552 317.189 -1 -1 -1 -1000 -1000 -1000 -10 0.00512889
Car -1 -1 -10 0.000 595.626 513.719 1200.000 -1 -1 -1 -1000 -1000 -1000 -10 0.00533691
Car -1 -1 -10 242.171 18.184 491.930 469.888 -1 -1 -1 -1000 -1000 -1000 -10 0.00271724
Car -1 -1 -10 316.433 0.000 441.023 127.762 -1 -1 -1 -1000 -1000 -1000 -10 0.00270501
Car -1 -1 -10 65.757 0.697 419.092 201.544 -1 -1 -1 -1000 -1000 -1000 -10 0.00268960
Car -1 -1 -10 195.578 22.372 320.792 150.966 -1 -1 -1 -1000 -1000 -1000 -10 0.00265351
Car -1 -1 -10 0.000 525.987 904.541 1199.469 -1 -1 -1 -1000 -1000 -1000 -10 0.00502412
Car -1 -1 -10 253.500 0.000 496.052 240.747 -1 -1 -1 -1000 -1000 -1000 -10 0.00254512
Car -1 -1 -10 169.250 2.239 343.414 172.043 -1 -1 -1 -1000 -1000 -1000 -10 0.00253632
Car -1 -1 -10 802.523 1049.230 1225.516 1200.000 -1 -1 -1 -1000 -1000 -1000 -10 0.00468116
Car -1 -1 -10 173.712 19.857 429.931 472.968 -1 -1 -1 -1000 -1000 -1000 -10 0.00242731
Car -1 -1 -10 198.132 0.000 538.152 117.771 -1 -1 -1 -1000 -1000 -1000 -10 0.00237009
Car -1 -1 -10 116.663 0.000 600.469 531.431 -1 -1 -1 -1000 -1000 -1000 -10 0.00213202
Car -1 -1 -10 326.053 26.522 454.039 148.199 -1 -1 -1 -1000 -1000 -1000 -10 0.00204217
Car -1 -1 -10 668.191 2.641 1024.002 376.362 -1 -1 -1 -1000 -1000 -1000 -10 0.00186297
Car -1 -1 -10 308.877 1.457 398.558 184.046 -1 -1 -1 -1000 -1000 -1000 -10 0.00184314
Car -1 -1 -10 165.064 38.470 458.436 846.191 -1 -1 -1 -1000 -1000 -1000 -10 0.00171777
