Car -1 -1 -10 900.580 556.907 1032.816 672.396 -1 -1 -1 -1000 -1000 -1000 -10 0.99986641
Car -1 -1 -10 0.000 792.579 457.424 1197.959 -1 -1 -1 -1000 -1000 -1000 -10 0.01068561
Car -1 -1 -10 54.298 529.415 206.504 1199.192 -1 -1 -1 -1000 -1000 -1000 -10 0.00181427
Car -1 -1 -10 12.300 684.082 254.006 1200.000 -1 -1 -1 -1000 -1000 -1000 -10 0.00181318
Car -1 -1 -10 15.593 466.895 527.357 1200.000 -1 -1 -1 -1000 -1000 -1000 -10 0.00176431
Car -1 -1 -10 0.439 999.574 273.850 1200.000 -1 -1 -1 -1000 -1000 -1000 -10 0.00307637
Car -1 -1 -10 40.899 650.934 217.458 1188.621 -1 -1 -1 -1000 -1000 -1000 -10 0.00158084
Car -1 -1 -10 0.000 576.235 652.719 1194.146 -1 -1 -1 -1000 -1000 -1000 -10 0.00138879
Car -1 -1 -10 0.000 938.721 322.001 1200.000 -1 -1 -1 -1000 -1000 -1000 -10 0.00138296
Car -1 -1 -10 80.358 540.159 232.792 1200.000 -1 -1 -1 -1000 -1000 -1000 -10 0.00137456
Car -1 -1 -10 3.185 1061.665 333.482 1200.000 -1 -1 -1 -1000 -1000 -1000 -10 0.00137353
Car -1 -1 -10 7.837 1107.372 260.910 1200.000 -1 -1 -1 -1000 -1000 -1000 -10 0.00262079
Car -1 -1 -10 25.476 1158.375 62.605 1200.000 -1 -1 -1 -1000 -1000 -1000 -10 0.00129785
Car -1 -1 -10 0.000 500.945 867.304 1192.179 -1 -1 -1 -1000 -1000 -1000 -10 0.00128013
Car -1 -1 -10 230.354 650.918 417.492 1195.281 -1 -1 -1 -1000 -1000 -1000 -10 0.00127884
Car -1 -1 -10 0.401 643.565 286.190 1104.552 -1 -1 -1 -1000 -1000 -1000 -10 0.00116804
Car -1 -1 -10 14.472 307.142 479.583 819.921 -1 -1 -1 -1000 -1000 -1000 -10 0.00115888
Car -1 -1 -10 199.351 820.338 540.662 1198.646 -1 -1 -1 -1000 -1000 -1000 -10 0.00113359
