Car -1 -1 -10 773.277 574.233 889.188 683.887 -1 -1 -1 -1000 -1000 -1000 -10 0.98083255
Car -1 -1 -10 752.692 1157.458 790.222 1200.000 -1 -1 -1 -1000 -1000 -1000 -10 0.00471739
Car -1 -1 -10 0.000 802.402 454.938 1199.455 -1 -1 -1 -1000 -1000 -1000 -10 0.00510173
Car -1 -1 -10 0.000 0.000 415.041 316.243 -1 -1 -1 -1000 -1000 -1000 -10 0.00390063
Car -1 -1 -10 0.000 0.000 303.718 369.174 -1 -1 -1 -1000 -1000 -1000 -10 0.00113653
Car -1 -1 -10 0.000 0.000 279.143 198.850 -1 -1 -1 -1000 -1000 -1000 -10 0.00333282
Car -1 -1 -10 0.000 810.086 194.782 1195.233 -1 -1 -1 -1000 -1000 -1000 -10 0.00186572
Car -1 -1 -10 811.339 590.583 851.175 649.523 -1 -1 -1 -1000 -1000 -1000 -10 0.00092451
Car -1 -1 -10 583.849 6.582 861.981 391.280 -1 -1 -1 -1000 -1000 -1000 -10 0.00224512
Car -1 -1 -10 806.146 580.563 843.234 639.857 -1 -1 -1 -1000 -1000 -1000 -10 0.00091913
Car -1 -1 -10 644.793 176.668 754.296 287.230 -1 -1 -1 -1000 -1000 -1000 -10 0.00088200
Car -1 -1 -10 832.046 595.974 1017.796 1178.394 -1 -1 -1 -1000 -1000 -1000 -10 0.00225698
Car -1 -1 -10 66.734 599.914 194.142 1198.715 -1 -1 -1 -1000 -1000 -1000 -10 0.00153007
Car -1 -1 -10 631.773 48.567 785.053 616.422 -1 -1 -1 -1000 -1000 -1000 -10 0.00194560
Car -1 -1 -10 896.860 1.965 1254.323 373.286 -1 -1 -1 -1000 -1000 -1000 -10 0.00080611
Car -1 -1 -10 710.538 681.202 943.780 1195.120 -1 -1 -1 -1000 -1000 -1000 -10 0.00154680
Car -1 -1 -10 450.217 0.773 1077.956 288.336 -1 -1 -1 -1000 -1000 -1000 -10 0.00209742
Car -1 -1 -10 811.684 580.485 851.099 638.002 -1 -1 -1 -1000 -1000 -1000 -10 0.00077323
Car -1 -1 -10 774.277 0.000 1346.097 206.625 -1 -1 -1 -1000 -1000 -1000 -10 0.00189731
Car -1 -1 -10 738.923 1132.021 806.352 1200.000 -1 -1 -1 -1000 -1000 -1000 -10 0.00073251
Car -1 -1 -10 968.592 16.831 1219.703 467.890 -1 -1 -1 -1000 -1000 -1000 -10 0.00123959
Car -1 -1 -10 837.037 570.229 985.059 657.274 -1 -1 -1 -1000 -1000 -1000 -10 0.00119618
Car -1 -1 -10 859.564 1158.965 897.309 1200.000 -1 -1 -1 -1000 -1000 -1000 -10 0.00071178
Car -1 -1 -10 953.021 33.917 1135.196 511.648 -1 -1 -1 -1000 -1000 -1000 -10 0.00069654
Car -1 -1 -10 541.588 2.040 904.679 373.511 -1 -1 -1 -1000 -1000 -1000 -10 0.00068378
Car -1 -1 -10 0.000 0.000 124.342 145.624 -1 -1 -1 -1000 -1000 -1000 -10 0.00067904
Car -1 -1 -10 806.440 546.227 844.898 700.933 -1 -1 -1 -1000 -1000 -1000 -10 0.00067586
Car -1 -1 -10 655.030 66.111 805.027 591.080 -1 -1 -1 -1000 -1000 -1000 -10 0.00067202
Car -1 -1 -10 0.544 26.265 167.245 198.320 -1 -1 -1 -1000 -1000 -1000 -10 0.00064943
Car -1 -1 -10 805.394 579.250 833.111 666.798 -1 -1 -1 -1000 -1000 -1000 -10 0.00064174
Car -1 -1 -10 888.769 1158.279 927.059 1200.000 -1 -1 -1 -1000 -1000 -1000 -10 0.00060808
Car -1 -1 -10 721.651 1070.513 1114.421 1200.000 -1 -1 -1 -1000 -1000 -1000 -10 0.00060717
Car -1 -1 -10 786.328 579.941 840.350 637.375 -1 -1 -1 -1000 -1000 -1000 -10 0.00059810
Car -1 -1 -10 686.223 3.666 1049.114 372.407 -1 -1 -1 -1000 -1000 -1000 -10 0.00058718
Car -1 -1 -10 414.763 0.000 1002.719 324.114 -1 -1 -1 -1000 -1000 -1000 -10 0.00057466
Car -1 -1 -10 2.136 0.000 92.477 114.726 -1 -1 -1 -1000 -1000 -1000 -10 0.00057393
Car -1 -1 -10 939.869 0.000 1195.073 247.939 -1 -1 -1 -1000 -1000 -1000 -10 0.00057073
Car -1 -1 -10 808.754 486.300 858.636 786.149 -1 -1 -1 -1000 -1000 -1000 -10 0.00056528
Car -1 -1 -10 731.456 586.840 925.701 1173.472 -1 -1 -1 -1000 -1000 -1000 -10 0.00054387
Car -1 -1 -10 832.690 1114.538 914.859 1200.000 -1 -1 -1 -1000 -1000 -1000 -10 0.00054240
Car -1 -1 -10 655.831 17.795 745.929 361.915 -1 -1 -1 -1000 -1000 -1000 -10 0.00053974
Car -1 -1 -10 22.710 603.249 147.047 1200.000 -1 -1 -1 -1000 -1000 -1000 -10 0.00053021
Car -1 -1 -10 1040.009 7.957 1176.528 276.151 -1 -1 -1 -1000 -1000 -1000 -10 0.00050769
Car -1 -1 -10 823.896 551.929 862.756 709.067 -1 -1 -1 -1000 -1000 -1000 -10 0.00050152
Car -1 -1 -10 817.130 495.679 869.086 775.249 -1 -1 -1 -1000 -1000 -1000 -10 0.00048151
Car -1 -1 -10 854.174 1157.600 891.646 1200.000 -1 -1 -1 -1000 -1000 -1000 -10 0.00047848
Car -1 -1 -10 660.299 159.102 738.194 303.735 -1 -1 -1 -1000 -1000 -1000 -10 0.00047750
Car -1 -1 -10 1042.912 0.000 1129.572 98.849 -1 -1 -1 -1000 -1000 -1000 -10 0.00047388
Car -1 -1 -10 822.586 593.837 865.277 663.988 -1 -1 -1 -1000 -1000 -1000 -10 0.00046006
Car -1 -1 -10 521.449 0.000 888.118 204.041 -1 -1 -1 -1000 -1000 -1000 -10 0.00045753
