Car -1 -1 -10 568.438 524.787 1166.783 768.344 -1 -1 -1 -1000 -1000 -1000 -10 0.51119778
Car -1 -1 -10 563.111 541.704 892.101 731.471 -1 -1 -1 -1000 -1000 -1000 -10 0.03231368
Car -1 -1 -10 840.143 535.696 1189.199 747.844 -1 -1 -1 -1000 -1000 -1000 -10 0.00666056
Car -1 -1 -10 439.457 593.383 1250.057 1094.656 -1 -1 -1 -1000 -1000 -1000 -10 0.01028300
Car -1 -1 -10 297.722 1044.770 720.258 1200.000 -1 -1 -1 -1000 -1000 -1000 -10 0.00557029
Car -1 -1 -10 437.427 831.160 793.388 1197.944 -1 -1 -1 -1000 -1000 -1000 -10 0.00597730
Car -1 -1 -10 360.545 1101.091 621.317 1200.000 -1 -1 -1 -1000 -1000 -1000 -10 0.00241754
Car -1 -1 -10 1056.082 580.809 1105.484 633.544 -1 -1 -1 -1000 -1000 -1000 -10 0.00436999
Car -1 -1 -10 354.980 524.823 776.242 738.016 -1 -1 -1 -1000 -1000 -1000 -10 0.00403169
Car -1 -1 -10 435.650 1092.084 598.627 1186.968 -1 -1 -1 -1000 -1000 -1000 -10 0.00221616
Car -1 -1 -10 368.458 890.944 659.900 1200.000 -1 -1 -1 -1000 -1000 -1000 -10 0.00221399
Car -1 -1 -10 639.232 557.180 794.472 662.566 -1 -1 -1 -1000 -1000 -1000 -10 0.00378698
Car -1 -1 -10 509.687 855.764 1050.714 1198.269 -1 -1 -1 -1000 -1000 -1000 -10 0.00204701
Car -1 -1 -10 499.190 768.807 627.941 1200.000 -1 -1 -1 -1000 -1000 -1000 -10 0.00197815
Car -1 -1 -10 200.999 681.850 448.115 1198.257 -1 -1 -1 -1000 -1000 -1000 -10 0.00192776
Car -1 -1 -10 422.374 791.063 608.507 1200.000 -1 -1 -1 -1000 -1000 -1000 -10 0.00190305
Car -1 -1 -10 1029.949 574.954 1123.693 657.635 -1 -1 -1 -1000 -1000 -1000 -10 0.00188198
Car -1 -1 -10 1438.283 281.916 1906.769 799.884 -1 -1 -1 -1000 -1000 -1000 -10 0.00347773
Car -1 -1 -10 427.802 766.511 555.911 1200.000 -1 -1 -1 -1000 -1000 -1000 -10 0.00185174
Car -1 -1 -10 531.203 654.356 1016.205 1010.076 -1 -1 -1 -1000 -1000 -1000 -10 0.00180613
Car -1 -1 -10 582.291 944.406 931.141 1170.124 -1 -1 -1 -1000 -1000 -1000 -10 0.00357334
Car -1 -1 -10 453.398 1072.353 611.673 1162.497 -1 -1 -1 -1000 -1000 -1000 -10 0.00343987
Car -1 -1 -10 397.056 930.261 881.516 1189.799 -1 -1 -1 -1000 -1000 -1000 -10 0.00178720
Car -1 -1 -10 611.962 549.180 854.040 1024.968 -1 -1 -1 -1000 -1000 -1000 -10 0.00175502
Car -1 -1 -10 479.576 518.556 1127.547 913.731 -1 -1 -1 -1000 -1000 -1000 -10 0.00173582
Car -1 -1 -10 358.153 1048.512 786.913 1200.000 -1 -1 -1 -1000 -1000 -1000 -10 0.00294411
Car -1 -1 -10 860.283 543.896 1017.859 629.975 -1 -1 -1 -1000 -1000 -1000 -10 0.00167342
Car -1 -1 -10 331.506 979.604 886.508 1200.000 -1 -1 -1 -1000 -1000 -1000 -10 0.00166452
Car -1 -1 -10 530.588 842.186 689.862 1200.000 -1 -1 -1 -1000 -1000 -1000 -10 0.00165436
Car -1 -1 -10 311.003 1103.374 575.102 1200.000 -1 -1 -1 -1000 -1000 -1000 -10 0.00163415
Car -1 -1 -10 450.828 1104.448 703.568 1200.000 -1 -1 -1 -1000 -1000 -1000 -10 0.00163120
Car -1 -1 -10 1644.016 366.976 1920.000 759.482 -1 -1 -1 -1000 -1000 -1000 -10 0.00293657
Car -1 -1 -10 1021.040 567.475 1131.966 667.785 -1 -1 -1 -1000 -1000 -1000 -10 0.00149465
Car -1 -1 -10 470.692 781.566 656.435 1200.000 -1 -1 -1 -1000 -1000 -1000 -10 0.00144824
Car -1 -1 -10 470.308 1092.419 627.452 1185.859 -1 -1 -1 -1000 -1000 -1000 -10 0.00142534
Car -1 -1 -10 1511.000 473.549 1920.000 1031.555 -1 -1 -1 -1000 -1000 -1000 -10 0.00139592
Car -1 -1 -10 1626.742 534.672 1903.459 815.652 -1 -1 -1 -1000 -1000 -1000 -10 0.00137659
Car -1 -1 -10 633.949 754.729 966.302 1186.846 -1 -1 -1 -1000 -1000 -1000 -10 0.00137175
Car -1 -1 -10 647.565 804.297 1004.794 1200.000 -1 -1 -1 -1000 -1000 -1000 -10 0.00119563
