Car -1 -1 -10 565.590 531.689 1731.859 1186.648 -1 -1 -1 -1000 -1000 -1000 -10 0.01867355
Car -1 -1 -10 891.917 599.562 934.613 645.502 -1 -1 -1 -1000 -1000 -1000 -10 0.01318364
Car -1 -1 -10 87.935 520.717 1275.410 1193.428 -1 -1 -1 -1000 -1000 -1000 -10 0.01038964
Car -1 -1 -10 0.000 791.509 461.535 1196.618 -1 -1 -1 -1000 -1000 -1000 -10 0.00949372
Car -1 -1 -10 931.547 603.918 980.229 657.461 -1 -1 -1 -1000 -1000 -1000 -10 0.00432076
Car -1 -1 -10 455.635 800.163 1083.404 1197.462 -1 -1 -1 -1000 -1000 -1000 -10 0.00329779
Car -1 -1 -10 317.797 779.206 982.838 1200.000 -1 -1 -1 -1000 -1000 -1000 -10 0.00176996
Car -1 -1 -10 711.805 805.820 1050.046 1194.789 -1 -1 -1 -1000 -1000 -1000 -10 0.00176769
Car -1 -1 -10 315.936 771.882 1174.500 1185.131 -1 -1 -1 -1000 -1000 -1000 -10 0.00170017
Car -1 -1 -10 551.997 1033.448 984.126 1200.000 -1 -1 -1 -1000 -1000 -1000 -10 0.00596346
Car -1 -1 -10 626.354 854.012 922.790 1198.267 -1 -1 -1 -1000 -1000 -1000 -10 0.00464760
Car -1 -1 -10 333.089 933.728 956.622 1200.000 -1 -1 -1 -1000 -1000 -1000 -10 0.00153855
Car -1 -1 -10 854.641 1081.396 915.662 1200.000 -1 -1 -1 -1000 -1000 -1000 -10 0.00152695
Car -1 -1 -10 1096.157 517.443 1908.684 1199.650 -1 -1 -1 -1000 -1000 -1000 -10 0.00413950
Car -1 -1 -10 623.807 616.289 849.033 1183.673 -1 -1 -1 -1000 -1000 -1000 -10 0.00149907
Car -1 -1 -10 636.291 1085.322 949.606 1200.000 -1 -1 -1 -1000 -1000 -1000 -10 0.00149260
Car -1 -1 -10 926.678 597.018 975.645 646.196 -1 -1 -1 -1000 -1000 -1000 -10 0.00148150
Car -1 -1 -10 789.792 1084.660 849.043 1200.000 -1 -1 -1 -1000 -1000 -1000 -10 0.00287568
Car -1 -1 -10 789.232 651.156 963.468 1190.445 -1 -1 -1 -1000 -1000 -1000 -10 0.00147295
Car -1 -1 -10 1829.049 1107.755 1920.000 1200.000 -1 -1 -1 -1000 -1000 -1000 -10 0.00146700
Car -1 -1 -10 556.234 828.254 715.553 1200.000 -1 -1 -1 -1000 -1000 -1000 -10 0.00143488
Car -1 -1 -10 672.185 1103.221 844.912 1200.000 -1 -1 -1 -1000 -1000 -1000 -10 0.00416964
Car -1 -1 -10 468.898 814.540 801.798 1193.909 -1 -1 -1 -1000 -1000 -1000 -10 0.00141440
Car -1 -1 -10 857.445 1125.887 923.080 1200.000 -1 -1 -1 -1000 -1000 -1000 -10 0.00141380
Car -1 -1 -10 1520.673 1157.766 1556.675 1200.000 -1 -1 -1 -1000 -1000 -1000 -10 0.00139950
Car -1 -1 -10 640.364 934.108 871.222 1200.000 -1 -1 -1 -1000 -1000 -1000 -10 0.00137413
Car -1 -1 -10 511.927 645.231 775.356 1200.000 -1 -1 -1 -1000 -1000 -1000 -10 0.00136589
Car -1 -1 -10 690.676 756.888 819.306 1200.000 -1 -1 -1 -1000 -1000 -1000 -10 0.00136037
Car -1 -1 -10 671.549 681.865 839.012 1200.000 -1 -1 -1 -1000 -1000 -1000 -10 0.00136028
Car -1 -1 -10 311.095 1033.619 747.331 1200.000 -1 -1 -1 -1000 -1000 -1000 -10 0.00135718
Car -1 -1 -10 769.066 723.472 984.531 1194.880 -1 -1 -1 -1000 -1000 -1000 -10 0.00133075
Car -1 -1 -10 1400.417 810.155 1738.711 1196.497 -1 -1 -1 -1000 -1000 -1000 -10 0.00133047
Car -1 -1 -10 1382.376 625.012 1908.765 1200.000 -1 -1 -1 -1000 -1000 -1000 -10 0.00131098
Car -1 -1 -10 530.045 684.140 697.441 1200.000 -1 -1 -1 -1000 -1000 -1000 -10 0.00130080
Car -1 -1 -10 585.719 825.997 924.519 1044.293 -1 -1 -1 -1000 -1000 -1000 -10 0.00129798
Car -1 -1 -10 677.074 853.886 844.223 1022.020 -1 -1 -1 -1000 -1000 -1000 -10 0.00129432
Car -1 -1 -10 791.542 1126.854 857.938 1200.000 -1 -1 -1 -1000 -1000 -1000 -10 0.00128920
Car -1 -1 -10 800.196 1156.375 838.112 1200.000 -1 -1 -1 -1000 -1000 -1000 -10 0.00128892
Car -1 -1 -10 146.091 1065.130 540.579 1200.000 -1 -1 -1 -1000 -1000 -1000 -10 0.00128826
Car -1 -1 -10 1579.579 785.984 1920.000 1200.000 -1 -1 -1 -1000 -1000 -1000 -10 0.00128591
Car -1 -1 -10 261.827 641.837 435.374 1188.886 -1 -1 -1 -1000 -1000 -1000 -10 0.00128274
Car -1 -1 -10 381.126 1039.234 815.190 1200.000 -1 -1 -1 -1000 -1000 -1000 -10 0.00250843
Car -1 -1 -10 717.104 754.832 844.908 1200.000 -1 -1 -1 -1000 -1000 -1000 -10 0.00127354
Car -1 -1 -10 764.641 1080.754 825.576 1200.000 -1 -1 -1 -1000 -1000 -1000 -10 0.00127137
Car -1 -1 -10 1870.644 1104.529 1920.000 1200.000 -1 -1 -1 -1000 -1000 -1000 -10 0.00126822
Car -1 -1 -10 508.398 1055.681 723.419 1195.865 -1 -1 -1 -1000 -1000 -1000 -10 0.00126639
Car -1 -1 -10 1454.526 812.467 1920.000 1200.000 -1 -1 -1 -1000 -1000 -1000 -10 0.00126557
Car -1 -1 -10 682.683 712.102 793.946 1152.241 -1 -1 -1 -1000 -1000 -1000 -10 0.00124652
Car -1 -1 -10 680.837 544.222 900.839 1195.833 -1 -1 -1 -1000 -1000 -1000 -10 0.00124499
Car -1 -1 -10 1648.357 994.405 1920.000 1200.000 -1 -1 -1 -1000 -1000 -1000 -10 0.00238288
Car -1 -1 -10 1224.188 766.525 1886.458 1200.000 -1 -1 -1 -1000 -1000 -1000 -10 0.00122181
Car -1 -1 -10 598.616 1119.755 679.003 1200.000 -1 -1 -1 -1000 -1000 -1000 -10 0.00121970
Car -1 -1 -10 740.784 646.742 914.787 1188.806 -1 -1 -1 -1000 -1000 -1000 -10 0.00121877
Car -1 -1 -10 504.485 771.420 1340.560 1187.678 -1 -1 -1 -1000 -1000 -1000 -10 0.00121877
Car -1 -1 -10 519.463 1101.730 759.595 1200.000 -1 -1 -1 -1000 -1000 -1000 -10 0.00121295
Car -1 -1 -10 718.463 1086.410 1033.289 1200.000 -1 -1 -1 -1000 -1000 -1000 -10 0.00120330
Car -1 -1 -10 740.125 748.724 866.908 1200.000 -1 -1 -1 -1000 -1000 -1000 -10 0.00119784
Car -1 -1 -10 824.881 1081.425 885.479 1200.000 -1 -1 -1 -1000 -1000 -1000 -10 0.00119386
Car -1 -1 -10 736.664 1088.475 795.403 1200.000 -1 -1 -1 -1000 -1000 -1000 -10 0.00116900
Car -1 -1 -10 566.219 518.350 928.532 1200.000 -1 -1 -1 -1000 -1000 -1000 -10 0.00116703
Car -1 -1 -10 720.065 1075.738 851.889 1200.000 -1 -1 -1 -1000 -1000 -1000 -10 0.00116116
Car -1 -1 -10 460.151 830.648 619.604 1200.000 -1 -1 -1 -1000 -1000 -1000 -10 0.00115883
Car -1 -1 -10 854.249 608.212 901.308 655.577 -1 -1 -1 -1000 -1000 -1000 -10 0.00114933
Car -1 -1 -10 66.455 574.329 196.233 1200.000 -1 -1 -1 -1000 -1000 -1000 -10 0.00114666
Car -1 -1 -10 762.168 1104.961 1011.606 1200.000 -1 -1 -1 -1000 -1000 -1000 -10 0.00112523
Car -1 -1 -10 669.182 751.627 796.322 1200.000 -1 -1 -1 -1000 -1000 -1000 -10 0.00111779
Car -1 -1 -10 765.423 746.995 892.387 1200.000 -1 -1 -1 -1000 -1000 -1000 -10 0.00111478
