Car -1 -1 -10 626.131 550.801 887.629 822.722 -1 -1 -1 -1000 -1000 -1000 -10 0.99914491
Car -1 -1 -10 338.969 389.731 725.547 1143.099 -1 -1 -1 -1000 -1000 -1000 -10 0.13949435
Car -1 -1 -10 1590.763 556.863 1906.673 698.806 -1 -1 -1 -1000 -1000 -1000 -10 0.18152243
Car -1 -1 -10 1707.310 547.293 1920.000 676.392 -1 -1 -1 -1000 -1000 -1000 -10 0.16244882
Car -1 -1 -10 1582.872 571.721 1821.556 689.325 -1 -1 -1 -1000 -1000 -1000 -10 0.01659766
Car -1 -1 -10 1601.711 584.281 1780.979 686.497 -1 -1 -1 -1000 -1000 -1000 -10 0.02910710
Car -1 -1 -10 29.456 211.522 753.714 1197.549 -1 -1 -1 -1000 -1000 -1000 -10 0.02346117
Car -1 -1 -10 0.000 459.599 863.390 1182.023 -1 -1 -1 -1000 -1000 -1000 -10 0.02120279
Car -1 -1 -10 935.362 599.286 999.649 659.277 -1 -1 -1 -1000 -1000 -1000 -10 0.01062814
Car -1 -1 -10 596.403 556.081 1701.619 1195.855 -1 -1 -1 -1000 -1000 -1000 -10 0.01105642
Car -1 -1 -10 0.000 684.484 687.300 1182.353 -1 -1 -1 -1000 -1000 -1000 -10 0.00531916
Car -1 -1 -10 0.000 835.277 626.667 1197.751 -1 -1 -1 -1000 -1000 -1000 -10 0.00729457
Car -1 -1 -10 0.000 889.622 520.179 1194.335 -1 -1 -1 -1000 -1000 -1000 -10 0.00409394
Car -1 -1 -10 0.000 558.099 508.824 1200.000 -1 -1 -1 -1000 -1000 -1000 -10 0.00803558
