Car -1 -1 -10 329.368 580.933 569.016 742.535 -1 -1 -1 -1000 -1000 -1000 -10 0.99932991
Car -1 -1 -10 1419.015 569.057 1619.387 688.271 -1 -1 -1 -1000 -1000 -1000 -10 0.99796279
Car -1 -1 -10 1286.023 581.974 1436.459 680.383 -1 -1 -1 -1000 -1000 -1000 -10 0.99733016
Car -1 -1 -10 0.000 614.180 154.210 715.409 -1 -1 -1 -1000 -1000 -1000 -10 0.97281966
Car -1 -1 -10 629.489 610.325 720.797 674.680 -1 -1 -1 -1000 -1000 -1000 -10 0.84703340
Car -1 -1 -10 758.169 602.693 867.002 687.960 -1 -1 -1 -1000 -1000 -1000 -10 0.53995962
Car -1 -1 -10 120.151 601.121 284.215 688.937 -1 -1 -1 -1000 -1000 -1000 -10 0.53744444
Car -1 -1 -10 233.822 590.451 385.599 675.679 -1 -1 -1 -1000 -1000 -1000 -10 0.39668521
Car -1 -1 -10 2.193 618.627 539.755 1198.878 -1 -1 -1 -1000 -1000 -1000 -10 0.17598123
Car -1 -1 -10 705.407 602.752 760.868 658.039 -1 -1 -1 -1000 -1000 -1000 -10 0.09837944
Car -1 -1 -10 802.086 605.324 876.303 683.083 -1 -1 -1 -1000 -1000 -1000 -10 0.01313649
Car -1 -1 -10 1621.087 568.582 1727.078 641.960 -1 -1 -1 -1000 -1000 -1000 -10 0.01086855
