Car -1 -1 -10 1.059 991.521 455.447 1200.000 -1 -1 -1 -1000 -1000 -1000 -10 0.00687558
Car -1 -1 -10 0.000 850.942 334.711 1199.516 -1 -1 -1 -1000 -1000 -1000 -10 0.00325315
Car -1 -1 -10 0.000 865.798 219.947 1194.898 -1 -1 -1 -1000 -1000 -1000 -10 0.00268091
Car -1 -1 -10 3.967 1082.209 254.734 1200.000 -1 -1 -1 -1000 -1000 -1000 -10 0.00137771
Car -1 -1 -10 8.853 1106.036 201.471 1200.000 -1 -1 -1 -1000 -1000 -1000 -10 0.00362388
Car -1 -1 -10 12.720 718.161 480.341 1200.000 -1 -1 -1 -1000 -1000 -1000 -10 0.00216129
Car -1 -1 -10 75.751 858.542 233.834 1200.000 -1 -1 -1 -1000 -1000 -1000 -10 0.00129450
Car -1 -1 -10 0.000 807.504 583.225 1200.000 -1 -1 -1 -1000 -1000 -1000 -10 0.00128102
Car -1 -1 -10 92.819 823.217 267.468 1200.000 -1 -1 -1 -1000 -1000 -1000 -10 0.00348590
Car -1 -1 -10 12.510 884.967 628.570 1200.000 -1 -1 -1 -1000 -1000 -1000 -10 0.00120432
Car -1 -1 -10 45.287 784.031 170.053 1200.000 -1 -1 -1 -1000 -1000 -1000 -10 0.00118774
Car -1 -1 -10 2.043 530.331 1019.322 1188.819 -1 -1 -1 -1000 -1000 -1000 -10 0.00306820
Car -1 -1 -10 1574.554 568.185 1920.000 1200.000 -1 -1 -1 -1000 -1000 -1000 -10 0.00111614
Car -1 -1 -10 140.666 773.037 266.354 1200.000 -1 -1 -1 -1000 -1000 -1000 -10 0.00109832
Car -1 -1 -10 0.000 573.808 362.784 1200.000 -1 -1 -1 -1000 -1000 -1000 -10 0.00107219
Car -1 -1 -10 1808.711 514.750 1920.000 621.636 -1 -1 -1 -1000 -1000 -1000 -10 0.00199333
Car -1 -1 -10 1470.870 806.342 1920.000 1200.000 -1 -1 -1 -1000 -1000 -1000 -10 0.00273829
Car -1 -1 -10 0.000 948.599 194.123 1200.000 -1 -1 -1 -1000 -1000 -1000 -10 0.00101339
Car -1 -1 -10 178.221 795.527 362.890 1199.344 -1 -1 -1 -1000 -1000 -1000 -10 0.00376041
Car -1 -1 -10 1833.724 473.695 1920.000 643.775 -1 -1 -1 -1000 -1000 -1000 -10 0.00096561
Car -1 -1 -10 1618.369 692.303 1907.107 1053.195 -1 -1 -1 -1000 -1000 -1000 -10 0.00095559
Car -1 -1 -10 279.119 848.864 804.175 1185.724 -1 -1 -1 -1000 -1000 -1000 -10 0.00094391
Car -1 -1 -10 23.696 400.131 304.585 1200.000 -1 -1 -1 -1000 -1000 -1000 -10 0.00183991
Car -1 -1 -10 1551.190 0.469 1771.623 219.186 -1 -1 -1 -1000 -1000 -1000 -10 0.00092211
Car -1 -1 -10 100.257 673.589 931.078 1185.885 -1 -1 -1 -1000 -1000 -1000 -10 0.00091903
Car -1 -1 -10 889.805 1159.146 926.030 1200.000 -1 -1 -1 -1000 -1000 -1000 -10 0.00090312
Car -1 -1 -10 0.000 1104.028 143.712 1200.000 -1 -1 -1 -1000 -1000 -1000 -10 0.00089442
Car -1 -1 -10 265.465 669.628 431.169 1185.759 -1 -1 -1 -1000 -1000 -1000 -10 0.00089402
Car -1 -1 -10 1621.688 0.000 1726.479 121.415 -1 -1 -1 -1000 -1000 -1000 -10 0.00088991
Car -1 -1 -10 906.604 660.288 1087.670 1196.944 -1 -1 -1 -1000 -1000 -1000 -10 0.00087575
Car -1 -1 -10 18.013 1020.441 113.857 1200.000 -1 -1 -1 -1000 -1000 -1000 -10 0.00087308
Car -1 -1 -10 86.513 804.667 704.453 1182.232 -1 -1 -1 -1000 -1000 -1000 -10 0.00085992
Car -1 -1 -10 142.882 919.014 845.094 1200.000 -1 -1 -1 -1000 -1000 -1000 -10 0.00085628
Car -1 -1 -10 64.967 1016.959 162.293 1200.000 -1 -1 -1 -1000 -1000 -1000 -10 0.00085469
Car -1 -1 -10 1714.114 491.451 1909.753 632.562 -1 -1 -1 -1000 -1000 -1000 -10 0.00085190
Car -1 -1 -10 0.000 1108.758 91.023 1200.000 -1 -1 -1 -1000 -1000 -1000 -10 0.00083354
Car -1 -1 -10 700.124 729.777 1339.429 1161.046 -1 -1 -1 -1000 -1000 -1000 -10 0.00082755
Car -1 -1 -10 59.077 1106.874 324.010 1200.000 -1 -1 -1 -1000 -1000 -1000 -10 0.00082723
Car -1 -1 -10 1517.212 0.000 1822.863 176.591 -1 -1 -1 -1000 -1000 -1000 -10 0.00082506
Car -1 -1 -10 38.561 1086.531 97.797 1200.000 -1 -1 -1 -1000 -1000 -1000 -10 0.00080891
Car -1 -1 -10 1.236 1075.281 132.306 1200.000 -1 -1 -1 -1000 -1000 -1000 -10 0.00079915
Car -1 -1 -10 369.135 837.215 712.849 1200.000 -1 -1 -1 -1000 -1000 -1000 -10 0.00078773
Car -1 -1 -10 0.000 1105.485 48.951 1200.000 -1 -1 -1 -1000 -1000 -1000 -10 0.00078453
Car -1 -1 -10 69.931 778.319 195.110 1200.000 -1 -1 -1 -1000 -1000 -1000 -10 0.00077989
Car -1 -1 -10 114.104 947.413 341.553 1200.000 -1 -1 -1 -1000 -1000 -1000 -10 0.00077112
Car -1 -1 -10 205.651 1107.353 466.885 1200.000 -1 -1 -1 -1000 -1000 -1000 -10 0.00076333
Car -1 -1 -10 286.116 756.309 410.327 1200.000 -1 -1 -1 -1000 -1000 -1000 -10 0.00076311
