Car -1 -1 -10 1082.142 561.488 1234.913 670.555 -1 -1 -1 -1000 -1000 -1000 -10 0.99998000
Car -1 -1 -10 0.000 564.404 1207.788 1186.704 -1 -1 -1 -1000 -1000 -1000 -10 0.15045992
Car -1 -1 -10 0.000 575.457 898.190 1190.529 -1 -1 -1 -1000 -1000 -1000 -10 0.08765426
Car -1 -1 -10 937.026 1067.981 1276.700 1199.620 -1 -1 -1 -1000 -1000 -1000 -10 0.02416085
Car -1 -1 -10 5.992 742.637 776.082 1189.471 -1 -1 -1 -1000 -1000 -1000 -10 0.01203591
Car -1 -1 -10 4.085 679.151 621.737 1184.821 -1 -1 -1 -1000 -1000 -1000 -10 0.01566473
Car -1 -1 -10 820.092 1084.641 877.237 1200.000 -1 -1 -1 -1000 -1000 -1000 -10 0.01057936
Car -1 -1 -10 792.130 994.937 1336.240 1197.883 -1 -1 -1 -1000 -1000 -1000 -10 0.00613919
Car -1 -1 -10 0.000 605.089 493.503 1176.792 -1 -1 -1 -1000 -1000 -1000 -10 0.00607113
Car -1 -1 -10 829.908 1119.004 868.549 1200.000 -1 -1 -1 -1000 -1000 -1000 -10 0.00561212
Car -1 -1 -10 829.994 1154.509 867.003 1200.000 -1 -1 -1 -1000 -1000 -1000 -10 0.00453871
Car -1 -1 -10 1009.949 1086.140 1181.198 1190.176 -1 -1 -1 -1000 -1000 -1000 -10 0.00444283
Car -1 -1 -10 0.000 563.686 383.872 1200.000 -1 -1 -1 -1000 -1000 -1000 -10 0.00441433
Car -1 -1 -10 985.467 1097.398 1162.539 1200.000 -1 -1 -1 -1000 -1000 -1000 -10 0.00440978
Car -1 -1 -10 591.952 1061.077 882.285 1191.439 -1 -1 -1 -1000 -1000 -1000 -10 0.00410296
Car -1 -1 -10 934.827 902.595 1251.652 1194.327 -1 -1 -1 -1000 -1000 -1000 -10 0.00726111
Car -1 -1 -10 706.701 1001.846 1221.062 1200.000 -1 -1 -1 -1000 -1000 -1000 -10 0.00736361
Car -1 -1 -10 813.216 1015.276 1128.689 1200.000 -1 -1 -1 -1000 -1000 -1000 -10 0.00387177
Car -1 -1 -10 813.533 1057.141 1066.285 1200.000 -1 -1 -1 -1000 -1000 -1000 -10 0.00756940
Car -1 -1 -10 826.462 903.440 1115.878 1200.000 -1 -1 -1 -1000 -1000 -1000 -10 0.00361073
Car -1 -1 -10 987.594 1099.228 1248.828 1200.000 -1 -1 -1 -1000 -1000 -1000 -10 0.00357866
Car -1 -1 -10 1039.884 1019.772 1131.863 1200.000 -1 -1 -1 -1000 -1000 -1000 -10 0.00343227
Car -1 -1 -10 600.721 1080.122 918.835 1200.000 -1 -1 -1 -1000 -1000 -1000 -10 0.00327187
Car -1 -1 -10 898.165 1036.625 1346.223 1200.000 -1 -1 -1 -1000 -1000 -1000 -10 0.00304650
Car -1 -1 -10 334.744 777.449 1017.488 1200.000 -1 -1 -1 -1000 -1000 -1000 -10 0.00301306
Car -1 -1 -10 684.419 1099.438 861.940 1200.000 -1 -1 -1 -1000 -1000 -1000 -10 0.00299339
Car -1 -1 -10 800.288 1075.118 1119.462 1200.000 -1 -1 -1 -1000 -1000 -1000 -10 0.00292582
Car -1 -1 -10 711.183 900.990 1229.651 1200.000 -1 -1 -1 -1000 -1000 -1000 -10 0.00286386
