Car -1 -1 -10 1089.960 556.575 1185.395 640.672 -1 -1 -1 -1000 -1000 -1000 -10 0.99997547
Car -1 -1 -10 913.469 553.462 1002.398 639.537 -1 -1 -1 -1000 -1000 -1000 -10 0.99775180
Car -1 -1 -10 544.384 559.432 645.752 647.972 -1 -1 -1 -1000 -1000 -1000 -10 0.00605626
Car -1 -1 -10 912.364 554.866 956.944 630.240 -1 -1 -1 -1000 -1000 -1000 -10 0.00460370
Car -1 -1 -10 0.000 813.617 462.350 1196.830 -1 -1 -1 -1000 -1000 -1000 -10 0.00614012
Car -1 -1 -10 312.764 781.826 926.834 1194.106 -1 -1 -1 -1000 -1000 -1000 -10 0.00318757
Car -1 -1 -10 192.751 780.608 799.914 1186.975 -1 -1 -1 -1000 -1000 -1000 -10 0.00175350
Car -1 -1 -10 396.932 655.768 585.673 1185.613 -1 -1 -1 -1000 -1000 -1000 -10 0.00157457
Car -1 -1 -10 516.253 653.596 708.264 1187.994 -1 -1 -1 -1000 -1000 -1000 -10 0.00139073
Car -1 -1 -10 434.343 756.088 1043.062 1169.683 -1 -1 -1 -1000 -1000 -1000 -10 0.00136372
Car -1 -1 -10 82.030 661.556 276.015 1186.832 -1 -1 -1 -1000 -1000 -1000 -10 0.00133228
Car -1 -1 -10 632.320 829.848 905.837 997.901 -1 -1 -1 -1000 -1000 -1000 -10 0.00234609
Car -1 -1 -10 239.645 638.113 406.994 1200.000 -1 -1 -1 -1000 -1000 -1000 -10 0.00124999
Car -1 -1 -10 355.200 630.336 539.258 1191.182 -1 -1 -1 -1000 -1000 -1000 -10 0.00122080
Car -1 -1 -10 568.039 787.668 1168.815 1190.470 -1 -1 -1 -1000 -1000 -1000 -10 0.00118456
Car -1 -1 -10 467.370 650.016 659.831 1186.821 -1 -1 -1 -1000 -1000 -1000 -10 0.00117983
Car -1 -1 -10 777.045 831.566 1008.389 1039.760 -1 -1 -1 -1000 -1000 -1000 -10 0.00115012
Car -1 -1 -10 154.670 650.399 350.315 1190.268 -1 -1 -1 -1000 -1000 -1000 -10 0.00114964
Car -1 -1 -10 660.661 650.136 851.871 1185.868 -1 -1 -1 -1000 -1000 -1000 -10 0.00113919
Car -1 -1 -10 781.832 663.829 971.568 1189.961 -1 -1 -1 -1000 -1000 -1000 -10 0.00112862
Car -1 -1 -10 323.561 619.225 512.788 1193.219 -1 -1 -1 -1000 -1000 -1000 -10 0.00112130
Car -1 -1 -10 937.236 546.474 965.398 649.568 -1 -1 -1 -1000 -1000 -1000 -10 0.00109231
Car -1 -1 -10 220.790 744.880 664.612 1180.789 -1 -1 -1 -1000 -1000 -1000 -10 0.00109012
Car -1 -1 -10 458.825 770.543 810.200 1083.249 -1 -1 -1 -1000 -1000 -1000 -10 0.00105398
Car -1 -1 -10 303.753 786.126 696.960 1159.623 -1 -1 -1 -1000 -1000 -1000 -10 0.00102047
Car -1 -1 -10 799.183 886.487 959.396 991.449 -1 -1 -1 -1000 -1000 -1000 -10 0.00102033
Car -1 -1 -10 150.045 576.345 304.634 1198.056 -1 -1 -1 -1000 -1000 -1000 -10 0.00099575
Car -1 -1 -10 438.081 587.219 591.102 1196.502 -1 -1 -1 -1000 -1000 -1000 -10 0.00098156
Car -1 -1 -10 393.577 853.548 847.223 1099.159 -1 -1 -1 -1000 -1000 -1000 -10 0.00096930
Car -1 -1 -10 536.820 591.238 689.130 1200.000 -1 -1 -1 -1000 -1000 -1000 -10 0.00095298
Car -1 -1 -10 161.931 782.508 542.928 1161.952 -1 -1 -1 -1000 -1000 -1000 -10 0.00088411
Car -1 -1 -10 417.432 513.525 780.847 1200.000 -1 -1 -1 -1000 -1000 -1000 -10 0.00087571
Car -1 -1 -10 559.053 636.091 827.620 1200.000 -1 -1 -1 -1000 -1000 -1000 -10 0.00084614
Car -1 -1 -10 762.402 851.034 1043.621 1023.449 -1 -1 -1 -1000 -1000 -1000 -10 0.00080879
Car -1 -1 -10 487.667 928.825 1093.073 1200.000 -1 -1 -1 -1000 -1000 -1000 -10 0.00079146
Car -1 -1 -10 929.954 510.379 976.792 671.548 -1 -1 -1 -1000 -1000 -1000 -10 0.00077967
Car -1 -1 -10 610.891 510.519 970.373 1200.000 -1 -1 -1 -1000 -1000 -1000 -10 0.00076391
