Car -1 -1 -10 895.653 595.663 978.425 666.498 -1 -1 -1 -1000 -1000 -1000 -10 0.99905026
Car -1 -1 -10 991.738 517.881 1289.242 743.855 -1 -1 -1 -1000 -1000 -1000 -10 0.99303146
Car -1 -1 -10 1764.982 543.125 1912.647 635.260 -1 -1 -1 -1000 -1000 -1000 -10 0.02282257
Car -1 -1 -10 1595.331 618.844 1751.938 712.147 -1 -1 -1 -1000 -1000 -1000 -10 0.00866380
Car -1 -1 -10 962.943 585.017 1034.978 653.509 -1 -1 -1 -1000 -1000 -1000 -10 0.00540120
Car -1 -1 -10 0.000 611.468 513.080 1198.935 -1 -1 -1 -1000 -1000 -1000 -10 0.00273221
Car -1 -1 -10 0.000 793.546 451.981 1196.228 -1 -1 -1 -1000 -1000 -1000 -10 0.00678183
Car -1 -1 -10 1030.271 528.382 1164.363 650.358 -1 -1 -1 -1000 -1000 -1000 -10 0.00216791
Car -1 -1 -10 1107.837 529.157 1242.618 654.113 -1 -1 -1 -1000 -1000 -1000 -10 0.00288935
Car -1 -1 -10 1053.597 511.821 1209.488 617.273 -1 -1 -1 -1000 -1000 -1000 -10 0.00162440
Car -1 -1 -10 998.631 518.056 1207.965 663.218 -1 -1 -1 -1000 -1000 -1000 -10 0.00154213
Car -1 -1 -10 1124.036 546.941 1303.332 717.437 -1 -1 -1 -1000 -1000 -1000 -10 0.00263767
Car -1 -1 -10 28.252 619.352 209.016 1189.247 -1 -1 -1 -1000 -1000 -1000 -10 0.00249292
Car -1 -1 -10 790.679 584.465 845.511 637.458 -1 -1 -1 -1000 -1000 -1000 -10 0.00122309
Car -1 -1 -10 986.677 582.322 1023.824 638.723 -1 -1 -1 -1000 -1000 -1000 -10 0.00114850
Car -1 -1 -10 981.951 549.442 1153.806 721.433 -1 -1 -1 -1000 -1000 -1000 -10 0.00222672
Car -1 -1 -10 979.155 563.668 1079.740 672.419 -1 -1 -1 -1000 -1000 -1000 -10 0.00110773
Car -1 -1 -10 1785.884 543.521 1868.517 617.388 -1 -1 -1 -1000 -1000 -1000 -10 0.00102192
