Car -1 -1 -10 0.000 518.279 906.598 1194.124 -1 -1 -1 -1000 -1000 -1000 -10 0.01251433
Car -1 -1 -10 976.506 617.763 1020.420 689.800 -1 -1 -1 -1000 -1000 -1000 -10 0.00347911
Car -1 -1 -10 961.862 615.971 1028.591 687.839 -1 -1 -1 -1000 -1000 -1000 -10 0.00316202
Car -1 -1 -10 785.377 0.000 1465.919 276.843 -1 -1 -1 -1000 -1000 -1000 -10 0.00529065
Car -1 -1 -10 879.223 8.685 1208.734 340.086 -1 -1 -1 -1000 -1000 -1000 -10 0.00269455
Car -1 -1 -10 0.000 796.920 463.507 1198.670 -1 -1 -1 -1000 -1000 -1000 -10 0.00859312
Car -1 -1 -10 1015.746 7.296 1287.464 387.857 -1 -1 -1 -1000 -1000 -1000 -10 0.00500207
Car -1 -1 -10 923.015 0.781 1377.457 306.308 -1 -1 -1 -1000 -1000 -1000 -10 0.00437092
Car -1 -1 -10 891.382 15.512 1197.232 441.878 -1 -1 -1 -1000 -1000 -1000 -10 0.00396386
Car -1 -1 -10 979.488 30.762 1154.843 508.883 -1 -1 -1 -1000 -1000 -1000 -10 0.00392853
Car -1 -1 -10 877.809 0.000 1374.593 522.654 -1 -1 -1 -1000 -1000 -1000 -10 0.00354699
Car -1 -1 -10 690.916 0.000 1285.760 364.845 -1 -1 -1 -1000 -1000 -1000 -10 0.00202627
Car -1 -1 -10 759.819 41.981 1179.907 299.099 -1 -1 -1 -1000 -1000 -1000 -10 0.00197853
Car -1 -1 -10 629.457 0.000 1492.672 319.170 -1 -1 -1 -1000 -1000 -1000 -10 0.00191969
Car -1 -1 -10 902.623 38.256 1089.256 556.690 -1 -1 -1 -1000 -1000 -1000 -10 0.00191348
Car -1 -1 -10 966.437 50.205 1118.132 634.567 -1 -1 -1 -1000 -1000 -1000 -10 0.00187049
Car -1 -1 -10 1411.470 539.145 1920.000 899.499 -1 -1 -1 -1000 -1000 -1000 -10 0.00184075
Car -1 -1 -10 852.277 11.306 1091.590 393.768 -1 -1 -1 -1000 -1000 -1000 -10 0.00175225
Car -1 -1 -10 248.927 1085.002 569.362 1200.000 -1 -1 -1 -1000 -1000 -1000 -10 0.00175085
Car -1 -1 -10 935.712 68.864 1217.620 253.838 -1 -1 -1 -1000 -1000 -1000 -10 0.00168862
Car -1 -1 -10 895.955 34.348 1049.165 631.343 -1 -1 -1 -1000 -1000 -1000 -10 0.00167111
Car -1 -1 -10 466.926 510.012 1662.673 1195.186 -1 -1 -1 -1000 -1000 -1000 -10 0.00309298
Car -1 -1 -10 319.831 1103.232 569.737 1200.000 -1 -1 -1 -1000 -1000 -1000 -10 0.00305170
Car -1 -1 -10 994.448 60.203 1145.262 590.978 -1 -1 -1 -1000 -1000 -1000 -10 0.00151451
Car -1 -1 -10 1059.624 55.858 1221.380 616.351 -1 -1 -1 -1000 -1000 -1000 -10 0.00291581
Car -1 -1 -10 780.524 9.989 1201.977 253.885 -1 -1 -1 -1000 -1000 -1000 -10 0.00143799
Car -1 -1 -10 132.231 760.476 792.860 1200.000 -1 -1 -1 -1000 -1000 -1000 -10 0.00142847
Car -1 -1 -10 235.939 1037.712 677.905 1200.000 -1 -1 -1 -1000 -1000 -1000 -10 0.00141897
Car -1 -1 -10 188.528 1106.000 439.619 1200.000 -1 -1 -1 -1000 -1000 -1000 -10 0.00137500
Car -1 -1 -10 923.332 59.994 1072.660 592.764 -1 -1 -1 -1000 -1000 -1000 -10 0.00136159
