Car -1 -1 -10 721.727 604.627 868.097 683.705 -1 -1 -1 -1000 -1000 -1000 -10 0.52661187
Car -1 -1 -10 0.000 549.418 868.090 1187.905 -1 -1 -1 -1000 -1000 -1000 -10 0.04352738
Car -1 -1 -10 4.718 708.184 589.591 1187.046 -1 -1 -1 -1000 -1000 -1000 -10 0.01295566
Car -1 -1 -10 723.481 622.088 812.039 687.441 -1 -1 -1 -1000 -1000 -1000 -10 0.00615954
Car -1 -1 -10 0.000 792.470 477.842 1200.000 -1 -1 -1 -1000 -1000 -1000 -10 0.00358055
Car -1 -1 -10 784.079 610.398 867.331 674.172 -1 -1 -1 -1000 -1000 -1000 -10 0.00545057
Car -1 -1 -10 207.628 797.262 882.039 1200.000 -1 -1 -1 -1000 -1000 -1000 -10 0.00594151
Car -1 -1 -10 72.921 317.926 456.597 1196.911 -1 -1 -1 -1000 -1000 -1000 -10 0.00464702
Car -1 -1 -10 0.000 513.273 371.606 1200.000 -1 -1 -1 -1000 -1000 -1000 -10 0.00218046
Car -1 -1 -10 33.113 344.596 398.037 1200.000 -1 -1 -1 -1000 -1000 -1000 -10 0.00203838
Car -1 -1 -10 250.090 609.391 447.266 1191.196 -1 -1 -1 -1000 -1000 -1000 -10 0.00187562
Car -1 -1 -10 0.000 1106.790 125.576 1200.000 -1 -1 -1 -1000 -1000 -1000 -10 0.00342199
Car -1 -1 -10 641.806 613.869 771.806 1192.748 -1 -1 -1 -1000 -1000 -1000 -10 0.00170170
Car -1 -1 -10 713.602 601.528 843.674 1188.756 -1 -1 -1 -1000 -1000 -1000 -10 0.00153068
Car -1 -1 -10 0.000 999.234 272.138 1200.000 -1 -1 -1 -1000 -1000 -1000 -10 0.00293054
Car -1 -1 -10 0.207 1155.905 32.072 1200.000 -1 -1 -1 -1000 -1000 -1000 -10 0.00145479
