Car -1 -1 -10 912.129 567.687 1016.582 642.229 -1 -1 -1 -1000 -1000 -1000 -10 0.17692894
Car -1 -1 -10 25.572 540.053 1244.840 1199.838 -1 -1 -1 -1000 -1000 -1000 -10 0.03901785
Car -1 -1 -10 743.895 520.011 1920.000 1198.047 -1 -1 -1 -1000 -1000 -1000 -10 0.03771248
Car -1 -1 -10 1187.821 771.222 1920.000 1198.100 -1 -1 -1 -1000 -1000 -1000 -10 0.01799995
Car -1 -1 -10 31.208 808.280 910.407 1195.390 -1 -1 -1 -1000 -1000 -1000 -10 0.01770086
Car -1 -1 -10 302.177 774.011 1200.978 1192.153 -1 -1 -1 -1000 -1000 -1000 -10 0.01815441
Car -1 -1 -10 909.028 774.310 1850.392 1193.508 -1 -1 -1 -1000 -1000 -1000 -10 0.00685314
Car -1 -1 -10 938.823 724.273 1693.014 1200.000 -1 -1 -1 -1000 -1000 -1000 -10 0.00640153
Car -1 -1 -10 0.000 511.144 142.649 711.622 -1 -1 -1 -1000 -1000 -1000 -10 0.00876793
Car -1 -1 -10 85.397 725.937 807.927 1200.000 -1 -1 -1 -1000 -1000 -1000 -10 0.00484181
Car -1 -1 -10 602.032 746.469 1527.380 1197.796 -1 -1 -1 -1000 -1000 -1000 -10 0.00434091
Car -1 -1 -10 0.000 813.912 551.586 1196.564 -1 -1 -1 -1000 -1000 -1000 -10 0.00420634
Car -1 -1 -10 0.000 679.749 481.976 1198.959 -1 -1 -1 -1000 -1000 -1000 -10 0.00787182
Car -1 -1 -10 763.532 772.958 1671.633 1193.869 -1 -1 -1 -1000 -1000 -1000 -10 0.00345653
