Car -1 -1 -10 1148.698 546.674 1294.524 665.444 -1 -1 -1 -1000 -1000 -1000 -10 0.99997720
Car -1 -1 -10 914.549 556.181 1004.305 636.473 -1 -1 -1 -1000 -1000 -1000 -10 0.98788321
Car -1 -1 -10 339.580 550.429 525.649 669.924 -1 -1 -1 -1000 -1000 -1000 -10 0.83899349
Car -1 -1 -10 836.217 560.532 887.666 609.515 -1 -1 -1 -1000 -1000 -1000 -10 0.13059293
Car -1 -1 -10 0.000 773.805 604.687 1200.000 -1 -1 -1 -1000 -1000 -1000 -10 0.01017586
Car -1 -1 -10 395.894 808.288 1037.928 1193.852 -1 -1 -1 -1000 -1000 -1000 -10 0.00585559
Car -1 -1 -10 209.105 787.263 897.404 1200.000 -1 -1 -1 -1000 -1000 -1000 -10 0.00503532
Car -1 -1 -10 0.000 671.151 488.855 1200.000 -1 -1 -1 -1000 -1000 -1000 -10 0.00285918
Car -1 -1 -10 547.969 801.337 1170.090 1190.076 -1 -1 -1 -1000 -1000 -1000 -10 0.00494509
Car -1 -1 -10 821.625 799.125 1411.409 1197.341 -1 -1 -1 -1000 -1000 -1000 -10 0.00807427
Car -1 -1 -10 160.225 507.949 1330.554 1198.308 -1 -1 -1 -1000 -1000 -1000 -10 0.00645875
Car -1 -1 -10 584.315 796.695 916.978 1020.616 -1 -1 -1 -1000 -1000 -1000 -10 0.00212352
Car -1 -1 -10 668.748 574.194 799.413 1195.645 -1 -1 -1 -1000 -1000 -1000 -10 0.00207569
Car -1 -1 -10 764.152 566.584 895.270 1194.495 -1 -1 -1 -1000 -1000 -1000 -10 0.00203899
Car -1 -1 -10 255.461 669.028 444.184 1191.425 -1 -1 -1 -1000 -1000 -1000 -10 0.00192755
Car -1 -1 -10 45.414 1049.003 469.398 1200.000 -1 -1 -1 -1000 -1000 -1000 -10 0.00355618
Car -1 -1 -10 496.146 805.953 941.528 1047.575 -1 -1 -1 -1000 -1000 -1000 -10 0.00350388
Car -1 -1 -10 630.186 692.720 874.996 1148.280 -1 -1 -1 -1000 -1000 -1000 -10 0.00182227
Car -1 -1 -10 1456.492 806.416 1920.000 1200.000 -1 -1 -1 -1000 -1000 -1000 -10 0.00353767
Car -1 -1 -10 32.325 549.349 395.958 1200.000 -1 -1 -1 -1000 -1000 -1000 -10 0.00179443
Car -1 -1 -10 966.468 718.073 1263.753 1188.101 -1 -1 -1 -1000 -1000 -1000 -10 0.00178714
Car -1 -1 -10 1119.316 1101.738 1288.043 1200.000 -1 -1 -1 -1000 -1000 -1000 -10 0.00177672
Car -1 -1 -10 627.687 760.135 976.000 1087.267 -1 -1 -1 -1000 -1000 -1000 -10 0.00174867
Car -1 -1 -10 640.693 569.961 770.465 1196.426 -1 -1 -1 -1000 -1000 -1000 -10 0.00173991
Car -1 -1 -10 2.631 922.518 622.768 1200.000 -1 -1 -1 -1000 -1000 -1000 -10 0.00166210
Car -1 -1 -10 16.463 365.797 310.078 1200.000 -1 -1 -1 -1000 -1000 -1000 -10 0.00162444
Car -1 -1 -10 286.463 670.568 824.646 1200.000 -1 -1 -1 -1000 -1000 -1000 -10 0.00159191
Car -1 -1 -10 1632.886 1017.798 1914.295 1200.000 -1 -1 -1 -1000 -1000 -1000 -10 0.00153628
Car -1 -1 -10 205.504 758.146 392.251 1200.000 -1 -1 -1 -1000 -1000 -1000 -10 0.00149656
