Car -1 -1 -10 0.000 559.282 970.114 1173.761 -1 -1 -1 -1000 -1000 -1000 -10 0.07973081
Car -1 -1 -10 156.541 513.439 1446.271 1194.657 -1 -1 -1 -1000 -1000 -1000 -10 0.01928760
Car -1 -1 -10 331.331 523.961 1616.629 1198.277 -1 -1 -1 -1000 -1000 -1000 -10 0.00421189
Car -1 -1 -10 3.970 680.596 632.762 1188.448 -1 -1 -1 -1000 -1000 -1000 -10 0.00840980
Car -1 -1 -10 42.282 758.027 694.562 1190.487 -1 -1 -1 -1000 -1000 -1000 -10 0.00272424
Car -1 -1 -10 525.602 694.275 1284.264 1175.499 -1 -1 -1 -1000 -1000 -1000 -10 0.00603273
Car -1 -1 -10 818.599 349.724 1020.014 1077.486 -1 -1 -1 -1000 -1000 -1000 -10 0.00155392
Car -1 -1 -10 763.364 114.518 1063.545 1175.024 -1 -1 -1 -1000 -1000 -1000 -10 0.00429759
Car -1 -1 -10 140.000 586.148 615.595 866.091 -1 -1 -1 -1000 -1000 -1000 -10 0.00139068
Car -1 -1 -10 542.836 586.091 1005.836 869.959 -1 -1 -1 -1000 -1000 -1000 -10 0.00124969
Car -1 -1 -10 9.528 641.999 524.442 1082.149 -1 -1 -1 -1000 -1000 -1000 -10 0.00124034
Car -1 -1 -10 111.065 200.810 391.350 1198.543 -1 -1 -1 -1000 -1000 -1000 -10 0.00234465
Car -1 -1 -10 1200.387 586.313 1796.013 961.295 -1 -1 -1 -1000 -1000 -1000 -10 0.00116308
Car -1 -1 -10 270.891 385.240 476.160 1138.563 -1 -1 -1 -1000 -1000 -1000 -10 0.00220181
Car -1 -1 -10 298.556 606.875 1004.518 1114.691 -1 -1 -1 -1000 -1000 -1000 -10 0.00220893
Car -1 -1 -10 635.723 503.088 1254.071 844.788 -1 -1 -1 -1000 -1000 -1000 -10 0.00111420
Car -1 -1 -10 207.175 438.520 521.797 1200.000 -1 -1 -1 -1000 -1000 -1000 -10 0.00107392
Car -1 -1 -10 186.719 130.113 486.948 1186.331 -1 -1 -1 -1000 -1000 -1000 -10 0.00106770
Car -1 -1 -10 7.203 560.415 667.618 982.194 -1 -1 -1 -1000 -1000 -1000 -10 0.00198574
Car -1 -1 -10 104.342 509.184 683.988 842.754 -1 -1 -1 -1000 -1000 -1000 -10 0.00101915
Car -1 -1 -10 563.914 101.018 872.299 1171.332 -1 -1 -1 -1000 -1000 -1000 -10 0.00373068
Car -1 -1 -10 849.332 443.993 1116.433 1200.000 -1 -1 -1 -1000 -1000 -1000 -10 0.00098629
Car -1 -1 -10 45.897 426.343 368.030 1200.000 -1 -1 -1 -1000 -1000 -1000 -10 0.00184507
Car -1 -1 -10 683.776 413.607 988.734 1200.000 -1 -1 -1 -1000 -1000 -1000 -10 0.00095654
Car -1 -1 -10 535.802 564.968 1198.792 950.570 -1 -1 -1 -1000 -1000 -1000 -10 0.00095238
Car -1 -1 -10 1075.786 448.997 1724.589 854.557 -1 -1 -1 -1000 -1000 -1000 -10 0.00092932
Car -1 -1 -10 2.227 805.009 293.638 1200.000 -1 -1 -1 -1000 -1000 -1000 -10 0.00180898
Car -1 -1 -10 676.571 319.040 885.384 1087.047 -1 -1 -1 -1000 -1000 -1000 -10 0.00091533
Car -1 -1 -10 409.109 632.651 1080.719 1084.926 -1 -1 -1 -1000 -1000 -1000 -10 0.00091357
Car -1 -1 -10 129.698 515.145 280.147 1200.000 -1 -1 -1 -1000 -1000 -1000 -10 0.00089292
Car -1 -1 -10 878.752 653.629 1067.487 1193.782 -1 -1 -1 -1000 -1000 -1000 -10 0.00089090
Car -1 -1 -10 45.456 743.219 170.888 1200.000 -1 -1 -1 -1000 -1000 -1000 -10 0.00084898
Car -1 -1 -10 1156.190 388.845 1667.651 908.975 -1 -1 -1 -1000 -1000 -1000 -10 0.00081994
