Car -1 -1 -10 479.879 596.834 642.845 715.976 -1 -1 -1 -1000 -1000 -1000 -10 0.99997887
Car -1 -1 -10 804.438 596.326 852.838 642.977 -1 -1 -1 -1000 -1000 -1000 -10 0.11158400
Car -1 -1 -10 0.000 796.335 462.578 1200.000 -1 -1 -1 -1000 -1000 -1000 -10 0.00667094
Car -1 -1 -10 0.000 696.579 581.156 1170.901 -1 -1 -1 -1000 -1000 -1000 -10 0.00231941
Car -1 -1 -10 19.795 290.328 319.524 1192.812 -1 -1 -1 -1000 -1000 -1000 -10 0.00394994
Car -1 -1 -10 551.493 596.934 650.231 690.733 -1 -1 -1 -1000 -1000 -1000 -10 0.00370254
Car -1 -1 -10 54.883 529.671 206.721 1195.769 -1 -1 -1 -1000 -1000 -1000 -10 0.00161042
Car -1 -1 -10 18.219 562.178 231.661 1197.041 -1 -1 -1 -1000 -1000 -1000 -10 0.00149237
Car -1 -1 -10 114.115 644.571 246.712 1200.000 -1 -1 -1 -1000 -1000 -1000 -10 0.00132055
Car -1 -1 -10 7.415 630.188 540.695 1104.850 -1 -1 -1 -1000 -1000 -1000 -10 0.00232807
Car -1 -1 -10 101.247 397.825 425.923 1200.000 -1 -1 -1 -1000 -1000 -1000 -10 0.00125550
Car -1 -1 -10 216.214 651.940 441.150 1192.511 -1 -1 -1 -1000 -1000 -1000 -10 0.00121341
Car -1 -1 -10 44.685 610.531 265.467 1193.265 -1 -1 -1 -1000 -1000 -1000 -10 0.00111722
Car -1 -1 -10 126.739 536.132 278.492 1200.000 -1 -1 -1 -1000 -1000 -1000 -10 0.00110674
Car -1 -1 -10 198.832 503.127 349.241 1200.000 -1 -1 -1 -1000 -1000 -1000 -10 0.00108275
Car -1 -1 -10 105.390 550.852 257.456 1200.000 -1 -1 -1 -1000 -1000 -1000 -10 0.00102661
Car -1 -1 -10 44.686 373.338 383.535 1200.000 -1 -1 -1 -1000 -1000 -1000 -10 0.00197114
Car -1 -1 -10 0.000 545.879 688.081 1200.000 -1 -1 -1 -1000 -1000 -1000 -10 0.00098695
Car -1 -1 -10 0.000 937.907 318.897 1200.000 -1 -1 -1 -1000 -1000 -1000 -10 0.00096114
