Car -1 -1 -10 1372.158 535.870 1673.668 687.219 -1 -1 -1 -1000 -1000 -1000 -10 0.11610409
Car -1 -1 -10 1461.549 524.276 1863.594 691.787 -1 -1 -1 -1000 -1000 -1000 -10 0.00808617
Car -1 -1 -10 1483.650 521.911 1818.870 663.875 -1 -1 -1 -1000 -1000 -1000 -10 0.00817039
Car -1 -1 -10 0.000 500.291 976.265 1197.175 -1 -1 -1 -1000 -1000 -1000 -10 0.00935603
Car -1 -1 -10 0.000 795.283 461.607 1199.211 -1 -1 -1 -1000 -1000 -1000 -10 0.01014144
Car -1 -1 -10 1442.446 539.770 1623.367 643.849 -1 -1 -1 -1000 -1000 -1000 -10 0.00425100
Car -1 -1 -10 0.000 818.734 214.691 1193.003 -1 -1 -1 -1000 -1000 -1000 -10 0.00439528
Car -1 -1 -10 6.817 1084.079 271.573 1200.000 -1 -1 -1 -1000 -1000 -1000 -10 0.00216934
Car -1 -1 -10 1791.843 587.669 1919.389 684.333 -1 -1 -1 -1000 -1000 -1000 -10 0.00421244
Car -1 -1 -10 6.121 975.505 316.234 1200.000 -1 -1 -1 -1000 -1000 -1000 -10 0.00526533
Car -1 -1 -10 1730.295 540.345 1916.026 678.831 -1 -1 -1 -1000 -1000 -1000 -10 0.00696192
Car -1 -1 -10 4.286 1058.073 240.677 1200.000 -1 -1 -1 -1000 -1000 -1000 -10 0.00189669
Car -1 -1 -10 13.545 607.863 206.358 1197.924 -1 -1 -1 -1000 -1000 -1000 -10 0.00187174
Car -1 -1 -10 9.134 1103.121 177.384 1200.000 -1 -1 -1 -1000 -1000 -1000 -10 0.00338254
Car -1 -1 -10 158.031 784.290 773.665 1187.359 -1 -1 -1 -1000 -1000 -1000 -10 0.00465845
Car -1 -1 -10 120.918 1062.026 514.096 1200.000 -1 -1 -1 -1000 -1000 -1000 -10 0.00310470
Car -1 -1 -10 14.436 359.383 311.970 1200.000 -1 -1 -1 -1000 -1000 -1000 -10 0.00172539
Car -1 -1 -10 5.525 979.001 222.782 1200.000 -1 -1 -1 -1000 -1000 -1000 -10 0.00168790
Car -1 -1 -10 0.000 640.100 581.215 1080.364 -1 -1 -1 -1000 -1000 -1000 -10 0.00163981
Car -1 -1 -10 253.602 682.413 489.415 1200.000 -1 -1 -1 -1000 -1000 -1000 -10 0.00154788
Car -1 -1 -10 165.735 1085.709 223.991 1200.000 -1 -1 -1 -1000 -1000 -1000 -10 0.00299302
Car -1 -1 -10 373.792 658.275 562.839 1188.436 -1 -1 -1 -1000 -1000 -1000 -10 0.00152568
Car -1 -1 -10 204.106 690.548 443.108 1197.844 -1 -1 -1 -1000 -1000 -1000 -10 0.00150455
Car -1 -1 -10 33.204 1065.475 430.027 1200.000 -1 -1 -1 -1000 -1000 -1000 -10 0.00148829
Car -1 -1 -10 175.366 1122.947 214.317 1200.000 -1 -1 -1 -1000 -1000 -1000 -10 0.00148205
Car -1 -1 -10 1494.954 558.265 1660.280 663.420 -1 -1 -1 -1000 -1000 -1000 -10 0.00146622
Car -1 -1 -10 17.286 1134.576 188.288 1200.000 -1 -1 -1 -1000 -1000 -1000 -10 0.00291532
Car -1 -1 -10 138.914 1137.738 248.310 1200.000 -1 -1 -1 -1000 -1000 -1000 -10 0.00143467
Car -1 -1 -10 15.069 467.096 531.217 1200.000 -1 -1 -1 -1000 -1000 -1000 -10 0.00142723
Car -1 -1 -10 52.659 586.584 254.223 1187.722 -1 -1 -1 -1000 -1000 -1000 -10 0.00278454
Car -1 -1 -10 98.139 823.258 258.929 1200.000 -1 -1 -1 -1000 -1000 -1000 -10 0.00141738
Car -1 -1 -10 106.162 679.017 349.777 1199.605 -1 -1 -1 -1000 -1000 -1000 -10 0.00264701
Car -1 -1 -10 136.371 1082.659 195.081 1200.000 -1 -1 -1 -1000 -1000 -1000 -10 0.00138666
Car -1 -1 -10 110.393 1106.225 368.771 1200.000 -1 -1 -1 -1000 -1000 -1000 -10 0.00137816
Car -1 -1 -10 64.406 1014.392 162.785 1200.000 -1 -1 -1 -1000 -1000 -1000 -10 0.00134065
Car -1 -1 -10 53.538 1085.695 378.114 1200.000 -1 -1 -1 -1000 -1000 -1000 -10 0.00133848
Car -1 -1 -10 170.884 822.693 331.120 1200.000 -1 -1 -1 -1000 -1000 -1000 -10 0.00132630
Car -1 -1 -10 152.098 1123.193 191.333 1200.000 -1 -1 -1 -1000 -1000 -1000 -10 0.00131166
Car -1 -1 -10 170.323 1156.725 207.830 1200.000 -1 -1 -1 -1000 -1000 -1000 -10 0.00128293
Car -1 -1 -10 199.600 1087.083 515.851 1200.000 -1 -1 -1 -1000 -1000 -1000 -10 0.00124258
