Car -1 -1 -10 0.000 702.861 653.569 1190.476 -1 -1 -1 -1000 -1000 -1000 -10 0.01573945
Car -1 -1 -10 82.246 416.555 285.170 1117.569 -1 -1 -1 -1000 -1000 -1000 -10 0.00236635
Car -1 -1 -10 0.000 546.803 477.782 904.078 -1 -1 -1 -1000 -1000 -1000 -10 0.00385059
Car -1 -1 -10 0.000 513.476 387.158 742.762 -1 -1 -1 -1000 -1000 -1000 -10 0.00282698
Car -1 -1 -10 0.000 560.422 1059.147 1196.344 -1 -1 -1 -1000 -1000 -1000 -10 0.00292606
Car -1 -1 -10 3.584 576.703 347.332 1199.723 -1 -1 -1 -1000 -1000 -1000 -10 0.00314743
Car -1 -1 -10 0.862 693.481 406.773 969.316 -1 -1 -1 -1000 -1000 -1000 -10 0.00397031
Car -1 -1 -10 0.000 560.604 566.678 981.256 -1 -1 -1 -1000 -1000 -1000 -10 0.00162615
Car -1 -1 -10 28.277 144.288 306.500 1200.000 -1 -1 -1 -1000 -1000 -1000 -10 0.00162398
Car -1 -1 -10 0.000 362.387 485.481 694.505 -1 -1 -1 -1000 -1000 -1000 -10 0.00385699
Car -1 -1 -10 109.223 420.388 253.090 1200.000 -1 -1 -1 -1000 -1000 -1000 -10 0.00135142
Car -1 -1 -10 0.000 648.825 416.776 910.403 -1 -1 -1 -1000 -1000 -1000 -10 0.00126951
Car -1 -1 -10 116.764 261.864 244.014 968.167 -1 -1 -1 -1000 -1000 -1000 -10 0.00124776
Car -1 -1 -10 0.000 562.795 368.424 794.258 -1 -1 -1 -1000 -1000 -1000 -10 0.00122861
Car -1 -1 -10 56.693 80.665 277.020 1181.452 -1 -1 -1 -1000 -1000 -1000 -10 0.00122034
Car -1 -1 -10 655.115 1158.214 692.406 1200.000 -1 -1 -1 -1000 -1000 -1000 -10 0.00121824
Car -1 -1 -10 85.319 502.023 224.364 1200.000 -1 -1 -1 -1000 -1000 -1000 -10 0.00219248
Car -1 -1 -10 81.164 382.121 386.662 542.644 -1 -1 -1 -1000 -1000 -1000 -10 0.00113094
Car -1 -1 -10 73.142 122.800 359.926 1193.361 -1 -1 -1 -1000 -1000 -1000 -10 0.00112994
Car -1 -1 -10 507.335 1033.180 939.220 1200.000 -1 -1 -1 -1000 -1000 -1000 -10 0.00112368
Car -1 -1 -10 335.036 1040.445 774.994 1200.000 -1 -1 -1 -1000 -1000 -1000 -10 0.00109905
Car -1 -1 -10 401.440 1107.553 652.473 1200.000 -1 -1 -1 -1000 -1000 -1000 -10 0.00109554
Car -1 -1 -10 585.719 1104.627 834.007 1200.000 -1 -1 -1 -1000 -1000 -1000 -10 0.00108644
Car -1 -1 -10 121.472 136.132 405.981 1200.000 -1 -1 -1 -1000 -1000 -1000 -10 0.00107815
Car -1 -1 -10 2.245 448.298 570.693 877.677 -1 -1 -1 -1000 -1000 -1000 -10 0.00103363
Car -1 -1 -10 0.000 720.800 464.551 1044.313 -1 -1 -1 -1000 -1000 -1000 -10 0.00100926
Car -1 -1 -10 0.916 536.861 299.041 692.251 -1 -1 -1 -1000 -1000 -1000 -10 0.00097538
Car -1 -1 -10 563.076 873.103 847.736 1200.000 -1 -1 -1 -1000 -1000 -1000 -10 0.00097063
Car -1 -1 -10 1458.142 814.517 1920.000 1200.000 -1 -1 -1 -1000 -1000 -1000 -10 0.00096261
Car -1 -1 -10 52.302 561.097 304.128 1006.731 -1 -1 -1 -1000 -1000 -1000 -10 0.00092682
