Car -1 -1 -10 1108.039 577.011 1208.404 633.218 -1 -1 -1 -1000 -1000 -1000 -10 0.01994091
Car -1 -1 -10 0.000 798.673 459.386 1198.819 -1 -1 -1 -1000 -1000 -1000 -10 0.00746563
Car -1 -1 -10 14.678 681.072 254.614 1199.805 -1 -1 -1 -1000 -1000 -1000 -10 0.00318838
Car -1 -1 -10 0.997 1024.032 292.948 1200.000 -1 -1 -1 -1000 -1000 -1000 -10 0.00164859
Car -1 -1 -10 10.882 536.963 161.200 1195.616 -1 -1 -1 -1000 -1000 -1000 -10 0.00155267
Car -1 -1 -10 11.878 1083.871 314.350 1200.000 -1 -1 -1 -1000 -1000 -1000 -10 0.00271668
Car -1 -1 -10 0.513 1061.952 352.936 1200.000 -1 -1 -1 -1000 -1000 -1000 -10 0.00148676
Car -1 -1 -10 21.250 798.435 193.284 1200.000 -1 -1 -1 -1000 -1000 -1000 -10 0.00277701
Car -1 -1 -10 294.819 1085.365 353.591 1200.000 -1 -1 -1 -1000 -1000 -1000 -10 0.00240630
Car -1 -1 -10 263.828 595.018 453.058 1180.459 -1 -1 -1 -1000 -1000 -1000 -10 0.00235894
Car -1 -1 -10 230.108 591.055 421.141 1178.182 -1 -1 -1 -1000 -1000 -1000 -10 0.00228135
Car -1 -1 -10 0.000 587.612 46.202 673.863 -1 -1 -1 -1000 -1000 -1000 -10 0.00129761
Car -1 -1 -10 224.806 1158.524 262.067 1200.000 -1 -1 -1 -1000 -1000 -1000 -10 0.00239237
Car -1 -1 -10 93.093 641.922 267.044 1193.902 -1 -1 -1 -1000 -1000 -1000 -10 0.00129072
Car -1 -1 -10 180.957 1127.588 246.111 1200.000 -1 -1 -1 -1000 -1000 -1000 -10 0.00128783
Car -1 -1 -10 189.593 1106.829 237.331 1200.000 -1 -1 -1 -1000 -1000 -1000 -10 0.00128671
Car -1 -1 -10 29.958 1104.426 216.281 1200.000 -1 -1 -1 -1000 -1000 -1000 -10 0.00127152
Car -1 -1 -10 55.498 682.526 299.564 1200.000 -1 -1 -1 -1000 -1000 -1000 -10 0.00126922
Car -1 -1 -10 3.868 953.225 316.366 1200.000 -1 -1 -1 -1000 -1000 -1000 -10 0.00229731
Car -1 -1 -10 154.675 1128.268 221.843 1200.000 -1 -1 -1 -1000 -1000 -1000 -10 0.00122095
Car -1 -1 -10 56.845 1138.520 167.196 1200.000 -1 -1 -1 -1000 -1000 -1000 -10 0.00121985
Car -1 -1 -10 214.845 1128.156 281.111 1200.000 -1 -1 -1 -1000 -1000 -1000 -10 0.00117665
Car -1 -1 -10 293.232 1126.620 359.312 1200.000 -1 -1 -1 -1000 -1000 -1000 -10 0.00116055
Car -1 -1 -10 205.980 1157.002 243.981 1200.000 -1 -1 -1 -1000 -1000 -1000 -10 0.00199513
Car -1 -1 -10 136.908 1067.312 531.933 1200.000 -1 -1 -1 -1000 -1000 -1000 -10 0.00224337
Car -1 -1 -10 228.197 1083.583 287.681 1200.000 -1 -1 -1 -1000 -1000 -1000 -10 0.00206952
Car -1 -1 -10 150.633 645.659 330.183 1195.089 -1 -1 -1 -1000 -1000 -1000 -10 0.00213512
Car -1 -1 -10 211.874 1158.417 249.386 1200.000 -1 -1 -1 -1000 -1000 -1000 -10 0.00109617
Car -1 -1 -10 0.000 509.643 894.814 1193.771 -1 -1 -1 -1000 -1000 -1000 -10 0.00204132
Car -1 -1 -10 718.022 630.692 888.305 1186.519 -1 -1 -1 -1000 -1000 -1000 -10 0.00106057
Car -1 -1 -10 201.179 1105.731 456.511 1200.000 -1 -1 -1 -1000 -1000 -1000 -10 0.00195324
Car -1 -1 -10 296.562 1157.438 334.142 1200.000 -1 -1 -1 -1000 -1000 -1000 -10 0.00105400
Car -1 -1 -10 63.852 1012.273 162.137 1200.000 -1 -1 -1 -1000 -1000 -1000 -10 0.00103594
Car -1 -1 -10 135.402 821.359 295.248 1200.000 -1 -1 -1 -1000 -1000 -1000 -10 0.00201335
Car -1 -1 -10 173.117 1156.830 211.248 1200.000 -1 -1 -1 -1000 -1000 -1000 -10 0.00205857
Car -1 -1 -10 41.300 935.828 273.276 1200.000 -1 -1 -1 -1000 -1000 -1000 -10 0.00102282
Car -1 -1 -10 60.341 297.452 371.177 1197.385 -1 -1 -1 -1000 -1000 -1000 -10 0.00193200
Car -1 -1 -10 192.947 1138.808 301.381 1200.000 -1 -1 -1 -1000 -1000 -1000 -10 0.00101619
Car -1 -1 -10 6.905 522.969 557.327 1200.000 -1 -1 -1 -1000 -1000 -1000 -10 0.00101041
Car -1 -1 -10 188.806 1156.796 226.055 1200.000 -1 -1 -1 -1000 -1000 -1000 -10 0.00200243
Car -1 -1 -10 170.099 1086.466 227.820 1200.000 -1 -1 -1 -1000 -1000 -1000 -10 0.00282410
Car -1 -1 -10 621.894 627.916 792.433 1187.172 -1 -1 -1 -1000 -1000 -1000 -10 0.00097707
Car -1 -1 -10 356.523 638.914 528.615 1187.967 -1 -1 -1 -1000 -1000 -1000 -10 0.00096829
Car -1 -1 -10 187.351 1143.089 238.236 1200.000 -1 -1 -1 -1000 -1000 -1000 -10 0.00095095
Car -1 -1 -10 174.805 543.064 324.325 1200.000 -1 -1 -1 -1000 -1000 -1000 -10 0.00093166
Car -1 -1 -10 0.000 1105.770 143.728 1200.000 -1 -1 -1 -1000 -1000 -1000 -10 0.00092853
Car -1 -1 -10 97.995 1157.163 135.680 1200.000 -1 -1 -1 -1000 -1000 -1000 -10 0.00091508
Car -1 -1 -10 181.665 1124.749 220.844 1200.000 -1 -1 -1 -1000 -1000 -1000 -10 0.00087237
