Car -1 -1 -10 833.466 574.530 959.318 688.241 -1 -1 -1 -1000 -1000 -1000 -10 0.99730295
Car -1 -1 -10 0.000 481.266 1119.242 1199.152 -1 -1 -1 -1000 -1000 -1000 -10 0.07731030
Car -1 -1 -10 3.252 161.230 1726.832 1200.000 -1 -1 -1 -1000 -1000 -1000 -10 0.04316409
Car -1 -1 -10 633.506 621.480 685.613 667.089 -1 -1 -1 -1000 -1000 -1000 -10 0.03393407
Car -1 -1 -10 0.000 541.223 662.680 977.463 -1 -1 -1 -1000 -1000 -1000 -10 0.01826670
Car -1 -1 -10 0.000 588.855 737.617 1148.349 -1 -1 -1 -1000 -1000 -1000 -10 0.01771893
Car -1 -1 -10 0.000 136.017 605.866 1200.000 -1 -1 -1 -1000 -1000 -1000 -10 0.01391213
Car -1 -1 -10 0.000 471.173 646.130 856.269 -1 -1 -1 -1000 -1000 -1000 -10 0.01183581
Car -1 -1 -10 13.236 74.702 306.557 1191.883 -1 -1 -1 -1000 -1000 -1000 -10 0.01050694
Car -1 -1 -10 0.000 707.528 696.307 1182.993 -1 -1 -1 -1000 -1000 -1000 -10 0.00549539
Car -1 -1 -10 2.975 127.221 432.952 936.920 -1 -1 -1 -1000 -1000 -1000 -10 0.00518089
Car -1 -1 -10 100.332 511.318 564.823 750.824 -1 -1 -1 -1000 -1000 -1000 -10 0.00929918
Car -1 -1 -10 203.939 163.035 420.632 1182.109 -1 -1 -1 -1000 -1000 -1000 -10 0.00910246
Car -1 -1 -10 7.471 358.837 625.176 726.580 -1 -1 -1 -1000 -1000 -1000 -10 0.01359072
Car -1 -1 -10 112.119 466.708 791.422 839.256 -1 -1 -1 -1000 -1000 -1000 -10 0.00875561
Car -1 -1 -10 15.918 330.717 312.640 1200.000 -1 -1 -1 -1000 -1000 -1000 -10 0.00451668
Car -1 -1 -10 200.628 278.109 409.262 1026.766 -1 -1 -1 -1000 -1000 -1000 -10 0.00445501
Car -1 -1 -10 0.000 531.240 306.562 814.208 -1 -1 -1 -1000 -1000 -1000 -10 0.00435989
Car -1 -1 -10 299.422 67.745 513.954 1179.470 -1 -1 -1 -1000 -1000 -1000 -10 0.00432982
Car -1 -1 -10 74.133 86.197 360.516 1200.000 -1 -1 -1 -1000 -1000 -1000 -10 0.00432424
Car -1 -1 -10 120.514 69.148 403.658 1180.350 -1 -1 -1 -1000 -1000 -1000 -10 0.00428529
Car -1 -1 -10 294.908 271.879 504.568 1023.656 -1 -1 -1 -1000 -1000 -1000 -10 0.00427891
Car -1 -1 -10 247.939 445.652 746.141 713.204 -1 -1 -1 -1000 -1000 -1000 -10 0.00416938
Car -1 -1 -10 7.380 652.043 457.104 1067.278 -1 -1 -1 -1000 -1000 -1000 -10 0.00819220
Car -1 -1 -10 0.000 670.208 377.278 1097.578 -1 -1 -1 -1000 -1000 -1000 -10 0.00407695
Car -1 -1 -10 406.396 229.545 616.564 966.276 -1 -1 -1 -1000 -1000 -1000 -10 0.00370868
Car -1 -1 -10 239.728 282.046 447.138 1024.422 -1 -1 -1 -1000 -1000 -1000 -10 0.00369485
Car -1 -1 -10 0.000 447.275 426.918 717.281 -1 -1 -1 -1000 -1000 -1000 -10 0.00349135
