Car -1 -1 -10 800.702 644.631 855.413 691.159 -1 -1 -1 -1000 -1000 -1000 -10 0.19819500
Car -1 -1 -10 0.000 524.018 868.356 1193.157 -1 -1 -1 -1000 -1000 -1000 -10 0.02236988
Car -1 -1 -10 17.344 786.202 586.217 1193.658 -1 -1 -1 -1000 -1000 -1000 -10 0.00567205
Car -1 -1 -10 0.000 730.431 407.380 1200.000 -1 -1 -1 -1000 -1000 -1000 -10 0.00450371
Car -1 -1 -10 0.000 574.773 397.970 1200.000 -1 -1 -1 -1000 -1000 -1000 -10 0.00345371
Car -1 -1 -10 0.000 606.612 511.632 1200.000 -1 -1 -1 -1000 -1000 -1000 -10 0.00675519
Car -1 -1 -10 1014.905 512.669 1920.000 1195.666 -1 -1 -1 -1000 -1000 -1000 -10 0.00804311
Car -1 -1 -10 83.879 247.972 386.165 1194.776 -1 -1 -1 -1000 -1000 -1000 -10 0.00201782
Car -1 -1 -10 0.000 809.959 213.819 1193.631 -1 -1 -1 -1000 -1000 -1000 -10 0.00358381
Car -1 -1 -10 1408.762 602.875 1920.000 1199.701 -1 -1 -1 -1000 -1000 -1000 -10 0.00345082
Car -1 -1 -10 169.749 495.552 1403.809 1195.416 -1 -1 -1 -1000 -1000 -1000 -10 0.00146145
Car -1 -1 -10 14.087 979.201 428.050 1200.000 -1 -1 -1 -1000 -1000 -1000 -10 0.00273014
Car -1 -1 -10 1345.340 538.267 1907.750 979.097 -1 -1 -1 -1000 -1000 -1000 -10 0.00211843
Car -1 -1 -10 0.000 817.514 317.873 1200.000 -1 -1 -1 -1000 -1000 -1000 -10 0.00206541
Car -1 -1 -10 1581.757 563.908 1920.000 1200.000 -1 -1 -1 -1000 -1000 -1000 -10 0.00098299
Car -1 -1 -10 226.356 584.711 422.917 1179.841 -1 -1 -1 -1000 -1000 -1000 -10 0.00090412
Car -1 -1 -10 1477.276 800.508 1920.000 1200.000 -1 -1 -1 -1000 -1000 -1000 -10 0.00089983
