Car -1 -1 -10 1255.469 534.789 1521.503 741.089 -1 -1 -1 -1000 -1000 -1000 -10 0.99987274
Car -1 -1 -10 1166.556 575.519 1352.509 707.434 -1 -1 -1 -1000 -1000 -1000 -10 0.99285890
Car -1 -1 -10 819.302 571.572 878.724 623.436 -1 -1 -1 -1000 -1000 -1000 -10 0.90307415
Car -1 -1 -10 1488.972 560.398 1656.199 663.089 -1 -1 -1 -1000 -1000 -1000 -10 0.30315485
Car -1 -1 -10 1522.672 546.244 1762.206 661.671 -1 -1 -1 -1000 -1000 -1000 -10 0.26956458
Car -1 -1 -10 1227.954 552.178 1416.812 719.393 -1 -1 -1 -1000 -1000 -1000 -10 0.00908692
Car -1 -1 -10 1432.290 563.691 1595.249 663.006 -1 -1 -1 -1000 -1000 -1000 -10 0.00827928
Car -1 -1 -10 1386.672 552.100 1615.758 672.586 -1 -1 -1 -1000 -1000 -1000 -10 0.00456766
Car -1 -1 -10 692.242 788.655 1295.262 1200.000 -1 -1 -1 -1000 -1000 -1000 -10 0.00373691
Car -1 -1 -10 1338.123 551.171 1588.055 712.054 -1 -1 -1 -1000 -1000 -1000 -10 0.00362465
Car -1 -1 -10 601.224 1019.781 955.168 1198.294 -1 -1 -1 -1000 -1000 -1000 -10 0.00348376
Car -1 -1 -10 1253.333 547.827 1366.794 662.661 -1 -1 -1 -1000 -1000 -1000 -10 0.00327461
Car -1 -1 -10 821.373 796.501 1448.079 1198.096 -1 -1 -1 -1000 -1000 -1000 -10 0.00322799
Car -1 -1 -10 628.531 894.870 926.428 1200.000 -1 -1 -1 -1000 -1000 -1000 -10 0.00318462
Car -1 -1 -10 1011.222 1155.627 1048.448 1200.000 -1 -1 -1 -1000 -1000 -1000 -10 0.00577126
Car -1 -1 -10 1003.908 1155.678 1042.715 1200.000 -1 -1 -1 -1000 -1000 -1000 -10 0.00312766
Car -1 -1 -10 500.001 981.618 1060.519 1200.000 -1 -1 -1 -1000 -1000 -1000 -10 0.00309971
Car -1 -1 -10 1285.569 1157.245 1322.705 1200.000 -1 -1 -1 -1000 -1000 -1000 -10 0.00299413
