Car -1 -1 -10 223.641 0.000 1920.000 1197.062 -1 -1 -1 -1000 -1000 -1000 -10 0.07415652
Car -1 -1 -10 909.079 3.945 1920.000 1187.353 -1 -1 -1 -1000 -1000 -1000 -10 0.05209433
Car -1 -1 -10 23.925 495.856 1557.154 1200.000 -1 -1 -1 -1000 -1000 -1000 -10 0.03388488
Car -1 -1 -10 1362.218 119.530 1918.023 1194.251 -1 -1 -1 -1000 -1000 -1000 -10 0.03466070
Car -1 -1 -10 1465.234 460.097 1894.844 1200.000 -1 -1 -1 -1000 -1000 -1000 -10 0.02093649
Car -1 -1 -10 0.000 445.211 949.776 1195.035 -1 -1 -1 -1000 -1000 -1000 -10 0.01078160
Car -1 -1 -10 860.446 276.498 1881.677 1120.622 -1 -1 -1 -1000 -1000 -1000 -10 0.02020503
Car -1 -1 -10 358.202 427.296 1877.838 1200.000 -1 -1 -1 -1000 -1000 -1000 -10 0.00938826
Car -1 -1 -10 1085.627 78.577 1746.797 803.699 -1 -1 -1 -1000 -1000 -1000 -10 0.00916098
Car -1 -1 -10 653.382 7.063 1884.222 710.403 -1 -1 -1 -1000 -1000 -1000 -10 0.01752305
Car -1 -1 -10 1170.093 262.558 1800.706 661.292 -1 -1 -1 -1000 -1000 -1000 -10 0.01728337
Car -1 -1 -10 1193.851 187.260 1517.436 784.052 -1 -1 -1 -1000 -1000 -1000 -10 0.00847723
Car -1 -1 -10 3.290 162.039 1600.309 1200.000 -1 -1 -1 -1000 -1000 -1000 -10 0.00838139
Car -1 -1 -10 1020.911 311.216 1547.579 648.549 -1 -1 -1 -1000 -1000 -1000 -10 0.00804119
Car -1 -1 -10 1310.658 130.357 1643.211 725.305 -1 -1 -1 -1000 -1000 -1000 -10 0.00790264
Car -1 -1 -10 727.374 88.849 1793.470 943.755 -1 -1 -1 -1000 -1000 -1000 -10 0.00758701
Car -1 -1 -10 0.000 156.021 667.355 1200.000 -1 -1 -1 -1000 -1000 -1000 -10 0.01346187
Car -1 -1 -10 238.649 457.433 877.897 825.739 -1 -1 -1 -1000 -1000 -1000 -10 0.01321460
Car -1 -1 -10 1257.991 39.679 1605.873 693.138 -1 -1 -1 -1000 -1000 -1000 -10 0.00687145
Car -1 -1 -10 921.529 318.130 1642.406 771.336 -1 -1 -1 -1000 -1000 -1000 -10 0.00685275
Car -1 -1 -10 1095.686 0.000 1640.960 930.808 -1 -1 -1 -1000 -1000 -1000 -10 0.01233848
Car -1 -1 -10 1059.014 235.102 1735.041 652.760 -1 -1 -1 -1000 -1000 -1000 -10 0.00621769
Car -1 -1 -10 1201.746 347.884 1879.021 740.458 -1 -1 -1 -1000 -1000 -1000 -10 0.01161348
Car -1 -1 -10 471.182 454.909 706.147 896.971 -1 -1 -1 -1000 -1000 -1000 -10 0.00581078
Car -1 -1 -10 1121.169 239.940 1493.608 611.487 -1 -1 -1 -1000 -1000 -1000 -10 0.00575803
Car -1 -1 -10 570.135 561.396 1262.528 942.669 -1 -1 -1 -1000 -1000 -1000 -10 0.00551336
Car -1 -1 -10 1079.364 110.996 1745.072 570.169 -1 -1 -1 -1000 -1000 -1000 -10 0.00548984
Car -1 -1 -10 1351.026 414.439 1786.951 639.546 -1 -1 -1 -1000 -1000 -1000 -10 0.00543791
Car -1 -1 -10 0.000 235.911 515.491 1200.000 -1 -1 -1 -1000 -1000 -1000 -10 0.00537089
Car -1 -1 -10 1190.604 75.887 1668.465 567.852 -1 -1 -1 -1000 -1000 -1000 -10 0.00536765
Car -1 -1 -10 1313.999 206.619 1637.499 537.385 -1 -1 -1 -1000 -1000 -1000 -10 0.00535888
Car -1 -1 -10 75.790 481.303 1037.004 1008.877 -1 -1 -1 -1000 -1000 -1000 -10 0.00527369
Car -1 -1 -10 1213.822 544.001 1861.654 956.184 -1 -1 -1 -1000 -1000 -1000 -10 0.00472521
