Car -1 -1 -10 6.952 618.285 683.164 1194.280 -1 -1 -1 -1000 -1000 -1000 -10 0.05809420
Car -1 -1 -10 1344.339 573.801 1920.000 936.214 -1 -1 -1 -1000 -1000 -1000 -10 0.02991421
Car -1 -1 -10 62.153 490.810 1122.802 1182.743 -1 -1 -1 -1000 -1000 -1000 -10 0.01804957
Car -1 -1 -10 290.195 578.778 627.309 1200.000 -1 -1 -1 -1000 -1000 -1000 -10 0.00701670
Car -1 -1 -10 968.299 625.443 1325.917 1188.907 -1 -1 -1 -1000 -1000 -1000 -10 0.00929568
Car -1 -1 -10 473.956 502.918 1572.455 1183.255 -1 -1 -1 -1000 -1000 -1000 -10 0.00891841
Car -1 -1 -10 1227.180 545.855 1385.047 626.824 -1 -1 -1 -1000 -1000 -1000 -10 0.00874451
Car -1 -1 -10 239.298 597.622 573.940 1194.169 -1 -1 -1 -1000 -1000 -1000 -10 0.00443187
Car -1 -1 -10 1062.750 619.683 1624.980 1021.333 -1 -1 -1 -1000 -1000 -1000 -10 0.00438684
Car -1 -1 -10 711.706 793.252 1397.458 1200.000 -1 -1 -1 -1000 -1000 -1000 -10 0.00725309
Car -1 -1 -10 0.000 792.802 465.035 1199.238 -1 -1 -1 -1000 -1000 -1000 -10 0.01063149
Car -1 -1 -10 286.013 556.041 828.770 1136.113 -1 -1 -1 -1000 -1000 -1000 -10 0.00357456
Car -1 -1 -10 1590.304 622.856 1910.302 998.208 -1 -1 -1 -1000 -1000 -1000 -10 0.00340306
Car -1 -1 -10 1505.265 649.985 1920.000 877.659 -1 -1 -1 -1000 -1000 -1000 -10 0.00297356
Car -1 -1 -10 1111.213 576.800 1524.490 798.050 -1 -1 -1 -1000 -1000 -1000 -10 0.00278818
Car -1 -1 -10 1043.736 552.912 1460.428 986.591 -1 -1 -1 -1000 -1000 -1000 -10 0.00245549
Car -1 -1 -10 0.000 624.379 479.659 1020.471 -1 -1 -1 -1000 -1000 -1000 -10 0.00240300
Car -1 -1 -10 406.354 625.239 770.418 1015.839 -1 -1 -1 -1000 -1000 -1000 -10 0.00230504
Car -1 -1 -10 1021.145 581.490 1793.888 1124.810 -1 -1 -1 -1000 -1000 -1000 -10 0.00207777
Car -1 -1 -10 1235.271 547.500 1347.007 618.662 -1 -1 -1 -1000 -1000 -1000 -10 0.00195331
Car -1 -1 -10 1129.079 608.237 1652.181 939.289 -1 -1 -1 -1000 -1000 -1000 -10 0.00190105
Car -1 -1 -10 68.360 120.944 366.442 1200.000 -1 -1 -1 -1000 -1000 -1000 -10 0.00188384
Car -1 -1 -10 1103.559 596.839 1490.700 857.930 -1 -1 -1 -1000 -1000 -1000 -10 0.00169598
