Car -1 -1 -10 670.385 562.184 763.223 637.290 -1 -1 -1 -1000 -1000 -1000 -10 0.99446279
Car -1 -1 -10 797.544 555.577 928.357 658.014 -1 -1 -1 -1000 -1000 -1000 -10 0.99935977
Car -1 -1 -10 1637.130 526.702 1891.567 642.272 -1 -1 -1 -1000 -1000 -1000 -10 0.43638068
Car -1 -1 -10 671.739 797.710 1300.809 1195.115 -1 -1 -1 -1000 -1000 -1000 -10 0.01496009
Car -1 -1 -10 1405.285 548.209 1920.000 1196.390 -1 -1 -1 -1000 -1000 -1000 -10 0.01768501
Car -1 -1 -10 1622.796 539.493 1794.725 631.017 -1 -1 -1 -1000 -1000 -1000 -10 0.00726765
Car -1 -1 -10 576.000 4.039 1179.942 323.020 -1 -1 -1 -1000 -1000 -1000 -10 0.00582483
Car -1 -1 -10 557.890 1045.383 976.763 1200.000 -1 -1 -1 -1000 -1000 -1000 -10 0.00634296
Car -1 -1 -10 737.372 12.915 1019.021 381.959 -1 -1 -1 -1000 -1000 -1000 -10 0.00361650
Car -1 -1 -10 1.919 693.866 620.233 1200.000 -1 -1 -1 -1000 -1000 -1000 -10 0.00635819
Car -1 -1 -10 1746.342 518.044 1916.020 619.198 -1 -1 -1 -1000 -1000 -1000 -10 0.00591222
Car -1 -1 -10 1762.991 535.292 1919.951 634.823 -1 -1 -1 -1000 -1000 -1000 -10 0.00572832
Car -1 -1 -10 646.841 5.433 1091.710 333.611 -1 -1 -1 -1000 -1000 -1000 -10 0.00308144
Car -1 -1 -10 0.000 784.514 461.072 1191.639 -1 -1 -1 -1000 -1000 -1000 -10 0.00560464
Car -1 -1 -10 778.743 45.793 974.216 707.128 -1 -1 -1 -1000 -1000 -1000 -10 0.00293161
Car -1 -1 -10 644.390 788.702 1003.072 1185.849 -1 -1 -1 -1000 -1000 -1000 -10 0.00289705
Car -1 -1 -10 661.021 9.614 1087.162 252.710 -1 -1 -1 -1000 -1000 -1000 -10 0.00289244
Car -1 -1 -10 1561.396 800.221 1918.975 1196.719 -1 -1 -1 -1000 -1000 -1000 -10 0.00519020
Car -1 -1 -10 1646.962 828.420 1919.143 1200.000 -1 -1 -1 -1000 -1000 -1000 -10 0.00538838
Car -1 -1 -10 436.860 0.000 1319.292 323.057 -1 -1 -1 -1000 -1000 -1000 -10 0.00265753
Car -1 -1 -10 1647.389 529.629 1767.580 630.946 -1 -1 -1 -1000 -1000 -1000 -10 0.00496161
Car -1 -1 -10 0.000 513.742 966.253 1199.401 -1 -1 -1 -1000 -1000 -1000 -10 0.00718955
Car -1 -1 -10 691.232 5.248 1053.653 223.930 -1 -1 -1 -1000 -1000 -1000 -10 0.00260179
Car -1 -1 -10 1219.240 815.763 1872.936 1199.025 -1 -1 -1 -1000 -1000 -1000 -10 0.00237827
Car -1 -1 -10 800.444 50.066 952.565 589.674 -1 -1 -1 -1000 -1000 -1000 -10 0.00457081
Car -1 -1 -10 1653.608 1020.247 1917.559 1200.000 -1 -1 -1 -1000 -1000 -1000 -10 0.00228482
Car -1 -1 -10 627.720 514.088 1708.960 1187.226 -1 -1 -1 -1000 -1000 -1000 -10 0.00222858
Car -1 -1 -10 685.359 1087.781 844.980 1189.640 -1 -1 -1 -1000 -1000 -1000 -10 0.00219977
Car -1 -1 -10 659.323 892.373 951.356 1200.000 -1 -1 -1 -1000 -1000 -1000 -10 0.00216196
