Car -1 -1 -10 1121.670 541.053 1338.302 690.623 -1 -1 -1 -1000 -1000 -1000 -10 0.99999797
Car -1 -1 -10 441.587 559.686 615.849 676.073 -1 -1 -1 -1000 -1000 -1000 -10 0.99975267
Car -1 -1 -10 0.000 563.320 861.783 1197.896 -1 -1 -1 -1000 -1000 -1000 -10 0.09960821
Car -1 -1 -10 683.496 809.361 1286.375 1192.251 -1 -1 -1 -1000 -1000 -1000 -10 0.01016368
Car -1 -1 -10 806.053 1055.336 1186.100 1199.637 -1 -1 -1 -1000 -1000 -1000 -10 0.01604105
Car -1 -1 -10 768.617 1033.426 1216.006 1200.000 -1 -1 -1 -1000 -1000 -1000 -10 0.00590005
Car -1 -1 -10 543.230 1041.502 977.979 1200.000 -1 -1 -1 -1000 -1000 -1000 -10 0.01299451
Car -1 -1 -10 7.299 703.222 597.918 1196.539 -1 -1 -1 -1000 -1000 -1000 -10 0.01920953
Car -1 -1 -10 115.465 822.244 787.702 1186.303 -1 -1 -1 -1000 -1000 -1000 -10 0.00847870
Car -1 -1 -10 709.279 995.938 1252.019 1200.000 -1 -1 -1 -1000 -1000 -1000 -10 0.00426725
Car -1 -1 -10 954.836 1080.624 1281.891 1200.000 -1 -1 -1 -1000 -1000 -1000 -10 0.00749222
Car -1 -1 -10 222.433 839.175 577.156 1195.588 -1 -1 -1 -1000 -1000 -1000 -10 0.00369835
Car -1 -1 -10 897.898 1086.376 1060.263 1190.867 -1 -1 -1 -1000 -1000 -1000 -10 0.01033339
Car -1 -1 -10 1006.579 548.283 1057.136 597.680 -1 -1 -1 -1000 -1000 -1000 -10 0.00363061
Car -1 -1 -10 607.698 844.340 953.381 1192.295 -1 -1 -1 -1000 -1000 -1000 -10 0.00359621
Car -1 -1 -10 313.988 874.948 1187.517 1200.000 -1 -1 -1 -1000 -1000 -1000 -10 0.00358235
Car -1 -1 -10 610.843 905.794 903.062 1200.000 -1 -1 -1 -1000 -1000 -1000 -10 0.00357248
Car -1 -1 -10 872.392 893.668 1166.628 1199.533 -1 -1 -1 -1000 -1000 -1000 -10 0.00686746
Car -1 -1 -10 807.551 907.162 1092.900 1200.000 -1 -1 -1 -1000 -1000 -1000 -10 0.00345982
Car -1 -1 -10 268.416 839.588 950.086 1181.461 -1 -1 -1 -1000 -1000 -1000 -10 0.00335560
Car -1 -1 -10 907.403 1065.983 1068.241 1165.942 -1 -1 -1 -1000 -1000 -1000 -10 0.00332003
Car -1 -1 -10 291.282 848.682 644.668 1196.693 -1 -1 -1 -1000 -1000 -1000 -10 0.00325347
Car -1 -1 -10 19.053 872.377 886.926 1200.000 -1 -1 -1 -1000 -1000 -1000 -10 0.00307279
Car -1 -1 -10 984.983 755.942 1204.539 1195.800 -1 -1 -1 -1000 -1000 -1000 -10 0.00294913
Car -1 -1 -10 873.445 1098.142 1129.526 1200.000 -1 -1 -1 -1000 -1000 -1000 -10 0.00293035
Car -1 -1 -10 981.675 523.956 1920.000 1200.000 -1 -1 -1 -1000 -1000 -1000 -10 0.00276256
Car -1 -1 -10 607.602 1080.363 927.627 1200.000 -1 -1 -1 -1000 -1000 -1000 -10 0.00264896
Car -1 -1 -10 150.918 984.365 723.662 1200.000 -1 -1 -1 -1000 -1000 -1000 -10 0.00264175
