Car -1 -1 -10 834.285 555.609 932.640 620.161 -1 -1 -1 -1000 -1000 -1000 -10 0.83577749
Car -1 -1 -10 96.075 590.494 258.173 669.500 -1 -1 -1 -1000 -1000 -1000 -10 0.86267962
Car -1 -1 -10 925.793 558.803 990.852 611.322 -1 -1 -1 -1000 -1000 -1000 -10 0.11770426
Car -1 -1 -10 1528.888 555.770 1635.331 630.896 -1 -1 -1 -1000 -1000 -1000 -10 0.00908008
Car -1 -1 -10 0.000 573.540 506.278 1196.942 -1 -1 -1 -1000 -1000 -1000 -10 0.00538088
Car -1 -1 -10 1516.895 519.640 1669.822 612.951 -1 -1 -1 -1000 -1000 -1000 -10 0.00454226
Car -1 -1 -10 1540.115 547.598 1618.560 616.861 -1 -1 -1 -1000 -1000 -1000 -10 0.00210850
Car -1 -1 -10 0.000 504.408 1033.714 1189.884 -1 -1 -1 -1000 -1000 -1000 -10 0.00689024
Car -1 -1 -10 1547.828 557.809 1623.819 626.415 -1 -1 -1 -1000 -1000 -1000 -10 0.00191112
Car -1 -1 -10 1569.028 560.195 1646.999 626.437 -1 -1 -1 -1000 -1000 -1000 -10 0.00509288
Car -1 -1 -10 146.516 576.982 301.363 659.841 -1 -1 -1 -1000 -1000 -1000 -10 0.00251673
Car -1 -1 -10 21.451 556.887 384.983 908.650 -1 -1 -1 -1000 -1000 -1000 -10 0.00263432
Car -1 -1 -10 0.000 822.929 440.633 1198.815 -1 -1 -1 -1000 -1000 -1000 -10 0.00499177
Car -1 -1 -10 904.173 555.132 1057.294 620.430 -1 -1 -1 -1000 -1000 -1000 -10 0.00142500
Car -1 -1 -10 402.594 604.295 532.915 1186.183 -1 -1 -1 -1000 -1000 -1000 -10 0.00121550
Car -1 -1 -10 449.504 575.339 580.169 1183.454 -1 -1 -1 -1000 -1000 -1000 -10 0.00228755
Car -1 -1 -10 275.416 589.378 464.191 1171.795 -1 -1 -1 -1000 -1000 -1000 -10 0.00183721
Car -1 -1 -10 331.184 604.207 460.739 1186.408 -1 -1 -1 -1000 -1000 -1000 -10 0.00105021
Car -1 -1 -10 0.000 576.390 72.499 662.820 -1 -1 -1 -1000 -1000 -1000 -10 0.00103778
Car -1 -1 -10 0.000 582.579 62.529 655.488 -1 -1 -1 -1000 -1000 -1000 -10 0.00102455
Car -1 -1 -10 374.553 577.764 515.707 1188.806 -1 -1 -1 -1000 -1000 -1000 -10 0.00179647
Car -1 -1 -10 299.563 624.138 682.155 1194.536 -1 -1 -1 -1000 -1000 -1000 -10 0.00195681
Car -1 -1 -10 0.000 967.531 291.370 1200.000 -1 -1 -1 -1000 -1000 -1000 -10 0.00283661
Car -1 -1 -10 1584.976 409.358 1918.610 758.096 -1 -1 -1 -1000 -1000 -1000 -10 0.00098055
Car -1 -1 -10 0.000 1020.857 245.503 1200.000 -1 -1 -1 -1000 -1000 -1000 -10 0.00096663
Car -1 -1 -10 1819.948 533.575 1897.591 604.604 -1 -1 -1 -1000 -1000 -1000 -10 0.00094017
Car -1 -1 -10 22.196 710.644 239.210 1197.693 -1 -1 -1 -1000 -1000 -1000 -10 0.00092280
Car -1 -1 -10 1515.733 457.184 1798.994 618.390 -1 -1 -1 -1000 -1000 -1000 -10 0.00089855
Car -1 -1 -10 1497.021 514.490 1649.095 616.434 -1 -1 -1 -1000 -1000 -1000 -10 0.00089185
Car -1 -1 -10 979.720 601.131 1107.507 1190.822 -1 -1 -1 -1000 -1000 -1000 -10 0.00088601
Car -1 -1 -10 197.559 579.185 303.732 659.577 -1 -1 -1 -1000 -1000 -1000 -10 0.00086094
Car -1 -1 -10 150.552 431.034 219.944 820.955 -1 -1 -1 -1000 -1000 -1000 -10 0.00083647
Car -1 -1 -10 1636.729 473.648 1902.217 643.054 -1 -1 -1 -1000 -1000 -1000 -10 0.00083454
Car -1 -1 -10 1582.369 567.673 1636.066 621.681 -1 -1 -1 -1000 -1000 -1000 -10 0.00083197
Car -1 -1 -10 0.000 1066.858 195.479 1200.000 -1 -1 -1 -1000 -1000 -1000 -10 0.00082264
Car -1 -1 -10 414.948 555.874 565.902 1191.523 -1 -1 -1 -1000 -1000 -1000 -10 0.00082025
Car -1 -1 -10 199.360 536.560 349.832 1200.000 -1 -1 -1 -1000 -1000 -1000 -10 0.00076283
Car -1 -1 -10 1505.795 465.754 1920.000 1035.333 -1 -1 -1 -1000 -1000 -1000 -10 0.00076058
