Car -1 -1 -10 572.334 12.725 1920.000 1178.243 -1 -1 -1 -1000 -1000 -1000 -10 0.00731017
Car -1 -1 -10 448.338 519.335 1784.850 1200.000 -1 -1 -1 -1000 -1000 -1000 -10 0.00943772
Car -1 -1 -10 828.247 488.809 1920.000 1200.000 -1 -1 -1 -1000 -1000 -1000 -10 0.01008240
Car -1 -1 -10 1209.493 136.645 1920.000 1200.000 -1 -1 -1 -1000 -1000 -1000 -10 0.00619211
Car -1 -1 -10 1003.350 512.234 1580.430 883.082 -1 -1 -1 -1000 -1000 -1000 -10 0.00502922
Car -1 -1 -10 1117.037 567.032 1764.318 951.145 -1 -1 -1 -1000 -1000 -1000 -10 0.00883877
Car -1 -1 -10 1418.440 204.868 1920.000 1200.000 -1 -1 -1 -1000 -1000 -1000 -10 0.00293453
Car -1 -1 -10 1113.873 540.028 1886.358 1200.000 -1 -1 -1 -1000 -1000 -1000 -10 0.00269292
Car -1 -1 -10 1266.662 376.724 1920.000 1110.032 -1 -1 -1 -1000 -1000 -1000 -10 0.00239813
Car -1 -1 -10 1111.110 541.921 1593.046 815.153 -1 -1 -1 -1000 -1000 -1000 -10 0.00239383
Car -1 -1 -10 1346.939 437.539 1916.016 859.875 -1 -1 -1 -1000 -1000 -1000 -10 0.00865912
Car -1 -1 -10 1133.752 398.025 1680.207 1169.259 -1 -1 -1 -1000 -1000 -1000 -10 0.00211505
Car -1 -1 -10 1231.173 707.961 1662.713 943.733 -1 -1 -1 -1000 -1000 -1000 -10 0.00207982
Car -1 -1 -10 1192.246 546.772 1867.258 955.893 -1 -1 -1 -1000 -1000 -1000 -10 0.00205752
Car -1 -1 -10 964.888 453.700 1626.960 842.354 -1 -1 -1 -1000 -1000 -1000 -10 0.00198780
Car -1 -1 -10 1025.300 380.168 1595.107 757.839 -1 -1 -1 -1000 -1000 -1000 -10 0.00196908
Car -1 -1 -10 1015.250 392.400 1550.395 1171.685 -1 -1 -1 -1000 -1000 -1000 -10 0.00195373
Car -1 -1 -10 1495.792 476.537 1920.000 774.707 -1 -1 -1 -1000 -1000 -1000 -10 0.00187104
Car -1 -1 -10 880.103 785.239 1743.570 1200.000 -1 -1 -1 -1000 -1000 -1000 -10 0.00186284
Car -1 -1 -10 1224.153 377.729 1769.932 1183.969 -1 -1 -1 -1000 -1000 -1000 -10 0.00176261
Car -1 -1 -10 1020.895 575.131 1537.116 1122.042 -1 -1 -1 -1000 -1000 -1000 -10 0.00173206
