Car -1 -1 -10 339.454 567.711 1539.130 1183.088 -1 -1 -1 -1000 -1000 -1000 -10 0.02728921
Car -1 -1 -10 131.479 557.706 1313.000 1194.147 -1 -1 -1 -1000 -1000 -1000 -10 0.00683859
Car -1 -1 -10 267.931 766.257 1111.599 1180.774 -1 -1 -1 -1000 -1000 -1000 -10 0.00763025
Car -1 -1 -10 0.000 707.509 742.964 1200.000 -1 -1 -1 -1000 -1000 -1000 -10 0.00454818
Car -1 -1 -10 363.813 718.667 1082.315 1199.441 -1 -1 -1 -1000 -1000 -1000 -10 0.00165633
Car -1 -1 -10 434.847 794.617 786.719 1196.818 -1 -1 -1 -1000 -1000 -1000 -10 0.00392251
Car -1 -1 -10 398.507 1048.574 812.718 1200.000 -1 -1 -1 -1000 -1000 -1000 -10 0.00511649
Car -1 -1 -10 0.000 803.328 462.167 1200.000 -1 -1 -1 -1000 -1000 -1000 -10 0.00294644
Car -1 -1 -10 527.386 810.975 696.910 1199.593 -1 -1 -1 -1000 -1000 -1000 -10 0.00506674
Car -1 -1 -10 489.349 1105.734 735.431 1200.000 -1 -1 -1 -1000 -1000 -1000 -10 0.00353258
Car -1 -1 -10 477.236 650.714 651.430 1188.412 -1 -1 -1 -1000 -1000 -1000 -10 0.00204255
Car -1 -1 -10 706.513 639.057 983.127 1200.000 -1 -1 -1 -1000 -1000 -1000 -10 0.00115963
Car -1 -1 -10 664.766 257.681 967.998 1199.928 -1 -1 -1 -1000 -1000 -1000 -10 0.00209737
Car -1 -1 -10 380.379 647.303 555.534 1189.432 -1 -1 -1 -1000 -1000 -1000 -10 0.00113017
Car -1 -1 -10 613.985 647.291 880.820 1200.000 -1 -1 -1 -1000 -1000 -1000 -10 0.00112278
Car -1 -1 -10 564.682 639.854 837.672 1200.000 -1 -1 -1 -1000 -1000 -1000 -10 0.00110156
Car -1 -1 -10 34.507 781.969 866.261 1184.858 -1 -1 -1 -1000 -1000 -1000 -10 0.00110054
Car -1 -1 -10 564.052 707.023 1246.564 1200.000 -1 -1 -1 -1000 -1000 -1000 -10 0.00108902
Car -1 -1 -10 518.031 1105.211 695.353 1200.000 -1 -1 -1 -1000 -1000 -1000 -10 0.00108235
Car -1 -1 -10 0.000 570.008 354.392 1200.000 -1 -1 -1 -1000 -1000 -1000 -10 0.00107121
Car -1 -1 -10 1574.475 573.409 1920.000 1200.000 -1 -1 -1 -1000 -1000 -1000 -10 0.00106960
Car -1 -1 -10 336.980 830.546 645.838 1200.000 -1 -1 -1 -1000 -1000 -1000 -10 0.00105820
Car -1 -1 -10 389.294 924.336 834.306 1200.000 -1 -1 -1 -1000 -1000 -1000 -10 0.00104623
Car -1 -1 -10 461.028 824.323 620.806 1200.000 -1 -1 -1 -1000 -1000 -1000 -10 0.00104107
Car -1 -1 -10 566.157 1081.004 627.642 1200.000 -1 -1 -1 -1000 -1000 -1000 -10 0.00103555
Car -1 -1 -10 676.346 821.941 834.657 1200.000 -1 -1 -1 -1000 -1000 -1000 -10 0.00101680
Car -1 -1 -10 605.007 819.923 764.776 1200.000 -1 -1 -1 -1000 -1000 -1000 -10 0.00100933
Car -1 -1 -10 389.054 822.903 549.187 1200.000 -1 -1 -1 -1000 -1000 -1000 -10 0.00098662
Car -1 -1 -10 578.308 833.244 887.234 1200.000 -1 -1 -1 -1000 -1000 -1000 -10 0.00098023
Car -1 -1 -10 501.649 927.580 1132.213 1200.000 -1 -1 -1 -1000 -1000 -1000 -10 0.00194876
Car -1 -1 -10 751.479 588.497 903.039 1200.000 -1 -1 -1 -1000 -1000 -1000 -10 0.00097076
Car -1 -1 -10 596.813 1080.698 657.903 1200.000 -1 -1 -1 -1000 -1000 -1000 -10 0.00096286
Car -1 -1 -10 796.609 821.643 955.915 1200.000 -1 -1 -1 -1000 -1000 -1000 -10 0.00180827
Car -1 -1 -10 805.386 626.311 999.766 1200.000 -1 -1 -1 -1000 -1000 -1000 -10 0.00094431
Car -1 -1 -10 612.820 1105.129 855.814 1200.000 -1 -1 -1 -1000 -1000 -1000 -10 0.00093686
Car -1 -1 -10 654.644 648.300 921.471 1200.000 -1 -1 -1 -1000 -1000 -1000 -10 0.00091631
Car -1 -1 -10 690.702 741.650 819.563 1200.000 -1 -1 -1 -1000 -1000 -1000 -10 0.00090671
Car -1 -1 -10 729.239 580.580 879.157 1189.933 -1 -1 -1 -1000 -1000 -1000 -10 0.00090551
Car -1 -1 -10 1455.776 630.399 1918.843 1006.770 -1 -1 -1 -1000 -1000 -1000 -10 0.00090419
Car -1 -1 -10 553.783 1053.534 967.560 1200.000 -1 -1 -1 -1000 -1000 -1000 -10 0.00174974
Car -1 -1 -10 644.434 747.938 770.392 1200.000 -1 -1 -1 -1000 -1000 -1000 -10 0.00088899
Car -1 -1 -10 552.013 1074.643 684.854 1200.000 -1 -1 -1 -1000 -1000 -1000 -10 0.00088360
Car -1 -1 -10 595.816 748.893 722.527 1200.000 -1 -1 -1 -1000 -1000 -1000 -10 0.00087919
Car -1 -1 -10 513.761 848.906 1350.375 1200.000 -1 -1 -1 -1000 -1000 -1000 -10 0.00087591
Car -1 -1 -10 662.841 1103.887 837.373 1200.000 -1 -1 -1 -1000 -1000 -1000 -10 0.00087206
Car -1 -1 -10 573.180 654.033 747.156 1189.371 -1 -1 -1 -1000 -1000 -1000 -10 0.00086871
Car -1 -1 -10 666.866 1158.257 705.272 1200.000 -1 -1 -1 -1000 -1000 -1000 -10 0.00086300
Car -1 -1 -10 499.634 746.379 626.561 1200.000 -1 -1 -1 -1000 -1000 -1000 -10 0.00084214
Car -1 -1 -10 508.916 522.798 878.120 1200.000 -1 -1 -1 -1000 -1000 -1000 -10 0.00082573
Car -1 -1 -10 22.351 735.620 146.806 1200.000 -1 -1 -1 -1000 -1000 -1000 -10 0.00082435
