Car -1 -1 -10 25.021 696.016 264.662 1199.215 -1 -1 -1 -1000 -1000 -1000 -10 0.00479234
Car -1 -1 -10 0.000 815.659 451.137 1200.000 -1 -1 -1 -1000 -1000 -1000 -10 0.00797909
Car -1 -1 -10 12.783 609.008 209.477 1197.620 -1 -1 -1 -1000 -1000 -1000 -10 0.00170597
Car -1 -1 -10 2.974 1060.271 329.688 1200.000 -1 -1 -1 -1000 -1000 -1000 -10 0.00157751
Car -1 -1 -10 0.000 936.847 321.405 1200.000 -1 -1 -1 -1000 -1000 -1000 -10 0.00299171
Car -1 -1 -10 0.344 1019.809 269.319 1200.000 -1 -1 -1 -1000 -1000 -1000 -10 0.00150860
Car -1 -1 -10 0.000 950.566 212.153 1200.000 -1 -1 -1 -1000 -1000 -1000 -10 0.00137693
Car -1 -1 -10 1466.854 799.373 1920.000 1199.139 -1 -1 -1 -1000 -1000 -1000 -10 0.00250320
Car -1 -1 -10 0.000 1108.429 90.323 1200.000 -1 -1 -1 -1000 -1000 -1000 -10 0.00123288
Car -1 -1 -10 10.663 1107.439 240.539 1200.000 -1 -1 -1 -1000 -1000 -1000 -10 0.00121338
Car -1 -1 -10 0.000 1105.360 49.273 1200.000 -1 -1 -1 -1000 -1000 -1000 -10 0.00110126
Car -1 -1 -10 208.145 654.123 393.057 1192.704 -1 -1 -1 -1000 -1000 -1000 -10 0.00109301
Car -1 -1 -10 0.000 1058.713 201.070 1200.000 -1 -1 -1 -1000 -1000 -1000 -10 0.00107578
Car -1 -1 -10 87.246 646.709 273.703 1195.089 -1 -1 -1 -1000 -1000 -1000 -10 0.00106482
Car -1 -1 -10 0.078 1110.808 123.841 1200.000 -1 -1 -1 -1000 -1000 -1000 -10 0.00207820
Car -1 -1 -10 63.735 1004.811 162.196 1200.000 -1 -1 -1 -1000 -1000 -1000 -10 0.00103735
Car -1 -1 -10 278.125 646.941 465.943 1187.772 -1 -1 -1 -1000 -1000 -1000 -10 0.00095880
Car -1 -1 -10 225.237 587.834 376.888 1198.931 -1 -1 -1 -1000 -1000 -1000 -10 0.00083614
