Car -1 -1 -10 502.024 544.577 675.884 707.571 -1 -1 -1 -1000 -1000 -1000 -10 0.99978745
Car -1 -1 -10 0.000 713.397 596.926 1174.057 -1 -1 -1 -1000 -1000 -1000 -10 0.00519599
Car -1 -1 -10 342.917 492.288 1596.987 1199.664 -1 -1 -1 -1000 -1000 -1000 -10 0.01050348
Car -1 -1 -10 191.832 542.449 351.287 633.204 -1 -1 -1 -1000 -1000 -1000 -10 0.00460452
Car -1 -1 -10 0.000 802.137 466.779 1200.000 -1 -1 -1 -1000 -1000 -1000 -10 0.00469648
Car -1 -1 -10 0.000 534.657 804.220 1200.000 -1 -1 -1 -1000 -1000 -1000 -10 0.00844420
Car -1 -1 -10 0.000 748.202 274.496 1194.703 -1 -1 -1 -1000 -1000 -1000 -10 0.00188843
Car -1 -1 -10 17.034 185.961 312.791 1192.691 -1 -1 -1 -1000 -1000 -1000 -10 0.00182787
Car -1 -1 -10 115.701 409.111 410.425 1200.000 -1 -1 -1 -1000 -1000 -1000 -10 0.00342563
Car -1 -1 -10 0.144 890.567 406.979 1195.052 -1 -1 -1 -1000 -1000 -1000 -10 0.00166793
Car -1 -1 -10 54.554 608.532 207.337 1200.000 -1 -1 -1 -1000 -1000 -1000 -10 0.00426059
Car -1 -1 -10 0.000 554.137 346.838 1200.000 -1 -1 -1 -1000 -1000 -1000 -10 0.00164870
Car -1 -1 -10 826.868 669.841 1025.697 1191.428 -1 -1 -1 -1000 -1000 -1000 -10 0.00273376
Car -1 -1 -10 901.544 678.831 1113.925 1184.436 -1 -1 -1 -1000 -1000 -1000 -10 0.00301228
Car -1 -1 -10 702.653 820.556 1330.228 1192.786 -1 -1 -1 -1000 -1000 -1000 -10 0.00268550
Car -1 -1 -10 125.271 788.706 753.356 1192.696 -1 -1 -1 -1000 -1000 -1000 -10 0.00149545
Car -1 -1 -10 339.669 659.722 557.336 1188.240 -1 -1 -1 -1000 -1000 -1000 -10 0.00149037
Car -1 -1 -10 206.635 649.792 394.350 1191.680 -1 -1 -1 -1000 -1000 -1000 -10 0.00145941
Car -1 -1 -10 2.223 414.064 496.936 1182.572 -1 -1 -1 -1000 -1000 -1000 -10 0.00143141
Car -1 -1 -10 0.000 1156.139 31.738 1200.000 -1 -1 -1 -1000 -1000 -1000 -10 0.00142410
Car -1 -1 -10 0.000 957.355 304.152 1200.000 -1 -1 -1 -1000 -1000 -1000 -10 0.00273237
Car -1 -1 -10 249.861 626.897 438.239 1191.409 -1 -1 -1 -1000 -1000 -1000 -10 0.00137366
Car -1 -1 -10 154.688 540.815 303.482 1200.000 -1 -1 -1 -1000 -1000 -1000 -10 0.00136608
Car -1 -1 -10 200.396 531.922 350.813 1200.000 -1 -1 -1 -1000 -1000 -1000 -10 0.00134785
Car -1 -1 -10 0.000 1019.596 243.763 1200.000 -1 -1 -1 -1000 -1000 -1000 -10 0.00134210
Car -1 -1 -10 84.026 851.158 536.093 1098.062 -1 -1 -1 -1000 -1000 -1000 -10 0.00134120
Car -1 -1 -10 0.000 1109.478 123.891 1200.000 -1 -1 -1 -1000 -1000 -1000 -10 0.00132681
Car -1 -1 -10 44.938 353.176 388.412 1200.000 -1 -1 -1 -1000 -1000 -1000 -10 0.00131931
Car -1 -1 -10 178.070 913.991 334.733 1012.567 -1 -1 -1 -1000 -1000 -1000 -10 0.00128299
Car -1 -1 -10 225.396 589.661 375.628 1196.996 -1 -1 -1 -1000 -1000 -1000 -10 0.00124653
Car -1 -1 -10 575.596 548.029 686.245 663.738 -1 -1 -1 -1000 -1000 -1000 -10 0.00118030
Car -1 -1 -10 115.493 577.491 508.361 1179.123 -1 -1 -1 -1000 -1000 -1000 -10 0.00117297
Car -1 -1 -10 920.496 641.814 1072.006 1197.221 -1 -1 -1 -1000 -1000 -1000 -10 0.00113673
