Car -1 -1 -10 4.418 13.848 1496.349 1140.117 -1 -1 -1 -1000 -1000 -1000 -10 0.02471213
Car -1 -1 -10 241.937 14.218 1920.000 1156.417 -1 -1 -1 -1000 -1000 -1000 -10 0.02161718
Car -1 -1 -10 0.000 13.974 1039.418 1117.905 -1 -1 -1 -1000 -1000 -1000 -10 0.00949393
Car -1 -1 -10 0.000 94.349 939.497 907.117 -1 -1 -1 -1000 -1000 -1000 -10 0.01201813
Car -1 -1 -10 796.737 1.180 1920.000 1156.392 -1 -1 -1 -1000 -1000 -1000 -10 0.01719539
Car -1 -1 -10 0.000 500.339 1104.984 1200.000 -1 -1 -1 -1000 -1000 -1000 -10 0.02943763
Car -1 -1 -10 899.181 365.706 1600.856 751.299 -1 -1 -1 -1000 -1000 -1000 -10 0.01353604
Car -1 -1 -10 11.606 371.692 995.550 896.306 -1 -1 -1 -1000 -1000 -1000 -10 0.01045261
Car -1 -1 -10 866.843 297.627 1815.564 800.581 -1 -1 -1 -1000 -1000 -1000 -10 0.00570595
Car -1 -1 -10 1020.434 265.961 1708.119 643.130 -1 -1 -1 -1000 -1000 -1000 -10 0.01001346
Car -1 -1 -10 670.880 313.766 1660.455 1117.604 -1 -1 -1 -1000 -1000 -1000 -10 0.00541586
Car -1 -1 -10 575.156 0.617 1834.653 682.274 -1 -1 -1 -1000 -1000 -1000 -10 0.02074202
Car -1 -1 -10 1066.743 393.222 1547.719 657.633 -1 -1 -1 -1000 -1000 -1000 -10 0.00525268
Car -1 -1 -10 390.454 101.999 1445.288 920.728 -1 -1 -1 -1000 -1000 -1000 -10 0.00975124
Car -1 -1 -10 177.289 470.183 1521.030 1200.000 -1 -1 -1 -1000 -1000 -1000 -10 0.00964628
Car -1 -1 -10 223.767 350.170 922.973 758.077 -1 -1 -1 -1000 -1000 -1000 -10 0.00847022
Car -1 -1 -10 1065.289 333.856 1612.960 634.389 -1 -1 -1 -1000 -1000 -1000 -10 0.00489555
Car -1 -1 -10 348.964 378.742 823.246 664.777 -1 -1 -1 -1000 -1000 -1000 -10 0.00457163
Car -1 -1 -10 229.415 234.261 950.513 691.390 -1 -1 -1 -1000 -1000 -1000 -10 0.00435192
Car -1 -1 -10 377.104 442.801 593.154 582.048 -1 -1 -1 -1000 -1000 -1000 -10 0.00431615
Car -1 -1 -10 51.387 458.068 925.712 994.639 -1 -1 -1 -1000 -1000 -1000 -10 0.00425970
Car -1 -1 -10 449.500 422.417 737.335 596.987 -1 -1 -1 -1000 -1000 -1000 -10 0.00420758
Car -1 -1 -10 298.134 404.676 646.081 617.995 -1 -1 -1 -1000 -1000 -1000 -10 0.00407228
Car -1 -1 -10 1028.354 185.448 1630.285 552.639 -1 -1 -1 -1000 -1000 -1000 -10 0.00403623
Car -1 -1 -10 474.345 126.361 605.214 860.783 -1 -1 -1 -1000 -1000 -1000 -10 0.00397092
Car -1 -1 -10 497.321 352.167 1186.378 748.328 -1 -1 -1 -1000 -1000 -1000 -10 0.01095597
Car -1 -1 -10 923.067 143.724 1610.311 568.286 -1 -1 -1 -1000 -1000 -1000 -10 0.00752466
Car -1 -1 -10 1167.615 5.250 1508.149 645.547 -1 -1 -1 -1000 -1000 -1000 -10 0.00383753
Car -1 -1 -10 425.383 185.073 556.932 920.427 -1 -1 -1 -1000 -1000 -1000 -10 0.00381056
Car -1 -1 -10 633.029 468.729 1920.000 1200.000 -1 -1 -1 -1000 -1000 -1000 -10 0.00715212
Car -1 -1 -10 466.813 28.302 726.524 1098.753 -1 -1 -1 -1000 -1000 -1000 -10 0.00371585
Car -1 -1 -10 1201.261 267.621 1621.027 496.257 -1 -1 -1 -1000 -1000 -1000 -10 0.00370556
Car -1 -1 -10 252.135 387.984 707.965 655.800 -1 -1 -1 -1000 -1000 -1000 -10 0.01027897
Car -1 -1 -10 771.187 256.134 1446.836 654.978 -1 -1 -1 -1000 -1000 -1000 -10 0.00365878
Car -1 -1 -10 1043.461 456.815 1728.706 836.470 -1 -1 -1 -1000 -1000 -1000 -10 0.00362587
Car -1 -1 -10 1259.164 162.300 1911.089 554.942 -1 -1 -1 -1000 -1000 -1000 -10 0.00355196
Car -1 -1 -10 1227.815 441.276 1391.537 534.119 -1 -1 -1 -1000 -1000 -1000 -10 0.00353408
Car -1 -1 -10 1106.732 14.906 1651.382 1017.534 -1 -1 -1 -1000 -1000 -1000 -10 0.00348865
Car -1 -1 -10 1123.653 363.735 1555.737 593.709 -1 -1 -1 -1000 -1000 -1000 -10 0.00331655
Car -1 -1 -10 824.720 125.768 1540.968 580.987 -1 -1 -1 -1000 -1000 -1000 -10 0.00323699
Car -1 -1 -10 279.244 55.048 576.433 1196.012 -1 -1 -1 -1000 -1000 -1000 -10 0.00314735
Car -1 -1 -10 662.154 264.329 1347.594 654.497 -1 -1 -1 -1000 -1000 -1000 -10 0.00309306
Car -1 -1 -10 0.000 729.844 612.238 1177.917 -1 -1 -1 -1000 -1000 -1000 -10 0.00294105
