Car -1 -1 -10 6.839 622.585 227.799 740.870 -1 -1 -1 -1000 -1000 -1000 -10 0.31246205
Car -1 -1 -10 455.770 502.808 1452.116 1195.233 -1 -1 -1 -1000 -1000 -1000 -10 0.30875105
Car -1 -1 -10 1363.859 306.509 1918.177 1183.596 -1 -1 -1 -1000 -1000 -1000 -10 0.16609404
Car -1 -1 -10 261.299 521.834 996.223 1002.125 -1 -1 -1 -1000 -1000 -1000 -10 0.09939897
Car -1 -1 -10 5.997 632.391 173.592 734.467 -1 -1 -1 -1000 -1000 -1000 -10 0.03097186
Car -1 -1 -10 0.000 563.402 972.756 1174.763 -1 -1 -1 -1000 -1000 -1000 -10 0.04317030
Car -1 -1 -10 331.600 551.881 895.348 968.120 -1 -1 -1 -1000 -1000 -1000 -10 0.01374328
Car -1 -1 -10 860.599 514.535 1281.900 1192.314 -1 -1 -1 -1000 -1000 -1000 -10 0.02357810
Car -1 -1 -10 10.725 790.469 590.972 1190.850 -1 -1 -1 -1000 -1000 -1000 -10 0.02445077
Car -1 -1 -10 1442.963 770.774 1920.000 1200.000 -1 -1 -1 -1000 -1000 -1000 -10 0.00558813
Car -1 -1 -10 639.932 538.735 1326.133 973.033 -1 -1 -1 -1000 -1000 -1000 -10 0.00545762
Car -1 -1 -10 1.775 682.428 516.477 1197.561 -1 -1 -1 -1000 -1000 -1000 -10 0.00452420
Car -1 -1 -10 743.676 647.118 1290.863 1200.000 -1 -1 -1 -1000 -1000 -1000 -10 0.00444935
Car -1 -1 -10 76.190 636.458 242.340 733.284 -1 -1 -1 -1000 -1000 -1000 -10 0.00428068
Car -1 -1 -10 277.704 692.571 973.848 1196.229 -1 -1 -1 -1000 -1000 -1000 -10 0.00413787
Car -1 -1 -10 662.326 772.746 1346.303 1200.000 -1 -1 -1 -1000 -1000 -1000 -10 0.00403689
Car -1 -1 -10 327.328 649.697 879.075 1200.000 -1 -1 -1 -1000 -1000 -1000 -10 0.00390271
