Car -1 -1 -10 1413.203 529.374 1918.750 994.264 -1 -1 -1 -1000 -1000 -1000 -10 0.00673222
Car -1 -1 -10 1680.843 651.516 1919.815 989.032 -1 -1 -1 -1000 -1000 -1000 -10 0.00453527
Car -1 -1 -10 1044.627 526.131 1912.323 1199.679 -1 -1 -1 -1000 -1000 -1000 -10 0.00770813
Car -1 -1 -10 1778.047 715.298 1919.761 813.132 -1 -1 -1 -1000 -1000 -1000 -10 0.00344068
Car -1 -1 -10 1598.608 581.239 1919.278 879.309 -1 -1 -1 -1000 -1000 -1000 -10 0.00462469
Car -1 -1 -10 1211.107 633.052 1831.118 1008.413 -1 -1 -1 -1000 -1000 -1000 -10 0.00163385
Car -1 -1 -10 1270.082 552.422 1909.428 956.834 -1 -1 -1 -1000 -1000 -1000 -10 0.00160186
Car -1 -1 -10 1660.810 629.936 1920.000 796.507 -1 -1 -1 -1000 -1000 -1000 -10 0.00131395
Car -1 -1 -10 1297.635 637.586 1795.608 911.998 -1 -1 -1 -1000 -1000 -1000 -10 0.00129224
Car -1 -1 -10 1746.458 715.495 1902.896 813.032 -1 -1 -1 -1000 -1000 -1000 -10 0.00121958
Car -1 -1 -10 1146.994 491.537 1758.382 861.344 -1 -1 -1 -1000 -1000 -1000 -10 0.00119250
Car -1 -1 -10 1508.762 658.547 1912.182 996.056 -1 -1 -1 -1000 -1000 -1000 -10 0.00111551
Car -1 -1 -10 1473.449 800.345 1920.000 1200.000 -1 -1 -1 -1000 -1000 -1000 -10 0.00212601
Car -1 -1 -10 1570.143 707.423 1913.454 953.111 -1 -1 -1 -1000 -1000 -1000 -10 0.00109702
Car -1 -1 -10 1544.098 488.760 1916.869 768.069 -1 -1 -1 -1000 -1000 -1000 -10 0.00108996
Car -1 -1 -10 1697.200 654.456 1920.000 816.013 -1 -1 -1 -1000 -1000 -1000 -10 0.00200075
Car -1 -1 -10 1377.595 531.232 1725.206 1149.015 -1 -1 -1 -1000 -1000 -1000 -10 0.00099966
Car -1 -1 -10 1361.888 409.921 1867.208 1200.000 -1 -1 -1 -1000 -1000 -1000 -10 0.00090072
Car -1 -1 -10 1758.134 691.055 1873.719 794.711 -1 -1 -1 -1000 -1000 -1000 -10 0.00088536
