Car -1 -1 -10 789.834 569.540 949.766 674.610 -1 -1 -1 -1000 -1000 -1000 -10 0.99941623
Car -1 -1 -10 620.561 597.088 682.719 642.825 -1 -1 -1 -1000 -1000 -1000 -10 0.15894491
Car -1 -1 -10 913.332 580.562 1055.688 660.544 -1 -1 -1 -1000 -1000 -1000 -10 0.06631009
Car -1 -1 -10 494.406 587.388 546.900 635.824 -1 -1 -1 -1000 -1000 -1000 -10 0.07458515
Car -1 -1 -10 890.276 586.998 994.695 670.029 -1 -1 -1 -1000 -1000 -1000 -10 0.04410494
Car -1 -1 -10 912.988 586.741 1063.885 676.624 -1 -1 -1 -1000 -1000 -1000 -10 0.01958225
Car -1 -1 -10 863.078 1069.261 1199.290 1199.026 -1 -1 -1 -1000 -1000 -1000 -10 0.02563100
Car -1 -1 -10 0.000 513.197 985.443 1197.022 -1 -1 -1 -1000 -1000 -1000 -10 0.01845133
Car -1 -1 -10 549.793 1069.382 893.560 1199.235 -1 -1 -1 -1000 -1000 -1000 -10 0.01096213
Car -1 -1 -10 671.845 1057.809 1070.062 1200.000 -1 -1 -1 -1000 -1000 -1000 -10 0.01308589
Car -1 -1 -10 951.517 1085.587 1119.213 1190.418 -1 -1 -1 -1000 -1000 -1000 -10 0.01530843
Car -1 -1 -10 740.770 1002.562 1307.704 1200.000 -1 -1 -1 -1000 -1000 -1000 -10 0.01055001
Car -1 -1 -10 926.031 1066.678 1091.481 1165.946 -1 -1 -1 -1000 -1000 -1000 -10 0.00669820
Car -1 -1 -10 885.247 905.489 1179.555 1200.000 -1 -1 -1 -1000 -1000 -1000 -10 0.00637836
Car -1 -1 -10 847.803 849.484 1192.901 1189.210 -1 -1 -1 -1000 -1000 -1000 -10 0.00358324
Car -1 -1 -10 934.285 677.277 1106.619 1192.899 -1 -1 -1 -1000 -1000 -1000 -10 0.00654869
Car -1 -1 -10 528.066 1081.638 850.604 1200.000 -1 -1 -1 -1000 -1000 -1000 -10 0.00677062
Car -1 -1 -10 643.957 657.465 820.152 1194.186 -1 -1 -1 -1000 -1000 -1000 -10 0.00346368
Car -1 -1 -10 650.861 1078.645 973.956 1200.000 -1 -1 -1 -1000 -1000 -1000 -10 0.00340483
Car -1 -1 -10 732.486 805.539 1389.576 1200.000 -1 -1 -1 -1000 -1000 -1000 -10 0.00619009
Car -1 -1 -10 957.609 658.180 1130.991 1192.672 -1 -1 -1 -1000 -1000 -1000 -10 0.00587817
Car -1 -1 -10 183.446 696.711 423.963 1196.822 -1 -1 -1 -1000 -1000 -1000 -10 0.00318667
Car -1 -1 -10 738.073 1088.597 899.476 1190.479 -1 -1 -1 -1000 -1000 -1000 -10 0.00579133
Car -1 -1 -10 622.609 1098.728 805.514 1200.000 -1 -1 -1 -1000 -1000 -1000 -10 0.00569420
Car -1 -1 -10 444.779 1003.392 1011.336 1200.000 -1 -1 -1 -1000 -1000 -1000 -10 0.00313012
Car -1 -1 -10 11.652 787.561 656.306 1200.000 -1 -1 -1 -1000 -1000 -1000 -10 0.00593156
Car -1 -1 -10 563.768 890.344 857.227 1200.000 -1 -1 -1 -1000 -1000 -1000 -10 0.00300447
Car -1 -1 -10 304.875 668.265 523.321 1190.433 -1 -1 -1 -1000 -1000 -1000 -10 0.00295237
Car -1 -1 -10 789.461 666.702 962.118 1192.501 -1 -1 -1 -1000 -1000 -1000 -10 0.00288811
Car -1 -1 -10 605.615 592.710 805.977 1182.141 -1 -1 -1 -1000 -1000 -1000 -10 0.00282087
Car -1 -1 -10 891.618 1097.820 1067.754 1200.000 -1 -1 -1 -1000 -1000 -1000 -10 0.00280226
Car -1 -1 -10 794.335 1087.040 964.050 1190.173 -1 -1 -1 -1000 -1000 -1000 -10 0.00549738
Car -1 -1 -10 898.997 1085.053 1061.465 1189.272 -1 -1 -1 -1000 -1000 -1000 -10 0.00274961
Car -1 -1 -10 900.286 1065.814 1061.644 1165.796 -1 -1 -1 -1000 -1000 -1000 -10 0.00269160
Car -1 -1 -10 991.255 1022.281 1084.904 1200.000 -1 -1 -1 -1000 -1000 -1000 -10 0.00257516
Car -1 -1 -10 787.232 798.767 967.953 1200.000 -1 -1 -1 -1000 -1000 -1000 -10 0.00251535
