Car -1 -1 -10 318.500 548.215 613.638 742.434 -1 -1 -1 -1000 -1000 -1000 -10 0.99360186
Car -1 -1 -10 1250.090 515.405 1415.930 611.562 -1 -1 -1 -1000 -1000 -1000 -10 0.88046265
Car -1 -1 -10 1562.016 537.803 1710.936 629.704 -1 -1 -1 -1000 -1000 -1000 -10 0.46997947
Car -1 -1 -10 1589.016 520.905 1766.524 607.921 -1 -1 -1 -1000 -1000 -1000 -10 0.14472079
Car -1 -1 -10 210.252 530.567 341.615 653.672 -1 -1 -1 -1000 -1000 -1000 -10 0.15870404
Car -1 -1 -10 1678.582 517.972 1850.998 599.642 -1 -1 -1 -1000 -1000 -1000 -10 0.00808308
Car -1 -1 -10 190.006 541.625 265.364 619.102 -1 -1 -1 -1000 -1000 -1000 -10 0.00583948
Car -1 -1 -10 245.262 554.453 403.249 669.306 -1 -1 -1 -1000 -1000 -1000 -10 0.00457543
Car -1 -1 -10 281.048 552.262 465.413 721.388 -1 -1 -1 -1000 -1000 -1000 -10 0.00388145
Car -1 -1 -10 1752.228 520.056 1911.049 597.994 -1 -1 -1 -1000 -1000 -1000 -10 0.00339553
Car -1 -1 -10 231.210 543.445 313.635 622.802 -1 -1 -1 -1000 -1000 -1000 -10 0.00141940
Car -1 -1 -10 2.494 479.971 184.386 642.383 -1 -1 -1 -1000 -1000 -1000 -10 0.00254195
Car -1 -1 -10 0.000 0.000 442.318 325.320 -1 -1 -1 -1000 -1000 -1000 -10 0.00249291
Car -1 -1 -10 1453.836 810.775 1920.000 1200.000 -1 -1 -1 -1000 -1000 -1000 -10 0.00123772
Car -1 -1 -10 247.429 547.935 287.841 614.736 -1 -1 -1 -1000 -1000 -1000 -10 0.00120245
Car -1 -1 -10 0.000 0.000 294.934 212.937 -1 -1 -1 -1000 -1000 -1000 -10 0.00120006
