Car -1 -1 -10 530.086 444.465 1247.604 1188.465 -1 -1 -1 -1000 -1000 -1000 -10 0.44166949
Car -1 -1 -10 369.330 409.295 1432.025 1176.136 -1 -1 -1 -1000 -1000 -1000 -10 0.19433743
Car -1 -1 -10 257.398 396.898 852.501 1160.364 -1 -1 -1 -1000 -1000 -1000 -10 0.11153779
Car -1 -1 -10 217.522 462.079 973.456 1180.208 -1 -1 -1 -1000 -1000 -1000 -10 0.04315171
Car -1 -1 -10 45.311 435.828 1059.464 1197.610 -1 -1 -1 -1000 -1000 -1000 -10 0.04244647
Car -1 -1 -10 462.379 463.042 1208.739 941.451 -1 -1 -1 -1000 -1000 -1000 -10 0.01730062
Car -1 -1 -10 778.249 410.231 1224.594 1182.820 -1 -1 -1 -1000 -1000 -1000 -10 0.01209850
Car -1 -1 -10 286.942 245.538 583.249 1187.922 -1 -1 -1 -1000 -1000 -1000 -10 0.01622433
Car -1 -1 -10 624.505 483.646 1163.149 921.364 -1 -1 -1 -1000 -1000 -1000 -10 0.00576498
Car -1 -1 -10 227.525 442.420 930.807 915.833 -1 -1 -1 -1000 -1000 -1000 -10 0.00554595
Car -1 -1 -10 1207.064 575.700 1277.151 643.322 -1 -1 -1 -1000 -1000 -1000 -10 0.01058200
Car -1 -1 -10 854.996 254.852 1164.657 1184.646 -1 -1 -1 -1000 -1000 -1000 -10 0.00943886
Car -1 -1 -10 252.267 622.110 792.421 1197.382 -1 -1 -1 -1000 -1000 -1000 -10 0.00367995
Car -1 -1 -10 276.255 383.903 547.603 1183.085 -1 -1 -1 -1000 -1000 -1000 -10 0.00365708
