Car -1 -1 -10 477.411 542.224 701.709 727.864 -1 -1 -1 -1000 -1000 -1000 -10 0.99997151
Car -1 -1 -10 894.380 556.476 996.970 645.444 -1 -1 -1 -1000 -1000 -1000 -10 0.56848601
Car -1 -1 -10 0.000 805.530 521.328 1192.918 -1 -1 -1 -1000 -1000 -1000 -10 0.00556385
Car -1 -1 -10 564.716 550.389 691.000 680.554 -1 -1 -1 -1000 -1000 -1000 -10 0.00277388
Car -1 -1 -10 302.009 800.177 870.367 1190.392 -1 -1 -1 -1000 -1000 -1000 -10 0.00348677
Car -1 -1 -10 579.894 682.304 940.059 1195.443 -1 -1 -1 -1000 -1000 -1000 -10 0.00160680
Car -1 -1 -10 924.656 555.895 952.094 652.303 -1 -1 -1 -1000 -1000 -1000 -10 0.00137589
Car -1 -1 -10 567.256 731.318 789.545 1168.607 -1 -1 -1 -1000 -1000 -1000 -10 0.00193199
Car -1 -1 -10 252.547 675.314 443.383 1192.593 -1 -1 -1 -1000 -1000 -1000 -10 0.00208371
Car -1 -1 -10 157.868 692.724 347.780 1197.594 -1 -1 -1 -1000 -1000 -1000 -10 0.00110135
Car -1 -1 -10 528.458 648.820 723.494 1198.085 -1 -1 -1 -1000 -1000 -1000 -10 0.00215293
Car -1 -1 -10 626.330 836.028 844.358 1076.968 -1 -1 -1 -1000 -1000 -1000 -10 0.00107796
Car -1 -1 -10 135.129 674.035 322.611 1195.157 -1 -1 -1 -1000 -1000 -1000 -10 0.00094177
Car -1 -1 -10 922.897 515.036 968.418 675.855 -1 -1 -1 -1000 -1000 -1000 -10 0.00090294
Car -1 -1 -10 28.162 609.439 396.720 1200.000 -1 -1 -1 -1000 -1000 -1000 -10 0.00083651
Car -1 -1 -10 176.185 731.687 473.316 1200.000 -1 -1 -1 -1000 -1000 -1000 -10 0.00081782
Car -1 -1 -10 931.079 560.764 959.138 654.710 -1 -1 -1 -1000 -1000 -1000 -10 0.00077994
Car -1 -1 -10 900.494 576.523 966.796 632.950 -1 -1 -1 -1000 -1000 -1000 -10 0.00068872
Car -1 -1 -10 539.514 547.823 657.123 664.206 -1 -1 -1 -1000 -1000 -1000 -10 0.00065715
Car -1 -1 -10 535.109 591.116 693.293 1195.943 -1 -1 -1 -1000 -1000 -1000 -10 0.00063622
Car -1 -1 -10 929.917 559.430 973.606 629.129 -1 -1 -1 -1000 -1000 -1000 -10 0.00061411
Car -1 -1 -10 1481.183 801.788 1920.000 1200.000 -1 -1 -1 -1000 -1000 -1000 -10 0.00059266
Car -1 -1 -10 153.614 602.219 305.921 1198.160 -1 -1 -1 -1000 -1000 -1000 -10 0.00056909
