Car -1 -1 -10 314.768 547.064 553.785 700.470 -1 -1 -1 -1000 -1000 -1000 -10 0.99876764
Car -1 -1 -10 1298.360 549.951 1491.445 630.263 -1 -1 -1 -1000 -1000 -1000 -10 0.80904464
Car -1 -1 -10 1445.236 538.635 1627.999 624.551 -1 -1 -1 -1000 -1000 -1000 -10 0.72977510
Car -1 -1 -10 277.613 554.825 486.065 679.098 -1 -1 -1 -1000 -1000 -1000 -10 0.11464158
Car -1 -1 -10 699.180 552.142 866.952 635.153 -1 -1 -1 -1000 -1000 -1000 -10 0.13347086
Car -1 -1 -10 1607.895 554.453 1703.930 610.645 -1 -1 -1 -1000 -1000 -1000 -10 0.11166983
Car -1 -1 -10 887.259 569.701 937.605 616.332 -1 -1 -1 -1000 -1000 -1000 -10 0.07493945
Car -1 -1 -10 282.412 563.016 459.732 669.306 -1 -1 -1 -1000 -1000 -1000 -10 0.02630909
Car -1 -1 -10 1813.523 549.370 1919.454 620.428 -1 -1 -1 -1000 -1000 -1000 -10 0.01300791
Car -1 -1 -10 498.112 828.044 1124.081 1194.546 -1 -1 -1 -1000 -1000 -1000 -10 0.00904704
Car -1 -1 -10 1108.832 986.998 1658.818 1200.000 -1 -1 -1 -1000 -1000 -1000 -10 0.01264656
Car -1 -1 -10 750.452 756.803 1663.759 1195.803 -1 -1 -1 -1000 -1000 -1000 -10 0.00491503
Car -1 -1 -10 1206.976 849.775 1564.873 1193.082 -1 -1 -1 -1000 -1000 -1000 -10 0.00911557
Car -1 -1 -10 443.628 508.293 1639.009 1197.677 -1 -1 -1 -1000 -1000 -1000 -10 0.01507204
Car -1 -1 -10 0.000 781.657 507.474 1198.514 -1 -1 -1 -1000 -1000 -1000 -10 0.01420742
Car -1 -1 -10 925.992 857.722 1794.661 1200.000 -1 -1 -1 -1000 -1000 -1000 -10 0.00441239
Car -1 -1 -10 654.492 1031.924 1112.712 1200.000 -1 -1 -1 -1000 -1000 -1000 -10 0.00803869
Car -1 -1 -10 452.061 862.041 1326.961 1200.000 -1 -1 -1 -1000 -1000 -1000 -10 0.00718056
Car -1 -1 -10 1222.881 1028.813 1593.586 1193.197 -1 -1 -1 -1000 -1000 -1000 -10 0.00404598
Car -1 -1 -10 1067.787 833.484 1731.294 1195.828 -1 -1 -1 -1000 -1000 -1000 -10 0.00382655
Car -1 -1 -10 806.288 1042.803 1236.776 1200.000 -1 -1 -1 -1000 -1000 -1000 -10 0.00686148
Car -1 -1 -10 590.230 976.800 1143.119 1200.000 -1 -1 -1 -1000 -1000 -1000 -10 0.00658346
Car -1 -1 -10 1259.824 890.360 1555.216 1200.000 -1 -1 -1 -1000 -1000 -1000 -10 0.00335681
Car -1 -1 -10 1286.897 799.045 1896.690 1188.382 -1 -1 -1 -1000 -1000 -1000 -10 0.00625263
Car -1 -1 -10 967.512 801.646 1651.526 1200.000 -1 -1 -1 -1000 -1000 -1000 -10 0.00331581
Car -1 -1 -10 1375.108 547.067 1552.955 622.456 -1 -1 -1 -1000 -1000 -1000 -10 0.00317560
Car -1 -1 -10 846.680 840.313 1192.466 1192.313 -1 -1 -1 -1000 -1000 -1000 -10 0.00308715
Car -1 -1 -10 1214.153 858.692 1665.803 1101.453 -1 -1 -1 -1000 -1000 -1000 -10 0.00588464
Car -1 -1 -10 308.853 807.673 960.565 1188.977 -1 -1 -1 -1000 -1000 -1000 -10 0.00302275
Car -1 -1 -10 727.441 892.128 1022.138 1200.000 -1 -1 -1 -1000 -1000 -1000 -10 0.00574156
Car -1 -1 -10 612.495 876.342 912.144 1200.000 -1 -1 -1 -1000 -1000 -1000 -10 0.00274031
Car -1 -1 -10 1702.896 551.645 1790.482 608.555 -1 -1 -1 -1000 -1000 -1000 -10 0.00273163
Car -1 -1 -10 896.908 894.601 1189.058 1200.000 -1 -1 -1 -1000 -1000 -1000 -10 0.00272814
Car -1 -1 -10 1676.254 548.629 1834.565 614.019 -1 -1 -1 -1000 -1000 -1000 -10 0.00256820
Car -1 -1 -10 852.471 664.359 1393.439 1200.000 -1 -1 -1 -1000 -1000 -1000 -10 0.00243986
