Car -1 -1 -10 537.582 560.971 638.124 633.965 -1 -1 -1 -1000 -1000 -1000 -10 0.99779661
Car -1 -1 -10 1088.180 555.145 1230.651 659.392 -1 -1 -1 -1000 -1000 -1000 -10 0.99875590
Car -1 -1 -10 747.545 552.609 806.415 605.837 -1 -1 -1 -1000 -1000 -1000 -10 0.35094021
Car -1 -1 -10 0.000 550.910 781.766 1200.000 -1 -1 -1 -1000 -1000 -1000 -10 0.01967862
Car -1 -1 -10 732.450 488.866 1920.000 1200.000 -1 -1 -1 -1000 -1000 -1000 -10 0.01656279
Car -1 -1 -10 828.797 1040.952 1267.594 1200.000 -1 -1 -1 -1000 -1000 -1000 -10 0.01873626
Car -1 -1 -10 1751.417 509.553 1919.643 706.863 -1 -1 -1 -1000 -1000 -1000 -10 0.01428680
Car -1 -1 -10 568.676 984.837 1116.626 1200.000 -1 -1 -1 -1000 -1000 -1000 -10 0.00632127
Car -1 -1 -10 1773.203 458.330 1920.000 712.085 -1 -1 -1 -1000 -1000 -1000 -10 0.01083880
Car -1 -1 -10 662.678 1008.471 986.572 1200.000 -1 -1 -1 -1000 -1000 -1000 -10 0.00558468
Car -1 -1 -10 863.301 900.668 1171.741 1197.684 -1 -1 -1 -1000 -1000 -1000 -10 0.01082041
Car -1 -1 -10 961.431 1097.023 1229.341 1200.000 -1 -1 -1 -1000 -1000 -1000 -10 0.00879821
Car -1 -1 -10 656.565 817.831 1289.005 1196.116 -1 -1 -1 -1000 -1000 -1000 -10 0.00530330
Car -1 -1 -10 1045.600 491.411 1920.000 1200.000 -1 -1 -1 -1000 -1000 -1000 -10 0.01024537
Car -1 -1 -10 6.791 640.465 495.028 1194.158 -1 -1 -1 -1000 -1000 -1000 -10 0.01787022
Car -1 -1 -10 700.860 908.654 994.619 1199.616 -1 -1 -1 -1000 -1000 -1000 -10 0.00455893
Car -1 -1 -10 64.617 163.800 368.693 1186.040 -1 -1 -1 -1000 -1000 -1000 -10 0.00756410
Car -1 -1 -10 676.887 926.627 1381.418 1200.000 -1 -1 -1 -1000 -1000 -1000 -10 0.00399139
Car -1 -1 -10 683.532 1074.700 998.234 1200.000 -1 -1 -1 -1000 -1000 -1000 -10 0.00378484
Car -1 -1 -10 816.552 663.998 1332.304 1200.000 -1 -1 -1 -1000 -1000 -1000 -10 0.00369620
Car -1 -1 -10 935.746 1078.465 1267.623 1200.000 -1 -1 -1 -1000 -1000 -1000 -10 0.00354581
Car -1 -1 -10 1351.591 750.212 1691.205 1084.026 -1 -1 -1 -1000 -1000 -1000 -10 0.00347200
Car -1 -1 -10 1212.045 813.875 1876.176 1180.184 -1 -1 -1 -1000 -1000 -1000 -10 0.00337938
Car -1 -1 -10 654.482 831.718 1004.326 1192.838 -1 -1 -1 -1000 -1000 -1000 -10 0.00332673
