Car -1 -1 -10 903.729 604.722 981.415 667.824 -1 -1 -1 -1000 -1000 -1000 -10 0.85866088
Car -1 -1 -10 1413.534 518.345 1870.856 723.171 -1 -1 -1 -1000 -1000 -1000 -10 0.62112504
Car -1 -1 -10 167.909 532.401 735.143 934.810 -1 -1 -1 -1000 -1000 -1000 -10 0.07241300
Car -1 -1 -10 4.023 486.069 1096.504 1179.210 -1 -1 -1 -1000 -1000 -1000 -10 0.11912351
Car -1 -1 -10 180.413 618.083 242.997 668.242 -1 -1 -1 -1000 -1000 -1000 -10 0.05667058
Car -1 -1 -10 0.000 620.207 512.248 1200.000 -1 -1 -1 -1000 -1000 -1000 -10 0.01831603
Car -1 -1 -10 1752.731 550.468 1917.414 710.932 -1 -1 -1 -1000 -1000 -1000 -10 0.02091917
Car -1 -1 -10 1785.799 542.684 1920.000 640.452 -1 -1 -1 -1000 -1000 -1000 -10 0.01102939
Car -1 -1 -10 258.778 528.317 930.829 1003.599 -1 -1 -1 -1000 -1000 -1000 -10 0.01115968
Car -1 -1 -10 1594.737 535.979 1896.634 695.663 -1 -1 -1 -1000 -1000 -1000 -10 0.00841510
Car -1 -1 -10 574.009 250.310 868.538 1190.380 -1 -1 -1 -1000 -1000 -1000 -10 0.00931554
Car -1 -1 -10 1342.344 505.331 1684.934 720.227 -1 -1 -1 -1000 -1000 -1000 -10 0.00439204
Car -1 -1 -10 1359.042 501.026 1872.624 1021.974 -1 -1 -1 -1000 -1000 -1000 -10 0.00438061
Car -1 -1 -10 356.065 0.000 949.687 221.888 -1 -1 -1 -1000 -1000 -1000 -10 0.00428985
Car -1 -1 -10 178.302 973.439 734.149 1198.962 -1 -1 -1 -1000 -1000 -1000 -10 0.00750431
Car -1 -1 -10 467.249 3.694 851.300 367.266 -1 -1 -1 -1000 -1000 -1000 -10 0.00353127
Car -1 -1 -10 415.720 0.000 892.670 257.729 -1 -1 -1 -1000 -1000 -1000 -10 0.00330431
Car -1 -1 -10 518.911 590.887 857.027 941.934 -1 -1 -1 -1000 -1000 -1000 -10 0.00614689
Car -1 -1 -10 309.615 844.367 659.026 1195.343 -1 -1 -1 -1000 -1000 -1000 -10 0.00290560
Car -1 -1 -10 227.578 0.000 1116.291 316.004 -1 -1 -1 -1000 -1000 -1000 -10 0.00287645
Car -1 -1 -10 487.194 1.403 838.783 152.727 -1 -1 -1 -1000 -1000 -1000 -10 0.00281959
