Car -1 -1 -10 661.630 572.711 857.920 694.190 -1 -1 -1 -1000 -1000 -1000 -10 0.99990070
Car -1 -1 -10 354.206 581.034 526.964 713.334 -1 -1 -1 -1000 -1000 -1000 -10 0.99872354
Car -1 -1 -10 490.528 592.259 562.523 672.634 -1 -1 -1 -1000 -1000 -1000 -10 0.90767884
Car -1 -1 -10 171.734 612.658 306.524 717.564 -1 -1 -1 -1000 -1000 -1000 -10 0.96973482
Car -1 -1 -10 775.418 575.661 873.645 661.193 -1 -1 -1 -1000 -1000 -1000 -10 0.16216658
Car -1 -1 -10 231.094 625.344 334.117 709.708 -1 -1 -1 -1000 -1000 -1000 -10 0.04475854
Car -1 -1 -10 821.566 587.522 878.802 650.408 -1 -1 -1 -1000 -1000 -1000 -10 0.03089954
Car -1 -1 -10 439.315 590.099 548.324 694.180 -1 -1 -1 -1000 -1000 -1000 -10 0.02203702
Car -1 -1 -10 263.434 614.344 358.662 698.676 -1 -1 -1 -1000 -1000 -1000 -10 0.01151481
Car -1 -1 -10 551.815 583.945 619.937 656.491 -1 -1 -1 -1000 -1000 -1000 -10 0.00694618
Car -1 -1 -10 264.987 638.206 327.552 699.058 -1 -1 -1 -1000 -1000 -1000 -10 0.00266216
Car -1 -1 -10 651.349 572.541 764.454 685.600 -1 -1 -1 -1000 -1000 -1000 -10 0.00388494
Car -1 -1 -10 458.617 584.370 535.375 658.304 -1 -1 -1 -1000 -1000 -1000 -10 0.00221612
Car -1 -1 -10 836.063 584.360 906.772 653.009 -1 -1 -1 -1000 -1000 -1000 -10 0.00220842
Car -1 -1 -10 748.843 570.713 870.600 668.734 -1 -1 -1 -1000 -1000 -1000 -10 0.00383918
Car -1 -1 -10 0.000 559.143 353.770 1200.000 -1 -1 -1 -1000 -1000 -1000 -10 0.00189337
Car -1 -1 -10 0.000 793.213 447.205 1200.000 -1 -1 -1 -1000 -1000 -1000 -10 0.00166053
