Car -1 -1 -10 4.404 533.789 234.694 686.484 -1 -1 -1 -1000 -1000 -1000 -10 0.76894595
Car -1 -1 -10 1459.810 483.598 1920.000 770.054 -1 -1 -1 -1000 -1000 -1000 -10 0.51898683
Car -1 -1 -10 286.354 565.274 647.808 1200.000 -1 -1 -1 -1000 -1000 -1000 -10 0.01182847
Car -1 -1 -10 1369.401 509.940 1893.327 951.277 -1 -1 -1 -1000 -1000 -1000 -10 0.02239436
Car -1 -1 -10 0.000 613.447 721.871 1187.657 -1 -1 -1 -1000 -1000 -1000 -10 0.00910516
Car -1 -1 -10 0.000 545.984 930.626 1185.218 -1 -1 -1 -1000 -1000 -1000 -10 0.00802880
Car -1 -1 -10 960.752 618.195 1324.901 1188.655 -1 -1 -1 -1000 -1000 -1000 -10 0.00666838
Car -1 -1 -10 422.349 494.063 1530.087 1185.764 -1 -1 -1 -1000 -1000 -1000 -10 0.01656959
Car -1 -1 -10 1412.775 468.618 1716.097 727.449 -1 -1 -1 -1000 -1000 -1000 -10 0.00594890
Car -1 -1 -10 246.088 597.758 574.894 1191.499 -1 -1 -1 -1000 -1000 -1000 -10 0.00582758
