Car -1 -1 -10 516.434 604.489 668.275 728.068 -1 -1 -1 -1000 -1000 -1000 -10 0.99959184
Car -1 -1 -10 153.893 618.780 311.526 720.270 -1 -1 -1 -1000 -1000 -1000 -10 0.99981956
Car -1 -1 -10 663.843 590.601 877.546 767.105 -1 -1 -1 -1000 -1000 -1000 -10 0.99944459
Car -1 -1 -10 297.967 625.915 445.329 714.617 -1 -1 -1 -1000 -1000 -1000 -10 0.99393712
Car -1 -1 -10 53.081 624.331 213.262 718.979 -1 -1 -1 -1000 -1000 -1000 -10 0.98670867
Car -1 -1 -10 272.627 627.033 373.174 710.458 -1 -1 -1 -1000 -1000 -1000 -10 0.00685683
Car -1 -1 -10 61.211 789.625 679.923 1187.769 -1 -1 -1 -1000 -1000 -1000 -10 0.00352087
Car -1 -1 -10 0.000 612.418 495.508 1197.331 -1 -1 -1 -1000 -1000 -1000 -10 0.00986684
Car -1 -1 -10 134.342 625.225 239.641 712.088 -1 -1 -1 -1000 -1000 -1000 -10 0.00306365
Car -1 -1 -10 0.000 979.076 289.520 1200.000 -1 -1 -1 -1000 -1000 -1000 -10 0.00280687
Car -1 -1 -10 1765.868 533.903 1915.058 643.776 -1 -1 -1 -1000 -1000 -1000 -10 0.00275839
