Car -1 -1 -10 624.843 503.069 1796.863 1184.776 -1 -1 -1 -1000 -1000 -1000 -10 0.01362418
Car -1 -1 -10 539.395 609.065 692.824 714.816 -1 -1 -1 -1000 -1000 -1000 -10 0.00545966
Car -1 -1 -10 0.000 577.197 519.274 1184.754 -1 -1 -1 -1000 -1000 -1000 -10 0.00597249
Car -1 -1 -10 1174.306 525.704 1896.207 1200.000 -1 -1 -1 -1000 -1000 -1000 -10 0.00474569
Car -1 -1 -10 0.000 811.344 462.191 1200.000 -1 -1 -1 -1000 -1000 -1000 -10 0.00156938
Car -1 -1 -10 0.000 793.984 341.911 1200.000 -1 -1 -1 -1000 -1000 -1000 -10 0.00141221
Car -1 -1 -10 0.000 718.613 357.863 1146.650 -1 -1 -1 -1000 -1000 -1000 -10 0.00131620
Car -1 -1 -10 1057.544 243.064 1215.030 1129.456 -1 -1 -1 -1000 -1000 -1000 -10 0.00126953
Car -1 -1 -10 46.490 635.703 210.642 1196.686 -1 -1 -1 -1000 -1000 -1000 -10 0.00221301
Car -1 -1 -10 871.098 555.719 1366.108 810.394 -1 -1 -1 -1000 -1000 -1000 -10 0.00124786
Car -1 -1 -10 4.440 728.820 376.489 1031.475 -1 -1 -1 -1000 -1000 -1000 -10 0.00121717
Car -1 -1 -10 127.548 237.297 701.090 599.753 -1 -1 -1 -1000 -1000 -1000 -10 0.00118242
Car -1 -1 -10 967.742 446.174 1526.707 813.115 -1 -1 -1 -1000 -1000 -1000 -10 0.00115771
Car -1 -1 -10 1433.406 568.481 1920.000 1132.151 -1 -1 -1 -1000 -1000 -1000 -10 0.00113146
Car -1 -1 -10 637.710 1105.976 813.514 1200.000 -1 -1 -1 -1000 -1000 -1000 -10 0.00225681
Car -1 -1 -10 614.478 692.062 854.566 1200.000 -1 -1 -1 -1000 -1000 -1000 -10 0.00203707
Car -1 -1 -10 574.166 1087.478 888.260 1200.000 -1 -1 -1 -1000 -1000 -1000 -10 0.00108979
Car -1 -1 -10 0.000 915.120 344.784 1200.000 -1 -1 -1 -1000 -1000 -1000 -10 0.00104206
Car -1 -1 -10 554.237 1035.439 982.309 1200.000 -1 -1 -1 -1000 -1000 -1000 -10 0.00096821
Car -1 -1 -10 1051.960 442.704 1597.234 816.244 -1 -1 -1 -1000 -1000 -1000 -10 0.00096634
Car -1 -1 -10 0.000 1156.709 30.942 1200.000 -1 -1 -1 -1000 -1000 -1000 -10 0.00093803
Car -1 -1 -10 1307.888 623.723 1914.336 1019.013 -1 -1 -1 -1000 -1000 -1000 -10 0.00093434
Car -1 -1 -10 1451.023 389.855 1920.000 914.725 -1 -1 -1 -1000 -1000 -1000 -10 0.00093276
Car -1 -1 -10 67.410 116.904 363.730 1200.000 -1 -1 -1 -1000 -1000 -1000 -10 0.00176401
Car -1 -1 -10 1390.578 612.706 1833.035 1043.228 -1 -1 -1 -1000 -1000 -1000 -10 0.00089024
Car -1 -1 -10 1467.958 805.196 1920.000 1200.000 -1 -1 -1 -1000 -1000 -1000 -10 0.00261919
Car -1 -1 -10 665.647 853.339 784.651 1200.000 -1 -1 -1 -1000 -1000 -1000 -10 0.00086471
Car -1 -1 -10 263.255 303.520 561.842 471.590 -1 -1 -1 -1000 -1000 -1000 -10 0.00086047
Car -1 -1 -10 647.079 1118.587 727.994 1200.000 -1 -1 -1 -1000 -1000 -1000 -10 0.00150787
Car -1 -1 -10 1326.200 430.467 1920.000 864.850 -1 -1 -1 -1000 -1000 -1000 -10 0.00082442
Car -1 -1 -10 1564.960 669.835 1914.111 986.490 -1 -1 -1 -1000 -1000 -1000 -10 0.00149636
Car -1 -1 -10 357.658 123.392 537.039 782.332 -1 -1 -1 -1000 -1000 -1000 -10 0.00079352
Car -1 -1 -10 576.473 288.763 1115.409 646.200 -1 -1 -1 -1000 -1000 -1000 -10 0.00078931
Car -1 -1 -10 1069.348 330.548 1429.650 993.138 -1 -1 -1 -1000 -1000 -1000 -10 0.00077887
Car -1 -1 -10 340.029 389.806 504.361 486.222 -1 -1 -1 -1000 -1000 -1000 -10 0.00144599
Car -1 -1 -10 667.290 1157.545 705.132 1200.000 -1 -1 -1 -1000 -1000 -1000 -10 0.00074348
Car -1 -1 -10 0.000 964.841 208.072 1200.000 -1 -1 -1 -1000 -1000 -1000 -10 0.00067326
Car -1 -1 -10 1313.409 515.108 1592.123 1059.750 -1 -1 -1 -1000 -1000 -1000 -10 0.00065838
Car -1 -1 -10 1047.389 424.772 1448.544 848.569 -1 -1 -1 -1000 -1000 -1000 -10 0.00065102
