Car -1 -1 -10 496.050 604.796 607.930 681.776 -1 -1 -1 -1000 -1000 -1000 -10 0.96989076
Car -1 -1 -10 943.543 593.159 997.616 644.970 -1 -1 -1 -1000 -1000 -1000 -10 0.16034893
Car -1 -1 -10 583.027 608.779 651.925 676.389 -1 -1 -1 -1000 -1000 -1000 -10 0.03598242
Car -1 -1 -10 0.000 603.842 510.353 1199.813 -1 -1 -1 -1000 -1000 -1000 -10 0.00834262
Car -1 -1 -10 0.000 786.082 460.799 1197.312 -1 -1 -1 -1000 -1000 -1000 -10 0.00555093
Car -1 -1 -10 0.000 545.362 800.374 1191.640 -1 -1 -1 -1000 -1000 -1000 -10 0.00767459
Car -1 -1 -10 568.859 587.577 660.878 681.666 -1 -1 -1 -1000 -1000 -1000 -10 0.00184343
Car -1 -1 -10 11.039 696.092 249.472 1200.000 -1 -1 -1 -1000 -1000 -1000 -10 0.00165912
Car -1 -1 -10 523.361 0.000 1109.203 214.969 -1 -1 -1 -1000 -1000 -1000 -10 0.00293705
Car -1 -1 -10 3.807 1084.316 303.984 1200.000 -1 -1 -1 -1000 -1000 -1000 -10 0.00162021
Car -1 -1 -10 695.842 21.458 952.261 475.244 -1 -1 -1 -1000 -1000 -1000 -10 0.00158020
Car -1 -1 -10 64.437 188.026 366.464 1189.922 -1 -1 -1 -1000 -1000 -1000 -10 0.00156811
Car -1 -1 -10 10.355 1102.997 253.231 1200.000 -1 -1 -1 -1000 -1000 -1000 -10 0.00269441
Car -1 -1 -10 11.682 1038.602 363.204 1200.000 -1 -1 -1 -1000 -1000 -1000 -10 0.00152785
Car -1 -1 -10 0.000 876.249 275.512 1200.000 -1 -1 -1 -1000 -1000 -1000 -10 0.00146118
Car -1 -1 -10 13.590 995.911 427.414 1200.000 -1 -1 -1 -1000 -1000 -1000 -10 0.00144733
Car -1 -1 -10 669.625 0.000 992.640 183.570 -1 -1 -1 -1000 -1000 -1000 -10 0.00132970
Car -1 -1 -10 45.479 651.056 217.760 1196.609 -1 -1 -1 -1000 -1000 -1000 -10 0.00131378
Car -1 -1 -10 714.371 29.930 895.648 512.269 -1 -1 -1 -1000 -1000 -1000 -10 0.00127292
Car -1 -1 -10 716.864 0.960 981.278 253.418 -1 -1 -1 -1000 -1000 -1000 -10 0.00124822
Car -1 -1 -10 49.147 617.519 264.635 1188.400 -1 -1 -1 -1000 -1000 -1000 -10 0.00123773
Car -1 -1 -10 60.602 414.663 380.330 1200.000 -1 -1 -1 -1000 -1000 -1000 -10 0.00122756
Car -1 -1 -10 80.203 592.670 231.911 1200.000 -1 -1 -1 -1000 -1000 -1000 -10 0.00121483
Car -1 -1 -10 620.985 1.550 969.016 154.131 -1 -1 -1 -1000 -1000 -1000 -10 0.00117817
Car -1 -1 -10 0.000 969.111 208.928 1200.000 -1 -1 -1 -1000 -1000 -1000 -10 0.00115100
Car -1 -1 -10 0.000 863.319 426.225 1200.000 -1 -1 -1 -1000 -1000 -1000 -10 0.00113100
Car -1 -1 -10 239.046 651.236 410.367 1187.387 -1 -1 -1 -1000 -1000 -1000 -10 0.00111314
Car -1 -1 -10 735.343 0.000 861.948 132.911 -1 -1 -1 -1000 -1000 -1000 -10 0.00110961
Car -1 -1 -10 0.000 1038.863 218.983 1200.000 -1 -1 -1 -1000 -1000 -1000 -10 0.00110369
Car -1 -1 -10 0.000 1109.291 123.785 1200.000 -1 -1 -1 -1000 -1000 -1000 -10 0.00109353
Car -1 -1 -10 3.767 733.846 313.194 1200.000 -1 -1 -1 -1000 -1000 -1000 -10 0.00106664
Car -1 -1 -10 746.484 0.000 848.872 112.880 -1 -1 -1 -1000 -1000 -1000 -10 0.00105980
