Car -1 -1 -10 18.449 605.523 153.134 693.477 -1 -1 -1 -1000 -1000 -1000 -10 0.96219538
Car -1 -1 -10 896.867 498.146 1243.667 689.160 -1 -1 -1 -1000 -1000 -1000 -10 0.92597339
Car -1 -1 -10 111.091 620.686 182.889 685.085 -1 -1 -1 -1000 -1000 -1000 -10 0.25682539
Car -1 -1 -10 1244.621 733.733 1735.793 1184.165 -1 -1 -1 -1000 -1000 -1000 -10 0.01212667
Car -1 -1 -10 132.921 630.255 189.203 683.757 -1 -1 -1 -1000 -1000 -1000 -10 0.00781960
Car -1 -1 -10 1123.554 763.975 1688.379 1181.256 -1 -1 -1 -1000 -1000 -1000 -10 0.00592051
Car -1 -1 -10 392.130 761.645 969.225 1200.000 -1 -1 -1 -1000 -1000 -1000 -10 0.00340828
Car -1 -1 -10 1055.610 654.418 1226.348 1189.724 -1 -1 -1 -1000 -1000 -1000 -10 0.00489976
Car -1 -1 -10 1064.442 540.702 1899.732 1200.000 -1 -1 -1 -1000 -1000 -1000 -10 0.00533898
Car -1 -1 -10 1253.515 720.731 1920.000 1158.930 -1 -1 -1 -1000 -1000 -1000 -10 0.00254023
Car -1 -1 -10 913.001 1064.156 1333.961 1200.000 -1 -1 -1 -1000 -1000 -1000 -10 0.00470633
Car -1 -1 -10 823.066 788.269 1497.441 1200.000 -1 -1 -1 -1000 -1000 -1000 -10 0.00397015
Car -1 -1 -10 345.607 621.786 866.014 1200.000 -1 -1 -1 -1000 -1000 -1000 -10 0.00168548
Car -1 -1 -10 0.000 611.364 93.253 700.955 -1 -1 -1 -1000 -1000 -1000 -10 0.00154963
