Car -1 -1 -10 1115.972 553.410 1234.424 647.399 -1 -1 -1 -1000 -1000 -1000 -10 0.99981041
Car -1 -1 -10 753.441 1048.713 1182.917 1200.000 -1 -1 -1 -1000 -1000 -1000 -10 0.00738239
Car -1 -1 -10 0.000 657.957 484.186 1199.605 -1 -1 -1 -1000 -1000 -1000 -10 0.00951497
Car -1 -1 -10 1010.726 1088.895 1179.518 1190.083 -1 -1 -1 -1000 -1000 -1000 -10 0.00634359
Car -1 -1 -10 614.004 1050.630 1051.307 1200.000 -1 -1 -1 -1000 -1000 -1000 -10 0.00538140
Car -1 -1 -10 928.844 1074.441 1251.572 1199.473 -1 -1 -1 -1000 -1000 -1000 -10 0.00785762
Car -1 -1 -10 133.329 601.748 328.234 1182.317 -1 -1 -1 -1000 -1000 -1000 -10 0.00296447
Car -1 -1 -10 0.000 769.924 593.154 1200.000 -1 -1 -1 -1000 -1000 -1000 -10 0.00288211
Car -1 -1 -10 870.794 833.050 1218.541 1193.331 -1 -1 -1 -1000 -1000 -1000 -10 0.00541250
Car -1 -1 -10 994.553 715.098 1234.981 1195.616 -1 -1 -1 -1000 -1000 -1000 -10 0.00287869
Car -1 -1 -10 891.022 802.473 1529.944 1182.285 -1 -1 -1 -1000 -1000 -1000 -10 0.00271326
Car -1 -1 -10 1305.558 1083.247 1364.381 1200.000 -1 -1 -1 -1000 -1000 -1000 -10 0.00263351
Car -1 -1 -10 18.896 369.840 309.708 1200.000 -1 -1 -1 -1000 -1000 -1000 -10 0.00253161
Car -1 -1 -10 1328.055 1156.253 1365.015 1200.000 -1 -1 -1 -1000 -1000 -1000 -10 0.00483859
Car -1 -1 -10 1316.415 1122.167 1388.865 1200.000 -1 -1 -1 -1000 -1000 -1000 -10 0.00472366
Car -1 -1 -10 188.154 1139.498 300.664 1200.000 -1 -1 -1 -1000 -1000 -1000 -10 0.00244778
Car -1 -1 -10 812.181 1099.381 1066.356 1200.000 -1 -1 -1 -1000 -1000 -1000 -10 0.00239792
Car -1 -1 -10 937.156 346.243 1223.491 1199.932 -1 -1 -1 -1000 -1000 -1000 -10 0.00443795
Car -1 -1 -10 891.824 1096.948 1145.053 1200.000 -1 -1 -1 -1000 -1000 -1000 -10 0.00455216
Car -1 -1 -10 12.222 678.027 253.014 1195.542 -1 -1 -1 -1000 -1000 -1000 -10 0.00229456
Car -1 -1 -10 121.722 691.348 353.723 1192.061 -1 -1 -1 -1000 -1000 -1000 -10 0.00635285
Car -1 -1 -10 925.657 1086.735 1092.361 1187.057 -1 -1 -1 -1000 -1000 -1000 -10 0.00416536
Car -1 -1 -10 908.336 1071.591 1078.680 1165.753 -1 -1 -1 -1000 -1000 -1000 -10 0.00219325
Car -1 -1 -10 718.456 675.396 889.097 1190.296 -1 -1 -1 -1000 -1000 -1000 -10 0.00216292
Car -1 -1 -10 904.687 951.068 1140.900 1200.000 -1 -1 -1 -1000 -1000 -1000 -10 0.00216135
Car -1 -1 -10 29.758 1065.433 420.263 1200.000 -1 -1 -1 -1000 -1000 -1000 -10 0.00214667
Car -1 -1 -10 1291.342 1157.501 1328.796 1200.000 -1 -1 -1 -1000 -1000 -1000 -10 0.00214504
Car -1 -1 -10 1230.663 1102.097 1485.656 1200.000 -1 -1 -1 -1000 -1000 -1000 -10 0.00212786
Car -1 -1 -10 1154.593 1092.622 1312.045 1189.122 -1 -1 -1 -1000 -1000 -1000 -10 0.00601820
Car -1 -1 -10 1013.952 1059.590 1398.072 1200.000 -1 -1 -1 -1000 -1000 -1000 -10 0.00208564
Car -1 -1 -10 1157.031 1052.010 1584.930 1200.000 -1 -1 -1 -1000 -1000 -1000 -10 0.00397625
Car -1 -1 -10 939.393 839.368 1100.655 1200.000 -1 -1 -1 -1000 -1000 -1000 -10 0.00206075
Car -1 -1 -10 1079.356 1091.242 1244.112 1189.878 -1 -1 -1 -1000 -1000 -1000 -10 0.00766525
Car -1 -1 -10 1166.692 1157.059 1204.946 1200.000 -1 -1 -1 -1000 -1000 -1000 -10 0.00203692
Car -1 -1 -10 381.706 503.221 1530.887 1186.571 -1 -1 -1 -1000 -1000 -1000 -10 0.00391642
Car -1 -1 -10 1350.432 1130.003 1428.485 1200.000 -1 -1 -1 -1000 -1000 -1000 -10 0.00203320
Car -1 -1 -10 909.460 684.651 1084.720 1190.913 -1 -1 -1 -1000 -1000 -1000 -10 0.00202949
Car -1 -1 -10 1281.658 1092.937 1443.267 1188.636 -1 -1 -1 -1000 -1000 -1000 -10 0.00373380
Car -1 -1 -10 801.805 989.909 1344.246 1200.000 -1 -1 -1 -1000 -1000 -1000 -10 0.00198384
Car -1 -1 -10 798.408 1081.514 1118.014 1200.000 -1 -1 -1 -1000 -1000 -1000 -10 0.00197529
Car -1 -1 -10 26.810 588.298 223.116 1181.809 -1 -1 -1 -1000 -1000 -1000 -10 0.00559502
Car -1 -1 -10 663.014 778.313 1303.150 1200.000 -1 -1 -1 -1000 -1000 -1000 -10 0.00195422
Car -1 -1 -10 5.396 904.090 658.119 1200.000 -1 -1 -1 -1000 -1000 -1000 -10 0.00194773
Car -1 -1 -10 223.913 1157.216 260.975 1200.000 -1 -1 -1 -1000 -1000 -1000 -10 0.00379092
Car -1 -1 -10 682.523 1097.496 940.760 1200.000 -1 -1 -1 -1000 -1000 -1000 -10 0.00193543
Car -1 -1 -10 779.516 633.116 1275.897 1200.000 -1 -1 -1 -1000 -1000 -1000 -10 0.00192745
Car -1 -1 -10 949.733 699.780 1187.573 1195.800 -1 -1 -1 -1000 -1000 -1000 -10 0.00191151
Car -1 -1 -10 158.651 1026.951 612.759 1200.000 -1 -1 -1 -1000 -1000 -1000 -10 0.00190531
Car -1 -1 -10 197.129 814.385 550.594 1194.542 -1 -1 -1 -1000 -1000 -1000 -10 0.00186967
Car -1 -1 -10 677.401 1080.721 1004.234 1200.000 -1 -1 -1 -1000 -1000 -1000 -10 0.00184060
Car -1 -1 -10 992.575 715.515 1146.828 1200.000 -1 -1 -1 -1000 -1000 -1000 -10 0.00183966
Car -1 -1 -10 1053.589 1073.665 1221.651 1165.355 -1 -1 -1 -1000 -1000 -1000 -10 0.00183909
Car -1 -1 -10 120.223 262.597 414.430 1197.684 -1 -1 -1 -1000 -1000 -1000 -10 0.00179519
Car -1 -1 -10 715.568 797.998 896.345 1200.000 -1 -1 -1 -1000 -1000 -1000 -10 0.00158641
