Car -1 -1 -10 141.965 626.405 322.033 744.892 -1 -1 -1 -1000 -1000 -1000 -10 0.99946077
Car -1 -1 -10 794.865 600.626 867.373 659.763 -1 -1 -1 -1000 -1000 -1000 -10 0.99217063
Car -1 -1 -10 1050.100 504.803 1323.104 753.072 -1 -1 -1 -1000 -1000 -1000 -10 0.06694912
Car -1 -1 -10 597.976 618.296 648.501 664.749 -1 -1 -1 -1000 -1000 -1000 -10 0.00854556
Car -1 -1 -10 0.000 826.613 314.492 1195.744 -1 -1 -1 -1000 -1000 -1000 -10 0.00788557
Car -1 -1 -10 6.554 985.760 419.317 1200.000 -1 -1 -1 -1000 -1000 -1000 -10 0.00506528
Car -1 -1 -10 0.000 797.217 465.841 1200.000 -1 -1 -1 -1000 -1000 -1000 -10 0.00527163
Car -1 -1 -10 0.000 962.871 219.798 1188.490 -1 -1 -1 -1000 -1000 -1000 -10 0.00204675
Car -1 -1 -10 0.000 576.238 376.280 1200.000 -1 -1 -1 -1000 -1000 -1000 -10 0.00204486
Car -1 -1 -10 2.374 682.437 507.668 1200.000 -1 -1 -1 -1000 -1000 -1000 -10 0.00203562
Car -1 -1 -10 634.909 1046.832 1051.520 1200.000 -1 -1 -1 -1000 -1000 -1000 -10 0.00327456
Car -1 -1 -10 67.134 760.838 196.997 1200.000 -1 -1 -1 -1000 -1000 -1000 -10 0.00171462
Car -1 -1 -10 32.897 714.614 184.739 1200.000 -1 -1 -1 -1000 -1000 -1000 -10 0.00165535
Car -1 -1 -10 0.000 1005.600 217.154 1172.926 -1 -1 -1 -1000 -1000 -1000 -10 0.00145260
Car -1 -1 -10 4.265 914.462 240.287 1200.000 -1 -1 -1 -1000 -1000 -1000 -10 0.00122528
Car -1 -1 -10 0.000 936.534 327.737 1200.000 -1 -1 -1 -1000 -1000 -1000 -10 0.00121752
Car -1 -1 -10 18.444 371.290 315.603 1200.000 -1 -1 -1 -1000 -1000 -1000 -10 0.00119486
Car -1 -1 -10 1421.039 448.120 1920.000 791.258 -1 -1 -1 -1000 -1000 -1000 -10 0.00113496
Car -1 -1 -10 1117.763 547.445 1251.912 682.863 -1 -1 -1 -1000 -1000 -1000 -10 0.00108908
Car -1 -1 -10 733.164 812.272 1076.131 1196.486 -1 -1 -1 -1000 -1000 -1000 -10 0.00106384
Car -1 -1 -10 699.900 1088.322 862.914 1190.916 -1 -1 -1 -1000 -1000 -1000 -10 0.00103982
Car -1 -1 -10 679.568 721.150 917.109 1197.496 -1 -1 -1 -1000 -1000 -1000 -10 0.00102930
Car -1 -1 -10 818.780 1096.943 1069.281 1200.000 -1 -1 -1 -1000 -1000 -1000 -10 0.00101974
Car -1 -1 -10 167.649 486.289 284.601 883.006 -1 -1 -1 -1000 -1000 -1000 -10 0.00100033
Car -1 -1 -10 778.742 875.684 1068.464 1200.000 -1 -1 -1 -1000 -1000 -1000 -10 0.00099505
Car -1 -1 -10 792.743 1157.579 831.546 1200.000 -1 -1 -1 -1000 -1000 -1000 -10 0.00095480
Car -1 -1 -10 805.726 585.074 854.340 639.302 -1 -1 -1 -1000 -1000 -1000 -10 0.00095399
Car -1 -1 -10 207.717 545.774 259.304 845.676 -1 -1 -1 -1000 -1000 -1000 -10 0.00094561
Car -1 -1 -10 1473.214 802.139 1920.000 1200.000 -1 -1 -1 -1000 -1000 -1000 -10 0.00177939
Car -1 -1 -10 789.260 649.937 962.127 1184.309 -1 -1 -1 -1000 -1000 -1000 -10 0.00087998
Car -1 -1 -10 378.261 1037.364 824.235 1200.000 -1 -1 -1 -1000 -1000 -1000 -10 0.00087114
Car -1 -1 -10 1495.171 534.840 1817.717 689.953 -1 -1 -1 -1000 -1000 -1000 -10 0.00086821
Car -1 -1 -10 534.737 939.521 1148.214 1200.000 -1 -1 -1 -1000 -1000 -1000 -10 0.00086617
Car -1 -1 -10 775.344 1158.815 812.347 1200.000 -1 -1 -1 -1000 -1000 -1000 -10 0.00086464
Car -1 -1 -10 809.420 942.041 1042.406 1200.000 -1 -1 -1 -1000 -1000 -1000 -10 0.00085451
Car -1 -1 -10 765.689 1121.254 847.925 1200.000 -1 -1 -1 -1000 -1000 -1000 -10 0.00085225
Car -1 -1 -10 659.292 883.985 942.958 1200.000 -1 -1 -1 -1000 -1000 -1000 -10 0.00084321
Car -1 -1 -10 789.290 752.019 914.840 1200.000 -1 -1 -1 -1000 -1000 -1000 -10 0.00083965
Car -1 -1 -10 836.904 657.034 1011.378 1193.382 -1 -1 -1 -1000 -1000 -1000 -10 0.00080105
Car -1 -1 -10 691.275 352.688 984.060 1200.000 -1 -1 -1 -1000 -1000 -1000 -10 0.00079558
