Car -1 -1 -10 699.068 602.058 818.637 695.102 -1 -1 -1 -1000 -1000 -1000 -10 0.99984764
Car -1 -1 -10 922.503 543.433 1178.878 747.340 -1 -1 -1 -1000 -1000 -1000 -10 0.99985221
Car -1 -1 -10 0.923 608.330 164.630 741.049 -1 -1 -1 -1000 -1000 -1000 -10 0.99953054
Car -1 -1 -10 491.599 605.296 546.331 663.957 -1 -1 -1 -1000 -1000 -1000 -10 0.00779010
Car -1 -1 -10 943.206 536.846 1098.274 643.344 -1 -1 -1 -1000 -1000 -1000 -10 0.00465325
Car -1 -1 -10 0.000 627.682 85.319 737.062 -1 -1 -1 -1000 -1000 -1000 -10 0.00197033
Car -1 -1 -10 0.806 639.072 427.641 1196.922 -1 -1 -1 -1000 -1000 -1000 -10 0.00379927
Car -1 -1 -10 816.831 587.077 864.513 634.844 -1 -1 -1 -1000 -1000 -1000 -10 0.00370021
Car -1 -1 -10 0.000 783.992 474.305 1196.697 -1 -1 -1 -1000 -1000 -1000 -10 0.00176708
Car -1 -1 -10 260.706 645.705 434.506 1189.849 -1 -1 -1 -1000 -1000 -1000 -10 0.00172623
