Car -1 -1 -10 931.723 557.201 987.089 612.190 -1 -1 -1 -1000 -1000 -1000 -10 0.98605157
Car -1 -1 -10 291.829 547.232 463.046 626.022 -1 -1 -1 -1000 -1000 -1000 -10 0.64126235
Car -1 -1 -10 652.319 566.614 719.238 625.334 -1 -1 -1 -1000 -1000 -1000 -10 0.30109026
Car -1 -1 -10 1137.188 1083.211 1196.782 1200.000 -1 -1 -1 -1000 -1000 -1000 -10 0.00925013
Car -1 -1 -10 483.192 803.103 1095.109 1193.328 -1 -1 -1 -1000 -1000 -1000 -10 0.00490648
Car -1 -1 -10 587.900 806.016 1203.843 1190.227 -1 -1 -1 -1000 -1000 -1000 -10 0.00503498
Car -1 -1 -10 1169.355 1083.162 1228.417 1200.000 -1 -1 -1 -1000 -1000 -1000 -10 0.00616674
Car -1 -1 -10 1171.816 1156.074 1209.910 1200.000 -1 -1 -1 -1000 -1000 -1000 -10 0.00259993
Car -1 -1 -10 1075.374 1072.875 1204.747 1199.942 -1 -1 -1 -1000 -1000 -1000 -10 0.00403794
Car -1 -1 -10 1177.264 1122.295 1216.754 1200.000 -1 -1 -1 -1000 -1000 -1000 -10 0.00419991
Car -1 -1 -10 729.394 558.980 781.792 607.720 -1 -1 -1 -1000 -1000 -1000 -10 0.00367853
Car -1 -1 -10 1147.217 1121.339 1186.456 1200.000 -1 -1 -1 -1000 -1000 -1000 -10 0.00417299
Car -1 -1 -10 1064.034 1099.952 1230.671 1200.000 -1 -1 -1 -1000 -1000 -1000 -10 0.00209163
Car -1 -1 -10 1079.090 1079.472 1140.666 1200.000 -1 -1 -1 -1000 -1000 -1000 -10 0.00359121
Car -1 -1 -10 1001.020 545.761 1055.352 597.977 -1 -1 -1 -1000 -1000 -1000 -10 0.00392690
Car -1 -1 -10 987.368 1080.175 1292.030 1200.000 -1 -1 -1 -1000 -1000 -1000 -10 0.00356537
Car -1 -1 -10 1067.024 1132.912 1225.698 1200.000 -1 -1 -1 -1000 -1000 -1000 -10 0.00194013
Car -1 -1 -10 1037.068 1100.469 1204.193 1200.000 -1 -1 -1 -1000 -1000 -1000 -10 0.00184927
Car -1 -1 -10 653.269 748.108 951.462 1179.989 -1 -1 -1 -1000 -1000 -1000 -10 0.00180468
Car -1 -1 -10 773.550 1030.343 1200.526 1200.000 -1 -1 -1 -1000 -1000 -1000 -10 0.00179145
Car -1 -1 -10 1112.834 1082.943 1172.069 1200.000 -1 -1 -1 -1000 -1000 -1000 -10 0.00322066
Car -1 -1 -10 817.197 874.847 1319.612 1196.729 -1 -1 -1 -1000 -1000 -1000 -10 0.00175483
Car -1 -1 -10 410.335 828.054 951.771 1194.937 -1 -1 -1 -1000 -1000 -1000 -10 0.00174747
Car -1 -1 -10 6.509 779.823 571.039 1200.000 -1 -1 -1 -1000 -1000 -1000 -10 0.00337033
Car -1 -1 -10 1466.353 802.562 1920.000 1198.702 -1 -1 -1 -1000 -1000 -1000 -10 0.00459423
Car -1 -1 -10 804.986 673.090 994.836 1189.001 -1 -1 -1 -1000 -1000 -1000 -10 0.00311974
Car -1 -1 -10 219.203 805.643 864.744 1189.078 -1 -1 -1 -1000 -1000 -1000 -10 0.00168994
Car -1 -1 -10 783.401 988.776 1317.267 1200.000 -1 -1 -1 -1000 -1000 -1000 -10 0.00166742
Car -1 -1 -10 852.251 880.766 1137.134 1200.000 -1 -1 -1 -1000 -1000 -1000 -10 0.00165243
Car -1 -1 -10 603.982 1101.072 772.517 1200.000 -1 -1 -1 -1000 -1000 -1000 -10 0.00325770
Car -1 -1 -10 1021.309 1072.852 1151.686 1199.982 -1 -1 -1 -1000 -1000 -1000 -10 0.00160198
Car -1 -1 -10 991.148 1100.119 1159.950 1200.000 -1 -1 -1 -1000 -1000 -1000 -10 0.00159879
Car -1 -1 -10 934.075 342.380 1224.919 1200.000 -1 -1 -1 -1000 -1000 -1000 -10 0.00314262
Car -1 -1 -10 1110.878 1022.996 1205.269 1200.000 -1 -1 -1 -1000 -1000 -1000 -10 0.00156976
Car -1 -1 -10 1012.974 833.388 1171.799 1200.000 -1 -1 -1 -1000 -1000 -1000 -10 0.00156704
Car -1 -1 -10 1141.531 1155.785 1180.274 1200.000 -1 -1 -1 -1000 -1000 -1000 -10 0.00299082
Car -1 -1 -10 708.968 668.749 900.568 1186.848 -1 -1 -1 -1000 -1000 -1000 -10 0.00155110
Car -1 -1 -10 1191.322 1081.772 1250.925 1200.000 -1 -1 -1 -1000 -1000 -1000 -10 0.00154506
Car -1 -1 -10 1090.392 865.170 1207.040 1199.253 -1 -1 -1 -1000 -1000 -1000 -10 0.00153909
Car -1 -1 -10 611.172 651.011 802.348 1186.419 -1 -1 -1 -1000 -1000 -1000 -10 0.00153743
Car -1 -1 -10 0.000 812.286 467.614 1200.000 -1 -1 -1 -1000 -1000 -1000 -10 0.00153451
Car -1 -1 -10 721.852 834.668 1262.978 1192.089 -1 -1 -1 -1000 -1000 -1000 -10 0.00152120
Car -1 -1 -10 512.034 1047.615 918.053 1200.000 -1 -1 -1 -1000 -1000 -1000 -10 0.00287024
Car -1 -1 -10 896.189 1098.623 1064.476 1200.000 -1 -1 -1 -1000 -1000 -1000 -10 0.00148255
Car -1 -1 -10 1067.103 1115.379 1146.801 1200.000 -1 -1 -1 -1000 -1000 -1000 -10 0.00148218
Car -1 -1 -10 1148.658 1156.606 1186.864 1200.000 -1 -1 -1 -1000 -1000 -1000 -10 0.00147564
Car -1 -1 -10 728.255 601.240 878.249 1200.000 -1 -1 -1 -1000 -1000 -1000 -10 0.00147314
Car -1 -1 -10 627.950 823.619 787.970 1200.000 -1 -1 -1 -1000 -1000 -1000 -10 0.00146537
Car -1 -1 -10 47.803 1082.865 357.992 1200.000 -1 -1 -1 -1000 -1000 -1000 -10 0.00144159
Car -1 -1 -10 1041.459 1133.259 1202.036 1200.000 -1 -1 -1 -1000 -1000 -1000 -10 0.00142296
Car -1 -1 -10 25.604 837.226 338.691 1199.537 -1 -1 -1 -1000 -1000 -1000 -10 0.00282677
Car -1 -1 -10 614.176 643.120 879.483 1200.000 -1 -1 -1 -1000 -1000 -1000 -10 0.00140360
Car -1 -1 -10 121.939 786.833 785.513 1200.000 -1 -1 -1 -1000 -1000 -1000 -10 0.00138598
Car -1 -1 -10 628.167 931.704 1242.639 1200.000 -1 -1 -1 -1000 -1000 -1000 -10 0.00135669
Car -1 -1 -10 1108.015 1103.134 1278.216 1200.000 -1 -1 -1 -1000 -1000 -1000 -10 0.00135624
Car -1 -1 -10 1086.590 1022.652 1181.302 1200.000 -1 -1 -1 -1000 -1000 -1000 -10 0.00130421
Car -1 -1 -10 0.000 651.107 482.173 1200.000 -1 -1 -1 -1000 -1000 -1000 -10 0.00129811
Car -1 -1 -10 671.264 1034.825 956.625 1191.667 -1 -1 -1 -1000 -1000 -1000 -10 0.00129325
Car -1 -1 -10 723.878 830.753 884.373 1200.000 -1 -1 -1 -1000 -1000 -1000 -10 0.00127766
Car -1 -1 -10 1036.485 826.136 1195.596 1200.000 -1 -1 -1 -1000 -1000 -1000 -10 0.00127098
Car -1 -1 -10 650.439 1115.552 722.932 1194.507 -1 -1 -1 -1000 -1000 -1000 -10 0.00126073
Car -1 -1 -10 771.358 742.373 1136.111 1189.927 -1 -1 -1 -1000 -1000 -1000 -10 0.00125405
Car -1 -1 -10 342.453 927.722 954.540 1200.000 -1 -1 -1 -1000 -1000 -1000 -10 0.00125384
Car -1 -1 -10 427.037 1103.449 670.899 1200.000 -1 -1 -1 -1000 -1000 -1000 -10 0.00124211
