Car -1 -1 -10 938.830 555.088 991.256 609.030 -1 -1 -1 -1000 -1000 -1000 -10 0.53998893
Car -1 -1 -10 0.000 542.967 968.223 1197.676 -1 -1 -1 -1000 -1000 -1000 -10 0.06346040
Car -1 -1 -10 0.000 620.377 489.302 1198.775 -1 -1 -1 -1000 -1000 -1000 -10 0.03433348
Car -1 -1 -10 622.120 499.543 1882.069 1179.127 -1 -1 -1 -1000 -1000 -1000 -10 0.01687108
Car -1 -1 -10 232.021 507.709 1538.976 1198.337 -1 -1 -1 -1000 -1000 -1000 -10 0.01615222
Car -1 -1 -10 820.215 1042.878 1222.393 1198.881 -1 -1 -1 -1000 -1000 -1000 -10 0.01968114
Car -1 -1 -10 606.049 1020.252 1083.652 1200.000 -1 -1 -1 -1000 -1000 -1000 -10 0.01485264
Car -1 -1 -10 650.877 1076.994 972.207 1200.000 -1 -1 -1 -1000 -1000 -1000 -10 0.01383922
Car -1 -1 -10 986.867 1079.826 1299.119 1198.893 -1 -1 -1 -1000 -1000 -1000 -10 0.01076846
Car -1 -1 -10 686.196 1095.359 937.273 1200.000 -1 -1 -1 -1000 -1000 -1000 -10 0.00436036
Car -1 -1 -10 899.078 1094.889 1153.168 1200.000 -1 -1 -1 -1000 -1000 -1000 -10 0.00435673
Car -1 -1 -10 938.473 1087.613 1107.617 1191.809 -1 -1 -1 -1000 -1000 -1000 -10 0.00364391
Car -1 -1 -10 670.190 897.189 960.315 1200.000 -1 -1 -1 -1000 -1000 -1000 -10 0.00620239
Car -1 -1 -10 875.354 905.269 1168.444 1199.856 -1 -1 -1 -1000 -1000 -1000 -10 0.01021787
Car -1 -1 -10 1035.345 1100.757 1287.909 1200.000 -1 -1 -1 -1000 -1000 -1000 -10 0.00351672
Car -1 -1 -10 654.208 841.530 1000.790 1191.998 -1 -1 -1 -1000 -1000 -1000 -10 0.00341917
Car -1 -1 -10 499.694 801.256 1173.481 1200.000 -1 -1 -1 -1000 -1000 -1000 -10 0.00338501
Car -1 -1 -10 721.315 1029.873 900.804 1200.000 -1 -1 -1 -1000 -1000 -1000 -10 0.00338147
Car -1 -1 -10 684.689 820.119 1307.504 1191.112 -1 -1 -1 -1000 -1000 -1000 -10 0.00313642
Car -1 -1 -10 1051.994 665.711 1227.828 1190.688 -1 -1 -1 -1000 -1000 -1000 -10 0.00312591
Car -1 -1 -10 758.912 941.906 1395.770 1200.000 -1 -1 -1 -1000 -1000 -1000 -10 0.00308495
Car -1 -1 -10 1043.039 1070.975 1213.866 1164.585 -1 -1 -1 -1000 -1000 -1000 -10 0.00305360
Car -1 -1 -10 946.588 1042.632 1397.406 1200.000 -1 -1 -1 -1000 -1000 -1000 -10 0.00303883
Car -1 -1 -10 73.873 215.252 376.668 1181.740 -1 -1 -1 -1000 -1000 -1000 -10 0.00602514
Car -1 -1 -10 334.782 750.797 1270.365 1187.061 -1 -1 -1 -1000 -1000 -1000 -10 0.00296271
Car -1 -1 -10 869.586 837.604 1217.746 1193.652 -1 -1 -1 -1000 -1000 -1000 -10 0.00294552
Car -1 -1 -10 1046.243 1089.962 1213.411 1188.272 -1 -1 -1 -1000 -1000 -1000 -10 0.00289532
Car -1 -1 -10 756.082 1066.937 918.633 1165.323 -1 -1 -1 -1000 -1000 -1000 -10 0.00289396
Car -1 -1 -10 910.953 1067.690 1075.401 1166.273 -1 -1 -1 -1000 -1000 -1000 -10 0.00535503
Car -1 -1 -10 747.598 1060.710 897.331 1200.000 -1 -1 -1 -1000 -1000 -1000 -10 0.00277608
Car -1 -1 -10 4.872 758.840 885.107 1180.514 -1 -1 -1 -1000 -1000 -1000 -10 0.00273582
Car -1 -1 -10 931.903 773.679 1058.728 1199.789 -1 -1 -1 -1000 -1000 -1000 -10 0.00248174
Car -1 -1 -10 900.818 1016.211 1101.585 1200.000 -1 -1 -1 -1000 -1000 -1000 -10 0.00243192
