Car -1 -1 -10 529.786 588.714 680.159 678.681 -1 -1 -1 -1000 -1000 -1000 -10 0.99932583
Car -1 -1 -10 35.361 574.416 230.400 651.455 -1 -1 -1 -1000 -1000 -1000 -10 0.92372736
Car -1 -1 -10 598.413 588.156 700.366 669.021 -1 -1 -1 -1000 -1000 -1000 -10 0.01626563
Car -1 -1 -10 147.218 574.637 246.876 641.722 -1 -1 -1 -1000 -1000 -1000 -10 0.00304377
Car -1 -1 -10 0.000 647.057 435.566 1200.000 -1 -1 -1 -1000 -1000 -1000 -10 0.00171866
Car -1 -1 -10 559.532 431.380 629.206 812.757 -1 -1 -1 -1000 -1000 -1000 -10 0.00155559
Car -1 -1 -10 0.000 799.905 458.263 1200.000 -1 -1 -1 -1000 -1000 -1000 -10 0.00390490
Car -1 -1 -10 570.817 429.344 640.615 811.121 -1 -1 -1 -1000 -1000 -1000 -10 0.00137637
Car -1 -1 -10 6.982 529.231 253.353 942.179 -1 -1 -1 -1000 -1000 -1000 -10 0.00128088
Car -1 -1 -10 494.028 446.234 722.387 814.549 -1 -1 -1 -1000 -1000 -1000 -10 0.00240806
Car -1 -1 -10 17.107 541.893 398.828 917.373 -1 -1 -1 -1000 -1000 -1000 -10 0.00280007
Car -1 -1 -10 84.313 410.401 179.517 765.294 -1 -1 -1 -1000 -1000 -1000 -10 0.00197857
Car -1 -1 -10 530.117 426.857 650.591 834.695 -1 -1 -1 -1000 -1000 -1000 -10 0.00106068
Car -1 -1 -10 44.335 636.295 214.498 1198.996 -1 -1 -1 -1000 -1000 -1000 -10 0.00181594
Car -1 -1 -10 0.000 510.707 412.564 1033.542 -1 -1 -1 -1000 -1000 -1000 -10 0.00096685
Car -1 -1 -10 509.048 1127.442 574.978 1200.000 -1 -1 -1 -1000 -1000 -1000 -10 0.00095650
Car -1 -1 -10 549.865 431.836 670.777 832.924 -1 -1 -1 -1000 -1000 -1000 -10 0.00094302
Car -1 -1 -10 0.000 939.087 316.080 1200.000 -1 -1 -1 -1000 -1000 -1000 -10 0.00160336
Car -1 -1 -10 570.954 483.500 617.964 796.875 -1 -1 -1 -1000 -1000 -1000 -10 0.00092213
Car -1 -1 -10 0.000 845.125 287.598 1200.000 -1 -1 -1 -1000 -1000 -1000 -10 0.00088364
Car -1 -1 -10 516.400 1157.675 555.369 1200.000 -1 -1 -1 -1000 -1000 -1000 -10 0.00086927
Car -1 -1 -10 573.717 361.299 663.209 857.346 -1 -1 -1 -1000 -1000 -1000 -10 0.00086339
Car -1 -1 -10 4.600 1063.131 308.904 1200.000 -1 -1 -1 -1000 -1000 -1000 -10 0.00084331
Car -1 -1 -10 523.640 592.414 609.993 669.684 -1 -1 -1 -1000 -1000 -1000 -10 0.00081405
Car -1 -1 -10 420.125 677.801 657.279 1198.968 -1 -1 -1 -1000 -1000 -1000 -10 0.00080746
Car -1 -1 -10 34.095 694.691 183.330 1200.000 -1 -1 -1 -1000 -1000 -1000 -10 0.00079447
Car -1 -1 -10 516.829 1142.520 568.159 1200.000 -1 -1 -1 -1000 -1000 -1000 -10 0.00074774
Car -1 -1 -10 416.667 1106.580 667.861 1200.000 -1 -1 -1 -1000 -1000 -1000 -10 0.00073539
Car -1 -1 -10 623.318 626.768 793.945 1189.964 -1 -1 -1 -1000 -1000 -1000 -10 0.00072024
Car -1 -1 -10 506.794 1088.465 565.437 1200.000 -1 -1 -1 -1000 -1000 -1000 -10 0.00071663
