Car -1 -1 -10 1520.279 699.841 1920.000 960.008 -1 -1 -1 -1000 -1000 -1000 -10 0.01167895
Car -1 -1 -10 1465.934 567.119 1920.000 890.793 -1 -1 -1 -1000 -1000 -1000 -10 0.00692561
Car -1 -1 -10 1552.371 548.883 1916.546 987.336 -1 -1 -1 -1000 -1000 -1000 -10 0.00572534
Car -1 -1 -10 1382.904 553.485 1919.562 956.984 -1 -1 -1 -1000 -1000 -1000 -10 0.01117562
Car -1 -1 -10 1594.296 506.106 1919.721 1127.827 -1 -1 -1 -1000 -1000 -1000 -10 0.00906600
Car -1 -1 -10 1460.612 459.408 1920.000 794.371 -1 -1 -1 -1000 -1000 -1000 -10 0.01883298
Car -1 -1 -10 1350.256 140.208 1920.000 1200.000 -1 -1 -1 -1000 -1000 -1000 -10 0.00869568
Car -1 -1 -10 1545.848 215.679 1899.662 722.376 -1 -1 -1 -1000 -1000 -1000 -10 0.00419819
Car -1 -1 -10 1517.352 604.760 1920.000 849.068 -1 -1 -1 -1000 -1000 -1000 -10 0.00416034
Car -1 -1 -10 1409.267 339.260 1920.000 707.782 -1 -1 -1 -1000 -1000 -1000 -10 0.00413407
Car -1 -1 -10 1253.946 594.392 1920.000 1136.125 -1 -1 -1 -1000 -1000 -1000 -10 0.00817066
Car -1 -1 -10 1563.468 411.583 1919.431 654.163 -1 -1 -1 -1000 -1000 -1000 -10 0.00379273
Car -1 -1 -10 1071.019 519.099 1920.000 1200.000 -1 -1 -1 -1000 -1000 -1000 -10 0.00368342
Car -1 -1 -10 1261.678 410.703 1920.000 928.043 -1 -1 -1 -1000 -1000 -1000 -10 0.00366835
Car -1 -1 -10 1540.346 649.546 1920.000 903.003 -1 -1 -1 -1000 -1000 -1000 -10 0.00363243
Car -1 -1 -10 1609.265 537.858 1871.287 1012.148 -1 -1 -1 -1000 -1000 -1000 -10 0.00352422
