Car -1 -1 -10 733.884 504.922 1906.482 1195.315 -1 -1 -1 -1000 -1000 -1000 -10 0.03274571
Car -1 -1 -10 0.000 513.068 882.026 1193.904 -1 -1 -1 -1000 -1000 -1000 -10 0.02133161
Car -1 -1 -10 372.723 502.306 1676.510 1186.137 -1 -1 -1 -1000 -1000 -1000 -10 0.00855020
Car -1 -1 -10 0.000 571.915 523.801 1195.346 -1 -1 -1 -1000 -1000 -1000 -10 0.01821084
Car -1 -1 -10 45.047 517.856 1277.865 1198.961 -1 -1 -1 -1000 -1000 -1000 -10 0.01742252
Car -1 -1 -10 455.541 762.721 1394.142 1195.971 -1 -1 -1 -1000 -1000 -1000 -10 0.01861332
Car -1 -1 -10 843.690 761.356 1770.412 1190.329 -1 -1 -1 -1000 -1000 -1000 -10 0.01567970
Car -1 -1 -10 37.512 772.948 924.232 1193.277 -1 -1 -1 -1000 -1000 -1000 -10 0.01449323
Car -1 -1 -10 0.000 821.249 525.914 1195.452 -1 -1 -1 -1000 -1000 -1000 -10 0.00290329
Car -1 -1 -10 1412.959 607.333 1920.000 1200.000 -1 -1 -1 -1000 -1000 -1000 -10 0.00281752
Car -1 -1 -10 1271.386 749.965 1920.000 1197.728 -1 -1 -1 -1000 -1000 -1000 -10 0.00270139
Car -1 -1 -10 1429.691 797.640 1920.000 1186.538 -1 -1 -1 -1000 -1000 -1000 -10 0.00254844
Car -1 -1 -10 26.005 232.687 309.889 1197.537 -1 -1 -1 -1000 -1000 -1000 -10 0.00718262
Car -1 -1 -10 509.990 809.494 991.202 1187.061 -1 -1 -1 -1000 -1000 -1000 -10 0.00449670
Car -1 -1 -10 855.321 801.266 1331.380 1184.852 -1 -1 -1 -1000 -1000 -1000 -10 0.00232425
Car -1 -1 -10 0.000 858.174 399.995 1092.756 -1 -1 -1 -1000 -1000 -1000 -10 0.00226468
Car -1 -1 -10 179.385 454.877 440.511 1200.000 -1 -1 -1 -1000 -1000 -1000 -10 0.00216257
