Car -1 -1 -10 1037.518 569.602 1265.000 759.447 -1 -1 -1 -1000 -1000 -1000 -10 0.99959436
Car -1 -1 -10 501.568 586.642 594.931 684.619 -1 -1 -1 -1000 -1000 -1000 -10 0.99441774
Car -1 -1 -10 891.362 583.848 999.391 672.218 -1 -1 -1 -1000 -1000 -1000 -10 0.99954349
Car -1 -1 -10 0.000 588.166 377.555 842.705 -1 -1 -1 -1000 -1000 -1000 -10 0.99835496
Car -1 -1 -10 980.277 555.319 1155.516 727.411 -1 -1 -1 -1000 -1000 -1000 -10 0.98284842
Car -1 -1 -10 1157.526 456.006 1813.531 898.059 -1 -1 -1 -1000 -1000 -1000 -10 0.99871504
Car -1 -1 -10 668.872 552.093 823.969 699.399 -1 -1 -1 -1000 -1000 -1000 -10 0.99710068
Car -1 -1 -10 276.017 596.049 493.371 741.980 -1 -1 -1 -1000 -1000 -1000 -10 0.81444177
Car -1 -1 -10 615.435 600.186 671.570 658.427 -1 -1 -1 -1000 -1000 -1000 -10 0.70935082
Car -1 -1 -10 547.012 573.314 632.242 669.438 -1 -1 -1 -1000 -1000 -1000 -10 0.31029111
