Car -1 -1 -10 1126.971 554.741 1232.478 652.602 -1 -1 -1 -1000 -1000 -1000 -10 0.99885833
Car -1 -1 -10 1325.870 544.178 1487.227 635.084 -1 -1 -1 -1000 -1000 -1000 -10 0.03882053
Car -1 -1 -10 1111.848 555.779 1191.904 634.972 -1 -1 -1 -1000 -1000 -1000 -10 0.00431798
Car -1 -1 -10 1104.854 1083.111 1163.846 1200.000 -1 -1 -1 -1000 -1000 -1000 -10 0.00600172
Car -1 -1 -10 1220.803 1157.293 1258.477 1200.000 -1 -1 -1 -1000 -1000 -1000 -10 0.00544565
Car -1 -1 -10 874.109 1015.171 1061.729 1199.956 -1 -1 -1 -1000 -1000 -1000 -10 0.00604076
Car -1 -1 -10 879.878 1099.610 1049.651 1200.000 -1 -1 -1 -1000 -1000 -1000 -10 0.00301544
Car -1 -1 -10 884.456 1133.712 1047.980 1200.000 -1 -1 -1 -1000 -1000 -1000 -10 0.00273269
Car -1 -1 -10 723.510 989.497 1245.863 1200.000 -1 -1 -1 -1000 -1000 -1000 -10 0.00270535
Car -1 -1 -10 1303.706 1157.192 1341.888 1200.000 -1 -1 -1 -1000 -1000 -1000 -10 0.00689139
Car -1 -1 -10 871.131 563.695 918.030 611.307 -1 -1 -1 -1000 -1000 -1000 -10 0.00758453
Car -1 -1 -10 1117.307 1121.966 1156.274 1200.000 -1 -1 -1 -1000 -1000 -1000 -10 0.00496472
Car -1 -1 -10 834.261 883.546 1108.484 1200.000 -1 -1 -1 -1000 -1000 -1000 -10 0.00470690
Car -1 -1 -10 1018.250 1086.777 1075.917 1200.000 -1 -1 -1 -1000 -1000 -1000 -10 0.00443174
Car -1 -1 -10 916.889 1111.531 996.987 1200.000 -1 -1 -1 -1000 -1000 -1000 -10 0.00256670
Car -1 -1 -10 925.601 977.671 1265.283 1194.454 -1 -1 -1 -1000 -1000 -1000 -10 0.00472672
Car -1 -1 -10 706.431 811.843 1314.723 1198.405 -1 -1 -1 -1000 -1000 -1000 -10 0.00472419
Car -1 -1 -10 1550.081 1156.560 1588.087 1200.000 -1 -1 -1 -1000 -1000 -1000 -10 0.00603593
Car -1 -1 -10 774.707 1030.374 1178.828 1200.000 -1 -1 -1 -1000 -1000 -1000 -10 0.00230933
Car -1 -1 -10 1038.537 1103.980 1205.615 1200.000 -1 -1 -1 -1000 -1000 -1000 -10 0.00449133
Car -1 -1 -10 0.000 797.050 456.697 1198.498 -1 -1 -1 -1000 -1000 -1000 -10 0.00801542
Car -1 -1 -10 953.719 1007.396 1237.780 1176.786 -1 -1 -1 -1000 -1000 -1000 -10 0.00216692
Car -1 -1 -10 981.388 1113.113 1063.909 1200.000 -1 -1 -1 -1000 -1000 -1000 -10 0.00214147
Car -1 -1 -10 947.614 821.087 1285.393 1197.343 -1 -1 -1 -1000 -1000 -1000 -10 0.00214022
Car -1 -1 -10 811.104 1080.669 1114.826 1200.000 -1 -1 -1 -1000 -1000 -1000 -10 0.00213123
Car -1 -1 -10 1284.104 1127.493 1349.838 1200.000 -1 -1 -1 -1000 -1000 -1000 -10 0.00210620
Car -1 -1 -10 928.379 1117.629 1009.270 1200.000 -1 -1 -1 -1000 -1000 -1000 -10 0.00210433
Car -1 -1 -10 1080.616 1040.141 1510.295 1200.000 -1 -1 -1 -1000 -1000 -1000 -10 0.00571607
Car -1 -1 -10 380.382 1158.012 417.558 1200.000 -1 -1 -1 -1000 -1000 -1000 -10 0.00374550
Car -1 -1 -10 996.804 1090.760 1168.451 1187.833 -1 -1 -1 -1000 -1000 -1000 -10 0.00393198
Car -1 -1 -10 874.879 607.396 1066.570 1189.959 -1 -1 -1 -1000 -1000 -1000 -10 0.00196881
Car -1 -1 -10 1257.412 1156.982 1294.637 1200.000 -1 -1 -1 -1000 -1000 -1000 -10 0.00196216
Car -1 -1 -10 892.207 825.885 1240.039 1196.193 -1 -1 -1 -1000 -1000 -1000 -10 0.00195638
Car -1 -1 -10 926.423 1054.206 1313.621 1200.000 -1 -1 -1 -1000 -1000 -1000 -10 0.00194769
Car -1 -1 -10 1123.970 1156.070 1161.796 1200.000 -1 -1 -1 -1000 -1000 -1000 -10 0.00359835
Car -1 -1 -10 1134.209 871.355 1436.328 1199.437 -1 -1 -1 -1000 -1000 -1000 -10 0.00370703
Car -1 -1 -10 968.502 1082.073 1284.591 1200.000 -1 -1 -1 -1000 -1000 -1000 -10 0.00189681
Car -1 -1 -10 1183.801 1139.071 1293.637 1200.000 -1 -1 -1 -1000 -1000 -1000 -10 0.00184644
Car -1 -1 -10 302.419 769.005 977.131 1200.000 -1 -1 -1 -1000 -1000 -1000 -10 0.00182763
Car -1 -1 -10 938.693 798.065 1564.712 1187.750 -1 -1 -1 -1000 -1000 -1000 -10 0.00179027
Car -1 -1 -10 1027.812 1141.851 1078.881 1200.000 -1 -1 -1 -1000 -1000 -1000 -10 0.00177723
Car -1 -1 -10 1231.061 1123.777 1270.293 1200.000 -1 -1 -1 -1000 -1000 -1000 -10 0.00177000
Car -1 -1 -10 905.173 867.561 1025.926 1200.000 -1 -1 -1 -1000 -1000 -1000 -10 0.00176119
Car -1 -1 -10 1021.660 780.326 1213.112 1198.892 -1 -1 -1 -1000 -1000 -1000 -10 0.00176093
Car -1 -1 -10 900.904 1005.564 1180.071 1174.653 -1 -1 -1 -1000 -1000 -1000 -10 0.00174290
Car -1 -1 -10 968.846 1102.161 1135.350 1200.000 -1 -1 -1 -1000 -1000 -1000 -10 0.00174287
Car -1 -1 -10 281.245 979.103 615.093 1196.637 -1 -1 -1 -1000 -1000 -1000 -10 0.00173780
Car -1 -1 -10 866.273 1157.462 903.490 1200.000 -1 -1 -1 -1000 -1000 -1000 -10 0.00172757
Car -1 -1 -10 294.544 873.753 586.105 1200.000 -1 -1 -1 -1000 -1000 -1000 -10 0.00171237
Car -1 -1 -10 943.724 1124.003 982.490 1200.000 -1 -1 -1 -1000 -1000 -1000 -10 0.00168981
Car -1 -1 -10 805.435 981.050 1353.002 1200.000 -1 -1 -1 -1000 -1000 -1000 -10 0.00168863
Car -1 -1 -10 1035.540 1066.506 1201.468 1166.850 -1 -1 -1 -1000 -1000 -1000 -10 0.00317692
Car -1 -1 -10 1022.336 1155.084 1060.322 1200.000 -1 -1 -1 -1000 -1000 -1000 -10 0.00167643
Car -1 -1 -10 1053.190 759.489 1181.785 1199.319 -1 -1 -1 -1000 -1000 -1000 -10 0.00164689
Car -1 -1 -10 1171.031 1156.765 1210.081 1200.000 -1 -1 -1 -1000 -1000 -1000 -10 0.00159847
Car -1 -1 -10 239.773 1055.700 638.158 1200.000 -1 -1 -1 -1000 -1000 -1000 -10 0.00158595
Car -1 -1 -10 1144.356 1114.146 1226.233 1200.000 -1 -1 -1 -1000 -1000 -1000 -10 0.00157341
Car -1 -1 -10 927.708 1003.880 1101.104 1174.275 -1 -1 -1 -1000 -1000 -1000 -10 0.00156350
Car -1 -1 -10 10.981 1042.614 435.283 1200.000 -1 -1 -1 -1000 -1000 -1000 -10 0.00300725
Car -1 -1 -10 304.800 1103.524 560.149 1200.000 -1 -1 -1 -1000 -1000 -1000 -10 0.00299970
Car -1 -1 -10 131.294 798.615 756.453 1200.000 -1 -1 -1 -1000 -1000 -1000 -10 0.00154830
Car -1 -1 -10 968.618 780.756 1163.220 1200.000 -1 -1 -1 -1000 -1000 -1000 -10 0.00153076
Car -1 -1 -10 1011.468 832.782 1172.119 1200.000 -1 -1 -1 -1000 -1000 -1000 -10 0.00152520
Car -1 -1 -10 1159.033 1142.195 1210.816 1200.000 -1 -1 -1 -1000 -1000 -1000 -10 0.00147621
Car -1 -1 -10 1198.865 1061.432 1598.484 1200.000 -1 -1 -1 -1000 -1000 -1000 -10 0.00144133
Car -1 -1 -10 1283.302 1119.484 1362.907 1200.000 -1 -1 -1 -1000 -1000 -1000 -10 0.00143916
Car -1 -1 -10 144.416 827.665 307.238 1200.000 -1 -1 -1 -1000 -1000 -1000 -10 0.00139672
Car -1 -1 -10 941.883 1064.740 1102.618 1165.693 -1 -1 -1 -1000 -1000 -1000 -10 0.00139046
Car -1 -1 -10 355.259 662.604 531.983 1197.170 -1 -1 -1 -1000 -1000 -1000 -10 0.00137351
Car -1 -1 -10 1269.752 1105.793 1520.251 1200.000 -1 -1 -1 -1000 -1000 -1000 -10 0.00136248
Car -1 -1 -10 1204.350 1091.950 1368.417 1188.461 -1 -1 -1 -1000 -1000 -1000 -10 0.00132866
Car -1 -1 -10 263.230 727.386 480.953 1197.774 -1 -1 -1 -1000 -1000 -1000 -10 0.00131535
Car -1 -1 -10 1127.556 795.938 1489.344 1199.554 -1 -1 -1 -1000 -1000 -1000 -10 0.00131114
