Car -1 -1 -10 1146.101 579.882 1306.733 636.226 -1 -1 -1 -1000 -1000 -1000 -10 0.11908354
Car -1 -1 -10 812.156 1157.654 849.506 1200.000 -1 -1 -1 -1000 -1000 -1000 -10 0.00665204
Car -1 -1 -10 794.546 1128.586 861.947 1200.000 -1 -1 -1 -1000 -1000 -1000 -10 0.00343814
Car -1 -1 -10 0.000 798.929 454.563 1198.401 -1 -1 -1 -1000 -1000 -1000 -10 0.00582617
Car -1 -1 -10 787.708 1120.070 868.465 1200.000 -1 -1 -1 -1000 -1000 -1000 -10 0.00296687
Car -1 -1 -10 586.807 1064.989 976.229 1200.000 -1 -1 -1 -1000 -1000 -1000 -10 0.00320912
Car -1 -1 -10 755.308 1121.443 830.685 1200.000 -1 -1 -1 -1000 -1000 -1000 -10 0.00542843
Car -1 -1 -10 660.829 586.532 850.711 1179.078 -1 -1 -1 -1000 -1000 -1000 -10 0.00439308
Car -1 -1 -10 0.000 823.707 192.127 1195.247 -1 -1 -1 -1000 -1000 -1000 -10 0.00419650
Car -1 -1 -10 728.147 594.798 915.684 1181.882 -1 -1 -1 -1000 -1000 -1000 -10 0.00552757
Car -1 -1 -10 656.094 1084.548 980.730 1200.000 -1 -1 -1 -1000 -1000 -1000 -10 0.00161545
Car -1 -1 -10 743.018 1098.456 910.999 1193.898 -1 -1 -1 -1000 -1000 -1000 -10 0.00384779
Car -1 -1 -10 806.660 592.414 993.533 1182.183 -1 -1 -1 -1000 -1000 -1000 -10 0.00340324
Car -1 -1 -10 791.054 1143.326 843.123 1200.000 -1 -1 -1 -1000 -1000 -1000 -10 0.00348498
Car -1 -1 -10 784.096 1084.726 842.814 1200.000 -1 -1 -1 -1000 -1000 -1000 -10 0.00139860
Car -1 -1 -10 716.310 1126.668 783.332 1200.000 -1 -1 -1 -1000 -1000 -1000 -10 0.00234741
Car -1 -1 -10 55.115 585.617 253.083 1183.829 -1 -1 -1 -1000 -1000 -1000 -10 0.00247152
Car -1 -1 -10 769.059 1142.577 820.787 1200.000 -1 -1 -1 -1000 -1000 -1000 -10 0.00229954
Car -1 -1 -10 720.560 1158.095 759.371 1200.000 -1 -1 -1 -1000 -1000 -1000 -10 0.00127899
Car -1 -1 -10 533.834 1022.869 1024.693 1200.000 -1 -1 -1 -1000 -1000 -1000 -10 0.00214744
Car -1 -1 -10 763.814 1156.660 801.584 1200.000 -1 -1 -1 -1000 -1000 -1000 -10 0.00215504
Car -1 -1 -10 686.248 1095.318 848.580 1189.425 -1 -1 -1 -1000 -1000 -1000 -10 0.00354443
Car -1 -1 -10 591.572 468.094 869.845 628.058 -1 -1 -1 -1000 -1000 -1000 -10 0.00219997
Car -1 -1 -10 9.177 1106.494 261.986 1200.000 -1 -1 -1 -1000 -1000 -1000 -10 0.00118250
Car -1 -1 -10 0.000 998.610 290.457 1200.000 -1 -1 -1 -1000 -1000 -1000 -10 0.00319724
Car -1 -1 -10 787.643 1156.368 825.959 1200.000 -1 -1 -1 -1000 -1000 -1000 -10 0.00111112
Car -1 -1 -10 817.136 1124.293 856.345 1200.000 -1 -1 -1 -1000 -1000 -1000 -10 0.00110457
Car -1 -1 -10 9.032 1108.416 182.903 1200.000 -1 -1 -1 -1000 -1000 -1000 -10 0.00217277
Car -1 -1 -10 731.195 1111.222 810.978 1200.000 -1 -1 -1 -1000 -1000 -1000 -10 0.00109822
Car -1 -1 -10 712.839 1156.801 751.145 1200.000 -1 -1 -1 -1000 -1000 -1000 -10 0.00200735
Car -1 -1 -10 582.274 1086.674 905.557 1200.000 -1 -1 -1 -1000 -1000 -1000 -10 0.00108831
Car -1 -1 -10 812.688 1081.804 872.108 1200.000 -1 -1 -1 -1000 -1000 -1000 -10 0.00107966
Car -1 -1 -10 1574.420 559.962 1920.000 1200.000 -1 -1 -1 -1000 -1000 -1000 -10 0.00107648
Car -1 -1 -10 46.073 644.054 216.584 1190.592 -1 -1 -1 -1000 -1000 -1000 -10 0.00195430
Car -1 -1 -10 746.972 1082.744 806.491 1200.000 -1 -1 -1 -1000 -1000 -1000 -10 0.00106489
Car -1 -1 -10 710.471 930.236 945.704 1200.000 -1 -1 -1 -1000 -1000 -1000 -10 0.00203789
Car -1 -1 -10 122.003 1156.772 159.821 1200.000 -1 -1 -1 -1000 -1000 -1000 -10 0.00105184
Car -1 -1 -10 598.393 630.637 770.221 1187.414 -1 -1 -1 -1000 -1000 -1000 -10 0.00198589
Car -1 -1 -10 225.236 508.366 1388.226 1194.663 -1 -1 -1 -1000 -1000 -1000 -10 0.00388269
Car -1 -1 -10 770.648 1157.840 809.232 1200.000 -1 -1 -1 -1000 -1000 -1000 -10 0.00103659
Car -1 -1 -10 80.594 1138.876 191.498 1200.000 -1 -1 -1 -1000 -1000 -1000 -10 0.00103463
Car -1 -1 -10 817.130 1144.298 868.944 1200.000 -1 -1 -1 -1000 -1000 -1000 -10 0.00188960
Car -1 -1 -10 672.731 1106.444 850.074 1200.000 -1 -1 -1 -1000 -1000 -1000 -10 0.00102128
Car -1 -1 -10 648.249 636.769 816.830 1192.639 -1 -1 -1 -1000 -1000 -1000 -10 0.00101563
Car -1 -1 -10 774.404 1021.346 868.798 1200.000 -1 -1 -1 -1000 -1000 -1000 -10 0.00100703
Car -1 -1 -10 284.654 633.286 458.735 1189.269 -1 -1 -1 -1000 -1000 -1000 -10 0.00100538
Car -1 -1 -10 769.318 1096.241 932.406 1188.557 -1 -1 -1 -1000 -1000 -1000 -10 0.00100147
Car -1 -1 -10 751.513 1121.806 790.558 1200.000 -1 -1 -1 -1000 -1000 -1000 -10 0.00100135
Car -1 -1 -10 780.644 1156.946 819.120 1200.000 -1 -1 -1 -1000 -1000 -1000 -10 0.00099218
Car -1 -1 -10 11.303 1128.811 77.794 1200.000 -1 -1 -1 -1000 -1000 -1000 -10 0.00099108
Car -1 -1 -10 691.922 1119.346 772.072 1200.000 -1 -1 -1 -1000 -1000 -1000 -10 0.00189306
Car -1 -1 -10 121.640 1123.871 160.540 1200.000 -1 -1 -1 -1000 -1000 -1000 -10 0.00097360
Car -1 -1 -10 111.511 1089.016 169.138 1200.000 -1 -1 -1 -1000 -1000 -1000 -10 0.00097350
Car -1 -1 -10 724.295 1142.725 775.572 1200.000 -1 -1 -1 -1000 -1000 -1000 -10 0.00179144
Car -1 -1 -10 901.378 1158.081 938.871 1200.000 -1 -1 -1 -1000 -1000 -1000 -10 0.00095975
Car -1 -1 -10 788.314 737.194 914.063 1200.000 -1 -1 -1 -1000 -1000 -1000 -10 0.00095240
Car -1 -1 -10 757.057 1124.468 796.312 1200.000 -1 -1 -1 -1000 -1000 -1000 -10 0.00093957
Car -1 -1 -10 690.536 1127.010 757.792 1200.000 -1 -1 -1 -1000 -1000 -1000 -10 0.00092582
Car -1 -1 -10 752.801 865.347 869.265 1200.000 -1 -1 -1 -1000 -1000 -1000 -10 0.00091780
Car -1 -1 -10 1433.378 595.819 1920.000 1200.000 -1 -1 -1 -1000 -1000 -1000 -10 0.00087538
Car -1 -1 -10 0.000 1103.930 48.985 1200.000 -1 -1 -1 -1000 -1000 -1000 -10 0.00083201
