Car -1 -1 -10 0.000 505.848 526.269 788.732 -1 -1 -1 -1000 -1000 -1000 -10 0.42679347
Car -1 -1 -10 575.950 605.295 628.118 661.153 -1 -1 -1 -1000 -1000 -1000 -10 0.17224492
Car -1 -1 -10 0.000 531.257 297.105 750.462 -1 -1 -1 -1000 -1000 -1000 -10 0.04070889
Car -1 -1 -10 207.441 502.250 592.462 739.250 -1 -1 -1 -1000 -1000 -1000 -10 0.04193102
Car -1 -1 -10 26.444 529.640 150.258 647.247 -1 -1 -1 -1000 -1000 -1000 -10 0.01758696
Car -1 -1 -10 62.493 519.058 219.140 615.021 -1 -1 -1 -1000 -1000 -1000 -10 0.00783740
Car -1 -1 -10 429.032 535.152 584.958 639.384 -1 -1 -1 -1000 -1000 -1000 -10 0.01350758
Car -1 -1 -10 15.660 498.704 132.717 618.063 -1 -1 -1 -1000 -1000 -1000 -10 0.02138202
Car -1 -1 -10 72.426 536.639 227.625 635.955 -1 -1 -1 -1000 -1000 -1000 -10 0.00711074
Car -1 -1 -10 0.000 468.505 195.293 701.760 -1 -1 -1 -1000 -1000 -1000 -10 0.01163435
Car -1 -1 -10 493.047 555.321 607.627 657.611 -1 -1 -1 -1000 -1000 -1000 -10 0.00584388
Car -1 -1 -10 29.880 507.861 124.701 604.256 -1 -1 -1 -1000 -1000 -1000 -10 0.00583065
Car -1 -1 -10 0.156 509.161 214.737 669.805 -1 -1 -1 -1000 -1000 -1000 -10 0.00973988
Car -1 -1 -10 549.690 586.863 619.062 654.377 -1 -1 -1 -1000 -1000 -1000 -10 0.00520674
Car -1 -1 -10 362.543 537.468 515.812 639.557 -1 -1 -1 -1000 -1000 -1000 -10 0.00813189
Car -1 -1 -10 24.196 550.047 153.998 675.302 -1 -1 -1 -1000 -1000 -1000 -10 0.00420677
Car -1 -1 -10 23.068 571.035 154.850 700.370 -1 -1 -1 -1000 -1000 -1000 -10 0.00398603
Car -1 -1 -10 3.453 501.302 415.198 988.430 -1 -1 -1 -1000 -1000 -1000 -10 0.00397245
Car -1 -1 -10 507.168 565.334 601.699 648.500 -1 -1 -1 -1000 -1000 -1000 -10 0.00381726
Car -1 -1 -10 379.938 525.488 570.108 696.679 -1 -1 -1 -1000 -1000 -1000 -10 0.00370053
Car -1 -1 -10 327.487 530.642 556.003 687.108 -1 -1 -1 -1000 -1000 -1000 -10 0.00367142
