Car -1 -1 -10 604.015 563.279 773.188 715.995 -1 -1 -1 -1000 -1000 -1000 -10 0.99996430
Car -1 -1 -10 28.782 583.219 261.273 724.917 -1 -1 -1 -1000 -1000 -1000 -10 0.99983883
Car -1 -1 -10 333.605 573.645 473.580 663.061 -1 -1 -1 -1000 -1000 -1000 -10 0.99900198
Car -1 -1 -10 0.000 557.716 533.668 1197.763 -1 -1 -1 -1000 -1000 -1000 -10 0.00563753
Car -1 -1 -10 0.000 585.396 415.857 1149.371 -1 -1 -1 -1000 -1000 -1000 -10 0.00296289
Car -1 -1 -10 674.932 569.352 789.489 688.840 -1 -1 -1 -1000 -1000 -1000 -10 0.00249117
Car -1 -1 -10 541.827 556.141 572.695 602.201 -1 -1 -1 -1000 -1000 -1000 -10 0.00228958
Car -1 -1 -10 566.322 1156.464 606.701 1200.000 -1 -1 -1 -1000 -1000 -1000 -10 0.00138767
Car -1 -1 -10 135.757 581.396 264.912 700.632 -1 -1 -1 -1000 -1000 -1000 -10 0.00328608
Car -1 -1 -10 21.517 571.935 67.092 733.618 -1 -1 -1 -1000 -1000 -1000 -10 0.00127272
Car -1 -1 -10 643.612 551.360 765.497 662.055 -1 -1 -1 -1000 -1000 -1000 -10 0.00121867
Car -1 -1 -10 305.315 414.896 508.481 745.009 -1 -1 -1 -1000 -1000 -1000 -10 0.00225341
Car -1 -1 -10 356.356 405.166 426.556 796.331 -1 -1 -1 -1000 -1000 -1000 -10 0.00104730
Car -1 -1 -10 642.702 555.087 721.901 631.301 -1 -1 -1 -1000 -1000 -1000 -10 0.00100085
Car -1 -1 -10 560.224 1143.477 611.672 1200.000 -1 -1 -1 -1000 -1000 -1000 -10 0.00099136
Car -1 -1 -10 1659.343 584.215 1920.000 956.789 -1 -1 -1 -1000 -1000 -1000 -10 0.00097462
Car -1 -1 -10 0.390 571.427 153.780 702.924 -1 -1 -1 -1000 -1000 -1000 -10 0.00097070
Car -1 -1 -10 81.626 498.470 173.198 822.596 -1 -1 -1 -1000 -1000 -1000 -10 0.00096624
Car -1 -1 -10 1191.923 201.345 1695.376 573.101 -1 -1 -1 -1000 -1000 -1000 -10 0.00096463
Car -1 -1 -10 618.888 549.842 741.050 662.286 -1 -1 -1 -1000 -1000 -1000 -10 0.00096336
Car -1 -1 -10 480.351 643.938 648.242 1190.077 -1 -1 -1 -1000 -1000 -1000 -10 0.00086483
Car -1 -1 -10 625.224 316.403 746.324 984.164 -1 -1 -1 -1000 -1000 -1000 -10 0.00082063
Car -1 -1 -10 664.609 507.574 715.840 796.466 -1 -1 -1 -1000 -1000 -1000 -10 0.00079427
Car -1 -1 -10 531.043 566.045 564.601 616.368 -1 -1 -1 -1000 -1000 -1000 -10 0.00077521
Car -1 -1 -10 573.081 605.235 644.654 681.144 -1 -1 -1 -1000 -1000 -1000 -10 0.00076958
Car -1 -1 -10 376.789 470.420 426.334 769.989 -1 -1 -1 -1000 -1000 -1000 -10 0.00076416
