Car -1 -1 -10 750.206 611.082 830.286 678.624 -1 -1 -1 -1000 -1000 -1000 -10 0.99824780
Car -1 -1 -10 0.000 643.294 95.066 723.262 -1 -1 -1 -1000 -1000 -1000 -10 0.01132596
Car -1 -1 -10 0.000 785.961 315.878 1198.621 -1 -1 -1 -1000 -1000 -1000 -10 0.00214398
Car -1 -1 -10 0.000 797.147 459.685 1200.000 -1 -1 -1 -1000 -1000 -1000 -10 0.00509151
Car -1 -1 -10 1.712 666.321 113.135 748.504 -1 -1 -1 -1000 -1000 -1000 -10 0.00214796
Car -1 -1 -10 0.000 804.835 213.635 1194.050 -1 -1 -1 -1000 -1000 -1000 -10 0.00133580
Car -1 -1 -10 763.868 598.461 813.086 651.085 -1 -1 -1 -1000 -1000 -1000 -10 0.00102300
Car -1 -1 -10 0.000 583.844 523.022 1200.000 -1 -1 -1 -1000 -1000 -1000 -10 0.00096364
Car -1 -1 -10 1.095 955.993 211.798 1200.000 -1 -1 -1 -1000 -1000 -1000 -10 0.00257636
Car -1 -1 -10 1.066 1061.402 335.365 1200.000 -1 -1 -1 -1000 -1000 -1000 -10 0.00085529
Car -1 -1 -10 0.000 645.366 108.516 737.902 -1 -1 -1 -1000 -1000 -1000 -10 0.00080001
Car -1 -1 -10 114.890 757.058 245.327 1200.000 -1 -1 -1 -1000 -1000 -1000 -10 0.00079180
Car -1 -1 -10 66.991 743.457 195.189 1200.000 -1 -1 -1 -1000 -1000 -1000 -10 0.00078631
Car -1 -1 -10 14.802 656.424 91.506 728.387 -1 -1 -1 -1000 -1000 -1000 -10 0.00078199
Car -1 -1 -10 9.040 983.824 351.391 1200.000 -1 -1 -1 -1000 -1000 -1000 -10 0.00076668
Car -1 -1 -10 344.036 1158.214 383.382 1200.000 -1 -1 -1 -1000 -1000 -1000 -10 0.00075934
Car -1 -1 -10 0.000 628.455 352.170 1098.856 -1 -1 -1 -1000 -1000 -1000 -10 0.00073614
Car -1 -1 -10 6.604 610.477 302.656 937.255 -1 -1 -1 -1000 -1000 -1000 -10 0.00072430
Car -1 -1 -10 9.733 643.208 165.890 734.617 -1 -1 -1 -1000 -1000 -1000 -10 0.00137922
Car -1 -1 -10 0.000 713.772 290.352 1128.316 -1 -1 -1 -1000 -1000 -1000 -10 0.00067684
Car -1 -1 -10 7.504 666.771 74.325 719.590 -1 -1 -1 -1000 -1000 -1000 -10 0.00125044
Car -1 -1 -10 62.820 736.900 292.690 1192.466 -1 -1 -1 -1000 -1000 -1000 -10 0.00062612
Car -1 -1 -10 0.000 1166.817 24.953 1200.000 -1 -1 -1 -1000 -1000 -1000 -10 0.00057485
Car -1 -1 -10 0.000 506.879 409.500 1036.910 -1 -1 -1 -1000 -1000 -1000 -10 0.00056184
Car -1 -1 -10 1474.244 539.117 1912.955 900.993 -1 -1 -1 -1000 -1000 -1000 -10 0.00054137
Car -1 -1 -10 1478.733 808.878 1920.000 1200.000 -1 -1 -1 -1000 -1000 -1000 -10 0.00104522
Car -1 -1 -10 0.000 415.473 418.641 912.913 -1 -1 -1 -1000 -1000 -1000 -10 0.00052492
Car -1 -1 -10 629.511 668.622 842.417 1184.121 -1 -1 -1 -1000 -1000 -1000 -10 0.00049258
