Car -1 -1 -10 960.280 553.294 1212.253 749.876 -1 -1 -1 -1000 -1000 -1000 -10 0.99938186
Car -1 -1 -10 903.513 602.726 976.844 666.627 -1 -1 -1 -1000 -1000 -1000 -10 0.34994626
Car -1 -1 -10 905.971 605.427 964.749 663.487 -1 -1 -1 -1000 -1000 -1000 -10 0.09934635
Car -1 -1 -10 957.478 566.959 1077.911 755.659 -1 -1 -1 -1000 -1000 -1000 -10 0.00916976
Car -1 -1 -10 926.859 596.712 998.970 668.503 -1 -1 -1 -1000 -1000 -1000 -10 0.00546506
Car -1 -1 -10 920.781 590.584 1010.080 673.888 -1 -1 -1 -1000 -1000 -1000 -10 0.00354627
Car -1 -1 -10 0.000 791.129 462.229 1197.240 -1 -1 -1 -1000 -1000 -1000 -10 0.00948091
Car -1 -1 -10 0.000 597.041 504.010 1195.943 -1 -1 -1 -1000 -1000 -1000 -10 0.00305690
Car -1 -1 -10 96.300 869.036 388.561 1031.081 -1 -1 -1 -1000 -1000 -1000 -10 0.00369095
Car -1 -1 -10 1185.861 513.922 1411.387 648.553 -1 -1 -1 -1000 -1000 -1000 -10 0.00371484
Car -1 -1 -10 43.978 646.489 210.222 1193.216 -1 -1 -1 -1000 -1000 -1000 -10 0.00416965
Car -1 -1 -10 162.377 891.290 324.859 989.988 -1 -1 -1 -1000 -1000 -1000 -10 0.00203590
Car -1 -1 -10 969.522 564.767 1103.962 708.161 -1 -1 -1 -1000 -1000 -1000 -10 0.00183292
Car -1 -1 -10 68.817 914.107 233.427 1013.109 -1 -1 -1 -1000 -1000 -1000 -10 0.00174679
Car -1 -1 -10 147.988 666.611 314.326 1200.000 -1 -1 -1 -1000 -1000 -1000 -10 0.00169977
Car -1 -1 -10 82.065 564.592 231.583 1200.000 -1 -1 -1 -1000 -1000 -1000 -10 0.00143378
