Car -1 -1 -10 360.163 610.357 463.368 684.429 -1 -1 -1 -1000 -1000 -1000 -10 0.95499291
Car -1 -1 -10 678.842 595.830 779.082 677.192 -1 -1 -1 -1000 -1000 -1000 -10 0.91115190
Car -1 -1 -10 610.136 609.495 669.718 659.202 -1 -1 -1 -1000 -1000 -1000 -10 0.02835071
Car -1 -1 -10 677.406 612.443 736.860 675.834 -1 -1 -1 -1000 -1000 -1000 -10 0.00543921
Car -1 -1 -10 0.000 605.359 504.997 1196.003 -1 -1 -1 -1000 -1000 -1000 -10 0.00263418
Car -1 -1 -10 0.000 790.726 462.163 1196.762 -1 -1 -1 -1000 -1000 -1000 -10 0.00739247
Car -1 -1 -10 655.597 1158.575 692.620 1200.000 -1 -1 -1 -1000 -1000 -1000 -10 0.00378150
Car -1 -1 -10 279.170 1046.753 690.490 1200.000 -1 -1 -1 -1000 -1000 -1000 -10 0.00317445
Car -1 -1 -10 345.035 1085.261 404.310 1200.000 -1 -1 -1 -1000 -1000 -1000 -10 0.00282217
Car -1 -1 -10 581.113 599.322 726.960 672.960 -1 -1 -1 -1000 -1000 -1000 -10 0.00169664
Car -1 -1 -10 1456.807 452.462 1920.000 794.544 -1 -1 -1 -1000 -1000 -1000 -10 0.00167847
Car -1 -1 -10 277.155 657.113 466.905 1190.882 -1 -1 -1 -1000 -1000 -1000 -10 0.00166235
Car -1 -1 -10 4.489 1085.422 280.975 1200.000 -1 -1 -1 -1000 -1000 -1000 -10 0.00154524
Car -1 -1 -10 144.017 1062.957 540.951 1200.000 -1 -1 -1 -1000 -1000 -1000 -10 0.00288330
Car -1 -1 -10 583.502 1157.719 621.587 1200.000 -1 -1 -1 -1000 -1000 -1000 -10 0.00288161
Car -1 -1 -10 576.093 1128.347 641.475 1200.000 -1 -1 -1 -1000 -1000 -1000 -10 0.00149463
Car -1 -1 -10 0.000 590.357 732.682 1197.972 -1 -1 -1 -1000 -1000 -1000 -10 0.00290091
Car -1 -1 -10 245.564 609.475 450.484 1183.276 -1 -1 -1 -1000 -1000 -1000 -10 0.00267501
Car -1 -1 -10 593.049 620.145 626.673 665.948 -1 -1 -1 -1000 -1000 -1000 -10 0.00146870
Car -1 -1 -10 55.695 791.900 684.061 1189.099 -1 -1 -1 -1000 -1000 -1000 -10 0.00146838
Car -1 -1 -10 348.915 649.295 538.454 1190.304 -1 -1 -1 -1000 -1000 -1000 -10 0.00255423
Car -1 -1 -10 622.843 515.437 1844.597 1200.000 -1 -1 -1 -1000 -1000 -1000 -10 0.00266875
Car -1 -1 -10 276.587 1093.641 437.190 1189.471 -1 -1 -1 -1000 -1000 -1000 -10 0.00274594
Car -1 -1 -10 186.474 650.150 366.197 1192.056 -1 -1 -1 -1000 -1000 -1000 -10 0.00251652
Car -1 -1 -10 3.242 828.170 289.822 1200.000 -1 -1 -1 -1000 -1000 -1000 -10 0.00135869
Car -1 -1 -10 0.000 809.273 211.516 1194.503 -1 -1 -1 -1000 -1000 -1000 -10 0.00134233
Car -1 -1 -10 24.105 718.530 238.418 1200.000 -1 -1 -1 -1000 -1000 -1000 -10 0.00132402
Car -1 -1 -10 1243.323 443.228 1805.024 799.649 -1 -1 -1 -1000 -1000 -1000 -10 0.00128705
Car -1 -1 -10 134.163 583.282 273.972 1197.919 -1 -1 -1 -1000 -1000 -1000 -10 0.00241966
Car -1 -1 -10 309.562 1100.328 557.288 1200.000 -1 -1 -1 -1000 -1000 -1000 -10 0.00127629
Car -1 -1 -10 1.088 1025.581 265.235 1200.000 -1 -1 -1 -1000 -1000 -1000 -10 0.00126966
Car -1 -1 -10 62.299 316.431 374.791 1198.675 -1 -1 -1 -1000 -1000 -1000 -10 0.00226143
Car -1 -1 -10 411.992 834.657 571.223 1200.000 -1 -1 -1 -1000 -1000 -1000 -10 0.00120251
Car -1 -1 -10 563.043 1121.045 643.014 1200.000 -1 -1 -1 -1000 -1000 -1000 -10 0.00119970
Car -1 -1 -10 44.956 644.963 212.941 1194.766 -1 -1 -1 -1000 -1000 -1000 -10 0.00116909
Car -1 -1 -10 0.000 980.349 289.994 1200.000 -1 -1 -1 -1000 -1000 -1000 -10 0.00112863
Car -1 -1 -10 405.458 1100.533 653.493 1200.000 -1 -1 -1 -1000 -1000 -1000 -10 0.00111638
Car -1 -1 -10 0.000 1106.084 90.665 1200.000 -1 -1 -1 -1000 -1000 -1000 -10 0.00110259
Car -1 -1 -10 746.889 1158.612 784.957 1200.000 -1 -1 -1 -1000 -1000 -1000 -10 0.00108011
Car -1 -1 -10 294.918 585.549 446.545 1200.000 -1 -1 -1 -1000 -1000 -1000 -10 0.00102551
Car -1 -1 -10 176.690 590.916 327.069 1200.000 -1 -1 -1 -1000 -1000 -1000 -10 0.00102310
Car -1 -1 -10 67.296 591.839 196.405 1200.000 -1 -1 -1 -1000 -1000 -1000 -10 0.00102281
Car -1 -1 -10 598.130 616.315 649.097 666.227 -1 -1 -1 -1000 -1000 -1000 -10 0.00099812
