Car -1 -1 -10 10.236 790.106 642.090 1200.000 -1 -1 -1 -1000 -1000 -1000 -10 0.00988912
Car -1 -1 -10 0.000 805.454 475.547 1200.000 -1 -1 -1 -1000 -1000 -1000 -10 0.00314314
Car -1 -1 -10 17.919 695.162 299.952 1187.911 -1 -1 -1 -1000 -1000 -1000 -10 0.00314257
Car -1 -1 -10 0.000 560.123 844.902 1184.331 -1 -1 -1 -1000 -1000 -1000 -10 0.00633066
Car -1 -1 -10 0.000 566.141 371.404 1200.000 -1 -1 -1 -1000 -1000 -1000 -10 0.00334420
Car -1 -1 -10 91.857 564.136 239.230 1200.000 -1 -1 -1 -1000 -1000 -1000 -10 0.00416175
Car -1 -1 -10 13.446 852.563 305.985 1020.903 -1 -1 -1 -1000 -1000 -1000 -10 0.00156675
Car -1 -1 -10 3.968 1035.552 415.566 1200.000 -1 -1 -1 -1000 -1000 -1000 -10 0.00145563
Car -1 -1 -10 81.992 626.989 270.558 1200.000 -1 -1 -1 -1000 -1000 -1000 -10 0.00143725
Car -1 -1 -10 0.000 795.317 406.916 1068.336 -1 -1 -1 -1000 -1000 -1000 -10 0.00356310
Car -1 -1 -10 1449.177 215.561 1920.000 812.756 -1 -1 -1 -1000 -1000 -1000 -10 0.00253089
Car -1 -1 -10 1572.060 0.000 1920.000 673.747 -1 -1 -1 -1000 -1000 -1000 -10 0.00460307
Car -1 -1 -10 1535.148 214.386 1916.950 540.671 -1 -1 -1 -1000 -1000 -1000 -10 0.00233910
Car -1 -1 -10 0.000 831.937 291.113 1198.935 -1 -1 -1 -1000 -1000 -1000 -10 0.00120018
Car -1 -1 -10 11.630 987.681 475.941 1200.000 -1 -1 -1 -1000 -1000 -1000 -10 0.00119612
Car -1 -1 -10 20.224 578.671 144.868 1200.000 -1 -1 -1 -1000 -1000 -1000 -10 0.00119463
Car -1 -1 -10 74.046 887.746 242.853 990.488 -1 -1 -1 -1000 -1000 -1000 -10 0.00118400
Car -1 -1 -10 26.854 860.161 335.795 1200.000 -1 -1 -1 -1000 -1000 -1000 -10 0.00118144
Car -1 -1 -10 0.000 833.315 337.814 1039.488 -1 -1 -1 -1000 -1000 -1000 -10 0.00117492
Car -1 -1 -10 1556.204 376.531 1917.394 674.583 -1 -1 -1 -1000 -1000 -1000 -10 0.00111735
Car -1 -1 -10 1437.328 1.598 1920.000 384.285 -1 -1 -1 -1000 -1000 -1000 -10 0.00105502
Car -1 -1 -10 261.659 661.879 432.708 1190.507 -1 -1 -1 -1000 -1000 -1000 -10 0.00103921
Car -1 -1 -10 116.623 205.977 401.471 1200.000 -1 -1 -1 -1000 -1000 -1000 -10 0.00094672
