Car -1 -1 -10 380.370 479.568 1655.222 1187.478 -1 -1 -1 -1000 -1000 -1000 -10 0.01343994
Car -1 -1 -10 18.098 715.481 245.327 1199.585 -1 -1 -1 -1000 -1000 -1000 -10 0.00468079
Car -1 -1 -10 0.000 523.605 1020.410 1196.954 -1 -1 -1 -1000 -1000 -1000 -10 0.00941311
Car -1 -1 -10 9.172 1060.037 331.813 1200.000 -1 -1 -1 -1000 -1000 -1000 -10 0.00246115
Car -1 -1 -10 0.903 804.111 320.870 1197.618 -1 -1 -1 -1000 -1000 -1000 -10 0.00454829
Car -1 -1 -10 8.620 1106.062 251.556 1200.000 -1 -1 -1 -1000 -1000 -1000 -10 0.00377587
Car -1 -1 -10 0.000 800.392 471.675 1199.798 -1 -1 -1 -1000 -1000 -1000 -10 0.00404766
Car -1 -1 -10 903.049 546.391 1041.416 1196.771 -1 -1 -1 -1000 -1000 -1000 -10 0.00362763
Car -1 -1 -10 55.168 701.336 206.648 1200.000 -1 -1 -1 -1000 -1000 -1000 -10 0.00194137
Car -1 -1 -10 14.894 1001.098 402.543 1200.000 -1 -1 -1 -1000 -1000 -1000 -10 0.00303574
Car -1 -1 -10 635.934 837.226 1292.437 1187.007 -1 -1 -1 -1000 -1000 -1000 -10 0.00333946
Car -1 -1 -10 32.492 1104.513 215.150 1200.000 -1 -1 -1 -1000 -1000 -1000 -10 0.00180387
Car -1 -1 -10 0.000 1066.592 249.987 1200.000 -1 -1 -1 -1000 -1000 -1000 -10 0.00168176
Car -1 -1 -10 38.799 932.607 271.196 1200.000 -1 -1 -1 -1000 -1000 -1000 -10 0.00166121
Car -1 -1 -10 0.000 716.771 656.682 1199.964 -1 -1 -1 -1000 -1000 -1000 -10 0.00153061
Car -1 -1 -10 67.980 662.617 239.747 1189.170 -1 -1 -1 -1000 -1000 -1000 -10 0.00152317
Car -1 -1 -10 0.000 1107.782 89.432 1200.000 -1 -1 -1 -1000 -1000 -1000 -10 0.00271113
Car -1 -1 -10 109.377 773.157 299.142 1199.140 -1 -1 -1 -1000 -1000 -1000 -10 0.00149243
Car -1 -1 -10 82.766 1118.969 163.982 1200.000 -1 -1 -1 -1000 -1000 -1000 -10 0.00141967
Car -1 -1 -10 116.221 751.424 244.472 1200.000 -1 -1 -1 -1000 -1000 -1000 -10 0.00138138
Car -1 -1 -10 65.761 1013.792 162.274 1200.000 -1 -1 -1 -1000 -1000 -1000 -10 0.00252091
Car -1 -1 -10 1.459 1056.333 159.054 1197.949 -1 -1 -1 -1000 -1000 -1000 -10 0.00132233
Car -1 -1 -10 798.670 767.232 1145.880 1085.588 -1 -1 -1 -1000 -1000 -1000 -10 0.00132225
Car -1 -1 -10 0.000 641.176 487.708 1200.000 -1 -1 -1 -1000 -1000 -1000 -10 0.00131329
Car -1 -1 -10 7.627 959.396 309.642 1200.000 -1 -1 -1 -1000 -1000 -1000 -10 0.00130894
Car -1 -1 -10 39.872 915.329 190.399 1200.000 -1 -1 -1 -1000 -1000 -1000 -10 0.00122323
Car -1 -1 -10 744.727 810.729 1183.067 1052.911 -1 -1 -1 -1000 -1000 -1000 -10 0.00118458
Car -1 -1 -10 953.568 604.511 1082.967 1191.497 -1 -1 -1 -1000 -1000 -1000 -10 0.00117886
Car -1 -1 -10 832.479 393.484 1133.774 1200.000 -1 -1 -1 -1000 -1000 -1000 -10 0.00117580
Car -1 -1 -10 133.386 1159.366 170.880 1200.000 -1 -1 -1 -1000 -1000 -1000 -10 0.00115971
Car -1 -1 -10 585.397 615.840 1270.483 1087.697 -1 -1 -1 -1000 -1000 -1000 -10 0.00223986
Car -1 -1 -10 139.322 747.370 266.941 1200.000 -1 -1 -1 -1000 -1000 -1000 -10 0.00222841
Car -1 -1 -10 834.977 566.252 965.307 1185.235 -1 -1 -1 -1000 -1000 -1000 -10 0.00113456
Car -1 -1 -10 860.864 246.634 1160.159 1200.000 -1 -1 -1 -1000 -1000 -1000 -10 0.00111830
Car -1 -1 -10 139.834 1158.160 177.329 1200.000 -1 -1 -1 -1000 -1000 -1000 -10 0.00105988
Car -1 -1 -10 970.833 508.308 1119.226 1200.000 -1 -1 -1 -1000 -1000 -1000 -10 0.00104322
