Car -1 -1 -10 0.000 797.202 453.972 1199.296 -1 -1 -1 -1000 -1000 -1000 -10 0.00610413
Car -1 -1 -10 1370.736 596.333 1532.219 678.706 -1 -1 -1 -1000 -1000 -1000 -10 0.00359943
Car -1 -1 -10 34.018 611.649 225.238 1187.559 -1 -1 -1 -1000 -1000 -1000 -10 0.00382613
Car -1 -1 -10 0.385 994.439 289.592 1200.000 -1 -1 -1 -1000 -1000 -1000 -10 0.00356259
Car -1 -1 -10 0.000 1105.680 49.186 1200.000 -1 -1 -1 -1000 -1000 -1000 -10 0.00126671
Car -1 -1 -10 0.000 1108.817 90.380 1200.000 -1 -1 -1 -1000 -1000 -1000 -10 0.00120868
Car -1 -1 -10 1396.102 550.363 1730.610 683.235 -1 -1 -1 -1000 -1000 -1000 -10 0.00118481
Car -1 -1 -10 6.270 1107.616 255.505 1200.000 -1 -1 -1 -1000 -1000 -1000 -10 0.00204964
Car -1 -1 -10 23.969 719.790 240.386 1200.000 -1 -1 -1 -1000 -1000 -1000 -10 0.00114803
Car -1 -1 -10 1574.274 556.463 1920.000 1200.000 -1 -1 -1 -1000 -1000 -1000 -10 0.00110082
Car -1 -1 -10 0.000 964.718 210.691 1200.000 -1 -1 -1 -1000 -1000 -1000 -10 0.00105822
Car -1 -1 -10 0.000 1059.070 201.236 1200.000 -1 -1 -1 -1000 -1000 -1000 -10 0.00208373
Car -1 -1 -10 1466.097 807.198 1920.000 1200.000 -1 -1 -1 -1000 -1000 -1000 -10 0.00176215
Car -1 -1 -10 81.418 1085.334 141.033 1200.000 -1 -1 -1 -1000 -1000 -1000 -10 0.00097763
Car -1 -1 -10 92.798 1157.559 130.027 1200.000 -1 -1 -1 -1000 -1000 -1000 -10 0.00166724
Car -1 -1 -10 59.636 290.532 372.800 1200.000 -1 -1 -1 -1000 -1000 -1000 -10 0.00171283
Car -1 -1 -10 163.017 1158.602 201.266 1200.000 -1 -1 -1 -1000 -1000 -1000 -10 0.00092749
Car -1 -1 -10 174.346 626.767 390.115 1181.728 -1 -1 -1 -1000 -1000 -1000 -10 0.00092544
Car -1 -1 -10 1586.996 480.647 1909.011 1107.283 -1 -1 -1 -1000 -1000 -1000 -10 0.00092494
Car -1 -1 -10 1608.445 688.707 1909.370 1052.310 -1 -1 -1 -1000 -1000 -1000 -10 0.00090608
Car -1 -1 -10 121.914 610.849 286.840 1192.689 -1 -1 -1 -1000 -1000 -1000 -10 0.00247089
Car -1 -1 -10 73.805 1125.025 147.372 1200.000 -1 -1 -1 -1000 -1000 -1000 -10 0.00159798
Car -1 -1 -10 53.733 846.328 176.374 1200.000 -1 -1 -1 -1000 -1000 -1000 -10 0.00089349
Car -1 -1 -10 704.948 581.313 903.302 1178.453 -1 -1 -1 -1000 -1000 -1000 -10 0.00088922
Car -1 -1 -10 0.000 1157.086 35.762 1200.000 -1 -1 -1 -1000 -1000 -1000 -10 0.00086884
Car -1 -1 -10 1350.896 459.350 1914.071 1092.873 -1 -1 -1 -1000 -1000 -1000 -10 0.00085435
Car -1 -1 -10 0.000 1108.454 136.156 1200.000 -1 -1 -1 -1000 -1000 -1000 -10 0.00085431
Car -1 -1 -10 31.706 1158.090 68.711 1200.000 -1 -1 -1 -1000 -1000 -1000 -10 0.00085149
Car -1 -1 -10 1248.152 599.494 1402.882 677.407 -1 -1 -1 -1000 -1000 -1000 -10 0.00082101
Car -1 -1 -10 756.936 668.766 994.687 1198.708 -1 -1 -1 -1000 -1000 -1000 -10 0.00082041
Car -1 -1 -10 1493.078 396.497 1920.000 920.561 -1 -1 -1 -1000 -1000 -1000 -10 0.00081887
Car -1 -1 -10 103.598 1158.479 140.805 1200.000 -1 -1 -1 -1000 -1000 -1000 -10 0.00081591
Car -1 -1 -10 1645.493 457.059 1920.000 795.412 -1 -1 -1 -1000 -1000 -1000 -10 0.00157227
Car -1 -1 -10 1496.918 293.420 1920.000 814.409 -1 -1 -1 -1000 -1000 -1000 -10 0.00079315
Car -1 -1 -10 55.482 1138.035 164.507 1200.000 -1 -1 -1 -1000 -1000 -1000 -10 0.00079262
Car -1 -1 -10 16.512 1130.528 83.246 1200.000 -1 -1 -1 -1000 -1000 -1000 -10 0.00079054
Car -1 -1 -10 1498.057 473.855 1826.520 1099.620 -1 -1 -1 -1000 -1000 -1000 -10 0.00077960
Car -1 -1 -10 63.887 1007.447 162.804 1200.000 -1 -1 -1 -1000 -1000 -1000 -10 0.00076680
Car -1 -1 -10 1326.172 596.582 1486.939 677.548 -1 -1 -1 -1000 -1000 -1000 -10 0.00076517
Car -1 -1 -10 1294.427 600.130 1465.529 675.755 -1 -1 -1 -1000 -1000 -1000 -10 0.00075855
Car -1 -1 -10 1834.312 503.534 1920.000 674.815 -1 -1 -1 -1000 -1000 -1000 -10 0.00074738
Car -1 -1 -10 1683.159 655.870 1920.000 995.200 -1 -1 -1 -1000 -1000 -1000 -10 0.00073862
Car -1 -1 -10 21.451 1089.108 79.043 1200.000 -1 -1 -1 -1000 -1000 -1000 -10 0.00072645
Car -1 -1 -10 175.368 551.111 324.630 1200.000 -1 -1 -1 -1000 -1000 -1000 -10 0.00070018
Car -1 -1 -10 1683.858 518.613 1919.791 831.645 -1 -1 -1 -1000 -1000 -1000 -10 0.00069749
