Car -1 -1 -10 976.704 528.531 1241.750 728.294 -1 -1 -1 -1000 -1000 -1000 -10 0.99700558
Car -1 -1 -10 391.741 614.934 481.091 680.094 -1 -1 -1 -1000 -1000 -1000 -10 0.95657338
Car -1 -1 -10 909.694 599.319 988.269 667.039 -1 -1 -1 -1000 -1000 -1000 -10 0.72669674
Car -1 -1 -10 1075.819 534.668 1234.106 644.108 -1 -1 -1 -1000 -1000 -1000 -10 0.01763410
Car -1 -1 -10 1558.918 573.262 1722.763 652.658 -1 -1 -1 -1000 -1000 -1000 -10 0.00973182
Car -1 -1 -10 999.674 535.782 1156.636 643.956 -1 -1 -1 -1000 -1000 -1000 -10 0.00515848
Car -1 -1 -10 940.337 596.625 1016.484 665.956 -1 -1 -1 -1000 -1000 -1000 -10 0.00475580
Car -1 -1 -10 1136.135 515.256 1285.665 611.177 -1 -1 -1 -1000 -1000 -1000 -10 0.00382195
Car -1 -1 -10 913.294 570.582 1013.172 650.167 -1 -1 -1 -1000 -1000 -1000 -10 0.00326560
Car -1 -1 -10 1136.066 557.392 1249.607 664.609 -1 -1 -1 -1000 -1000 -1000 -10 0.00346504
Car -1 -1 -10 0.000 794.062 459.311 1198.830 -1 -1 -1 -1000 -1000 -1000 -10 0.00664558
Car -1 -1 -10 980.098 546.572 1109.635 677.840 -1 -1 -1 -1000 -1000 -1000 -10 0.00318990
Car -1 -1 -10 1037.861 513.732 1193.486 617.444 -1 -1 -1 -1000 -1000 -1000 -10 0.00294917
Car -1 -1 -10 962.803 580.528 1033.645 655.798 -1 -1 -1 -1000 -1000 -1000 -10 0.00266244
Car -1 -1 -10 1009.711 515.355 1165.125 618.656 -1 -1 -1 -1000 -1000 -1000 -10 0.00131730
Car -1 -1 -10 374.950 1157.537 413.327 1200.000 -1 -1 -1 -1000 -1000 -1000 -10 0.00123987
Car -1 -1 -10 367.080 1157.630 405.636 1200.000 -1 -1 -1 -1000 -1000 -1000 -10 0.00119409
Car -1 -1 -10 932.418 562.876 1070.541 663.940 -1 -1 -1 -1000 -1000 -1000 -10 0.00103657
Car -1 -1 -10 0.000 935.516 322.317 1200.000 -1 -1 -1 -1000 -1000 -1000 -10 0.00093916
