Car -1 -1 -10 365.025 503.774 1636.876 1190.332 -1 -1 -1 -1000 -1000 -1000 -10 0.02228443
Car -1 -1 -10 0.000 772.620 461.684 1199.541 -1 -1 -1 -1000 -1000 -1000 -10 0.01075871
Car -1 -1 -10 647.687 617.940 1372.888 1087.726 -1 -1 -1 -1000 -1000 -1000 -10 0.00546753
Car -1 -1 -10 877.990 535.887 1017.415 1195.026 -1 -1 -1 -1000 -1000 -1000 -10 0.00301690
Car -1 -1 -10 732.648 568.122 874.995 1196.804 -1 -1 -1 -1000 -1000 -1000 -10 0.00367721
Car -1 -1 -10 0.000 795.552 211.389 1192.327 -1 -1 -1 -1000 -1000 -1000 -10 0.00151835
Car -1 -1 -10 322.105 1055.818 739.827 1200.000 -1 -1 -1 -1000 -1000 -1000 -10 0.00260494
Car -1 -1 -10 414.315 1103.891 667.912 1200.000 -1 -1 -1 -1000 -1000 -1000 -10 0.00149552
Car -1 -1 -10 859.364 129.626 1161.766 1166.469 -1 -1 -1 -1000 -1000 -1000 -10 0.00258689
Car -1 -1 -10 428.382 636.549 602.518 1193.061 -1 -1 -1 -1000 -1000 -1000 -10 0.00143357
Car -1 -1 -10 0.000 880.020 265.692 1200.000 -1 -1 -1 -1000 -1000 -1000 -10 0.00141923
Car -1 -1 -10 801.950 753.612 1139.128 1085.760 -1 -1 -1 -1000 -1000 -1000 -10 0.00141649
Car -1 -1 -10 714.907 610.757 843.943 1192.922 -1 -1 -1 -1000 -1000 -1000 -10 0.00135079
Car -1 -1 -10 806.305 533.091 945.439 1199.100 -1 -1 -1 -1000 -1000 -1000 -10 0.00240139
Car -1 -1 -10 930.882 600.024 1060.494 1191.954 -1 -1 -1 -1000 -1000 -1000 -10 0.00220901
Car -1 -1 -10 974.111 555.285 1115.175 1190.169 -1 -1 -1 -1000 -1000 -1000 -10 0.00223057
Car -1 -1 -10 695.209 801.830 1133.514 1046.801 -1 -1 -1 -1000 -1000 -1000 -10 0.00125798
Car -1 -1 -10 373.890 809.867 703.351 1199.042 -1 -1 -1 -1000 -1000 -1000 -10 0.00220075
Car -1 -1 -10 460.113 822.822 618.912 1200.000 -1 -1 -1 -1000 -1000 -1000 -10 0.00118004
Car -1 -1 -10 424.275 767.295 1268.627 1186.321 -1 -1 -1 -1000 -1000 -1000 -10 0.00210368
Car -1 -1 -10 643.123 607.332 772.077 1194.177 -1 -1 -1 -1000 -1000 -1000 -10 0.00115821
Car -1 -1 -10 667.919 608.452 797.100 1194.596 -1 -1 -1 -1000 -1000 -1000 -10 0.00115454
Car -1 -1 -10 853.710 621.040 1334.034 924.047 -1 -1 -1 -1000 -1000 -1000 -10 0.00114085
Car -1 -1 -10 0.000 951.838 305.362 1200.000 -1 -1 -1 -1000 -1000 -1000 -10 0.00207208
Car -1 -1 -10 0.000 923.056 89.471 1100.198 -1 -1 -1 -1000 -1000 -1000 -10 0.00111454
Car -1 -1 -10 442.232 1104.407 623.092 1200.000 -1 -1 -1 -1000 -1000 -1000 -10 0.00110988
Car -1 -1 -10 753.631 608.349 1096.277 1200.000 -1 -1 -1 -1000 -1000 -1000 -10 0.00109146
Car -1 -1 -10 33.166 638.946 204.502 1192.606 -1 -1 -1 -1000 -1000 -1000 -10 0.00202616
Car -1 -1 -10 1020.120 324.744 1162.250 1137.151 -1 -1 -1 -1000 -1000 -1000 -10 0.00106576
Car -1 -1 -10 861.815 538.815 1077.567 1176.679 -1 -1 -1 -1000 -1000 -1000 -10 0.00105838
Car -1 -1 -10 1035.163 294.822 1198.814 1193.979 -1 -1 -1 -1000 -1000 -1000 -10 0.00105834
Car -1 -1 -10 602.611 805.266 1040.253 1053.859 -1 -1 -1 -1000 -1000 -1000 -10 0.00104726
Car -1 -1 -10 808.082 650.553 1092.122 1180.055 -1 -1 -1 -1000 -1000 -1000 -10 0.00104264
Car -1 -1 -10 498.654 737.367 627.012 1200.000 -1 -1 -1 -1000 -1000 -1000 -10 0.00102795
Car -1 -1 -10 943.710 526.564 1288.836 1162.656 -1 -1 -1 -1000 -1000 -1000 -10 0.00102056
Car -1 -1 -10 536.081 1079.514 596.873 1200.000 -1 -1 -1 -1000 -1000 -1000 -10 0.00101693
Car -1 -1 -10 781.980 1157.985 819.357 1200.000 -1 -1 -1 -1000 -1000 -1000 -10 0.00100507
Car -1 -1 -10 506.347 1086.193 566.071 1200.000 -1 -1 -1 -1000 -1000 -1000 -10 0.00097373
Car -1 -1 -10 396.959 592.491 589.789 1176.347 -1 -1 -1 -1000 -1000 -1000 -10 0.00095865
Car -1 -1 -10 641.973 572.838 1033.344 1181.834 -1 -1 -1 -1000 -1000 -1000 -10 0.00090194
