Car -1 -1 -10 0.000 797.738 460.331 1197.381 -1 -1 -1 -1000 -1000 -1000 -10 0.00572181
Car -1 -1 -10 1575.438 565.795 1920.000 1200.000 -1 -1 -1 -1000 -1000 -1000 -10 0.00121031
Car -1 -1 -10 1506.006 170.410 1904.281 942.116 -1 -1 -1 -1000 -1000 -1000 -10 0.00105736
Car -1 -1 -10 1430.953 607.097 1920.000 1200.000 -1 -1 -1 -1000 -1000 -1000 -10 0.00100878
Car -1 -1 -10 0.000 500.798 1162.586 1189.150 -1 -1 -1 -1000 -1000 -1000 -10 0.00176709
Car -1 -1 -10 1438.179 358.807 1920.000 1200.000 -1 -1 -1 -1000 -1000 -1000 -10 0.00094368
Car -1 -1 -10 1464.986 487.622 1854.590 1199.198 -1 -1 -1 -1000 -1000 -1000 -10 0.00086253
Car -1 -1 -10 1254.060 628.791 1833.008 1010.661 -1 -1 -1 -1000 -1000 -1000 -10 0.00086140
Car -1 -1 -10 1366.045 538.936 1920.000 974.432 -1 -1 -1 -1000 -1000 -1000 -10 0.00141832
Car -1 -1 -10 0.000 881.231 262.935 1200.000 -1 -1 -1 -1000 -1000 -1000 -10 0.00082052
Car -1 -1 -10 1390.586 131.166 1913.570 562.755 -1 -1 -1 -1000 -1000 -1000 -10 0.00148074
Car -1 -1 -10 0.000 0.000 336.213 276.383 -1 -1 -1 -1000 -1000 -1000 -10 0.00079990
Car -1 -1 -10 1472.453 807.799 1920.000 1200.000 -1 -1 -1 -1000 -1000 -1000 -10 0.00078370
Car -1 -1 -10 1401.701 350.629 1920.000 756.459 -1 -1 -1 -1000 -1000 -1000 -10 0.00078254
Car -1 -1 -10 755.149 27.121 1886.876 1156.023 -1 -1 -1 -1000 -1000 -1000 -10 0.00125351
Car -1 -1 -10 1025.707 526.245 1920.000 1200.000 -1 -1 -1 -1000 -1000 -1000 -10 0.00136722
Car -1 -1 -10 1455.185 290.492 1920.000 814.355 -1 -1 -1 -1000 -1000 -1000 -10 0.00072510
Car -1 -1 -10 0.000 528.147 905.592 1199.283 -1 -1 -1 -1000 -1000 -1000 -10 0.00135275
Car -1 -1 -10 1296.818 643.941 1754.862 918.149 -1 -1 -1 -1000 -1000 -1000 -10 0.00071741
Car -1 -1 -10 0.000 0.000 292.167 211.632 -1 -1 -1 -1000 -1000 -1000 -10 0.00127309
Car -1 -1 -10 510.193 501.283 1699.389 1198.230 -1 -1 -1 -1000 -1000 -1000 -10 0.00269686
Car -1 -1 -10 0.000 0.000 426.527 321.564 -1 -1 -1 -1000 -1000 -1000 -10 0.00127850
Car -1 -1 -10 0.000 1166.943 25.119 1200.000 -1 -1 -1 -1000 -1000 -1000 -10 0.00068283
Car -1 -1 -10 0.000 935.711 324.839 1200.000 -1 -1 -1 -1000 -1000 -1000 -10 0.00067998
Car -1 -1 -10 1275.479 630.970 1903.476 1068.191 -1 -1 -1 -1000 -1000 -1000 -10 0.00066009
Car -1 -1 -10 1320.986 444.496 1920.000 863.909 -1 -1 -1 -1000 -1000 -1000 -10 0.00064643
Car -1 -1 -10 1542.080 744.751 1920.000 1200.000 -1 -1 -1 -1000 -1000 -1000 -10 0.00060321
Car -1 -1 -10 1610.548 639.201 1920.000 1066.405 -1 -1 -1 -1000 -1000 -1000 -10 0.00058578
Car -1 -1 -10 0.000 0.000 123.547 145.998 -1 -1 -1 -1000 -1000 -1000 -10 0.00057943
Car -1 -1 -10 1553.696 677.873 1913.350 975.781 -1 -1 -1 -1000 -1000 -1000 -10 0.00057304
Car -1 -1 -10 1539.233 0.000 1920.000 681.122 -1 -1 -1 -1000 -1000 -1000 -10 0.00054306
Car -1 -1 -10 43.274 496.160 304.778 1199.316 -1 -1 -1 -1000 -1000 -1000 -10 0.00053937
Car -1 -1 -10 1063.372 539.403 1213.693 1197.525 -1 -1 -1 -1000 -1000 -1000 -10 0.00053729
Car -1 -1 -10 1570.984 573.075 1919.243 986.517 -1 -1 -1 -1000 -1000 -1000 -10 0.00048098
