Car -1 -1 -10 444.084 58.839 1920.000 1200.000 -1 -1 -1 -1000 -1000 -1000 -10 0.05493721
Car -1 -1 -10 955.263 501.645 1920.000 1200.000 -1 -1 -1 -1000 -1000 -1000 -10 0.05872010
Car -1 -1 -10 0.000 128.286 1577.039 1200.000 -1 -1 -1 -1000 -1000 -1000 -10 0.03340605
Car -1 -1 -10 1297.441 503.163 1916.249 1200.000 -1 -1 -1 -1000 -1000 -1000 -10 0.01621178
Car -1 -1 -10 1367.950 159.691 1920.000 1200.000 -1 -1 -1 -1000 -1000 -1000 -10 0.03465501
Car -1 -1 -10 1472.511 436.539 1920.000 1200.000 -1 -1 -1 -1000 -1000 -1000 -10 0.01381133
Car -1 -1 -10 1443.099 608.416 1920.000 1118.121 -1 -1 -1 -1000 -1000 -1000 -10 0.01239241
Car -1 -1 -10 0.000 457.093 944.192 1198.424 -1 -1 -1 -1000 -1000 -1000 -10 0.02067178
Car -1 -1 -10 1225.263 662.568 1905.255 1195.104 -1 -1 -1 -1000 -1000 -1000 -10 0.01954257
Car -1 -1 -10 1379.084 548.467 1914.197 965.288 -1 -1 -1 -1000 -1000 -1000 -10 0.01304092
Car -1 -1 -10 1344.458 441.854 1920.000 859.572 -1 -1 -1 -1000 -1000 -1000 -10 0.00689474
Car -1 -1 -10 1445.451 715.007 1920.000 1064.774 -1 -1 -1 -1000 -1000 -1000 -10 0.00683735
Car -1 -1 -10 0.000 199.282 516.145 1200.000 -1 -1 -1 -1000 -1000 -1000 -10 0.01283158
Car -1 -1 -10 1510.212 711.971 1920.000 947.173 -1 -1 -1 -1000 -1000 -1000 -10 0.00635378
Car -1 -1 -10 1512.904 475.922 1913.611 871.617 -1 -1 -1 -1000 -1000 -1000 -10 0.01208628
Car -1 -1 -10 1512.889 600.351 1920.000 855.224 -1 -1 -1 -1000 -1000 -1000 -10 0.00570664
Car -1 -1 -10 0.000 19.879 1092.742 1173.374 -1 -1 -1 -1000 -1000 -1000 -10 0.00528885
Car -1 -1 -10 1457.445 729.781 1905.524 1160.959 -1 -1 -1 -1000 -1000 -1000 -10 0.00524850
Car -1 -1 -10 228.997 469.039 1619.927 1200.000 -1 -1 -1 -1000 -1000 -1000 -10 0.00470629
Car -1 -1 -10 30.359 15.439 289.815 1200.000 -1 -1 -1 -1000 -1000 -1000 -10 0.00470005
Car -1 -1 -10 914.207 346.634 1920.000 1131.146 -1 -1 -1 -1000 -1000 -1000 -10 0.00469601
