Car -1 -1 -10 1155.649 524.036 1575.970 707.928 -1 -1 -1 -1000 -1000 -1000 -10 0.23172510
Car -1 -1 -10 1370.234 514.943 1746.196 707.078 -1 -1 -1 -1000 -1000 -1000 -10 0.14756103
Car -1 -1 -10 1099.728 517.678 1620.863 719.516 -1 -1 -1 -1000 -1000 -1000 -10 0.04701320
Car -1 -1 -10 1423.938 534.687 1735.021 692.308 -1 -1 -1 -1000 -1000 -1000 -10 0.01183584
Car -1 -1 -10 0.000 582.427 791.508 1194.361 -1 -1 -1 -1000 -1000 -1000 -10 0.03601499
Car -1 -1 -10 963.447 614.676 1322.876 1188.272 -1 -1 -1 -1000 -1000 -1000 -10 0.01679200
Car -1 -1 -10 1019.576 501.813 1619.462 843.962 -1 -1 -1 -1000 -1000 -1000 -10 0.00845334
Car -1 -1 -10 476.457 488.147 1552.749 1180.829 -1 -1 -1 -1000 -1000 -1000 -10 0.01483753
Car -1 -1 -10 1051.416 518.606 1722.387 977.717 -1 -1 -1 -1000 -1000 -1000 -10 0.00957679
Car -1 -1 -10 23.590 788.115 625.261 1198.242 -1 -1 -1 -1000 -1000 -1000 -10 0.00882979
Car -1 -1 -10 80.478 483.359 1134.769 1185.077 -1 -1 -1 -1000 -1000 -1000 -10 0.00937178
Car -1 -1 -10 313.364 608.872 590.306 1162.464 -1 -1 -1 -1000 -1000 -1000 -10 0.00403518
Car -1 -1 -10 711.078 794.393 1393.414 1198.470 -1 -1 -1 -1000 -1000 -1000 -10 0.00715748
Car -1 -1 -10 616.540 362.511 1323.178 1187.081 -1 -1 -1 -1000 -1000 -1000 -10 0.00794764
Car -1 -1 -10 1528.512 579.288 1907.484 936.944 -1 -1 -1 -1000 -1000 -1000 -10 0.00368995
Car -1 -1 -10 1156.851 520.913 1472.876 669.232 -1 -1 -1 -1000 -1000 -1000 -10 0.00340793
Car -1 -1 -10 248.704 602.792 563.955 1191.854 -1 -1 -1 -1000 -1000 -1000 -10 0.00336067
Car -1 -1 -10 0.000 799.336 476.978 1200.000 -1 -1 -1 -1000 -1000 -1000 -10 0.00332820
