Car -1 -1 -10 199.046 597.317 374.998 716.507 -1 -1 -1 -1000 -1000 -1000 -10 0.99887809
Car -1 -1 -10 355.549 618.005 453.254 698.715 -1 -1 -1 -1000 -1000 -1000 -10 0.49983102
Car -1 -1 -10 324.377 616.407 452.290 704.975 -1 -1 -1 -1000 -1000 -1000 -10 0.49816601
Car -1 -1 -10 796.634 595.224 854.584 646.360 -1 -1 -1 -1000 -1000 -1000 -10 0.31952446
Car -1 -1 -10 444.275 604.446 548.463 682.521 -1 -1 -1 -1000 -1000 -1000 -10 0.06104051
Car -1 -1 -10 927.091 598.083 1010.345 660.886 -1 -1 -1 -1000 -1000 -1000 -10 0.03792943
Car -1 -1 -10 270.236 608.970 414.445 712.112 -1 -1 -1 -1000 -1000 -1000 -10 0.04853179
Car -1 -1 -10 299.127 611.461 437.438 707.696 -1 -1 -1 -1000 -1000 -1000 -10 0.01473103
Car -1 -1 -10 945.922 596.571 1031.000 661.403 -1 -1 -1 -1000 -1000 -1000 -10 0.02722970
Car -1 -1 -10 1534.071 524.258 1755.799 651.845 -1 -1 -1 -1000 -1000 -1000 -10 0.01504714
Car -1 -1 -10 1524.798 536.142 1691.365 645.071 -1 -1 -1 -1000 -1000 -1000 -10 0.00826059
Car -1 -1 -10 103.467 595.121 270.739 683.554 -1 -1 -1 -1000 -1000 -1000 -10 0.01373795
Car -1 -1 -10 1648.849 533.183 1800.675 643.182 -1 -1 -1 -1000 -1000 -1000 -10 0.01082161
Car -1 -1 -10 1604.200 538.583 1769.161 638.429 -1 -1 -1 -1000 -1000 -1000 -10 0.00438903
Car -1 -1 -10 543.827 616.458 602.000 670.163 -1 -1 -1 -1000 -1000 -1000 -10 0.00419974
Car -1 -1 -10 535.074 613.307 611.064 671.802 -1 -1 -1 -1000 -1000 -1000 -10 0.00398798
Car -1 -1 -10 476.063 594.786 574.785 671.835 -1 -1 -1 -1000 -1000 -1000 -10 0.00344702
Car -1 -1 -10 907.884 575.021 1051.076 664.216 -1 -1 -1 -1000 -1000 -1000 -10 0.01030423
Car -1 -1 -10 0.000 794.305 460.554 1196.508 -1 -1 -1 -1000 -1000 -1000 -10 0.00869352
Car -1 -1 -10 496.414 608.074 580.206 671.997 -1 -1 -1 -1000 -1000 -1000 -10 0.00242849
Car -1 -1 -10 1498.661 537.272 1644.064 638.852 -1 -1 -1 -1000 -1000 -1000 -10 0.00220401
Car -1 -1 -10 1511.817 540.834 1669.251 639.708 -1 -1 -1 -1000 -1000 -1000 -10 0.00176903
Car -1 -1 -10 1537.106 546.361 1616.355 618.807 -1 -1 -1 -1000 -1000 -1000 -10 0.00336189
Car -1 -1 -10 917.222 595.281 997.094 660.963 -1 -1 -1 -1000 -1000 -1000 -10 0.00168299
Car -1 -1 -10 21.928 685.403 262.234 1199.654 -1 -1 -1 -1000 -1000 -1000 -10 0.00277870
Car -1 -1 -10 219.120 331.812 335.485 1005.135 -1 -1 -1 -1000 -1000 -1000 -10 0.00148878
Car -1 -1 -10 0.000 813.807 213.379 1194.085 -1 -1 -1 -1000 -1000 -1000 -10 0.00146694
Car -1 -1 -10 164.084 475.579 397.479 826.742 -1 -1 -1 -1000 -1000 -1000 -10 0.00141776
Car -1 -1 -10 0.000 1085.135 291.379 1200.000 -1 -1 -1 -1000 -1000 -1000 -10 0.00141499
Car -1 -1 -10 718.605 595.846 770.376 645.039 -1 -1 -1 -1000 -1000 -1000 -10 0.00137771
Car -1 -1 -10 46.709 652.219 216.179 1190.529 -1 -1 -1 -1000 -1000 -1000 -10 0.00136468
Car -1 -1 -10 0.438 1027.249 290.789 1200.000 -1 -1 -1 -1000 -1000 -1000 -10 0.00130052
Car -1 -1 -10 256.801 511.362 306.957 824.094 -1 -1 -1 -1000 -1000 -1000 -10 0.00126062
Car -1 -1 -10 468.067 600.924 618.474 675.534 -1 -1 -1 -1000 -1000 -1000 -10 0.00123675
Car -1 -1 -10 1693.776 543.026 1768.290 619.927 -1 -1 -1 -1000 -1000 -1000 -10 0.00120860
Car -1 -1 -10 44.891 751.395 170.313 1200.000 -1 -1 -1 -1000 -1000 -1000 -10 0.00111496
Car -1 -1 -10 1593.163 556.718 1668.276 630.918 -1 -1 -1 -1000 -1000 -1000 -10 0.00110331
Car -1 -1 -10 526.190 602.053 678.170 673.295 -1 -1 -1 -1000 -1000 -1000 -10 0.00109876
