Car -1 -1 -10 648.730 647.903 699.589 693.125 -1 -1 -1 -1000 -1000 -1000 -10 0.10472937
Car -1 -1 -10 0.000 792.701 459.030 1197.183 -1 -1 -1 -1000 -1000 -1000 -10 0.01000503
Car -1 -1 -10 33.279 627.617 210.523 1192.397 -1 -1 -1 -1000 -1000 -1000 -10 0.00364946
Car -1 -1 -10 0.000 506.305 1032.297 1194.992 -1 -1 -1 -1000 -1000 -1000 -10 0.00591894
Car -1 -1 -10 134.829 787.473 819.139 1200.000 -1 -1 -1 -1000 -1000 -1000 -10 0.00431672
Car -1 -1 -10 8.423 474.110 532.102 1200.000 -1 -1 -1 -1000 -1000 -1000 -10 0.00112998
Car -1 -1 -10 0.000 930.336 324.331 1200.000 -1 -1 -1 -1000 -1000 -1000 -10 0.00202380
Car -1 -1 -10 308.515 836.145 627.943 1200.000 -1 -1 -1 -1000 -1000 -1000 -10 0.00180810
Car -1 -1 -10 13.886 380.877 312.915 1200.000 -1 -1 -1 -1000 -1000 -1000 -10 0.00096933
Car -1 -1 -10 0.000 1021.632 248.556 1200.000 -1 -1 -1 -1000 -1000 -1000 -10 0.00093441
Car -1 -1 -10 234.342 1037.475 685.723 1200.000 -1 -1 -1 -1000 -1000 -1000 -10 0.00086875
Car -1 -1 -10 403.372 749.850 530.582 1200.000 -1 -1 -1 -1000 -1000 -1000 -10 0.00162233
Car -1 -1 -10 0.000 1067.958 302.360 1200.000 -1 -1 -1 -1000 -1000 -1000 -10 0.00083240
Car -1 -1 -10 332.823 647.792 507.183 1194.227 -1 -1 -1 -1000 -1000 -1000 -10 0.00081496
Car -1 -1 -10 31.636 747.136 221.320 1200.000 -1 -1 -1 -1000 -1000 -1000 -10 0.00072556
Car -1 -1 -10 197.784 984.544 759.052 1200.000 -1 -1 -1 -1000 -1000 -1000 -10 0.00069958
Car -1 -1 -10 451.860 752.105 578.064 1200.000 -1 -1 -1 -1000 -1000 -1000 -10 0.00069162
Car -1 -1 -10 356.227 744.350 482.222 1200.000 -1 -1 -1 -1000 -1000 -1000 -10 0.00067151
