Car -1 -1 -10 1093.489 505.500 1920.000 1200.000 -1 -1 -1 -1000 -1000 -1000 -10 0.05336943
Car -1 -1 -10 751.702 141.845 1905.142 1200.000 -1 -1 -1 -1000 -1000 -1000 -10 0.01545530
Car -1 -1 -10 1279.031 592.715 1920.000 1152.415 -1 -1 -1 -1000 -1000 -1000 -10 0.01597365
Car -1 -1 -10 0.000 535.803 969.958 1200.000 -1 -1 -1 -1000 -1000 -1000 -10 0.01275098
Car -1 -1 -10 1537.199 639.660 1920.000 1031.630 -1 -1 -1 -1000 -1000 -1000 -10 0.01047381
Car -1 -1 -10 1462.057 582.434 1920.000 1136.984 -1 -1 -1 -1000 -1000 -1000 -10 0.00496428
Car -1 -1 -10 1484.817 583.655 1909.260 968.525 -1 -1 -1 -1000 -1000 -1000 -10 0.00470600
Car -1 -1 -10 1408.569 565.844 1829.807 987.369 -1 -1 -1 -1000 -1000 -1000 -10 0.00450690
Car -1 -1 -10 0.000 590.656 507.523 1200.000 -1 -1 -1 -1000 -1000 -1000 -10 0.00849017
Car -1 -1 -10 2.571 334.355 533.515 1200.000 -1 -1 -1 -1000 -1000 -1000 -10 0.00859629
Car -1 -1 -10 1381.405 507.459 1800.827 952.625 -1 -1 -1 -1000 -1000 -1000 -10 0.00437007
Car -1 -1 -10 1463.979 453.152 1919.987 804.490 -1 -1 -1 -1000 -1000 -1000 -10 0.00769492
Car -1 -1 -10 1326.565 451.513 1920.000 831.316 -1 -1 -1 -1000 -1000 -1000 -10 0.00792095
Car -1 -1 -10 1416.705 451.413 1774.081 1128.378 -1 -1 -1 -1000 -1000 -1000 -10 0.00389350
Car -1 -1 -10 1552.756 621.032 1917.620 925.047 -1 -1 -1 -1000 -1000 -1000 -10 0.00378293
Car -1 -1 -10 136.550 166.564 391.973 1200.000 -1 -1 -1 -1000 -1000 -1000 -10 0.00341778
Car -1 -1 -10 0.000 655.359 667.497 1080.526 -1 -1 -1 -1000 -1000 -1000 -10 0.00340450
