Car -1 -1 -10 730.677 548.264 988.995 717.842 -1 -1 -1 -1000 -1000 -1000 -10 0.99995258
Car -1 -1 -10 630.092 517.532 798.804 600.336 -1 -1 -1 -1000 -1000 -1000 -10 0.20632388
Car -1 -1 -10 0.000 506.169 1080.578 1192.368 -1 -1 -1 -1000 -1000 -1000 -10 0.04776926
Car -1 -1 -10 1664.876 394.580 1871.408 514.443 -1 -1 -1 -1000 -1000 -1000 -10 0.01385268
Car -1 -1 -10 1678.010 408.224 1847.696 509.570 -1 -1 -1 -1000 -1000 -1000 -10 0.01051216
Car -1 -1 -10 643.747 524.053 731.270 588.064 -1 -1 -1 -1000 -1000 -1000 -10 0.01144289
Car -1 -1 -10 0.585 673.145 613.102 1192.714 -1 -1 -1 -1000 -1000 -1000 -10 0.01402944
Car -1 -1 -10 733.154 548.979 863.903 678.329 -1 -1 -1 -1000 -1000 -1000 -10 0.00377992
Car -1 -1 -10 717.435 543.637 824.465 657.815 -1 -1 -1 -1000 -1000 -1000 -10 0.00565463
Car -1 -1 -10 729.128 542.618 839.201 647.055 -1 -1 -1 -1000 -1000 -1000 -10 0.00312234
Car -1 -1 -10 722.295 529.078 831.922 636.723 -1 -1 -1 -1000 -1000 -1000 -10 0.00295949
Car -1 -1 -10 1050.398 469.057 1214.816 560.018 -1 -1 -1 -1000 -1000 -1000 -10 0.00455834
Car -1 -1 -10 638.391 824.623 981.171 1196.898 -1 -1 -1 -1000 -1000 -1000 -10 0.00802327
Car -1 -1 -10 1577.164 378.930 1865.310 512.705 -1 -1 -1 -1000 -1000 -1000 -10 0.00229534
Car -1 -1 -10 690.181 521.744 845.764 609.161 -1 -1 -1 -1000 -1000 -1000 -10 0.00216517
Car -1 -1 -10 522.439 806.889 846.265 1196.960 -1 -1 -1 -1000 -1000 -1000 -10 0.00383695
Car -1 -1 -10 129.660 762.483 963.958 1189.960 -1 -1 -1 -1000 -1000 -1000 -10 0.00570307
Car -1 -1 -10 307.424 790.787 989.434 1200.000 -1 -1 -1 -1000 -1000 -1000 -10 0.00203001
Car -1 -1 -10 545.503 973.243 1091.593 1200.000 -1 -1 -1 -1000 -1000 -1000 -10 0.00370272
Car -1 -1 -10 0.000 802.800 345.539 1200.000 -1 -1 -1 -1000 -1000 -1000 -10 0.00353971
Car -1 -1 -10 549.035 670.337 762.455 1184.219 -1 -1 -1 -1000 -1000 -1000 -10 0.00184157
Car -1 -1 -10 681.392 642.470 831.874 1199.576 -1 -1 -1 -1000 -1000 -1000 -10 0.00349240
Car -1 -1 -10 521.828 568.795 651.367 1195.252 -1 -1 -1 -1000 -1000 -1000 -10 0.00179857
Car -1 -1 -10 825.309 558.749 943.817 676.995 -1 -1 -1 -1000 -1000 -1000 -10 0.00175049
Car -1 -1 -10 614.757 1032.238 1058.203 1200.000 -1 -1 -1 -1000 -1000 -1000 -10 0.00165545
Car -1 -1 -10 281.415 109.639 580.750 1185.030 -1 -1 -1 -1000 -1000 -1000 -10 0.00164710
Car -1 -1 -10 671.599 1027.345 962.689 1195.909 -1 -1 -1 -1000 -1000 -1000 -10 0.00164023
Car -1 -1 -10 1608.130 390.607 1778.623 488.892 -1 -1 -1 -1000 -1000 -1000 -10 0.00160242
Car -1 -1 -10 506.572 833.439 667.787 1200.000 -1 -1 -1 -1000 -1000 -1000 -10 0.00159680
Car -1 -1 -10 632.182 637.898 781.470 1200.000 -1 -1 -1 -1000 -1000 -1000 -10 0.00145859
