Car -1 -1 -10 1300.017 545.701 1920.000 886.353 -1 -1 -1 -1000 -1000 -1000 -10 0.90963526
Car -1 -1 -10 1139.573 539.182 1579.336 792.442 -1 -1 -1 -1000 -1000 -1000 -10 0.28471288
Car -1 -1 -10 847.899 595.292 1224.588 781.446 -1 -1 -1 -1000 -1000 -1000 -10 0.38297235
Car -1 -1 -10 967.008 525.901 1577.973 854.247 -1 -1 -1 -1000 -1000 -1000 -10 0.12325741
Car -1 -1 -10 755.998 622.048 1001.925 736.049 -1 -1 -1 -1000 -1000 -1000 -10 0.08341323
Car -1 -1 -10 780.617 597.000 1113.588 729.678 -1 -1 -1 -1000 -1000 -1000 -10 0.04968274
Car -1 -1 -10 922.964 563.906 1461.131 821.988 -1 -1 -1 -1000 -1000 -1000 -10 0.04321035
Car -1 -1 -10 762.055 640.682 947.675 728.501 -1 -1 -1 -1000 -1000 -1000 -10 0.00821813
Car -1 -1 -10 938.215 564.628 1369.065 801.647 -1 -1 -1 -1000 -1000 -1000 -10 0.00779257
Car -1 -1 -10 1217.669 569.461 1651.134 831.443 -1 -1 -1 -1000 -1000 -1000 -10 0.01306077
