Car -1 -1 -10 0.000 502.047 968.627 1200.000 -1 -1 -1 -1000 -1000 -1000 -10 0.03044804
Car -1 -1 -10 0.000 155.149 1473.775 1200.000 -1 -1 -1 -1000 -1000 -1000 -10 0.01392241
Car -1 -1 -10 0.000 589.487 508.739 1200.000 -1 -1 -1 -1000 -1000 -1000 -10 0.01029136
Car -1 -1 -10 201.888 474.257 1505.333 1199.163 -1 -1 -1 -1000 -1000 -1000 -10 0.00938887
Car -1 -1 -10 0.000 791.021 456.967 1197.486 -1 -1 -1 -1000 -1000 -1000 -10 0.00516603
Car -1 -1 -10 8.714 259.536 423.345 1038.585 -1 -1 -1 -1000 -1000 -1000 -10 0.00272056
Car -1 -1 -10 0.000 168.799 602.800 1200.000 -1 -1 -1 -1000 -1000 -1000 -10 0.00269890
Car -1 -1 -10 561.203 303.894 1197.509 650.111 -1 -1 -1 -1000 -1000 -1000 -10 0.00268241
Car -1 -1 -10 91.164 64.228 397.662 1181.479 -1 -1 -1 -1000 -1000 -1000 -10 0.00421284
Car -1 -1 -10 363.696 361.940 1633.277 1051.005 -1 -1 -1 -1000 -1000 -1000 -10 0.00249568
Car -1 -1 -10 0.177 635.312 632.505 1081.996 -1 -1 -1 -1000 -1000 -1000 -10 0.00477044
Car -1 -1 -10 420.606 473.014 1679.885 1200.000 -1 -1 -1 -1000 -1000 -1000 -10 0.00243382
Car -1 -1 -10 0.000 401.498 474.386 907.585 -1 -1 -1 -1000 -1000 -1000 -10 0.00242212
Car -1 -1 -10 767.993 144.727 974.602 873.826 -1 -1 -1 -1000 -1000 -1000 -10 0.00235464
Car -1 -1 -10 527.723 367.335 1200.196 740.035 -1 -1 -1 -1000 -1000 -1000 -10 0.00230152
Car -1 -1 -10 1.943 456.943 620.827 854.872 -1 -1 -1 -1000 -1000 -1000 -10 0.00600569
Car -1 -1 -10 688.717 321.923 1135.251 541.258 -1 -1 -1 -1000 -1000 -1000 -10 0.00202748
Car -1 -1 -10 643.027 440.649 1344.282 864.346 -1 -1 -1 -1000 -1000 -1000 -10 0.00399388
Car -1 -1 -10 182.910 98.947 488.414 1179.481 -1 -1 -1 -1000 -1000 -1000 -10 0.00371951
Car -1 -1 -10 732.790 51.395 948.232 1160.180 -1 -1 -1 -1000 -1000 -1000 -10 0.00196691
Car -1 -1 -10 571.309 101.347 875.080 1171.055 -1 -1 -1 -1000 -1000 -1000 -10 0.00346542
Car -1 -1 -10 696.774 191.807 903.479 925.454 -1 -1 -1 -1000 -1000 -1000 -10 0.00174609
Car -1 -1 -10 636.926 50.612 854.324 1161.595 -1 -1 -1 -1000 -1000 -1000 -10 0.00173818
Car -1 -1 -10 282.212 102.463 586.301 1177.320 -1 -1 -1 -1000 -1000 -1000 -10 0.00173773
Car -1 -1 -10 350.427 101.963 1300.608 908.401 -1 -1 -1 -1000 -1000 -1000 -10 0.00336013
Car -1 -1 -10 636.081 429.494 1125.190 709.280 -1 -1 -1 -1000 -1000 -1000 -10 0.00163756
Car -1 -1 -10 361.151 374.825 1066.362 745.508 -1 -1 -1 -1000 -1000 -1000 -10 0.00160516
Car -1 -1 -10 0.000 643.051 293.569 1109.067 -1 -1 -1 -1000 -1000 -1000 -10 0.00159001
Car -1 -1 -10 739.216 409.640 1046.247 567.096 -1 -1 -1 -1000 -1000 -1000 -10 0.00156360
Car -1 -1 -10 21.044 589.680 149.180 1200.000 -1 -1 -1 -1000 -1000 -1000 -10 0.00155684
Car -1 -1 -10 386.271 261.096 1049.093 650.181 -1 -1 -1 -1000 -1000 -1000 -10 0.00146145
