Car -1 -1 -10 309.271 492.807 618.871 720.426 -1 -1 -1 -1000 -1000 -1000 -10 0.99990717
Car -1 -1 -10 1057.172 554.402 1171.093 648.278 -1 -1 -1 -1000 -1000 -1000 -10 0.98440827
Car -1 -1 -10 1.990 774.145 454.484 1198.683 -1 -1 -1 -1000 -1000 -1000 -10 0.00875534
Car -1 -1 -10 321.864 493.195 537.825 648.108 -1 -1 -1 -1000 -1000 -1000 -10 0.00237040
Car -1 -1 -10 794.882 781.899 1376.588 1196.047 -1 -1 -1 -1000 -1000 -1000 -10 0.00197964
Car -1 -1 -10 382.840 485.736 543.940 591.625 -1 -1 -1 -1000 -1000 -1000 -10 0.00189488
Car -1 -1 -10 464.684 773.079 1069.957 1196.042 -1 -1 -1 -1000 -1000 -1000 -10 0.00351136
Car -1 -1 -10 0.000 1105.203 91.219 1200.000 -1 -1 -1 -1000 -1000 -1000 -10 0.00175683
Car -1 -1 -10 189.297 1104.703 442.071 1200.000 -1 -1 -1 -1000 -1000 -1000 -10 0.00331384
Car -1 -1 -10 411.100 1157.465 448.334 1200.000 -1 -1 -1 -1000 -1000 -1000 -10 0.00169325
Car -1 -1 -10 0.000 1047.676 115.977 1194.463 -1 -1 -1 -1000 -1000 -1000 -10 0.00165734
Car -1 -1 -10 11.563 601.305 207.832 1193.232 -1 -1 -1 -1000 -1000 -1000 -10 0.00164932
Car -1 -1 -10 1.110 990.641 288.632 1200.000 -1 -1 -1 -1000 -1000 -1000 -10 0.00462450
Car -1 -1 -10 377.783 1139.849 490.630 1200.000 -1 -1 -1 -1000 -1000 -1000 -10 0.00160152
Car -1 -1 -10 122.220 777.686 789.228 1200.000 -1 -1 -1 -1000 -1000 -1000 -10 0.00306371
Car -1 -1 -10 162.527 1158.223 201.188 1200.000 -1 -1 -1 -1000 -1000 -1000 -10 0.00158554
Car -1 -1 -10 300.382 1032.808 749.705 1200.000 -1 -1 -1 -1000 -1000 -1000 -10 0.00158104
Car -1 -1 -10 101.884 1057.468 494.816 1200.000 -1 -1 -1 -1000 -1000 -1000 -10 0.00157870
Car -1 -1 -10 188.048 1033.522 638.052 1200.000 -1 -1 -1 -1000 -1000 -1000 -10 0.00154176
Car -1 -1 -10 384.212 511.986 508.177 625.321 -1 -1 -1 -1000 -1000 -1000 -10 0.00153832
Car -1 -1 -10 217.695 827.660 380.656 1200.000 -1 -1 -1 -1000 -1000 -1000 -10 0.00151670
Car -1 -1 -10 148.082 1130.093 216.031 1200.000 -1 -1 -1 -1000 -1000 -1000 -10 0.00146016
Car -1 -1 -10 330.955 652.128 508.400 1191.453 -1 -1 -1 -1000 -1000 -1000 -10 0.00143865
Car -1 -1 -10 335.921 1091.987 507.200 1189.699 -1 -1 -1 -1000 -1000 -1000 -10 0.00137387
Car -1 -1 -10 296.875 872.344 586.767 1200.000 -1 -1 -1 -1000 -1000 -1000 -10 0.00134436
