Car -1 -1 -10 927.424 567.826 1085.610 727.920 -1 -1 -1 -1000 -1000 -1000 -10 0.38321823
Car -1 -1 -10 911.980 614.663 967.085 681.078 -1 -1 -1 -1000 -1000 -1000 -10 0.22268909
Car -1 -1 -10 917.410 597.559 1022.243 711.385 -1 -1 -1 -1000 -1000 -1000 -10 0.05296413
Car -1 -1 -10 907.629 615.505 977.369 690.467 -1 -1 -1 -1000 -1000 -1000 -10 0.02358538
Car -1 -1 -10 692.124 624.388 745.066 672.260 -1 -1 -1 -1000 -1000 -1000 -10 0.02047139
Car -1 -1 -10 0.000 584.958 517.980 1199.893 -1 -1 -1 -1000 -1000 -1000 -10 0.01753398
Car -1 -1 -10 0.000 555.680 838.924 1200.000 -1 -1 -1 -1000 -1000 -1000 -10 0.00668115
Car -1 -1 -10 8.063 626.195 478.179 1099.436 -1 -1 -1 -1000 -1000 -1000 -10 0.00566877
Car -1 -1 -10 1425.934 593.123 1917.415 1199.056 -1 -1 -1 -1000 -1000 -1000 -10 0.01532700
Car -1 -1 -10 25.682 84.616 309.577 1189.953 -1 -1 -1 -1000 -1000 -1000 -10 0.00503018
Car -1 -1 -10 35.520 359.022 302.886 1200.000 -1 -1 -1 -1000 -1000 -1000 -10 0.00476769
Car -1 -1 -10 1038.691 472.526 1920.000 1194.458 -1 -1 -1 -1000 -1000 -1000 -10 0.00894568
Car -1 -1 -10 4.707 800.067 344.766 1057.120 -1 -1 -1 -1000 -1000 -1000 -10 0.00436772
Car -1 -1 -10 0.922 764.165 307.836 1092.572 -1 -1 -1 -1000 -1000 -1000 -10 0.00435604
Car -1 -1 -10 1474.222 785.085 1920.000 1200.000 -1 -1 -1 -1000 -1000 -1000 -10 0.00406549
Car -1 -1 -10 95.318 634.786 260.394 1200.000 -1 -1 -1 -1000 -1000 -1000 -10 0.00380554
Car -1 -1 -10 0.000 503.939 1200.490 1200.000 -1 -1 -1 -1000 -1000 -1000 -10 0.00357867
Car -1 -1 -10 928.554 598.658 984.436 690.815 -1 -1 -1 -1000 -1000 -1000 -10 0.00351186
