Car -1 -1 -10 1.527 622.140 177.822 731.692 -1 -1 -1 -1000 -1000 -1000 -10 0.96507172
Car -1 -1 -10 380.978 496.510 1436.511 1184.262 -1 -1 -1 -1000 -1000 -1000 -10 0.16518159
Car -1 -1 -10 142.640 509.393 1162.973 1195.515 -1 -1 -1 -1000 -1000 -1000 -10 0.03314589
Car -1 -1 -10 273.273 523.140 966.648 989.500 -1 -1 -1 -1000 -1000 -1000 -10 0.04347189
Car -1 -1 -10 624.539 540.847 1336.791 1196.297 -1 -1 -1 -1000 -1000 -1000 -10 0.00913764
Car -1 -1 -10 859.993 502.629 1269.599 1200.000 -1 -1 -1 -1000 -1000 -1000 -10 0.01357112
Car -1 -1 -10 0.000 660.667 729.073 1169.973 -1 -1 -1 -1000 -1000 -1000 -10 0.00762979
Car -1 -1 -10 262.323 576.024 928.610 1184.751 -1 -1 -1 -1000 -1000 -1000 -10 0.00604352
Car -1 -1 -10 638.279 530.846 1320.701 990.024 -1 -1 -1 -1000 -1000 -1000 -10 0.00901564
Car -1 -1 -10 11.389 788.578 594.220 1187.982 -1 -1 -1 -1000 -1000 -1000 -10 0.00582874
Car -1 -1 -10 0.000 559.267 934.055 1186.317 -1 -1 -1 -1000 -1000 -1000 -10 0.00486158
Car -1 -1 -10 741.339 644.208 1283.481 1200.000 -1 -1 -1 -1000 -1000 -1000 -10 0.00467003
Car -1 -1 -10 704.478 837.532 1334.952 1199.851 -1 -1 -1 -1000 -1000 -1000 -10 0.01209492
Car -1 -1 -10 317.190 554.875 868.110 975.605 -1 -1 -1 -1000 -1000 -1000 -10 0.00433850
Car -1 -1 -10 1407.525 580.705 1917.609 1166.142 -1 -1 -1 -1000 -1000 -1000 -10 0.00853421
Car -1 -1 -10 379.866 553.983 807.064 999.210 -1 -1 -1 -1000 -1000 -1000 -10 0.00423379
Car -1 -1 -10 313.723 751.493 623.391 1190.892 -1 -1 -1 -1000 -1000 -1000 -10 0.00726975
Car -1 -1 -10 311.101 651.627 845.859 1198.100 -1 -1 -1 -1000 -1000 -1000 -10 0.01107231
Car -1 -1 -10 16.805 686.255 513.181 1193.976 -1 -1 -1 -1000 -1000 -1000 -10 0.00330303
Car -1 -1 -10 933.420 925.563 1285.471 1158.186 -1 -1 -1 -1000 -1000 -1000 -10 0.00328875
Car -1 -1 -10 112.262 742.741 468.913 1178.906 -1 -1 -1 -1000 -1000 -1000 -10 0.00328341
Car -1 -1 -10 375.708 252.227 675.445 1200.000 -1 -1 -1 -1000 -1000 -1000 -10 0.00317719
Car -1 -1 -10 822.699 916.228 1279.036 1149.875 -1 -1 -1 -1000 -1000 -1000 -10 0.00317381
