Car -1 -1 -10 671.547 584.065 770.183 663.391 -1 -1 -1 -1000 -1000 -1000 -10 0.98700203
Car -1 -1 -10 0.000 580.789 101.520 781.158 -1 -1 -1 -1000 -1000 -1000 -10 0.01267942
Car -1 -1 -10 3.718 595.707 123.071 773.208 -1 -1 -1 -1000 -1000 -1000 -10 0.01240669
Car -1 -1 -10 16.831 467.932 256.508 767.476 -1 -1 -1 -1000 -1000 -1000 -10 0.00995278
Car -1 -1 -10 19.263 608.710 663.487 1183.854 -1 -1 -1 -1000 -1000 -1000 -10 0.00807958
Car -1 -1 -10 12.513 575.697 195.462 788.092 -1 -1 -1 -1000 -1000 -1000 -10 0.00364653
Car -1 -1 -10 0.000 565.464 385.259 1163.602 -1 -1 -1 -1000 -1000 -1000 -10 0.00811138
Car -1 -1 -10 18.775 608.215 175.203 768.215 -1 -1 -1 -1000 -1000 -1000 -10 0.00241336
Car -1 -1 -10 0.000 782.501 447.484 1189.018 -1 -1 -1 -1000 -1000 -1000 -10 0.00200442
Car -1 -1 -10 29.747 536.529 79.493 849.905 -1 -1 -1 -1000 -1000 -1000 -10 0.00182845
Car -1 -1 -10 0.000 637.470 272.953 1023.568 -1 -1 -1 -1000 -1000 -1000 -10 0.00177847
Car -1 -1 -10 7.607 525.677 202.423 750.647 -1 -1 -1 -1000 -1000 -1000 -10 0.00176410
