Car -1 -1 -10 219.708 590.689 398.094 703.241 -1 -1 -1 -1000 -1000 -1000 -10 0.77429560
Car -1 -1 -10 905.048 575.095 957.289 632.005 -1 -1 -1 -1000 -1000 -1000 -10 0.71015507
Car -1 -1 -10 624.237 595.712 687.295 648.490 -1 -1 -1 -1000 -1000 -1000 -10 0.32834332
Car -1 -1 -10 606.979 591.749 684.163 650.688 -1 -1 -1 -1000 -1000 -1000 -10 0.11882903
Car -1 -1 -10 296.284 597.215 405.049 689.364 -1 -1 -1 -1000 -1000 -1000 -10 0.01459985
Car -1 -1 -10 759.075 823.702 1396.292 1193.460 -1 -1 -1 -1000 -1000 -1000 -10 0.01019843
Car -1 -1 -10 1415.170 564.448 1920.000 1200.000 -1 -1 -1 -1000 -1000 -1000 -10 0.00482151
Car -1 -1 -10 0.000 798.166 461.113 1197.856 -1 -1 -1 -1000 -1000 -1000 -10 0.00564532
Car -1 -1 -10 1005.865 656.248 1176.856 1193.312 -1 -1 -1 -1000 -1000 -1000 -10 0.00379032
Car -1 -1 -10 809.729 509.390 1920.000 1200.000 -1 -1 -1 -1000 -1000 -1000 -10 0.00383548
Car -1 -1 -10 1012.005 679.830 1228.019 1183.777 -1 -1 -1 -1000 -1000 -1000 -10 0.00197713
Car -1 -1 -10 11.162 676.498 252.355 1200.000 -1 -1 -1 -1000 -1000 -1000 -10 0.00527727
Car -1 -1 -10 753.217 1080.908 805.868 1184.264 -1 -1 -1 -1000 -1000 -1000 -10 0.00373372
Car -1 -1 -10 546.781 520.096 1708.837 1197.409 -1 -1 -1 -1000 -1000 -1000 -10 0.00341843
Car -1 -1 -10 1461.213 799.653 1920.000 1200.000 -1 -1 -1 -1000 -1000 -1000 -10 0.00350237
Car -1 -1 -10 7.691 1023.847 417.929 1200.000 -1 -1 -1 -1000 -1000 -1000 -10 0.00455193
Car -1 -1 -10 25.686 1101.655 270.263 1200.000 -1 -1 -1 -1000 -1000 -1000 -10 0.00343137
Car -1 -1 -10 67.217 348.021 363.854 1200.000 -1 -1 -1 -1000 -1000 -1000 -10 0.00325565
Car -1 -1 -10 899.697 897.984 1243.236 1199.001 -1 -1 -1 -1000 -1000 -1000 -10 0.00173531
Car -1 -1 -10 4.003 1084.310 305.814 1200.000 -1 -1 -1 -1000 -1000 -1000 -10 0.00338986
Car -1 -1 -10 669.949 579.737 724.271 636.193 -1 -1 -1 -1000 -1000 -1000 -10 0.00168705
Car -1 -1 -10 925.567 680.003 1114.584 1192.784 -1 -1 -1 -1000 -1000 -1000 -10 0.00166984
Car -1 -1 -10 955.187 786.610 1253.781 1193.094 -1 -1 -1 -1000 -1000 -1000 -10 0.00311711
Car -1 -1 -10 974.881 784.418 1648.648 1200.000 -1 -1 -1 -1000 -1000 -1000 -10 0.00165142
Car -1 -1 -10 1171.955 1035.797 1608.782 1200.000 -1 -1 -1 -1000 -1000 -1000 -10 0.00161635
Car -1 -1 -10 197.631 1102.632 366.049 1200.000 -1 -1 -1 -1000 -1000 -1000 -10 0.00316767
Car -1 -1 -10 3.021 827.054 265.629 1200.000 -1 -1 -1 -1000 -1000 -1000 -10 0.00160562
Car -1 -1 -10 1278.353 1102.185 1527.234 1200.000 -1 -1 -1 -1000 -1000 -1000 -10 0.00155842
Car -1 -1 -10 831.408 870.319 1289.742 1097.961 -1 -1 -1 -1000 -1000 -1000 -10 0.00150633
Car -1 -1 -10 195.338 1081.635 254.820 1200.000 -1 -1 -1 -1000 -1000 -1000 -10 0.00150620
Car -1 -1 -10 1041.739 644.429 1192.817 1200.000 -1 -1 -1 -1000 -1000 -1000 -10 0.00149372
Car -1 -1 -10 956.225 1104.100 1200.165 1200.000 -1 -1 -1 -1000 -1000 -1000 -10 0.00147285
Car -1 -1 -10 0.000 1022.047 243.182 1200.000 -1 -1 -1 -1000 -1000 -1000 -10 0.00145886
Car -1 -1 -10 724.654 1066.406 875.385 1166.815 -1 -1 -1 -1000 -1000 -1000 -10 0.00144574
Car -1 -1 -10 863.506 1036.892 1299.462 1200.000 -1 -1 -1 -1000 -1000 -1000 -10 0.00144485
Car -1 -1 -10 76.621 1035.924 506.980 1200.000 -1 -1 -1 -1000 -1000 -1000 -10 0.00143857
Car -1 -1 -10 108.892 1075.041 238.946 1200.000 -1 -1 -1 -1000 -1000 -1000 -10 0.00139557
Car -1 -1 -10 636.539 874.688 918.879 1200.000 -1 -1 -1 -1000 -1000 -1000 -10 0.00139392
Car -1 -1 -10 199.546 1121.529 238.575 1200.000 -1 -1 -1 -1000 -1000 -1000 -10 0.00138946
Car -1 -1 -10 99.584 822.982 259.165 1200.000 -1 -1 -1 -1000 -1000 -1000 -10 0.00136354
Car -1 -1 -10 672.197 1103.357 913.974 1200.000 -1 -1 -1 -1000 -1000 -1000 -10 0.00135415
Car -1 -1 -10 191.145 1116.555 271.309 1200.000 -1 -1 -1 -1000 -1000 -1000 -10 0.00135362
Car -1 -1 -10 219.657 828.061 379.204 1200.000 -1 -1 -1 -1000 -1000 -1000 -10 0.00134191
Car -1 -1 -10 1400.223 1105.254 1649.788 1200.000 -1 -1 -1 -1000 -1000 -1000 -10 0.00133188
Car -1 -1 -10 105.551 587.486 301.981 1181.096 -1 -1 -1 -1000 -1000 -1000 -10 0.00128119
Car -1 -1 -10 397.044 520.642 1510.536 1200.000 -1 -1 -1 -1000 -1000 -1000 -10 0.00127270
