Car -1 -1 -10 753.425 976.998 1346.893 1199.010 -1 -1 -1 -1000 -1000 -1000 -10 0.01467962
Car -1 -1 -10 860.209 985.082 1470.701 1200.000 -1 -1 -1 -1000 -1000 -1000 -10 0.02874391
Car -1 -1 -10 129.623 975.489 706.902 1199.551 -1 -1 -1 -1000 -1000 -1000 -10 0.01751330
Car -1 -1 -10 687.119 884.658 1621.804 1199.898 -1 -1 -1 -1000 -1000 -1000 -10 0.02432490
Car -1 -1 -10 1074.270 537.562 1920.000 1196.654 -1 -1 -1 -1000 -1000 -1000 -10 0.01630749
Car -1 -1 -10 655.014 799.588 1583.091 1194.723 -1 -1 -1 -1000 -1000 -1000 -10 0.00656010
Car -1 -1 -10 875.853 900.860 1192.269 1200.000 -1 -1 -1 -1000 -1000 -1000 -10 0.00881818
Car -1 -1 -10 887.639 946.732 1155.074 1200.000 -1 -1 -1 -1000 -1000 -1000 -10 0.00566166
Car -1 -1 -10 993.621 936.858 1285.034 1199.988 -1 -1 -1 -1000 -1000 -1000 -10 0.00935101
Car -1 -1 -10 12.085 974.873 423.078 1200.000 -1 -1 -1 -1000 -1000 -1000 -10 0.01171047
Car -1 -1 -10 799.183 709.766 1352.885 1200.000 -1 -1 -1 -1000 -1000 -1000 -10 0.00459093
Car -1 -1 -10 259.197 940.408 532.774 1200.000 -1 -1 -1 -1000 -1000 -1000 -10 0.00453201
Car -1 -1 -10 205.652 1155.707 243.581 1200.000 -1 -1 -1 -1000 -1000 -1000 -10 0.00802656
Car -1 -1 -10 0.000 714.095 451.659 1200.000 -1 -1 -1 -1000 -1000 -1000 -10 0.00442336
Car -1 -1 -10 1379.204 615.797 1916.078 1200.000 -1 -1 -1 -1000 -1000 -1000 -10 0.01036158
Car -1 -1 -10 58.557 850.342 401.992 1196.800 -1 -1 -1 -1000 -1000 -1000 -10 0.00436947
Car -1 -1 -10 0.000 1027.043 419.788 1200.000 -1 -1 -1 -1000 -1000 -1000 -10 0.00433024
Car -1 -1 -10 1035.315 918.622 1344.804 1200.000 -1 -1 -1 -1000 -1000 -1000 -10 0.00821511
Car -1 -1 -10 206.451 883.703 552.373 1195.540 -1 -1 -1 -1000 -1000 -1000 -10 0.00409049
Car -1 -1 -10 242.314 1121.463 280.346 1200.000 -1 -1 -1 -1000 -1000 -1000 -10 0.00385819
Car -1 -1 -10 134.888 806.007 321.269 1200.000 -1 -1 -1 -1000 -1000 -1000 -10 0.00376298
Car -1 -1 -10 556.403 808.834 1257.528 1200.000 -1 -1 -1 -1000 -1000 -1000 -10 0.00362436
Car -1 -1 -10 212.830 1155.882 249.551 1200.000 -1 -1 -1 -1000 -1000 -1000 -10 0.00318722
Car -1 -1 -10 899.829 706.585 1463.981 1200.000 -1 -1 -1 -1000 -1000 -1000 -10 0.00309722
Car -1 -1 -10 416.475 1008.545 703.651 1179.138 -1 -1 -1 -1000 -1000 -1000 -10 0.00605414
Car -1 -1 -10 13.786 883.653 893.149 1200.000 -1 -1 -1 -1000 -1000 -1000 -10 0.00592404
Car -1 -1 -10 1032.593 1075.561 1367.549 1200.000 -1 -1 -1 -1000 -1000 -1000 -10 0.00298894
Car -1 -1 -10 1113.698 1026.592 1562.948 1200.000 -1 -1 -1 -1000 -1000 -1000 -10 0.00294756
