Car -1 -1 -10 99.916 589.198 313.837 779.161 -1 -1 -1 -1000 -1000 -1000 -10 0.98184681
Car -1 -1 -10 1328.415 596.674 1567.011 710.036 -1 -1 -1 -1000 -1000 -1000 -10 0.98711078
Car -1 -1 -10 1583.504 579.789 1821.911 696.006 -1 -1 -1 -1000 -1000 -1000 -10 0.97194989
Car -1 -1 -10 409.055 637.237 558.487 754.053 -1 -1 -1 -1000 -1000 -1000 -10 0.94671385
Car -1 -1 -10 1760.141 587.867 1917.974 684.084 -1 -1 -1 -1000 -1000 -1000 -10 0.68516110
Car -1 -1 -10 1503.399 585.235 1655.120 683.852 -1 -1 -1 -1000 -1000 -1000 -10 0.08088376
Car -1 -1 -10 1475.340 585.670 1631.557 676.929 -1 -1 -1 -1000 -1000 -1000 -10 0.05403602
Car -1 -1 -10 1677.257 590.487 1841.138 682.940 -1 -1 -1 -1000 -1000 -1000 -10 0.01002711
Car -1 -1 -10 1443.916 603.690 1563.491 704.019 -1 -1 -1 -1000 -1000 -1000 -10 0.01160293
Car -1 -1 -10 1450.028 607.353 1599.872 709.172 -1 -1 -1 -1000 -1000 -1000 -10 0.00720732
Car -1 -1 -10 35.986 600.726 528.904 1180.866 -1 -1 -1 -1000 -1000 -1000 -10 0.00332841
Car -1 -1 -10 1704.962 591.086 1866.515 684.358 -1 -1 -1 -1000 -1000 -1000 -10 0.00330823
Car -1 -1 -10 385.700 637.600 491.601 748.884 -1 -1 -1 -1000 -1000 -1000 -10 0.00284732
