Car -1 -1 -10 920.637 618.822 1100.506 753.299 -1 -1 -1 -1000 -1000 -1000 -10 0.99974695
Car -1 -1 -10 58.417 554.873 1319.670 1179.584 -1 -1 -1 -1000 -1000 -1000 -10 0.06877869
Car -1 -1 -10 0.000 650.611 714.312 1198.719 -1 -1 -1 -1000 -1000 -1000 -10 0.02402768
Car -1 -1 -10 0.000 789.299 432.313 1175.500 -1 -1 -1 -1000 -1000 -1000 -10 0.00783420
Car -1 -1 -10 3.491 612.565 311.275 1200.000 -1 -1 -1 -1000 -1000 -1000 -10 0.00312125
Car -1 -1 -10 176.329 746.929 1028.453 1177.008 -1 -1 -1 -1000 -1000 -1000 -10 0.00288231
Car -1 -1 -10 1009.635 622.613 1103.854 713.433 -1 -1 -1 -1000 -1000 -1000 -10 0.00269265
Car -1 -1 -10 46.490 654.737 212.061 1196.544 -1 -1 -1 -1000 -1000 -1000 -10 0.00263688
Car -1 -1 -10 423.503 673.671 1077.869 1083.768 -1 -1 -1 -1000 -1000 -1000 -10 0.00256865
Car -1 -1 -10 429.407 759.492 1253.320 1179.267 -1 -1 -1 -1000 -1000 -1000 -10 0.00255902
Car -1 -1 -10 0.000 734.833 374.288 1119.179 -1 -1 -1 -1000 -1000 -1000 -10 0.00254120
Car -1 -1 -10 0.000 559.811 616.470 988.552 -1 -1 -1 -1000 -1000 -1000 -10 0.00239892
Car -1 -1 -10 38.400 286.474 287.456 1200.000 -1 -1 -1 -1000 -1000 -1000 -10 0.00236843
Car -1 -1 -10 13.781 632.769 241.715 1193.259 -1 -1 -1 -1000 -1000 -1000 -10 0.00235105
Car -1 -1 -10 116.377 186.498 408.830 1176.342 -1 -1 -1 -1000 -1000 -1000 -10 0.00230917
Car -1 -1 -10 173.207 772.142 855.161 1200.000 -1 -1 -1 -1000 -1000 -1000 -10 0.00219428
Car -1 -1 -10 15.263 580.144 156.021 1198.855 -1 -1 -1 -1000 -1000 -1000 -10 0.00411536
Car -1 -1 -10 84.028 566.337 227.117 1200.000 -1 -1 -1 -1000 -1000 -1000 -10 0.00389785
