Car -1 -1 -10 515.846 513.437 657.870 619.214 -1 -1 -1 -1000 -1000 -1000 -10 0.49984474
Car -1 -1 -10 510.177 517.442 631.738 608.688 -1 -1 -1 -1000 -1000 -1000 -10 0.49763340
Car -1 -1 -10 937.556 505.129 1071.220 619.307 -1 -1 -1 -1000 -1000 -1000 -10 0.96624443
Car -1 -1 -10 92.228 543.107 516.961 739.254 -1 -1 -1 -1000 -1000 -1000 -10 0.80079256
Car -1 -1 -10 526.193 895.417 1534.369 1200.000 -1 -1 -1 -1000 -1000 -1000 -10 0.05016116
Car -1 -1 -10 1819.122 523.478 1917.926 639.377 -1 -1 -1 -1000 -1000 -1000 -10 0.03028647
Car -1 -1 -10 691.339 887.360 1705.238 1200.000 -1 -1 -1 -1000 -1000 -1000 -10 0.02787833
Car -1 -1 -10 549.859 514.174 687.921 617.683 -1 -1 -1 -1000 -1000 -1000 -10 0.01973077
Car -1 -1 -10 698.940 519.852 1902.973 1200.000 -1 -1 -1 -1000 -1000 -1000 -10 0.03269413
Car -1 -1 -10 334.708 867.742 1296.822 1200.000 -1 -1 -1 -1000 -1000 -1000 -10 0.01614692
Car -1 -1 -10 744.966 948.734 1288.512 1199.507 -1 -1 -1 -1000 -1000 -1000 -10 0.01612553
Car -1 -1 -10 29.722 589.445 584.906 1154.602 -1 -1 -1 -1000 -1000 -1000 -10 0.01268206
Car -1 -1 -10 22.697 566.712 320.126 743.871 -1 -1 -1 -1000 -1000 -1000 -10 0.01341126
Car -1 -1 -10 0.000 867.727 890.202 1200.000 -1 -1 -1 -1000 -1000 -1000 -10 0.00604401
Car -1 -1 -10 847.034 725.893 1647.841 1200.000 -1 -1 -1 -1000 -1000 -1000 -10 0.00595805
Car -1 -1 -10 286.158 502.178 1521.366 1200.000 -1 -1 -1 -1000 -1000 -1000 -10 0.00523218
