Car -1 -1 -10 1505.994 664.726 1599.524 751.225 -1 -1 -1 -1000 -1000 -1000 -10 0.01473847
Car -1 -1 -10 1032.414 555.927 1095.067 611.860 -1 -1 -1 -1000 -1000 -1000 -10 0.00585304
Car -1 -1 -10 447.415 791.557 1024.252 1193.423 -1 -1 -1 -1000 -1000 -1000 -10 0.00311073
Car -1 -1 -10 649.592 663.486 836.963 1193.027 -1 -1 -1 -1000 -1000 -1000 -10 0.00212484
Car -1 -1 -10 1055.380 559.299 1116.118 611.964 -1 -1 -1 -1000 -1000 -1000 -10 0.00122661
Car -1 -1 -10 0.000 807.598 449.949 1199.696 -1 -1 -1 -1000 -1000 -1000 -10 0.00376629
Car -1 -1 -10 667.811 588.520 820.324 1199.478 -1 -1 -1 -1000 -1000 -1000 -10 0.00151176
Car -1 -1 -10 647.066 872.832 873.821 1096.446 -1 -1 -1 -1000 -1000 -1000 -10 0.00155303
Car -1 -1 -10 1028.450 710.494 1329.645 1197.211 -1 -1 -1 -1000 -1000 -1000 -10 0.00206662
Car -1 -1 -10 1601.346 659.544 1902.219 1185.599 -1 -1 -1 -1000 -1000 -1000 -10 0.00080554
Car -1 -1 -10 591.785 485.238 896.530 1200.000 -1 -1 -1 -1000 -1000 -1000 -10 0.00070618
Car -1 -1 -10 660.500 886.920 821.887 991.430 -1 -1 -1 -1000 -1000 -1000 -10 0.00070025
Car -1 -1 -10 694.794 920.857 827.731 1055.440 -1 -1 -1 -1000 -1000 -1000 -10 0.00069757
Car -1 -1 -10 565.400 979.786 919.725 1196.980 -1 -1 -1 -1000 -1000 -1000 -10 0.00068953
Car -1 -1 -10 1201.851 1158.011 1240.014 1200.000 -1 -1 -1 -1000 -1000 -1000 -10 0.00119539
Car -1 -1 -10 953.842 1051.174 1363.494 1200.000 -1 -1 -1 -1000 -1000 -1000 -10 0.00122074
Car -1 -1 -10 626.962 825.671 901.199 999.287 -1 -1 -1 -1000 -1000 -1000 -10 0.00067312
Car -1 -1 -10 0.000 1.526 324.440 367.009 -1 -1 -1 -1000 -1000 -1000 -10 0.00115690
Car -1 -1 -10 603.101 635.220 764.621 1200.000 -1 -1 -1 -1000 -1000 -1000 -10 0.00128529
Car -1 -1 -10 519.381 656.596 705.611 1199.397 -1 -1 -1 -1000 -1000 -1000 -10 0.00067097
Car -1 -1 -10 1477.055 806.663 1920.000 1199.305 -1 -1 -1 -1000 -1000 -1000 -10 0.00123689
Car -1 -1 -10 0.000 941.050 312.182 1200.000 -1 -1 -1 -1000 -1000 -1000 -10 0.00117411
Car -1 -1 -10 0.000 0.000 441.477 321.657 -1 -1 -1 -1000 -1000 -1000 -10 0.00060313
Car -1 -1 -10 897.819 776.552 1476.339 1188.423 -1 -1 -1 -1000 -1000 -1000 -10 0.00053554
Car -1 -1 -10 448.497 654.243 634.160 1195.214 -1 -1 -1 -1000 -1000 -1000 -10 0.00053484
Car -1 -1 -10 1058.390 1104.955 1301.434 1200.000 -1 -1 -1 -1000 -1000 -1000 -10 0.00052187
Car -1 -1 -10 536.775 586.318 690.007 1198.133 -1 -1 -1 -1000 -1000 -1000 -10 0.00050592
Car -1 -1 -10 1045.779 904.753 1284.430 1200.000 -1 -1 -1 -1000 -1000 -1000 -10 0.00050130
Car -1 -1 -10 0.000 0.000 435.420 204.789 -1 -1 -1 -1000 -1000 -1000 -10 0.00046923
Car -1 -1 -10 451.308 675.635 805.642 1198.522 -1 -1 -1 -1000 -1000 -1000 -10 0.00045660
Car -1 -1 -10 598.102 711.340 905.375 1196.355 -1 -1 -1 -1000 -1000 -1000 -10 0.00043404
Car -1 -1 -10 875.809 935.988 1475.418 1200.000 -1 -1 -1 -1000 -1000 -1000 -10 0.00043104
Car -1 -1 -10 465.368 583.134 617.754 1194.998 -1 -1 -1 -1000 -1000 -1000 -10 0.00042804
