Car -1 -1 -10 777.249 581.535 887.565 674.768 -1 -1 -1 -1000 -1000 -1000 -10 0.99996436
Car -1 -1 -10 1133.811 576.071 1248.702 676.294 -1 -1 -1 -1000 -1000 -1000 -10 0.99983823
Car -1 -1 -10 971.747 590.220 1105.899 690.450 -1 -1 -1 -1000 -1000 -1000 -10 0.99908835
Car -1 -1 -10 961.036 595.635 1009.230 646.680 -1 -1 -1 -1000 -1000 -1000 -10 0.37697968
Car -1 -1 -10 1070.985 594.759 1120.576 645.767 -1 -1 -1 -1000 -1000 -1000 -10 0.11624962
Car -1 -1 -10 891.964 594.009 949.469 647.376 -1 -1 -1 -1000 -1000 -1000 -10 0.09579421
Car -1 -1 -10 967.322 593.969 1044.001 665.408 -1 -1 -1 -1000 -1000 -1000 -10 0.03063533
Car -1 -1 -10 1036.929 594.012 1115.590 665.412 -1 -1 -1 -1000 -1000 -1000 -10 0.00779747
Car -1 -1 -10 555.606 741.942 1143.879 1194.318 -1 -1 -1 -1000 -1000 -1000 -10 0.00616840
Car -1 -1 -10 0.000 798.309 459.696 1196.789 -1 -1 -1 -1000 -1000 -1000 -10 0.00892435
Car -1 -1 -10 974.430 571.864 1074.092 652.117 -1 -1 -1 -1000 -1000 -1000 -10 0.00208249
Car -1 -1 -10 960.453 585.697 1051.762 674.415 -1 -1 -1 -1000 -1000 -1000 -10 0.00197779
Car -1 -1 -10 979.106 582.571 1031.275 637.835 -1 -1 -1 -1000 -1000 -1000 -10 0.00386909
Car -1 -1 -10 1049.315 575.680 1147.611 648.159 -1 -1 -1 -1000 -1000 -1000 -10 0.00189247
Car -1 -1 -10 797.621 582.835 1001.968 1187.975 -1 -1 -1 -1000 -1000 -1000 -10 0.00291798
Car -1 -1 -10 721.280 1082.542 1051.089 1200.000 -1 -1 -1 -1000 -1000 -1000 -10 0.00151739
Car -1 -1 -10 577.454 639.140 1111.704 1200.000 -1 -1 -1 -1000 -1000 -1000 -10 0.00150279
Car -1 -1 -10 757.348 1102.323 1012.454 1200.000 -1 -1 -1 -1000 -1000 -1000 -10 0.00137920
Car -1 -1 -10 756.593 655.422 983.189 1188.553 -1 -1 -1 -1000 -1000 -1000 -10 0.00135437
Car -1 -1 -10 620.355 1036.150 1069.803 1200.000 -1 -1 -1 -1000 -1000 -1000 -10 0.00130209
Car -1 -1 -10 1004.524 551.401 1041.910 697.750 -1 -1 -1 -1000 -1000 -1000 -10 0.00129442
Car -1 -1 -10 946.075 594.984 986.694 644.871 -1 -1 -1 -1000 -1000 -1000 -10 0.00245177
Car -1 -1 -10 648.001 636.805 931.958 1197.660 -1 -1 -1 -1000 -1000 -1000 -10 0.00124402
Car -1 -1 -10 1002.180 584.638 1042.001 649.377 -1 -1 -1 -1000 -1000 -1000 -10 0.00233700
Car -1 -1 -10 641.590 1020.488 1143.970 1200.000 -1 -1 -1 -1000 -1000 -1000 -10 0.00122017
Car -1 -1 -10 47.419 670.776 210.890 1195.331 -1 -1 -1 -1000 -1000 -1000 -10 0.00121295
Car -1 -1 -10 866.529 670.396 1082.392 1192.327 -1 -1 -1 -1000 -1000 -1000 -10 0.00120509
Car -1 -1 -10 681.867 663.260 877.455 1198.668 -1 -1 -1 -1000 -1000 -1000 -10 0.00118138
Car -1 -1 -10 812.050 745.326 938.512 1200.000 -1 -1 -1 -1000 -1000 -1000 -10 0.00111463
Car -1 -1 -10 771.997 916.766 1021.854 1200.000 -1 -1 -1 -1000 -1000 -1000 -10 0.00111441
Car -1 -1 -10 990.758 587.158 1032.355 652.563 -1 -1 -1 -1000 -1000 -1000 -10 0.00111065
Car -1 -1 -10 1043.217 586.898 1126.797 672.815 -1 -1 -1 -1000 -1000 -1000 -10 0.00105682
Car -1 -1 -10 996.893 587.665 1024.561 676.107 -1 -1 -1 -1000 -1000 -1000 -10 0.00105043
