Car -1 -1 -10 0.000 801.684 453.434 1199.473 -1 -1 -1 -1000 -1000 -1000 -10 0.00537499
Car -1 -1 -10 13.158 613.809 207.816 1189.178 -1 -1 -1 -1000 -1000 -1000 -10 0.00089693
Car -1 -1 -10 676.494 647.615 860.328 1192.426 -1 -1 -1 -1000 -1000 -1000 -10 0.00148473
Car -1 -1 -10 574.671 1123.983 648.464 1200.000 -1 -1 -1 -1000 -1000 -1000 -10 0.00128496
Car -1 -1 -10 0.000 934.847 322.894 1200.000 -1 -1 -1 -1000 -1000 -1000 -10 0.00075490
Car -1 -1 -10 589.446 1158.555 627.538 1200.000 -1 -1 -1 -1000 -1000 -1000 -10 0.00126363
Car -1 -1 -10 1576.254 571.261 1920.000 1200.000 -1 -1 -1 -1000 -1000 -1000 -10 0.00069267
Car -1 -1 -10 1895.145 1167.366 1920.000 1200.000 -1 -1 -1 -1000 -1000 -1000 -10 0.00067593
Car -1 -1 -10 1476.073 809.868 1920.000 1200.000 -1 -1 -1 -1000 -1000 -1000 -10 0.00178554
Car -1 -1 -10 515.222 676.084 753.663 1197.999 -1 -1 -1 -1000 -1000 -1000 -10 0.00065902
Car -1 -1 -10 0.000 979.893 287.278 1200.000 -1 -1 -1 -1000 -1000 -1000 -10 0.00061768
Car -1 -1 -10 434.034 1066.806 826.757 1200.000 -1 -1 -1 -1000 -1000 -1000 -10 0.00113078
Car -1 -1 -10 539.355 584.473 734.159 1179.074 -1 -1 -1 -1000 -1000 -1000 -10 0.00059571
Car -1 -1 -10 491.880 1105.102 738.529 1200.000 -1 -1 -1 -1000 -1000 -1000 -10 0.00058110
Car -1 -1 -10 0.000 1069.646 304.215 1200.000 -1 -1 -1 -1000 -1000 -1000 -10 0.00057818
Car -1 -1 -10 0.000 1023.779 249.120 1200.000 -1 -1 -1 -1000 -1000 -1000 -10 0.00057575
Car -1 -1 -10 0.000 1166.844 24.868 1200.000 -1 -1 -1 -1000 -1000 -1000 -10 0.00057540
Car -1 -1 -10 730.535 573.577 925.140 1176.972 -1 -1 -1 -1000 -1000 -1000 -10 0.00104082
Car -1 -1 -10 0.000 880.937 269.645 1200.000 -1 -1 -1 -1000 -1000 -1000 -10 0.00056914
Car -1 -1 -10 635.056 579.865 829.474 1178.649 -1 -1 -1 -1000 -1000 -1000 -10 0.00055587
Car -1 -1 -10 626.261 807.065 790.021 1200.000 -1 -1 -1 -1000 -1000 -1000 -10 0.00053215
Car -1 -1 -10 449.140 783.716 1050.991 1181.055 -1 -1 -1 -1000 -1000 -1000 -10 0.00051521
Car -1 -1 -10 15.953 378.424 312.408 1200.000 -1 -1 -1 -1000 -1000 -1000 -10 0.00051060
Car -1 -1 -10 619.232 1158.304 657.378 1200.000 -1 -1 -1 -1000 -1000 -1000 -10 0.00051023
Car -1 -1 -10 603.237 811.118 763.176 1200.000 -1 -1 -1 -1000 -1000 -1000 -10 0.00050066
Car -1 -1 -10 442.412 580.419 637.685 1179.892 -1 -1 -1 -1000 -1000 -1000 -10 0.00090837
Car -1 -1 -10 682.811 1126.721 749.242 1200.000 -1 -1 -1 -1000 -1000 -1000 -10 0.00047976
Car -1 -1 -10 67.154 731.125 193.554 1200.000 -1 -1 -1 -1000 -1000 -1000 -10 0.00047241
Car -1 -1 -10 584.038 1107.090 833.447 1200.000 -1 -1 -1 -1000 -1000 -1000 -10 0.00046028
Car -1 -1 -10 602.700 1089.467 661.726 1200.000 -1 -1 -1 -1000 -1000 -1000 -10 0.00045225
Car -1 -1 -10 492.064 713.006 901.877 1200.000 -1 -1 -1 -1000 -1000 -1000 -10 0.00043705
Car -1 -1 -10 521.897 936.535 744.928 1200.000 -1 -1 -1 -1000 -1000 -1000 -10 0.00041469
Car -1 -1 -10 524.840 734.421 649.793 1200.000 -1 -1 -1 -1000 -1000 -1000 -10 0.00041114
Car -1 -1 -10 600.937 1143.226 651.997 1200.000 -1 -1 -1 -1000 -1000 -1000 -10 0.00040938
