Car -1 -1 -10 258.360 579.642 416.786 683.494 -1 -1 -1 -1000 -1000 -1000 -10 0.99977829
Car -1 -1 -10 1272.660 555.399 1495.395 670.485 -1 -1 -1 -1000 -1000 -1000 -10 0.97490691
Car -1 -1 -10 1055.534 585.901 1110.819 633.448 -1 -1 -1 -1000 -1000 -1000 -10 0.57137515
Car -1 -1 -10 396.493 588.100 497.784 672.829 -1 -1 -1 -1000 -1000 -1000 -10 0.14411551
Car -1 -1 -10 382.515 589.659 520.964 677.001 -1 -1 -1 -1000 -1000 -1000 -10 0.10156484
Car -1 -1 -10 1095.159 588.579 1145.994 633.860 -1 -1 -1 -1000 -1000 -1000 -10 0.05327544
Car -1 -1 -10 941.513 592.429 996.742 641.296 -1 -1 -1 -1000 -1000 -1000 -10 0.01047939
Car -1 -1 -10 0.329 829.181 633.062 1200.000 -1 -1 -1 -1000 -1000 -1000 -10 0.00765027
Car -1 -1 -10 0.000 795.210 473.071 1200.000 -1 -1 -1 -1000 -1000 -1000 -10 0.00686033
Car -1 -1 -10 1362.599 563.181 1541.584 662.627 -1 -1 -1 -1000 -1000 -1000 -10 0.00819400
Car -1 -1 -10 5.896 0.000 389.325 223.874 -1 -1 -1 -1000 -1000 -1000 -10 0.00796421
Car -1 -1 -10 7.405 0.460 338.151 168.442 -1 -1 -1 -1000 -1000 -1000 -10 0.00685660
Car -1 -1 -10 305.548 802.743 906.728 1188.264 -1 -1 -1 -1000 -1000 -1000 -10 0.00331464
Car -1 -1 -10 401.700 583.930 485.420 655.917 -1 -1 -1 -1000 -1000 -1000 -10 0.00571607
Car -1 -1 -10 79.844 19.146 336.416 469.320 -1 -1 -1 -1000 -1000 -1000 -10 0.00535229
Car -1 -1 -10 2.867 1.983 291.442 129.430 -1 -1 -1 -1000 -1000 -1000 -10 0.00525058
Car -1 -1 -10 22.873 15.713 280.296 472.906 -1 -1 -1 -1000 -1000 -1000 -10 0.00518684
Car -1 -1 -10 13.874 976.062 434.775 1200.000 -1 -1 -1 -1000 -1000 -1000 -10 0.00533594
Car -1 -1 -10 801.127 820.139 1448.051 1181.230 -1 -1 -1 -1000 -1000 -1000 -10 0.00252617
Car -1 -1 -10 2.439 552.332 350.380 1200.000 -1 -1 -1 -1000 -1000 -1000 -10 0.00244215
Car -1 -1 -10 18.565 382.201 306.938 1200.000 -1 -1 -1 -1000 -1000 -1000 -10 0.00233397
Car -1 -1 -10 71.953 0.000 227.305 155.709 -1 -1 -1 -1000 -1000 -1000 -10 0.00433374
Car -1 -1 -10 120.855 5.107 289.491 336.207 -1 -1 -1 -1000 -1000 -1000 -10 0.00229103
Car -1 -1 -10 0.000 874.846 319.962 1200.000 -1 -1 -1 -1000 -1000 -1000 -10 0.00227096
Car -1 -1 -10 99.162 0.000 224.190 131.867 -1 -1 -1 -1000 -1000 -1000 -10 0.00224793
Car -1 -1 -10 170.410 4.330 430.383 258.001 -1 -1 -1 -1000 -1000 -1000 -10 0.00220793
Car -1 -1 -10 618.134 771.978 1536.917 1178.008 -1 -1 -1 -1000 -1000 -1000 -10 0.00219479
Car -1 -1 -10 443.213 595.886 597.258 675.768 -1 -1 -1 -1000 -1000 -1000 -10 0.00193032
