Car -1 -1 -10 0.000 793.185 461.057 1199.236 -1 -1 -1 -1000 -1000 -1000 -10 0.01116616
Car -1 -1 -10 0.000 843.491 217.655 1191.921 -1 -1 -1 -1000 -1000 -1000 -10 0.00192381
Car -1 -1 -10 0.000 932.936 324.815 1200.000 -1 -1 -1 -1000 -1000 -1000 -10 0.00305521
Car -1 -1 -10 15.482 735.001 239.900 1196.776 -1 -1 -1 -1000 -1000 -1000 -10 0.00142846
Car -1 -1 -10 1552.806 587.618 1701.318 690.669 -1 -1 -1 -1000 -1000 -1000 -10 0.00132650
Car -1 -1 -10 39.474 576.333 175.972 1193.996 -1 -1 -1 -1000 -1000 -1000 -10 0.00131489
Car -1 -1 -10 4.639 911.379 239.228 1200.000 -1 -1 -1 -1000 -1000 -1000 -10 0.00110483
Car -1 -1 -10 0.000 901.429 168.199 1192.773 -1 -1 -1 -1000 -1000 -1000 -10 0.00109516
Car -1 -1 -10 3.787 674.508 350.936 1087.480 -1 -1 -1 -1000 -1000 -1000 -10 0.00179865
Car -1 -1 -10 0.000 553.210 660.728 1196.672 -1 -1 -1 -1000 -1000 -1000 -10 0.00155443
Car -1 -1 -10 0.000 937.191 118.982 1042.070 -1 -1 -1 -1000 -1000 -1000 -10 0.00080469
Car -1 -1 -10 1557.710 484.784 1907.693 774.757 -1 -1 -1 -1000 -1000 -1000 -10 0.00074558
Car -1 -1 -10 1579.934 564.161 1920.000 1200.000 -1 -1 -1 -1000 -1000 -1000 -10 0.00074258
Car -1 -1 -10 0.000 1040.170 222.479 1200.000 -1 -1 -1 -1000 -1000 -1000 -10 0.00072675
Car -1 -1 -10 1474.595 803.759 1920.000 1200.000 -1 -1 -1 -1000 -1000 -1000 -10 0.00072548
Car -1 -1 -10 1483.648 623.122 1892.570 1017.746 -1 -1 -1 -1000 -1000 -1000 -10 0.00071741
Car -1 -1 -10 0.000 1166.755 24.904 1200.000 -1 -1 -1 -1000 -1000 -1000 -10 0.00069114
Car -1 -1 -10 0.000 430.006 468.690 1028.938 -1 -1 -1 -1000 -1000 -1000 -10 0.00067116
