Car -1 -1 -10 557.994 624.431 627.507 679.689 -1 -1 -1 -1000 -1000 -1000 -10 0.63253567
Car -1 -1 -10 0.000 796.073 456.839 1198.914 -1 -1 -1 -1000 -1000 -1000 -10 0.00755311
Car -1 -1 -10 13.045 672.952 251.629 1200.000 -1 -1 -1 -1000 -1000 -1000 -10 0.00157031
Car -1 -1 -10 7.633 1105.480 178.317 1200.000 -1 -1 -1 -1000 -1000 -1000 -10 0.00293739
Car -1 -1 -10 96.396 1157.811 133.651 1200.000 -1 -1 -1 -1000 -1000 -1000 -10 0.00411935
Car -1 -1 -10 0.000 967.525 209.413 1200.000 -1 -1 -1 -1000 -1000 -1000 -10 0.00151390
Car -1 -1 -10 58.038 1138.310 168.661 1200.000 -1 -1 -1 -1000 -1000 -1000 -10 0.00150954
Car -1 -1 -10 11.700 572.038 632.156 1192.346 -1 -1 -1 -1000 -1000 -1000 -10 0.00387459
Car -1 -1 -10 0.000 1008.699 257.603 1200.000 -1 -1 -1 -1000 -1000 -1000 -10 0.00144229
Car -1 -1 -10 75.717 1120.275 157.890 1200.000 -1 -1 -1 -1000 -1000 -1000 -10 0.00136697
Car -1 -1 -10 42.803 634.157 217.603 1189.856 -1 -1 -1 -1000 -1000 -1000 -10 0.00133253
Car -1 -1 -10 230.661 562.169 370.224 1194.355 -1 -1 -1 -1000 -1000 -1000 -10 0.00230295
Car -1 -1 -10 85.985 1123.940 124.417 1200.000 -1 -1 -1 -1000 -1000 -1000 -10 0.00116736
Car -1 -1 -10 58.948 282.648 373.487 1197.676 -1 -1 -1 -1000 -1000 -1000 -10 0.00224016
Car -1 -1 -10 0.000 1140.170 53.761 1200.000 -1 -1 -1 -1000 -1000 -1000 -10 0.00111282
Car -1 -1 -10 68.163 583.819 266.335 1182.383 -1 -1 -1 -1000 -1000 -1000 -10 0.00221820
Car -1 -1 -10 103.323 1139.201 215.176 1200.000 -1 -1 -1 -1000 -1000 -1000 -10 0.00110731
Car -1 -1 -10 87.291 1083.745 146.772 1200.000 -1 -1 -1 -1000 -1000 -1000 -10 0.00106957
Car -1 -1 -10 121.943 1157.520 159.473 1200.000 -1 -1 -1 -1000 -1000 -1000 -10 0.00106088
Car -1 -1 -10 57.399 1116.412 140.429 1200.000 -1 -1 -1 -1000 -1000 -1000 -10 0.00104900
Car -1 -1 -10 0.000 939.097 320.463 1200.000 -1 -1 -1 -1000 -1000 -1000 -10 0.00102067
Car -1 -1 -10 7.676 1106.886 252.248 1200.000 -1 -1 -1 -1000 -1000 -1000 -10 0.00101844
Car -1 -1 -10 79.087 1143.354 130.993 1200.000 -1 -1 -1 -1000 -1000 -1000 -10 0.00099391
Car -1 -1 -10 284.934 634.514 457.142 1188.679 -1 -1 -1 -1000 -1000 -1000 -10 0.00098366
Car -1 -1 -10 1.665 1066.123 315.471 1200.000 -1 -1 -1 -1000 -1000 -1000 -10 0.00194630
Car -1 -1 -10 103.996 581.023 301.838 1183.618 -1 -1 -1 -1000 -1000 -1000 -10 0.00096418
Car -1 -1 -10 476.360 613.583 533.099 674.038 -1 -1 -1 -1000 -1000 -1000 -10 0.00095782
Car -1 -1 -10 174.339 535.642 326.435 1200.000 -1 -1 -1 -1000 -1000 -1000 -10 0.00094927
Car -1 -1 -10 186.202 1107.713 439.507 1200.000 -1 -1 -1 -1000 -1000 -1000 -10 0.00094193
Car -1 -1 -10 1465.804 813.522 1920.000 1200.000 -1 -1 -1 -1000 -1000 -1000 -10 0.00179620
Car -1 -1 -10 67.578 735.512 193.994 1200.000 -1 -1 -1 -1000 -1000 -1000 -10 0.00093180
Car -1 -1 -10 0.000 1108.213 91.445 1200.000 -1 -1 -1 -1000 -1000 -1000 -10 0.00087934
Car -1 -1 -10 246.402 540.364 398.445 1196.632 -1 -1 -1 -1000 -1000 -1000 -10 0.00086000
