Car -1 -1 -10 513.590 591.357 633.558 673.978 -1 -1 -1 -1000 -1000 -1000 -10 0.99884515
Car -1 -1 -10 655.170 588.771 715.313 642.065 -1 -1 -1 -1000 -1000 -1000 -10 0.15254817
Car -1 -1 -10 502.630 154.169 1912.289 1200.000 -1 -1 -1 -1000 -1000 -1000 -10 0.00763093
Car -1 -1 -10 723.818 572.279 775.059 619.413 -1 -1 -1 -1000 -1000 -1000 -10 0.00683695
Car -1 -1 -10 1024.276 475.135 1920.000 1200.000 -1 -1 -1 -1000 -1000 -1000 -10 0.00623186
Car -1 -1 -10 1448.838 547.465 1621.136 629.371 -1 -1 -1 -1000 -1000 -1000 -10 0.00569905
Car -1 -1 -10 1452.781 566.491 1614.837 655.668 -1 -1 -1 -1000 -1000 -1000 -10 0.00261425
Car -1 -1 -10 1678.167 476.137 1920.000 854.396 -1 -1 -1 -1000 -1000 -1000 -10 0.00247386
Car -1 -1 -10 1261.168 448.848 1913.784 856.219 -1 -1 -1 -1000 -1000 -1000 -10 0.00445190
Car -1 -1 -10 1313.615 514.567 1772.343 752.315 -1 -1 -1 -1000 -1000 -1000 -10 0.00406461
Car -1 -1 -10 0.000 798.305 457.821 1199.166 -1 -1 -1 -1000 -1000 -1000 -10 0.00838986
Car -1 -1 -10 1441.042 405.625 1920.000 1016.189 -1 -1 -1 -1000 -1000 -1000 -10 0.00434084
Car -1 -1 -10 1555.380 476.589 1918.543 867.299 -1 -1 -1 -1000 -1000 -1000 -10 0.00206972
Car -1 -1 -10 20.363 595.764 219.854 1194.853 -1 -1 -1 -1000 -1000 -1000 -10 0.00372322
Car -1 -1 -10 0.000 1106.193 90.835 1200.000 -1 -1 -1 -1000 -1000 -1000 -10 0.00192550
Car -1 -1 -10 0.000 1004.470 264.808 1200.000 -1 -1 -1 -1000 -1000 -1000 -10 0.00537787
Car -1 -1 -10 1792.664 688.169 1920.000 790.571 -1 -1 -1 -1000 -1000 -1000 -10 0.00376486
Car -1 -1 -10 1334.070 263.726 1876.534 1200.000 -1 -1 -1 -1000 -1000 -1000 -10 0.00184779
Car -1 -1 -10 1702.095 602.274 1920.000 819.305 -1 -1 -1 -1000 -1000 -1000 -10 0.00173223
Car -1 -1 -10 1580.904 638.363 1914.869 1011.847 -1 -1 -1 -1000 -1000 -1000 -10 0.00172768
Car -1 -1 -10 1730.045 577.505 1919.144 794.977 -1 -1 -1 -1000 -1000 -1000 -10 0.00167728
Car -1 -1 -10 0.000 966.318 209.663 1200.000 -1 -1 -1 -1000 -1000 -1000 -10 0.00162895
Car -1 -1 -10 0.000 1140.087 54.644 1200.000 -1 -1 -1 -1000 -1000 -1000 -10 0.00162551
Car -1 -1 -10 1116.918 321.839 1920.000 1126.743 -1 -1 -1 -1000 -1000 -1000 -10 0.00159888
Car -1 -1 -10 0.000 1103.943 49.467 1200.000 -1 -1 -1 -1000 -1000 -1000 -10 0.00158774
Car -1 -1 -10 1465.400 174.215 1842.720 912.284 -1 -1 -1 -1000 -1000 -1000 -10 0.00158212
Car -1 -1 -10 1471.778 437.651 1920.000 723.699 -1 -1 -1 -1000 -1000 -1000 -10 0.00157448
Car -1 -1 -10 1416.891 283.780 1806.939 1020.172 -1 -1 -1 -1000 -1000 -1000 -10 0.00156311
Car -1 -1 -10 1322.125 547.182 1767.114 807.174 -1 -1 -1 -1000 -1000 -1000 -10 0.00296549
Car -1 -1 -10 7.328 1138.024 119.620 1200.000 -1 -1 -1 -1000 -1000 -1000 -10 0.00152695
Car -1 -1 -10 0.000 1058.995 200.826 1200.000 -1 -1 -1 -1000 -1000 -1000 -10 0.00152264
Car -1 -1 -10 925.868 362.763 1920.000 1083.991 -1 -1 -1 -1000 -1000 -1000 -10 0.00151723
Car -1 -1 -10 1323.168 232.436 1920.000 657.741 -1 -1 -1 -1000 -1000 -1000 -10 0.00151666
Car -1 -1 -10 19.847 1157.894 57.129 1200.000 -1 -1 -1 -1000 -1000 -1000 -10 0.00150290
Car -1 -1 -10 1730.663 522.615 1920.000 745.141 -1 -1 -1 -1000 -1000 -1000 -10 0.00148692
Car -1 -1 -10 1678.176 657.105 1920.000 991.752 -1 -1 -1 -1000 -1000 -1000 -10 0.00146833
Car -1 -1 -10 1803.352 624.937 1920.000 752.675 -1 -1 -1 -1000 -1000 -1000 -10 0.00146300
Car -1 -1 -10 10.921 1105.743 249.187 1200.000 -1 -1 -1 -1000 -1000 -1000 -10 0.00145707
Car -1 -1 -10 0.000 547.909 709.430 1200.000 -1 -1 -1 -1000 -1000 -1000 -10 0.00142647
Car -1 -1 -10 1418.376 359.441 1920.000 699.730 -1 -1 -1 -1000 -1000 -1000 -10 0.00137563
