Car -1 -1 -10 1091.305 557.914 1244.164 674.463 -1 -1 -1 -1000 -1000 -1000 -10 0.99979761
Car -1 -1 -10 278.505 557.573 465.981 680.591 -1 -1 -1 -1000 -1000 -1000 -10 0.99729674
Car -1 -1 -10 1040.311 568.369 1119.533 640.199 -1 -1 -1 -1000 -1000 -1000 -10 0.87943107
Car -1 -1 -10 1074.623 568.497 1126.814 620.942 -1 -1 -1 -1000 -1000 -1000 -10 0.01661104
Car -1 -1 -10 992.392 556.203 1062.721 625.388 -1 -1 -1 -1000 -1000 -1000 -10 0.01343265
Car -1 -1 -10 1440.904 628.534 1920.000 1198.967 -1 -1 -1 -1000 -1000 -1000 -10 0.01337490
Car -1 -1 -10 654.026 557.304 705.238 613.922 -1 -1 -1 -1000 -1000 -1000 -10 0.00582212
Car -1 -1 -10 853.360 818.530 1490.693 1175.794 -1 -1 -1 -1000 -1000 -1000 -10 0.00467552
Car -1 -1 -10 274.737 567.049 376.336 668.744 -1 -1 -1 -1000 -1000 -1000 -10 0.00265035
Car -1 -1 -10 923.340 828.465 1600.600 1180.317 -1 -1 -1 -1000 -1000 -1000 -10 0.00429916
Car -1 -1 -10 1631.693 686.879 1920.000 1193.287 -1 -1 -1 -1000 -1000 -1000 -10 0.00440271
Car -1 -1 -10 1022.713 680.244 1209.872 1190.640 -1 -1 -1 -1000 -1000 -1000 -10 0.00220914
Car -1 -1 -10 276.986 509.344 1504.600 1196.567 -1 -1 -1 -1000 -1000 -1000 -10 0.00399898
Car -1 -1 -10 1246.742 831.322 1894.632 1188.402 -1 -1 -1 -1000 -1000 -1000 -10 0.00360307
Car -1 -1 -10 1526.659 849.852 1920.000 1094.375 -1 -1 -1 -1000 -1000 -1000 -10 0.00188872
Car -1 -1 -10 1606.935 795.761 1919.064 1144.817 -1 -1 -1 -1000 -1000 -1000 -10 0.00344247
Car -1 -1 -10 465.015 795.302 1094.838 1180.226 -1 -1 -1 -1000 -1000 -1000 -10 0.00363342
Car -1 -1 -10 705.319 789.214 1336.972 1180.419 -1 -1 -1 -1000 -1000 -1000 -10 0.00184945
Car -1 -1 -10 659.343 914.758 822.662 1012.114 -1 -1 -1 -1000 -1000 -1000 -10 0.00175879
Car -1 -1 -10 951.143 678.353 1137.031 1190.419 -1 -1 -1 -1000 -1000 -1000 -10 0.00174711
Car -1 -1 -10 1312.082 918.092 1478.639 1011.857 -1 -1 -1 -1000 -1000 -1000 -10 0.00172079
Car -1 -1 -10 1082.915 854.627 1376.436 1118.233 -1 -1 -1 -1000 -1000 -1000 -10 0.00170710
Car -1 -1 -10 1016.773 877.807 1368.346 1094.094 -1 -1 -1 -1000 -1000 -1000 -10 0.00157247
Car -1 -1 -10 1080.745 455.767 1253.050 729.945 -1 -1 -1 -1000 -1000 -1000 -10 0.00148414
