Car -1 -1 -10 359.523 618.903 432.859 674.896 -1 -1 -1 -1000 -1000 -1000 -10 0.35340483
Car -1 -1 -10 1572.498 555.129 1690.837 630.259 -1 -1 -1 -1000 -1000 -1000 -10 0.17487652
Car -1 -1 -10 1566.862 542.761 1712.788 633.228 -1 -1 -1 -1000 -1000 -1000 -10 0.09345552
Car -1 -1 -10 0.000 791.887 466.221 1197.466 -1 -1 -1 -1000 -1000 -1000 -10 0.01143361
Car -1 -1 -10 4.397 1083.636 255.212 1200.000 -1 -1 -1 -1000 -1000 -1000 -10 0.00229305
Car -1 -1 -10 0.000 997.027 285.881 1200.000 -1 -1 -1 -1000 -1000 -1000 -10 0.00546547
Car -1 -1 -10 15.273 1102.284 195.002 1200.000 -1 -1 -1 -1000 -1000 -1000 -10 0.00199895
Car -1 -1 -10 0.000 1105.287 90.387 1200.000 -1 -1 -1 -1000 -1000 -1000 -10 0.00179009
Car -1 -1 -10 728.655 783.295 1335.628 1186.209 -1 -1 -1 -1000 -1000 -1000 -10 0.00310545
Car -1 -1 -10 0.000 970.740 209.859 1200.000 -1 -1 -1 -1000 -1000 -1000 -10 0.00172611
Car -1 -1 -10 0.000 1103.288 48.968 1200.000 -1 -1 -1 -1000 -1000 -1000 -10 0.00170269
Car -1 -1 -10 0.000 1107.016 125.113 1200.000 -1 -1 -1 -1000 -1000 -1000 -10 0.00168146
Car -1 -1 -10 19.290 1134.723 187.867 1200.000 -1 -1 -1 -1000 -1000 -1000 -10 0.00157947
Car -1 -1 -10 0.000 1083.689 165.728 1200.000 -1 -1 -1 -1000 -1000 -1000 -10 0.00154952
Car -1 -1 -10 41.044 1016.190 138.186 1200.000 -1 -1 -1 -1000 -1000 -1000 -10 0.00148211
Car -1 -1 -10 66.808 648.462 240.921 1192.569 -1 -1 -1 -1000 -1000 -1000 -10 0.00145345
Car -1 -1 -10 98.675 823.550 258.448 1200.000 -1 -1 -1 -1000 -1000 -1000 -10 0.00141106
Car -1 -1 -10 0.000 1060.670 204.946 1200.000 -1 -1 -1 -1000 -1000 -1000 -10 0.00139874
Car -1 -1 -10 0.000 1015.109 425.570 1200.000 -1 -1 -1 -1000 -1000 -1000 -10 0.00137900
Car -1 -1 -10 42.117 857.244 163.183 1200.000 -1 -1 -1 -1000 -1000 -1000 -10 0.00136450
Car -1 -1 -10 74.897 822.038 235.347 1200.000 -1 -1 -1 -1000 -1000 -1000 -10 0.00120893
Car -1 -1 -10 897.411 656.051 1089.893 1191.129 -1 -1 -1 -1000 -1000 -1000 -10 0.00119746
Car -1 -1 -10 36.321 1104.943 293.089 1200.000 -1 -1 -1 -1000 -1000 -1000 -10 0.00116258
Car -1 -1 -10 971.105 589.256 1167.705 1180.693 -1 -1 -1 -1000 -1000 -1000 -10 0.00111985
