Car -1 -1 -10 731.829 452.353 1920.000 1194.898 -1 -1 -1 -1000 -1000 -1000 -10 0.00504090
Car -1 -1 -10 0.000 796.396 463.401 1198.396 -1 -1 -1 -1000 -1000 -1000 -10 0.00659093
Car -1 -1 -10 488.660 467.818 1743.449 1197.179 -1 -1 -1 -1000 -1000 -1000 -10 0.00382044
Car -1 -1 -10 0.685 517.724 507.349 858.761 -1 -1 -1 -1000 -1000 -1000 -10 0.00292891
Car -1 -1 -10 1480.888 347.991 1920.000 1196.204 -1 -1 -1 -1000 -1000 -1000 -10 0.00171498
Car -1 -1 -10 1443.057 490.989 1920.000 854.397 -1 -1 -1 -1000 -1000 -1000 -10 0.00325053
Car -1 -1 -10 0.000 594.367 499.946 1200.000 -1 -1 -1 -1000 -1000 -1000 -10 0.00167173
Car -1 -1 -10 1152.119 542.292 1886.131 1200.000 -1 -1 -1 -1000 -1000 -1000 -10 0.00291845
Car -1 -1 -10 1444.093 630.992 1920.000 1012.626 -1 -1 -1 -1000 -1000 -1000 -10 0.00306870
Car -1 -1 -10 1183.752 443.758 1522.279 1099.285 -1 -1 -1 -1000 -1000 -1000 -10 0.00282756
Car -1 -1 -10 9.795 565.889 646.035 1200.000 -1 -1 -1 -1000 -1000 -1000 -10 0.00275076
Car -1 -1 -10 625.769 1158.881 663.469 1200.000 -1 -1 -1 -1000 -1000 -1000 -10 0.00148579
Car -1 -1 -10 1449.829 499.784 1920.000 1016.282 -1 -1 -1 -1000 -1000 -1000 -10 0.00136554
Car -1 -1 -10 1458.099 334.574 1920.000 708.986 -1 -1 -1 -1000 -1000 -1000 -10 0.00261916
Car -1 -1 -10 1025.491 510.313 1710.538 979.573 -1 -1 -1 -1000 -1000 -1000 -10 0.00228162
Car -1 -1 -10 1369.308 540.476 1906.081 966.647 -1 -1 -1 -1000 -1000 -1000 -10 0.00120679
Car -1 -1 -10 0.000 954.215 306.373 1200.000 -1 -1 -1 -1000 -1000 -1000 -10 0.00229699
Car -1 -1 -10 1404.455 334.691 1912.567 785.378 -1 -1 -1 -1000 -1000 -1000 -10 0.00113029
Car -1 -1 -10 0.000 1107.831 90.708 1200.000 -1 -1 -1 -1000 -1000 -1000 -10 0.00112572
Car -1 -1 -10 1467.303 808.239 1920.000 1200.000 -1 -1 -1 -1000 -1000 -1000 -10 0.00309374
Car -1 -1 -10 0.000 1157.522 35.207 1200.000 -1 -1 -1 -1000 -1000 -1000 -10 0.00106853
Car -1 -1 -10 1512.464 458.210 1916.285 796.723 -1 -1 -1 -1000 -1000 -1000 -10 0.00105215
Car -1 -1 -10 616.853 1128.469 683.630 1200.000 -1 -1 -1 -1000 -1000 -1000 -10 0.00104723
Car -1 -1 -10 661.482 1158.208 698.560 1200.000 -1 -1 -1 -1000 -1000 -1000 -10 0.00103670
Car -1 -1 -10 1551.587 678.757 1917.919 976.858 -1 -1 -1 -1000 -1000 -1000 -10 0.00103566
Car -1 -1 -10 631.453 1157.640 669.097 1200.000 -1 -1 -1 -1000 -1000 -1000 -10 0.00103427
Car -1 -1 -10 69.290 98.526 360.938 1200.000 -1 -1 -1 -1000 -1000 -1000 -10 0.00103310
Car -1 -1 -10 1575.443 608.854 1920.000 853.333 -1 -1 -1 -1000 -1000 -1000 -10 0.00102796
Car -1 -1 -10 0.000 967.104 210.696 1200.000 -1 -1 -1 -1000 -1000 -1000 -10 0.00094924
Car -1 -1 -10 1534.735 537.688 1920.000 819.979 -1 -1 -1 -1000 -1000 -1000 -10 0.00090544
