Car -1 -1 -10 746.485 567.289 871.338 686.511 -1 -1 -1 -1000 -1000 -1000 -10 0.99821751
Car -1 -1 -10 4.725 586.538 152.878 691.757 -1 -1 -1 -1000 -1000 -1000 -10 0.03095127
Car -1 -1 -10 1353.601 8.765 1788.341 383.412 -1 -1 -1 -1000 -1000 -1000 -10 0.01539487
Car -1 -1 -10 1718.720 573.124 1820.154 666.678 -1 -1 -1 -1000 -1000 -1000 -10 0.00516357
Car -1 -1 -10 1400.675 2.437 1765.265 205.243 -1 -1 -1 -1000 -1000 -1000 -10 0.00507863
Car -1 -1 -10 0.000 503.624 181.852 673.746 -1 -1 -1 -1000 -1000 -1000 -10 0.00262959
Car -1 -1 -10 1104.096 0.000 1880.965 505.703 -1 -1 -1 -1000 -1000 -1000 -10 0.00247956
Car -1 -1 -10 1457.486 472.697 1920.000 855.251 -1 -1 -1 -1000 -1000 -1000 -10 0.00241676
Car -1 -1 -10 1485.960 509.183 1920.000 766.472 -1 -1 -1 -1000 -1000 -1000 -10 0.00327718
Car -1 -1 -10 1471.403 515.964 1631.706 608.942 -1 -1 -1 -1000 -1000 -1000 -10 0.00340140
Car -1 -1 -10 200.450 517.490 367.482 610.026 -1 -1 -1 -1000 -1000 -1000 -10 0.00340505
Car -1 -1 -10 0.126 606.684 113.507 709.542 -1 -1 -1 -1000 -1000 -1000 -10 0.00172057
Car -1 -1 -10 1418.221 586.123 1920.000 1198.272 -1 -1 -1 -1000 -1000 -1000 -10 0.00311227
Car -1 -1 -10 1300.125 402.290 1866.823 752.103 -1 -1 -1 -1000 -1000 -1000 -10 0.00150035
Car -1 -1 -10 9.903 521.233 145.309 749.374 -1 -1 -1 -1000 -1000 -1000 -10 0.00254303
Car -1 -1 -10 1560.675 543.662 1874.116 685.707 -1 -1 -1 -1000 -1000 -1000 -10 0.00222677
Car -1 -1 -10 1506.971 542.010 1666.554 634.336 -1 -1 -1 -1000 -1000 -1000 -10 0.00241675
Car -1 -1 -10 1432.402 463.525 1716.891 613.156 -1 -1 -1 -1000 -1000 -1000 -10 0.00241865
Car -1 -1 -10 7.449 595.066 82.706 669.829 -1 -1 -1 -1000 -1000 -1000 -10 0.00122300
Car -1 -1 -10 746.874 1157.859 784.744 1200.000 -1 -1 -1 -1000 -1000 -1000 -10 0.00115807
Car -1 -1 -10 1630.297 568.254 1794.765 657.957 -1 -1 -1 -1000 -1000 -1000 -10 0.00114913
Car -1 -1 -10 1049.363 482.989 1920.000 1191.560 -1 -1 -1 -1000 -1000 -1000 -10 0.00113032
Car -1 -1 -10 11.967 605.628 88.451 681.552 -1 -1 -1 -1000 -1000 -1000 -10 0.00110429
Car -1 -1 -10 1323.446 416.063 1906.033 919.663 -1 -1 -1 -1000 -1000 -1000 -10 0.00108582
Car -1 -1 -10 0.000 830.361 440.616 1200.000 -1 -1 -1 -1000 -1000 -1000 -10 0.00211985
Car -1 -1 -10 1491.501 607.982 1920.000 944.940 -1 -1 -1 -1000 -1000 -1000 -10 0.00099304
Car -1 -1 -10 1599.143 380.333 1875.528 878.253 -1 -1 -1 -1000 -1000 -1000 -10 0.00097214
Car -1 -1 -10 0.000 937.748 321.540 1200.000 -1 -1 -1 -1000 -1000 -1000 -10 0.00091446
