Car -1 -1 -10 0.000 792.182 459.671 1198.618 -1 -1 -1 -1000 -1000 -1000 -10 0.01052235
Car -1 -1 -10 15.914 454.455 524.554 1200.000 -1 -1 -1 -1000 -1000 -1000 -10 0.00179086
Car -1 -1 -10 0.000 506.179 977.892 1199.754 -1 -1 -1 -1000 -1000 -1000 -10 0.00657028
Car -1 -1 -10 3.074 1063.094 292.913 1200.000 -1 -1 -1 -1000 -1000 -1000 -10 0.00288100
Car -1 -1 -10 846.069 945.917 922.672 1015.992 -1 -1 -1 -1000 -1000 -1000 -10 0.00160447
Car -1 -1 -10 0.000 936.714 320.721 1200.000 -1 -1 -1 -1000 -1000 -1000 -10 0.00279481
Car -1 -1 -10 0.000 1021.906 244.475 1200.000 -1 -1 -1 -1000 -1000 -1000 -10 0.00152646
Car -1 -1 -10 5.909 1069.807 170.728 1165.860 -1 -1 -1 -1000 -1000 -1000 -10 0.00275521
Car -1 -1 -10 102.045 562.099 510.332 1189.350 -1 -1 -1 -1000 -1000 -1000 -10 0.00138847
Car -1 -1 -10 43.795 1157.618 80.976 1200.000 -1 -1 -1 -1000 -1000 -1000 -10 0.00237284
Car -1 -1 -10 0.000 1106.413 91.004 1200.000 -1 -1 -1 -1000 -1000 -1000 -10 0.00134574
Car -1 -1 -10 49.753 583.921 257.144 1191.250 -1 -1 -1 -1000 -1000 -1000 -10 0.00128291
Car -1 -1 -10 229.947 654.107 418.701 1194.932 -1 -1 -1 -1000 -1000 -1000 -10 0.00128230
Car -1 -1 -10 67.188 576.235 195.597 1200.000 -1 -1 -1 -1000 -1000 -1000 -10 0.00127296
Car -1 -1 -10 106.548 777.712 731.624 1194.594 -1 -1 -1 -1000 -1000 -1000 -10 0.00121760
Car -1 -1 -10 0.000 1103.752 49.198 1200.000 -1 -1 -1 -1000 -1000 -1000 -10 0.00121019
Car -1 -1 -10 28.808 675.683 273.082 1199.459 -1 -1 -1 -1000 -1000 -1000 -10 0.00121002
Car -1 -1 -10 10.632 1103.421 241.496 1200.000 -1 -1 -1 -1000 -1000 -1000 -10 0.00119778
Car -1 -1 -10 62.674 150.882 361.549 1200.000 -1 -1 -1 -1000 -1000 -1000 -10 0.00118521
Car -1 -1 -10 43.704 339.441 388.285 1200.000 -1 -1 -1 -1000 -1000 -1000 -10 0.00116762
Car -1 -1 -10 0.000 634.679 532.697 1080.427 -1 -1 -1 -1000 -1000 -1000 -10 0.00115298
Car -1 -1 -10 37.517 1124.125 76.611 1200.000 -1 -1 -1 -1000 -1000 -1000 -10 0.00113412
Car -1 -1 -10 249.823 593.732 399.564 1200.000 -1 -1 -1 -1000 -1000 -1000 -10 0.00104858
Car -1 -1 -10 0.000 1110.848 123.476 1200.000 -1 -1 -1 -1000 -1000 -1000 -10 0.00101221
