Car -1 -1 -10 885.995 535.577 1031.398 660.313 -1 -1 -1 -1000 -1000 -1000 -10 0.99971570
Car -1 -1 -10 982.048 542.900 1050.175 617.473 -1 -1 -1 -1000 -1000 -1000 -10 0.28774539
Car -1 -1 -10 813.937 538.332 887.978 602.140 -1 -1 -1 -1000 -1000 -1000 -10 0.00905314
Car -1 -1 -10 893.536 818.834 1532.242 1184.220 -1 -1 -1 -1000 -1000 -1000 -10 0.01361519
Car -1 -1 -10 953.363 533.651 1033.885 607.421 -1 -1 -1 -1000 -1000 -1000 -10 0.00447438
Car -1 -1 -10 141.418 796.759 817.163 1200.000 -1 -1 -1 -1000 -1000 -1000 -10 0.00884900
Car -1 -1 -10 963.362 781.148 1262.886 1195.214 -1 -1 -1 -1000 -1000 -1000 -10 0.00387132
Car -1 -1 -10 574.534 801.191 1167.060 1185.273 -1 -1 -1 -1000 -1000 -1000 -10 0.00415144
Car -1 -1 -10 856.875 526.594 963.581 632.750 -1 -1 -1 -1000 -1000 -1000 -10 0.00209272
Car -1 -1 -10 360.196 840.260 674.468 1197.771 -1 -1 -1 -1000 -1000 -1000 -10 0.00373406
Car -1 -1 -10 822.818 833.308 1311.603 1134.156 -1 -1 -1 -1000 -1000 -1000 -10 0.00189423
Car -1 -1 -10 1599.517 490.111 1751.882 586.672 -1 -1 -1 -1000 -1000 -1000 -10 0.00184746
Car -1 -1 -10 905.875 1102.223 1078.151 1200.000 -1 -1 -1 -1000 -1000 -1000 -10 0.00366545
Car -1 -1 -10 1036.358 782.875 1342.726 1197.566 -1 -1 -1 -1000 -1000 -1000 -10 0.00183942
Car -1 -1 -10 976.672 536.890 1019.101 601.049 -1 -1 -1 -1000 -1000 -1000 -10 0.00183747
Car -1 -1 -10 396.388 1082.067 705.721 1200.000 -1 -1 -1 -1000 -1000 -1000 -10 0.00178138
Car -1 -1 -10 485.207 1101.642 655.089 1200.000 -1 -1 -1 -1000 -1000 -1000 -10 0.00177238
Car -1 -1 -10 308.952 1038.275 740.181 1200.000 -1 -1 -1 -1000 -1000 -1000 -10 0.00176304
Car -1 -1 -10 705.663 1105.030 953.081 1200.000 -1 -1 -1 -1000 -1000 -1000 -10 0.00173229
Car -1 -1 -10 846.923 1082.051 1154.969 1200.000 -1 -1 -1 -1000 -1000 -1000 -10 0.00172300
Car -1 -1 -10 855.512 872.180 1136.578 1200.000 -1 -1 -1 -1000 -1000 -1000 -10 0.00172017
Car -1 -1 -10 595.310 1103.157 840.766 1200.000 -1 -1 -1 -1000 -1000 -1000 -10 0.00171545
Car -1 -1 -10 1015.156 867.970 1479.458 1096.782 -1 -1 -1 -1000 -1000 -1000 -10 0.00165053
Car -1 -1 -10 532.185 1102.290 699.951 1200.000 -1 -1 -1 -1000 -1000 -1000 -10 0.00163759
Car -1 -1 -10 809.358 871.815 1089.114 1200.000 -1 -1 -1 -1000 -1000 -1000 -10 0.00162953
Car -1 -1 -10 472.188 1061.446 619.173 1200.000 -1 -1 -1 -1000 -1000 -1000 -10 0.00158133
Car -1 -1 -10 386.700 1100.785 558.259 1200.000 -1 -1 -1 -1000 -1000 -1000 -10 0.00156110
Car -1 -1 -10 755.408 539.294 836.637 603.580 -1 -1 -1 -1000 -1000 -1000 -10 0.00153901
Car -1 -1 -10 756.262 1011.668 1235.147 1200.000 -1 -1 -1 -1000 -1000 -1000 -10 0.00149559
Car -1 -1 -10 323.586 1083.217 636.532 1200.000 -1 -1 -1 -1000 -1000 -1000 -10 0.00149334
