Car -1 -1 -10 1174.290 594.526 1231.400 645.481 -1 -1 -1 -1000 -1000 -1000 -10 0.24964678
Car -1 -1 -10 890.391 0.667 1486.159 366.786 -1 -1 -1 -1000 -1000 -1000 -10 0.00677689
Car -1 -1 -10 1058.290 8.638 1339.489 425.266 -1 -1 -1 -1000 -1000 -1000 -10 0.00561788
Car -1 -1 -10 0.000 801.654 453.781 1198.673 -1 -1 -1 -1000 -1000 -1000 -10 0.00572513
Car -1 -1 -10 0.000 435.777 502.142 1200.000 -1 -1 -1 -1000 -1000 -1000 -10 0.00128093
Car -1 -1 -10 1158.429 576.108 1249.905 648.401 -1 -1 -1 -1000 -1000 -1000 -10 0.00125325
Car -1 -1 -10 0.000 525.218 836.664 1198.308 -1 -1 -1 -1000 -1000 -1000 -10 0.00428137
Car -1 -1 -10 1145.532 446.989 1624.973 711.807 -1 -1 -1 -1000 -1000 -1000 -10 0.00113193
Car -1 -1 -10 55.078 371.614 382.456 1200.000 -1 -1 -1 -1000 -1000 -1000 -10 0.00108755
Car -1 -1 -10 1064.327 36.880 1215.541 631.493 -1 -1 -1 -1000 -1000 -1000 -10 0.00107034
Car -1 -1 -10 1098.907 50.599 1228.642 529.518 -1 -1 -1 -1000 -1000 -1000 -10 0.00290048
Car -1 -1 -10 18.848 607.801 567.969 1122.346 -1 -1 -1 -1000 -1000 -1000 -10 0.00101625
Car -1 -1 -10 0.000 926.298 228.083 1200.000 -1 -1 -1 -1000 -1000 -1000 -10 0.00096817
Car -1 -1 -10 1102.335 24.049 1390.910 196.713 -1 -1 -1 -1000 -1000 -1000 -10 0.00096134
Car -1 -1 -10 1167.147 37.115 1316.356 139.164 -1 -1 -1 -1000 -1000 -1000 -10 0.00172534
Car -1 -1 -10 1023.080 23.552 1308.550 197.738 -1 -1 -1 -1000 -1000 -1000 -10 0.00089856
Car -1 -1 -10 0.000 939.247 319.428 1200.000 -1 -1 -1 -1000 -1000 -1000 -10 0.00088972
Car -1 -1 -10 1445.959 595.147 1912.096 940.350 -1 -1 -1 -1000 -1000 -1000 -10 0.00088490
Car -1 -1 -10 1134.201 479.708 1595.918 765.810 -1 -1 -1 -1000 -1000 -1000 -10 0.00087242
Car -1 -1 -10 1083.594 37.125 1231.717 139.752 -1 -1 -1 -1000 -1000 -1000 -10 0.00081628
Car -1 -1 -10 1471.989 803.680 1920.000 1200.000 -1 -1 -1 -1000 -1000 -1000 -10 0.00077882
