Car -1 -1 -10 595.111 569.520 700.041 649.323 -1 -1 -1 -1000 -1000 -1000 -10 0.99819382
Car -1 -1 -10 940.431 579.476 992.749 626.948 -1 -1 -1 -1000 -1000 -1000 -10 0.28872820
Car -1 -1 -10 0.000 500.834 886.487 1191.396 -1 -1 -1 -1000 -1000 -1000 -10 0.01230779
Car -1 -1 -10 0.000 775.970 603.733 1200.000 -1 -1 -1 -1000 -1000 -1000 -10 0.00626181
Car -1 -1 -10 499.296 4.265 1123.110 276.936 -1 -1 -1 -1000 -1000 -1000 -10 0.00746886
Car -1 -1 -10 0.000 936.335 237.868 1200.000 -1 -1 -1 -1000 -1000 -1000 -10 0.00297698
Car -1 -1 -10 13.433 982.119 437.198 1200.000 -1 -1 -1 -1000 -1000 -1000 -10 0.00523317
Car -1 -1 -10 0.625 840.023 301.071 1199.388 -1 -1 -1 -1000 -1000 -1000 -10 0.00717603
Car -1 -1 -10 691.293 4.373 1068.352 372.838 -1 -1 -1 -1000 -1000 -1000 -10 0.00273443
Car -1 -1 -10 1.287 517.077 233.012 738.992 -1 -1 -1 -1000 -1000 -1000 -10 0.00592063
Car -1 -1 -10 0.000 658.515 490.469 1200.000 -1 -1 -1 -1000 -1000 -1000 -10 0.00501170
Car -1 -1 -10 666.551 17.917 965.464 957.240 -1 -1 -1 -1000 -1000 -1000 -10 0.00220322
Car -1 -1 -10 1653.141 490.121 1920.000 769.141 -1 -1 -1 -1000 -1000 -1000 -10 0.00219129
Car -1 -1 -10 0.000 543.709 367.233 1200.000 -1 -1 -1 -1000 -1000 -1000 -10 0.00212340
Car -1 -1 -10 1710.652 515.202 1920.000 730.429 -1 -1 -1 -1000 -1000 -1000 -10 0.00210369
Car -1 -1 -10 658.595 0.000 1123.051 181.963 -1 -1 -1 -1000 -1000 -1000 -10 0.00207080
Car -1 -1 -10 783.890 31.567 966.720 516.628 -1 -1 -1 -1000 -1000 -1000 -10 0.00190123
Car -1 -1 -10 321.220 647.992 470.618 1200.000 -1 -1 -1 -1000 -1000 -1000 -10 0.00188873
Car -1 -1 -10 743.498 0.433 996.180 247.812 -1 -1 -1 -1000 -1000 -1000 -10 0.00188867
Car -1 -1 -10 714.480 0.000 1043.283 188.122 -1 -1 -1 -1000 -1000 -1000 -10 0.00188850
Car -1 -1 -10 48.950 692.339 211.179 1194.713 -1 -1 -1 -1000 -1000 -1000 -10 0.00326238
Car -1 -1 -10 1.902 1020.288 281.732 1200.000 -1 -1 -1 -1000 -1000 -1000 -10 0.00353452
Car -1 -1 -10 1747.017 508.427 1920.000 620.426 -1 -1 -1 -1000 -1000 -1000 -10 0.00347266
Car -1 -1 -10 706.682 14.606 975.684 557.266 -1 -1 -1 -1000 -1000 -1000 -10 0.00177331
Car -1 -1 -10 19.674 765.300 147.187 1196.010 -1 -1 -1 -1000 -1000 -1000 -10 0.00177306
Car -1 -1 -10 43.827 764.575 171.042 1200.000 -1 -1 -1 -1000 -1000 -1000 -10 0.00163698
Car -1 -1 -10 192.893 610.543 344.480 710.647 -1 -1 -1 -1000 -1000 -1000 -10 0.00155522
Car -1 -1 -10 7.539 1105.144 262.716 1200.000 -1 -1 -1 -1000 -1000 -1000 -10 0.00154109
Car -1 -1 -10 229.510 762.970 566.299 1187.693 -1 -1 -1 -1000 -1000 -1000 -10 0.00154100
Car -1 -1 -10 243.318 608.867 324.711 684.954 -1 -1 -1 -1000 -1000 -1000 -10 0.00154038
Car -1 -1 -10 229.370 612.895 327.429 699.096 -1 -1 -1 -1000 -1000 -1000 -10 0.00150835
Car -1 -1 -10 34.746 1036.766 493.204 1200.000 -1 -1 -1 -1000 -1000 -1000 -10 0.00148213
Car -1 -1 -10 0.000 867.458 790.760 1200.000 -1 -1 -1 -1000 -1000 -1000 -10 0.00144047
Car -1 -1 -10 251.028 643.435 398.457 1200.000 -1 -1 -1 -1000 -1000 -1000 -10 0.00143051
Car -1 -1 -10 587.568 0.000 1025.612 292.586 -1 -1 -1 -1000 -1000 -1000 -10 0.00141865
Car -1 -1 -10 116.160 846.212 437.542 1200.000 -1 -1 -1 -1000 -1000 -1000 -10 0.00133586
Car -1 -1 -10 66.089 955.957 186.979 1199.123 -1 -1 -1 -1000 -1000 -1000 -10 0.00128392
Car -1 -1 -10 163.407 758.672 291.208 1200.000 -1 -1 -1 -1000 -1000 -1000 -10 0.00128029
Car -1 -1 -10 80.078 708.248 232.512 1200.000 -1 -1 -1 -1000 -1000 -1000 -10 0.00125187
