Car -1 -1 -10 532.770 788.029 1214.845 1200.000 -1 -1 -1 -1000 -1000 -1000 -10 0.00817422
Car -1 -1 -10 275.876 519.178 1397.375 1196.234 -1 -1 -1 -1000 -1000 -1000 -10 0.00816563
Car -1 -1 -10 1351.779 513.688 1501.250 610.734 -1 -1 -1 -1000 -1000 -1000 -10 0.00366116
Car -1 -1 -10 720.660 795.263 1063.404 1196.038 -1 -1 -1 -1000 -1000 -1000 -10 0.00446926
Car -1 -1 -10 419.668 983.842 979.406 1200.000 -1 -1 -1 -1000 -1000 -1000 -10 0.00172868
Car -1 -1 -10 504.561 1011.542 877.222 1191.399 -1 -1 -1 -1000 -1000 -1000 -10 0.00172281
Car -1 -1 -10 554.917 883.582 850.889 1200.000 -1 -1 -1 -1000 -1000 -1000 -10 0.00171465
Car -1 -1 -10 0.000 802.352 456.767 1200.000 -1 -1 -1 -1000 -1000 -1000 -10 0.00570506
Car -1 -1 -10 547.616 1101.296 797.474 1200.000 -1 -1 -1 -1000 -1000 -1000 -10 0.00278882
Car -1 -1 -10 618.210 764.011 747.106 1200.000 -1 -1 -1 -1000 -1000 -1000 -10 0.00137386
Car -1 -1 -10 871.190 646.125 1025.582 1200.000 -1 -1 -1 -1000 -1000 -1000 -10 0.00246848
Car -1 -1 -10 6.544 1096.209 258.961 1200.000 -1 -1 -1 -1000 -1000 -1000 -10 0.00236742
Car -1 -1 -10 546.077 820.641 895.389 1195.817 -1 -1 -1 -1000 -1000 -1000 -10 0.00234431
Car -1 -1 -10 846.114 633.988 1000.827 1198.916 -1 -1 -1 -1000 -1000 -1000 -10 0.00245650
Car -1 -1 -10 472.050 625.671 676.113 1190.266 -1 -1 -1 -1000 -1000 -1000 -10 0.00247310
Car -1 -1 -10 488.651 1034.886 834.240 1195.118 -1 -1 -1 -1000 -1000 -1000 -10 0.00125986
Car -1 -1 -10 18.077 1084.160 77.462 1200.000 -1 -1 -1 -1000 -1000 -1000 -10 0.00231852
Car -1 -1 -10 503.294 1044.760 928.620 1200.000 -1 -1 -1 -1000 -1000 -1000 -10 0.00228341
Car -1 -1 -10 481.660 637.331 1026.146 1200.000 -1 -1 -1 -1000 -1000 -1000 -10 0.00125327
Car -1 -1 -10 360.714 1103.204 608.917 1200.000 -1 -1 -1 -1000 -1000 -1000 -10 0.00209923
Car -1 -1 -10 318.871 1064.039 709.122 1200.000 -1 -1 -1 -1000 -1000 -1000 -10 0.00124699
Car -1 -1 -10 262.017 787.947 874.247 1187.986 -1 -1 -1 -1000 -1000 -1000 -10 0.00229271
Car -1 -1 -10 628.194 808.683 976.487 1196.728 -1 -1 -1 -1000 -1000 -1000 -10 0.00122807
Car -1 -1 -10 593.048 663.163 772.951 1193.384 -1 -1 -1 -1000 -1000 -1000 -10 0.00121621
Car -1 -1 -10 64.024 1118.360 145.996 1200.000 -1 -1 -1 -1000 -1000 -1000 -10 0.00121614
Car -1 -1 -10 552.354 314.707 849.422 1200.000 -1 -1 -1 -1000 -1000 -1000 -10 0.00340097
Car -1 -1 -10 497.615 1127.004 563.423 1200.000 -1 -1 -1 -1000 -1000 -1000 -10 0.00120639
Car -1 -1 -10 37.671 1122.683 77.057 1200.000 -1 -1 -1 -1000 -1000 -1000 -10 0.00120629
Car -1 -1 -10 760.725 247.383 1062.690 1200.000 -1 -1 -1 -1000 -1000 -1000 -10 0.00118203
Car -1 -1 -10 663.167 242.508 968.131 1200.000 -1 -1 -1 -1000 -1000 -1000 -10 0.00118121
Car -1 -1 -10 333.314 1038.974 764.468 1200.000 -1 -1 -1 -1000 -1000 -1000 -10 0.00117087
Car -1 -1 -10 14.535 591.316 205.986 1183.320 -1 -1 -1 -1000 -1000 -1000 -10 0.00116910
Car -1 -1 -10 571.621 748.893 698.422 1200.000 -1 -1 -1 -1000 -1000 -1000 -10 0.00116129
Car -1 -1 -10 1580.140 566.197 1920.000 1200.000 -1 -1 -1 -1000 -1000 -1000 -10 0.00203938
Car -1 -1 -10 166.833 1087.656 224.774 1200.000 -1 -1 -1 -1000 -1000 -1000 -10 0.00111289
Car -1 -1 -10 771.133 825.736 932.713 1200.000 -1 -1 -1 -1000 -1000 -1000 -10 0.00210412
Car -1 -1 -10 775.539 640.413 928.401 1200.000 -1 -1 -1 -1000 -1000 -1000 -10 0.00110145
Car -1 -1 -10 43.193 630.411 219.120 1198.415 -1 -1 -1 -1000 -1000 -1000 -10 0.00109582
Car -1 -1 -10 927.395 660.115 1111.028 1197.613 -1 -1 -1 -1000 -1000 -1000 -10 0.00108660
Car -1 -1 -10 31.780 546.858 706.515 1200.000 -1 -1 -1 -1000 -1000 -1000 -10 0.00203916
Car -1 -1 -10 525.127 1082.410 585.995 1200.000 -1 -1 -1 -1000 -1000 -1000 -10 0.00107792
Car -1 -1 -10 1043.318 489.182 1315.795 637.852 -1 -1 -1 -1000 -1000 -1000 -10 0.00210400
Car -1 -1 -10 175.079 1123.646 214.632 1200.000 -1 -1 -1 -1000 -1000 -1000 -10 0.00107343
Car -1 -1 -10 666.896 758.284 795.304 1200.000 -1 -1 -1 -1000 -1000 -1000 -10 0.00106874
Car -1 -1 -10 524.127 743.772 650.060 1200.000 -1 -1 -1 -1000 -1000 -1000 -10 0.00105806
Car -1 -1 -10 106.493 577.143 300.438 1182.788 -1 -1 -1 -1000 -1000 -1000 -10 0.00202221
Car -1 -1 -10 419.118 1082.183 730.650 1200.000 -1 -1 -1 -1000 -1000 -1000 -10 0.00103965
Car -1 -1 -10 582.582 966.711 1138.214 1200.000 -1 -1 -1 -1000 -1000 -1000 -10 0.00101953
Car -1 -1 -10 1203.189 495.769 1426.613 621.728 -1 -1 -1 -1000 -1000 -1000 -10 0.00097543
Car -1 -1 -10 335.774 986.653 871.133 1200.000 -1 -1 -1 -1000 -1000 -1000 -10 0.00097510
Car -1 -1 -10 651.698 826.075 812.976 1200.000 -1 -1 -1 -1000 -1000 -1000 -10 0.00094687
Car -1 -1 -10 68.088 1087.935 390.611 1200.000 -1 -1 -1 -1000 -1000 -1000 -10 0.00093315
Car -1 -1 -10 163.982 1142.388 215.356 1200.000 -1 -1 -1 -1000 -1000 -1000 -10 0.00092552
Car -1 -1 -10 492.326 1090.365 654.041 1191.093 -1 -1 -1 -1000 -1000 -1000 -10 0.00092297
Car -1 -1 -10 484.410 826.804 643.328 1200.000 -1 -1 -1 -1000 -1000 -1000 -10 0.00090649
Car -1 -1 -10 0.000 816.515 212.109 1195.399 -1 -1 -1 -1000 -1000 -1000 -10 0.00089914
Car -1 -1 -10 456.952 354.367 748.316 1200.000 -1 -1 -1 -1000 -1000 -1000 -10 0.00089670
Car -1 -1 -10 693.753 1034.051 983.541 1190.221 -1 -1 -1 -1000 -1000 -1000 -10 0.00086655
Car -1 -1 -10 1118.688 533.546 1274.047 636.272 -1 -1 -1 -1000 -1000 -1000 -10 0.00085685
