Car -1 -1 -10 251.707 589.150 405.389 690.378 -1 -1 -1 -1000 -1000 -1000 -10 0.99995568
Car -1 -1 -10 771.033 596.426 854.834 668.187 -1 -1 -1 -1000 -1000 -1000 -10 0.97617723
Car -1 -1 -10 611.314 600.190 691.333 661.575 -1 -1 -1 -1000 -1000 -1000 -10 0.29287910
Car -1 -1 -10 680.577 596.135 734.460 644.619 -1 -1 -1 -1000 -1000 -1000 -10 0.14975820
Car -1 -1 -10 553.200 594.476 607.648 641.483 -1 -1 -1 -1000 -1000 -1000 -10 0.06647152
Car -1 -1 -10 1340.502 287.633 1900.320 1024.798 -1 -1 -1 -1000 -1000 -1000 -10 0.02038580
Car -1 -1 -10 1331.795 182.231 1920.000 1200.000 -1 -1 -1 -1000 -1000 -1000 -10 0.03359077
Car -1 -1 -10 555.935 544.680 1656.306 1186.659 -1 -1 -1 -1000 -1000 -1000 -10 0.03075633
Car -1 -1 -10 1295.964 265.712 1920.000 843.734 -1 -1 -1 -1000 -1000 -1000 -10 0.01607306
Car -1 -1 -10 999.945 216.942 1915.288 1200.000 -1 -1 -1 -1000 -1000 -1000 -10 0.01970659
Car -1 -1 -10 1540.400 328.772 1920.000 799.124 -1 -1 -1 -1000 -1000 -1000 -10 0.00696428
Car -1 -1 -10 1476.972 722.921 1920.000 1036.995 -1 -1 -1 -1000 -1000 -1000 -10 0.00801587
Car -1 -1 -10 1538.802 279.130 1920.000 666.412 -1 -1 -1 -1000 -1000 -1000 -10 0.00374372
Car -1 -1 -10 1585.340 795.898 1881.805 978.728 -1 -1 -1 -1000 -1000 -1000 -10 0.00662610
Car -1 -1 -10 1485.147 279.351 1920.000 583.688 -1 -1 -1 -1000 -1000 -1000 -10 0.00354282
Car -1 -1 -10 1348.980 457.248 1890.173 1027.313 -1 -1 -1 -1000 -1000 -1000 -10 0.00286222
