Car -1 -1 -10 509.262 514.480 1834.504 1177.678 -1 -1 -1 -1000 -1000 -1000 -10 0.03252666
Car -1 -1 -10 291.369 508.770 1566.589 1177.899 -1 -1 -1 -1000 -1000 -1000 -10 0.02241420
Car -1 -1 -10 242.100 592.215 334.836 670.292 -1 -1 -1 -1000 -1000 -1000 -10 0.01627008
Car -1 -1 -10 936.178 1069.935 1269.414 1198.943 -1 -1 -1 -1000 -1000 -1000 -10 0.01520841
Car -1 -1 -10 1075.789 1089.000 1237.892 1191.321 -1 -1 -1 -1000 -1000 -1000 -10 0.01953837
Car -1 -1 -10 1405.180 616.462 1920.000 1200.000 -1 -1 -1 -1000 -1000 -1000 -10 0.01055345
Car -1 -1 -10 859.619 1057.248 1121.755 1200.000 -1 -1 -1 -1000 -1000 -1000 -10 0.01115276
Car -1 -1 -10 813.099 1000.884 1359.473 1200.000 -1 -1 -1 -1000 -1000 -1000 -10 0.00523391
Car -1 -1 -10 871.128 1067.288 1198.008 1199.563 -1 -1 -1 -1000 -1000 -1000 -10 0.01017381
Car -1 -1 -10 846.026 898.389 1149.400 1198.929 -1 -1 -1 -1000 -1000 -1000 -10 0.01654149
Car -1 -1 -10 977.994 747.714 1214.000 1200.000 -1 -1 -1 -1000 -1000 -1000 -10 0.00459205
Car -1 -1 -10 962.074 1103.247 1010.375 1200.000 -1 -1 -1 -1000 -1000 -1000 -10 0.00453165
Car -1 -1 -10 968.794 1155.392 1006.264 1200.000 -1 -1 -1 -1000 -1000 -1000 -10 0.00437672
Car -1 -1 -10 1006.355 1097.889 1190.112 1200.000 -1 -1 -1 -1000 -1000 -1000 -10 0.00434816
Car -1 -1 -10 686.457 1036.829 1112.362 1200.000 -1 -1 -1 -1000 -1000 -1000 -10 0.01151960
Car -1 -1 -10 687.569 953.391 1328.192 1200.000 -1 -1 -1 -1000 -1000 -1000 -10 0.00775316
Car -1 -1 -10 1221.121 1156.333 1258.405 1200.000 -1 -1 -1 -1000 -1000 -1000 -10 0.00419483
Car -1 -1 -10 941.222 1085.802 1105.505 1190.681 -1 -1 -1 -1000 -1000 -1000 -10 0.00416567
Car -1 -1 -10 701.074 847.601 1047.979 1194.210 -1 -1 -1 -1000 -1000 -1000 -10 0.00741315
Car -1 -1 -10 999.591 1081.391 1323.498 1200.000 -1 -1 -1 -1000 -1000 -1000 -10 0.00775219
Car -1 -1 -10 1240.926 1061.461 1548.786 1191.134 -1 -1 -1 -1000 -1000 -1000 -10 0.00397043
Car -1 -1 -10 679.891 814.316 1335.196 1200.000 -1 -1 -1 -1000 -1000 -1000 -10 0.00717737
Car -1 -1 -10 816.252 673.363 1334.526 1200.000 -1 -1 -1 -1000 -1000 -1000 -10 0.00387142
Car -1 -1 -10 967.674 1086.139 1129.447 1190.396 -1 -1 -1 -1000 -1000 -1000 -10 0.00385647
Car -1 -1 -10 947.212 1117.130 1025.458 1200.000 -1 -1 -1 -1000 -1000 -1000 -10 0.00378399
Car -1 -1 -10 999.980 814.177 1183.244 1198.204 -1 -1 -1 -1000 -1000 -1000 -10 0.00378101
Car -1 -1 -10 935.068 692.845 1106.055 1196.184 -1 -1 -1 -1000 -1000 -1000 -10 0.00366771
Car -1 -1 -10 967.648 1123.044 1006.457 1200.000 -1 -1 -1 -1000 -1000 -1000 -10 0.00361502
Car -1 -1 -10 1141.147 1091.220 1300.388 1189.177 -1 -1 -1 -1000 -1000 -1000 -10 0.00653263
Car -1 -1 -10 1187.813 1056.616 1596.753 1200.000 -1 -1 -1 -1000 -1000 -1000 -10 0.00342067
Car -1 -1 -10 882.890 1142.550 935.425 1200.000 -1 -1 -1 -1000 -1000 -1000 -10 0.00341390
Car -1 -1 -10 747.318 894.035 1044.274 1200.000 -1 -1 -1 -1000 -1000 -1000 -10 0.00339818
Car -1 -1 -10 949.399 1060.559 1101.938 1200.000 -1 -1 -1 -1000 -1000 -1000 -10 0.00330512
Car -1 -1 -10 0.000 795.144 461.806 1198.506 -1 -1 -1 -1000 -1000 -1000 -10 0.00619792
Car -1 -1 -10 934.242 1097.937 1118.366 1200.000 -1 -1 -1 -1000 -1000 -1000 -10 0.00327772
Car -1 -1 -10 879.312 1098.241 1051.953 1200.000 -1 -1 -1 -1000 -1000 -1000 -10 0.00323296
Car -1 -1 -10 785.819 956.254 1014.572 1200.000 -1 -1 -1 -1000 -1000 -1000 -10 0.00322194
Car -1 -1 -10 1076.724 1080.972 1136.876 1200.000 -1 -1 -1 -1000 -1000 -1000 -10 0.00318033
Car -1 -1 -10 908.235 649.827 1164.330 1200.000 -1 -1 -1 -1000 -1000 -1000 -10 0.00315917
Car -1 -1 -10 950.957 718.141 1186.675 1197.384 -1 -1 -1 -1000 -1000 -1000 -10 0.00314543
Car -1 -1 -10 939.208 1066.080 1093.532 1167.249 -1 -1 -1 -1000 -1000 -1000 -10 0.00312948
Car -1 -1 -10 921.645 1019.546 1412.075 1200.000 -1 -1 -1 -1000 -1000 -1000 -10 0.00308662
Car -1 -1 -10 258.268 574.862 402.205 657.464 -1 -1 -1 -1000 -1000 -1000 -10 0.00302897
Car -1 -1 -10 560.571 1054.304 959.574 1200.000 -1 -1 -1 -1000 -1000 -1000 -10 0.00291934
Car -1 -1 -10 1006.428 1087.336 1169.969 1190.977 -1 -1 -1 -1000 -1000 -1000 -10 0.00280723
Car -1 -1 -10 787.050 791.919 1453.349 1200.000 -1 -1 -1 -1000 -1000 -1000 -10 0.00277310
