Car -1 -1 -10 707.661 577.315 838.584 692.617 -1 -1 -1 -1000 -1000 -1000 -10 0.99995521
Car -1 -1 -10 380.383 558.918 570.059 718.851 -1 -1 -1 -1000 -1000 -1000 -10 0.93842950
Car -1 -1 -10 903.847 585.528 985.496 650.658 -1 -1 -1 -1000 -1000 -1000 -10 0.99366032
Car -1 -1 -10 1186.284 533.799 1348.300 631.213 -1 -1 -1 -1000 -1000 -1000 -10 0.02795710
Car -1 -1 -10 1152.113 523.551 1390.192 646.853 -1 -1 -1 -1000 -1000 -1000 -10 0.00886678
Car -1 -1 -10 378.387 562.152 502.777 673.995 -1 -1 -1 -1000 -1000 -1000 -10 0.00312274
Car -1 -1 -10 0.000 803.768 454.793 1200.000 -1 -1 -1 -1000 -1000 -1000 -10 0.00405510
Car -1 -1 -10 668.326 465.723 866.574 785.060 -1 -1 -1 -1000 -1000 -1000 -10 0.00223094
Car -1 -1 -10 701.950 380.113 844.588 813.599 -1 -1 -1 -1000 -1000 -1000 -10 0.00204963
Car -1 -1 -10 447.322 561.536 564.878 677.718 -1 -1 -1 -1000 -1000 -1000 -10 0.00200852
Car -1 -1 -10 795.606 584.584 865.458 652.672 -1 -1 -1 -1000 -1000 -1000 -10 0.00095214
Car -1 -1 -10 1180.530 529.697 1427.623 686.030 -1 -1 -1 -1000 -1000 -1000 -10 0.00179320
Car -1 -1 -10 457.720 579.894 654.564 1178.728 -1 -1 -1 -1000 -1000 -1000 -10 0.00223676
Car -1 -1 -10 358.402 575.859 467.192 684.611 -1 -1 -1 -1000 -1000 -1000 -10 0.00165273
Car -1 -1 -10 719.737 371.989 809.923 871.190 -1 -1 -1 -1000 -1000 -1000 -10 0.00082967
Car -1 -1 -10 360.411 675.036 600.066 1200.000 -1 -1 -1 -1000 -1000 -1000 -10 0.00149881
Car -1 -1 -10 1129.372 539.990 1285.361 634.968 -1 -1 -1 -1000 -1000 -1000 -10 0.00145805
Car -1 -1 -10 1575.756 574.995 1920.000 1200.000 -1 -1 -1 -1000 -1000 -1000 -10 0.00145008
Car -1 -1 -10 1117.917 528.089 1435.279 732.043 -1 -1 -1 -1000 -1000 -1000 -10 0.00147690
Car -1 -1 -10 803.115 589.591 853.842 649.614 -1 -1 -1 -1000 -1000 -1000 -10 0.00077223
Car -1 -1 -10 737.833 376.148 828.645 869.219 -1 -1 -1 -1000 -1000 -1000 -10 0.00074031
Car -1 -1 -10 1759.573 539.249 1919.194 635.757 -1 -1 -1 -1000 -1000 -1000 -10 0.00135028
Car -1 -1 -10 500.422 1155.623 539.270 1200.000 -1 -1 -1 -1000 -1000 -1000 -10 0.00070542
Car -1 -1 -10 747.219 488.654 799.242 787.404 -1 -1 -1 -1000 -1000 -1000 -10 0.00068919
Car -1 -1 -10 249.924 583.296 446.846 1179.781 -1 -1 -1 -1000 -1000 -1000 -10 0.00068576
Car -1 -1 -10 913.686 512.688 971.842 710.052 -1 -1 -1 -1000 -1000 -1000 -10 0.00132744
Car -1 -1 -10 736.682 503.969 791.112 782.319 -1 -1 -1 -1000 -1000 -1000 -10 0.00067812
Car -1 -1 -10 341.062 1066.016 731.883 1200.000 -1 -1 -1 -1000 -1000 -1000 -10 0.00067351
Car -1 -1 -10 1186.797 541.572 1295.301 621.483 -1 -1 -1 -1000 -1000 -1000 -10 0.00067237
Car -1 -1 -10 510.541 1157.035 549.527 1200.000 -1 -1 -1 -1000 -1000 -1000 -10 0.00066961
Car -1 -1 -10 756.144 504.437 811.032 780.115 -1 -1 -1 -1000 -1000 -1000 -10 0.00066781
Car -1 -1 -10 1622.140 488.712 1920.000 862.003 -1 -1 -1 -1000 -1000 -1000 -10 0.00066736
Car -1 -1 -10 518.017 1157.706 556.700 1200.000 -1 -1 -1 -1000 -1000 -1000 -10 0.00063464
Car -1 -1 -10 504.441 667.511 742.060 1198.599 -1 -1 -1 -1000 -1000 -1000 -10 0.00125677
Car -1 -1 -10 1247.245 545.145 1378.415 671.988 -1 -1 -1 -1000 -1000 -1000 -10 0.00063246
Car -1 -1 -10 486.608 1158.168 525.169 1200.000 -1 -1 -1 -1000 -1000 -1000 -10 0.00061873
Car -1 -1 -10 1214.314 542.459 1298.398 616.967 -1 -1 -1 -1000 -1000 -1000 -10 0.00060828
Car -1 -1 -10 1233.833 519.908 1400.566 614.552 -1 -1 -1 -1000 -1000 -1000 -10 0.00058157
Car -1 -1 -10 1477.286 803.826 1920.000 1200.000 -1 -1 -1 -1000 -1000 -1000 -10 0.00057432
Car -1 -1 -10 1199.317 545.618 1335.020 670.090 -1 -1 -1 -1000 -1000 -1000 -10 0.00057116
