Car -1 -1 -10 592.965 512.393 782.529 689.954 -1 -1 -1 -1000 -1000 -1000 -10 0.99111094
Car -1 -1 -10 825.831 558.670 886.894 611.987 -1 -1 -1 -1000 -1000 -1000 -10 0.77623239
Car -1 -1 -10 1392.937 367.446 1910.689 990.339 -1 -1 -1 -1000 -1000 -1000 -10 0.36058117
Car -1 -1 -10 857.772 561.927 912.455 609.744 -1 -1 -1 -1000 -1000 -1000 -10 0.08426681
Car -1 -1 -10 455.129 575.923 539.977 634.454 -1 -1 -1 -1000 -1000 -1000 -10 0.04950295
Car -1 -1 -10 872.818 560.715 917.893 605.273 -1 -1 -1 -1000 -1000 -1000 -10 0.01210576
Car -1 -1 -10 594.935 504.986 1839.815 1198.259 -1 -1 -1 -1000 -1000 -1000 -10 0.01806976
Car -1 -1 -10 1563.555 368.060 1919.451 777.053 -1 -1 -1 -1000 -1000 -1000 -10 0.01410226
Car -1 -1 -10 887.867 562.396 926.720 604.731 -1 -1 -1 -1000 -1000 -1000 -10 0.01143468
Car -1 -1 -10 1576.427 474.184 1920.000 1147.641 -1 -1 -1 -1000 -1000 -1000 -10 0.00753684
Car -1 -1 -10 1559.743 578.569 1920.000 1073.183 -1 -1 -1 -1000 -1000 -1000 -10 0.00357894
