Car -1 -1 -10 1060.591 555.435 1331.869 743.518 -1 -1 -1 -1000 -1000 -1000 -10 0.96025728
Car -1 -1 -10 34.615 519.813 1271.426 1192.862 -1 -1 -1 -1000 -1000 -1000 -10 0.06212721
Car -1 -1 -10 2.554 679.386 746.770 1178.257 -1 -1 -1 -1000 -1000 -1000 -10 0.01540023
Car -1 -1 -10 344.682 776.957 1038.983 1200.000 -1 -1 -1 -1000 -1000 -1000 -10 0.00357149
Car -1 -1 -10 694.675 774.411 1293.182 1189.938 -1 -1 -1 -1000 -1000 -1000 -10 0.00351105
Car -1 -1 -10 262.081 814.476 912.954 1187.305 -1 -1 -1 -1000 -1000 -1000 -10 0.00323260
Car -1 -1 -10 315.030 692.255 1065.950 1169.348 -1 -1 -1 -1000 -1000 -1000 -10 0.00611192
Car -1 -1 -10 1159.156 538.629 1320.325 639.937 -1 -1 -1 -1000 -1000 -1000 -10 0.00789922
Car -1 -1 -10 909.743 1054.152 1323.245 1200.000 -1 -1 -1 -1000 -1000 -1000 -10 0.01070566
Car -1 -1 -10 472.485 238.234 772.500 1199.755 -1 -1 -1 -1000 -1000 -1000 -10 0.00742671
Car -1 -1 -10 1057.783 664.690 1222.628 1191.405 -1 -1 -1 -1000 -1000 -1000 -10 0.00737700
Car -1 -1 -10 1165.196 716.886 1920.000 1200.000 -1 -1 -1 -1000 -1000 -1000 -10 0.00261692
Car -1 -1 -10 1070.362 1091.385 1237.186 1189.914 -1 -1 -1 -1000 -1000 -1000 -10 0.00257014
Car -1 -1 -10 485.369 677.557 702.161 1186.016 -1 -1 -1 -1000 -1000 -1000 -10 0.00251512
Car -1 -1 -10 768.130 809.855 1400.525 1194.751 -1 -1 -1 -1000 -1000 -1000 -10 0.00246834
Car -1 -1 -10 956.527 678.526 1172.214 1185.153 -1 -1 -1 -1000 -1000 -1000 -10 0.00245619
Car -1 -1 -10 1031.636 1089.128 1195.841 1189.559 -1 -1 -1 -1000 -1000 -1000 -10 0.00242078
Car -1 -1 -10 122.707 856.226 1002.369 1200.000 -1 -1 -1 -1000 -1000 -1000 -10 0.00240240
Car -1 -1 -10 420.653 761.899 755.688 1186.536 -1 -1 -1 -1000 -1000 -1000 -10 0.00238233
Car -1 -1 -10 252.298 691.018 489.676 1194.425 -1 -1 -1 -1000 -1000 -1000 -10 0.00234920
Car -1 -1 -10 1016.966 1102.154 1273.414 1200.000 -1 -1 -1 -1000 -1000 -1000 -10 0.00439555
Car -1 -1 -10 469.570 502.123 728.517 1200.000 -1 -1 -1 -1000 -1000 -1000 -10 0.00227996
Car -1 -1 -10 277.990 233.857 580.954 1199.557 -1 -1 -1 -1000 -1000 -1000 -10 0.00214997
Car -1 -1 -10 408.367 909.119 762.226 1191.032 -1 -1 -1 -1000 -1000 -1000 -10 0.00210594
Car -1 -1 -10 809.064 942.621 1437.431 1200.000 -1 -1 -1 -1000 -1000 -1000 -10 0.00209843
Car -1 -1 -10 161.112 681.822 402.191 1195.732 -1 -1 -1 -1000 -1000 -1000 -10 0.00209040
Car -1 -1 -10 822.052 649.531 1332.150 1200.000 -1 -1 -1 -1000 -1000 -1000 -10 0.00203047
Car -1 -1 -10 563.641 654.312 710.789 1200.000 -1 -1 -1 -1000 -1000 -1000 -10 0.00199789
Car -1 -1 -10 171.245 509.481 541.866 1200.000 -1 -1 -1 -1000 -1000 -1000 -10 0.00196972
Car -1 -1 -10 304.281 893.582 867.913 1192.447 -1 -1 -1 -1000 -1000 -1000 -10 0.00196443
Car -1 -1 -10 1029.536 539.444 1920.000 1200.000 -1 -1 -1 -1000 -1000 -1000 -10 0.00193250
