Car -1 -1 -10 458.027 499.127 1464.210 1193.692 -1 -1 -1 -1000 -1000 -1000 -10 0.33999749
Car -1 -1 -10 99.129 624.707 306.927 743.362 -1 -1 -1 -1000 -1000 -1000 -10 0.08469839
Car -1 -1 -10 11.406 636.984 171.684 730.353 -1 -1 -1 -1000 -1000 -1000 -10 0.06706828
Car -1 -1 -10 1372.799 294.654 1920.000 1178.220 -1 -1 -1 -1000 -1000 -1000 -10 0.11215344
Car -1 -1 -10 259.251 520.674 981.272 1001.140 -1 -1 -1 -1000 -1000 -1000 -10 0.05663228
Car -1 -1 -10 0.000 555.604 955.984 1178.258 -1 -1 -1 -1000 -1000 -1000 -10 0.04547258
Car -1 -1 -10 29.854 633.287 197.538 734.449 -1 -1 -1 -1000 -1000 -1000 -10 0.01212538
Car -1 -1 -10 9.951 622.491 221.125 740.548 -1 -1 -1 -1000 -1000 -1000 -10 0.01168182
Car -1 -1 -10 80.632 636.201 247.594 733.890 -1 -1 -1 -1000 -1000 -1000 -10 0.02181972
Car -1 -1 -10 889.625 518.577 1287.478 1200.000 -1 -1 -1 -1000 -1000 -1000 -10 0.01483277
Car -1 -1 -10 337.676 553.834 895.495 965.311 -1 -1 -1 -1000 -1000 -1000 -10 0.01095730
Car -1 -1 -10 660.397 531.945 1314.123 992.440 -1 -1 -1 -1000 -1000 -1000 -10 0.01446700
Car -1 -1 -10 24.246 786.387 605.646 1191.230 -1 -1 -1 -1000 -1000 -1000 -10 0.01768243
Car -1 -1 -10 742.042 658.555 1292.907 1199.885 -1 -1 -1 -1000 -1000 -1000 -10 0.00480049
Car -1 -1 -10 658.124 765.065 1331.392 1200.000 -1 -1 -1 -1000 -1000 -1000 -10 0.00924000
Car -1 -1 -10 2.827 683.778 520.199 1197.205 -1 -1 -1 -1000 -1000 -1000 -10 0.00449282
Car -1 -1 -10 324.045 640.136 877.127 1200.000 -1 -1 -1 -1000 -1000 -1000 -10 0.00417643
Car -1 -1 -10 275.227 694.025 972.429 1196.485 -1 -1 -1 -1000 -1000 -1000 -10 0.00405426
Car -1 -1 -10 819.589 916.777 1284.248 1147.186 -1 -1 -1 -1000 -1000 -1000 -10 0.00378798
