Car -1 -1 -10 182.313 635.735 411.077 759.291 -1 -1 -1 -1000 -1000 -1000 -10 0.99980168
Car -1 -1 -10 635.746 476.115 1343.774 821.311 -1 -1 -1 -1000 -1000 -1000 -10 0.55293947
Car -1 -1 -10 797.088 458.067 1238.384 714.937 -1 -1 -1 -1000 -1000 -1000 -10 0.01274286
Car -1 -1 -10 1168.342 515.752 1606.914 814.136 -1 -1 -1 -1000 -1000 -1000 -10 0.01141580
Car -1 -1 -10 922.973 449.681 1538.086 821.680 -1 -1 -1 -1000 -1000 -1000 -10 0.00966130
Car -1 -1 -10 0.000 599.326 516.736 1200.000 -1 -1 -1 -1000 -1000 -1000 -10 0.01011912
Car -1 -1 -10 1218.976 461.602 1643.535 875.337 -1 -1 -1 -1000 -1000 -1000 -10 0.00790132
Car -1 -1 -10 1085.386 519.368 1544.777 810.679 -1 -1 -1 -1000 -1000 -1000 -10 0.00621901
Car -1 -1 -10 0.000 810.871 366.439 1196.609 -1 -1 -1 -1000 -1000 -1000 -10 0.00322307
Car -1 -1 -10 1243.523 548.891 1528.376 724.468 -1 -1 -1 -1000 -1000 -1000 -10 0.00529996
Car -1 -1 -10 0.000 788.340 472.188 1199.360 -1 -1 -1 -1000 -1000 -1000 -10 0.00271902
Car -1 -1 -10 1204.867 438.821 1555.337 1046.730 -1 -1 -1 -1000 -1000 -1000 -10 0.00271457
Car -1 -1 -10 1265.126 651.313 1439.178 818.169 -1 -1 -1 -1000 -1000 -1000 -10 0.00248309
Car -1 -1 -10 1199.570 621.877 1517.658 835.575 -1 -1 -1 -1000 -1000 -1000 -10 0.00232488
Car -1 -1 -10 1247.856 647.966 1512.745 822.891 -1 -1 -1 -1000 -1000 -1000 -10 0.00220687
Car -1 -1 -10 1189.868 655.081 1452.740 821.524 -1 -1 -1 -1000 -1000 -1000 -10 0.00392891
Car -1 -1 -10 1188.689 409.172 1401.596 826.027 -1 -1 -1 -1000 -1000 -1000 -10 0.00198274
Car -1 -1 -10 881.767 545.712 1288.086 795.457 -1 -1 -1 -1000 -1000 -1000 -10 0.00167385
Car -1 -1 -10 0.000 800.467 214.085 1193.405 -1 -1 -1 -1000 -1000 -1000 -10 0.00163738
Car -1 -1 -10 969.002 291.774 1115.125 1085.598 -1 -1 -1 -1000 -1000 -1000 -10 0.00162002
