Car -1 -1 -10 707.639 598.806 761.611 646.709 -1 -1 -1 -1000 -1000 -1000 -10 0.23320430
Car -1 -1 -10 0.000 798.055 459.498 1198.805 -1 -1 -1 -1000 -1000 -1000 -10 0.00567461
Car -1 -1 -10 1467.664 805.468 1920.000 1200.000 -1 -1 -1 -1000 -1000 -1000 -10 0.00442805
Car -1 -1 -10 0.000 505.060 892.626 1191.485 -1 -1 -1 -1000 -1000 -1000 -10 0.00411697
Car -1 -1 -10 302.823 1027.039 760.345 1200.000 -1 -1 -1 -1000 -1000 -1000 -10 0.00189579
Car -1 -1 -10 1587.040 646.711 1911.905 1003.624 -1 -1 -1 -1000 -1000 -1000 -10 0.00104038
Car -1 -1 -10 16.714 723.229 238.635 1200.000 -1 -1 -1 -1000 -1000 -1000 -10 0.00103428
Car -1 -1 -10 1607.933 540.431 1904.411 1123.877 -1 -1 -1 -1000 -1000 -1000 -10 0.00269823
Car -1 -1 -10 351.636 1084.890 668.648 1200.000 -1 -1 -1 -1000 -1000 -1000 -10 0.00167275
Car -1 -1 -10 344.104 632.900 518.719 1192.810 -1 -1 -1 -1000 -1000 -1000 -10 0.00170675
Car -1 -1 -10 417.126 689.462 655.864 1198.469 -1 -1 -1 -1000 -1000 -1000 -10 0.00092759
Car -1 -1 -10 7.947 624.472 592.581 1096.488 -1 -1 -1 -1000 -1000 -1000 -10 0.00157527
Car -1 -1 -10 445.765 1157.059 485.124 1200.000 -1 -1 -1 -1000 -1000 -1000 -10 0.00089160
Car -1 -1 -10 274.849 585.545 467.384 1180.899 -1 -1 -1 -1000 -1000 -1000 -10 0.00162484
Car -1 -1 -10 562.754 1105.425 811.050 1200.000 -1 -1 -1 -1000 -1000 -1000 -10 0.00087151
Car -1 -1 -10 575.112 1116.211 655.568 1200.000 -1 -1 -1 -1000 -1000 -1000 -10 0.00160804
Car -1 -1 -10 0.000 802.120 212.093 1194.961 -1 -1 -1 -1000 -1000 -1000 -10 0.00085170
Car -1 -1 -10 1153.678 1158.964 1191.351 1200.000 -1 -1 -1 -1000 -1000 -1000 -10 0.00084094
Car -1 -1 -10 307.938 1105.736 559.868 1200.000 -1 -1 -1 -1000 -1000 -1000 -10 0.00083969
Car -1 -1 -10 1476.538 610.826 1919.803 955.138 -1 -1 -1 -1000 -1000 -1000 -10 0.00083486
Car -1 -1 -10 436.021 825.493 595.571 1200.000 -1 -1 -1 -1000 -1000 -1000 -10 0.00083280
Car -1 -1 -10 287.366 826.190 598.167 1199.331 -1 -1 -1 -1000 -1000 -1000 -10 0.00082125
Car -1 -1 -10 525.221 631.693 698.394 1192.959 -1 -1 -1 -1000 -1000 -1000 -10 0.00082112
Car -1 -1 -10 394.750 1138.246 501.492 1200.000 -1 -1 -1 -1000 -1000 -1000 -10 0.00080447
Car -1 -1 -10 595.624 1157.637 632.995 1200.000 -1 -1 -1 -1000 -1000 -1000 -10 0.00080405
Car -1 -1 -10 369.652 586.685 565.501 1182.171 -1 -1 -1 -1000 -1000 -1000 -10 0.00079490
Car -1 -1 -10 417.364 1089.416 475.674 1200.000 -1 -1 -1 -1000 -1000 -1000 -10 0.00077586
Car -1 -1 -10 65.930 349.974 365.709 1200.000 -1 -1 -1 -1000 -1000 -1000 -10 0.00151217
Car -1 -1 -10 1682.981 659.673 1920.000 991.936 -1 -1 -1 -1000 -1000 -1000 -10 0.00077144
Car -1 -1 -10 10.367 387.583 363.876 751.581 -1 -1 -1 -1000 -1000 -1000 -10 0.00076910
Car -1 -1 -10 2.668 1063.910 332.156 1200.000 -1 -1 -1 -1000 -1000 -1000 -10 0.00076691
Car -1 -1 -10 402.599 736.427 530.233 1200.000 -1 -1 -1 -1000 -1000 -1000 -10 0.00076607
Car -1 -1 -10 490.460 1127.840 557.285 1200.000 -1 -1 -1 -1000 -1000 -1000 -10 0.00075290
Car -1 -1 -10 657.053 1157.725 694.481 1200.000 -1 -1 -1 -1000 -1000 -1000 -10 0.00075212
Car -1 -1 -10 339.619 817.095 499.347 1200.000 -1 -1 -1 -1000 -1000 -1000 -10 0.00075089
Car -1 -1 -10 247.072 1070.013 646.393 1200.000 -1 -1 -1 -1000 -1000 -1000 -10 0.00074594
Car -1 -1 -10 504.704 1157.234 543.518 1200.000 -1 -1 -1 -1000 -1000 -1000 -10 0.00074357
Car -1 -1 -10 398.693 936.889 629.440 1200.000 -1 -1 -1 -1000 -1000 -1000 -10 0.00074260
Car -1 -1 -10 648.570 1127.903 714.859 1200.000 -1 -1 -1 -1000 -1000 -1000 -10 0.00073952
Car -1 -1 -10 479.879 1075.525 611.654 1200.000 -1 -1 -1 -1000 -1000 -1000 -10 0.00073309
Car -1 -1 -10 427.420 1157.106 465.950 1200.000 -1 -1 -1 -1000 -1000 -1000 -10 0.00072386
Car -1 -1 -10 1603.776 936.766 1920.000 1200.000 -1 -1 -1 -1000 -1000 -1000 -10 0.00072342
Car -1 -1 -10 1177.541 1160.228 1215.139 1200.000 -1 -1 -1 -1000 -1000 -1000 -10 0.00072254
Car -1 -1 -10 467.192 591.613 660.435 1180.686 -1 -1 -1 -1000 -1000 -1000 -10 0.00072079
Car -1 -1 -10 241.594 1108.927 494.364 1200.000 -1 -1 -1 -1000 -1000 -1000 -10 0.00071903
Car -1 -1 -10 195.338 1066.278 587.899 1200.000 -1 -1 -1 -1000 -1000 -1000 -10 0.00071495
Car -1 -1 -10 10.995 312.304 475.374 822.064 -1 -1 -1 -1000 -1000 -1000 -10 0.00071292
Car -1 -1 -10 601.596 1156.431 639.487 1200.000 -1 -1 -1 -1000 -1000 -1000 -10 0.00068762
Car -1 -1 -10 1711.206 966.213 1920.000 1200.000 -1 -1 -1 -1000 -1000 -1000 -10 0.00068703
Car -1 -1 -10 314.545 790.264 665.449 1200.000 -1 -1 -1 -1000 -1000 -1000 -10 0.00068436
Car -1 -1 -10 440.880 1088.254 499.764 1200.000 -1 -1 -1 -1000 -1000 -1000 -10 0.00067532
Car -1 -1 -10 521.117 1105.673 771.740 1200.000 -1 -1 -1 -1000 -1000 -1000 -10 0.00067068
Car -1 -1 -10 536.168 1087.052 596.046 1200.000 -1 -1 -1 -1000 -1000 -1000 -10 0.00065689
