Car -1 -1 -10 1166.413 563.118 1692.949 780.052 -1 -1 -1 -1000 -1000 -1000 -10 0.83850746
Car -1 -1 -10 163.972 577.867 404.922 701.238 -1 -1 -1 -1000 -1000 -1000 -10 0.13968894
Car -1 -1 -10 72.610 571.834 355.019 726.859 -1 -1 -1 -1000 -1000 -1000 -10 0.07570750
Car -1 -1 -10 324.244 594.872 512.329 679.388 -1 -1 -1 -1000 -1000 -1000 -10 0.04103021
Car -1 -1 -10 304.516 593.610 474.610 678.768 -1 -1 -1 -1000 -1000 -1000 -10 0.03091754
Car -1 -1 -10 1387.795 579.512 1775.314 783.632 -1 -1 -1 -1000 -1000 -1000 -10 0.02343190
Car -1 -1 -10 1120.097 574.309 1449.867 762.678 -1 -1 -1 -1000 -1000 -1000 -10 0.02381165
Car -1 -1 -10 1187.326 588.201 1779.061 921.317 -1 -1 -1 -1000 -1000 -1000 -10 0.01331727
Car -1 -1 -10 205.531 588.825 392.304 686.519 -1 -1 -1 -1000 -1000 -1000 -10 0.00795763
Car -1 -1 -10 263.799 592.002 420.326 687.187 -1 -1 -1 -1000 -1000 -1000 -10 0.01278219
Car -1 -1 -10 1419.327 583.923 1743.278 757.502 -1 -1 -1 -1000 -1000 -1000 -10 0.00889075
Car -1 -1 -10 0.000 600.439 142.268 780.384 -1 -1 -1 -1000 -1000 -1000 -10 0.00767032
Car -1 -1 -10 0.000 537.108 1065.877 1190.455 -1 -1 -1 -1000 -1000 -1000 -10 0.00692058
Car -1 -1 -10 1091.431 597.292 1882.866 1089.921 -1 -1 -1 -1000 -1000 -1000 -10 0.00360547
Car -1 -1 -10 540.527 1.859 972.022 294.835 -1 -1 -1 -1000 -1000 -1000 -10 0.00322913
Car -1 -1 -10 366.660 597.403 543.833 677.650 -1 -1 -1 -1000 -1000 -1000 -10 0.00313410
