Car -1 -1 -10 545.421 153.316 1911.757 1200.000 -1 -1 -1 -1000 -1000 -1000 -10 0.00521169
Car -1 -1 -10 1340.970 465.161 1786.985 698.159 -1 -1 -1 -1000 -1000 -1000 -10 0.00518004
Car -1 -1 -10 193.003 487.740 1490.151 1199.846 -1 -1 -1 -1000 -1000 -1000 -10 0.00452041
Car -1 -1 -10 1179.597 457.209 1660.063 717.153 -1 -1 -1 -1000 -1000 -1000 -10 0.00215747
Car -1 -1 -10 436.454 487.107 1718.515 1198.242 -1 -1 -1 -1000 -1000 -1000 -10 0.00387020
Car -1 -1 -10 1235.570 286.738 1838.281 651.502 -1 -1 -1 -1000 -1000 -1000 -10 0.00337116
Car -1 -1 -10 1428.561 309.080 1919.838 687.595 -1 -1 -1 -1000 -1000 -1000 -10 0.00295457
Car -1 -1 -10 1279.773 535.146 1916.644 964.581 -1 -1 -1 -1000 -1000 -1000 -10 0.00482161
Car -1 -1 -10 1329.229 489.823 1805.293 759.741 -1 -1 -1 -1000 -1000 -1000 -10 0.00185943
Car -1 -1 -10 24.000 70.576 308.030 1189.698 -1 -1 -1 -1000 -1000 -1000 -10 0.00344705
Car -1 -1 -10 0.000 285.753 515.310 646.888 -1 -1 -1 -1000 -1000 -1000 -10 0.00163133
Car -1 -1 -10 1237.773 362.030 1887.094 741.872 -1 -1 -1 -1000 -1000 -1000 -10 0.00313374
Car -1 -1 -10 1511.165 392.983 1906.255 1111.223 -1 -1 -1 -1000 -1000 -1000 -10 0.00161190
Car -1 -1 -10 923.277 364.195 1920.000 1063.846 -1 -1 -1 -1000 -1000 -1000 -10 0.00153756
Car -1 -1 -10 1214.980 482.178 1619.946 696.163 -1 -1 -1 -1000 -1000 -1000 -10 0.00149792
Car -1 -1 -10 1332.519 540.108 1492.674 634.914 -1 -1 -1 -1000 -1000 -1000 -10 0.00272849
Car -1 -1 -10 1418.523 602.855 1920.000 1200.000 -1 -1 -1 -1000 -1000 -1000 -10 0.00145716
Car -1 -1 -10 1464.972 803.912 1920.000 1200.000 -1 -1 -1 -1000 -1000 -1000 -10 0.00389211
Car -1 -1 -10 1140.366 318.325 1920.000 1114.902 -1 -1 -1 -1000 -1000 -1000 -10 0.00137338
Car -1 -1 -10 10.853 331.336 469.795 780.833 -1 -1 -1 -1000 -1000 -1000 -10 0.00137292
Car -1 -1 -10 982.906 399.392 1565.188 745.014 -1 -1 -1 -1000 -1000 -1000 -10 0.00134568
Car -1 -1 -10 0.000 496.241 423.146 771.269 -1 -1 -1 -1000 -1000 -1000 -10 0.00134162
Car -1 -1 -10 961.579 299.010 1164.415 1035.687 -1 -1 -1 -1000 -1000 -1000 -10 0.00130023
Car -1 -1 -10 1238.068 496.478 1846.190 848.970 -1 -1 -1 -1000 -1000 -1000 -10 0.00128266
Car -1 -1 -10 1299.047 419.391 1730.277 645.504 -1 -1 -1 -1000 -1000 -1000 -10 0.00124272
Car -1 -1 -10 1445.678 442.476 1920.000 794.270 -1 -1 -1 -1000 -1000 -1000 -10 0.00121028
Car -1 -1 -10 1188.520 497.365 1652.130 758.839 -1 -1 -1 -1000 -1000 -1000 -10 0.00117951
Car -1 -1 -10 2.108 356.160 170.925 516.724 -1 -1 -1 -1000 -1000 -1000 -10 0.00107589
Car -1 -1 -10 56.431 126.316 204.239 972.447 -1 -1 -1 -1000 -1000 -1000 -10 0.00106440
Car -1 -1 -10 1375.042 108.675 1745.153 791.641 -1 -1 -1 -1000 -1000 -1000 -10 0.00104238
Car -1 -1 -10 1215.820 520.313 1619.519 734.367 -1 -1 -1 -1000 -1000 -1000 -10 0.00102551
Car -1 -1 -10 0.000 797.734 450.258 1200.000 -1 -1 -1 -1000 -1000 -1000 -10 0.00101956
Car -1 -1 -10 1487.651 540.782 1649.520 636.768 -1 -1 -1 -1000 -1000 -1000 -10 0.00100095
Car -1 -1 -10 0.601 389.421 107.715 490.666 -1 -1 -1 -1000 -1000 -1000 -10 0.00099989
Car -1 -1 -10 0.000 245.935 295.004 614.315 -1 -1 -1 -1000 -1000 -1000 -10 0.00096990
