Car -1 -1 -10 382.532 591.890 589.376 731.579 -1 -1 -1 -1000 -1000 -1000 -10 0.99975705
Car -1 -1 -10 1127.951 593.304 1243.322 673.053 -1 -1 -1 -1000 -1000 -1000 -10 0.96026392
Car -1 -1 -10 1245.886 581.801 1356.511 666.861 -1 -1 -1 -1000 -1000 -1000 -10 0.80886248
Car -1 -1 -10 750.723 608.981 850.805 687.141 -1 -1 -1 -1000 -1000 -1000 -10 0.64420749
Car -1 -1 -10 640.646 612.431 722.431 673.523 -1 -1 -1 -1000 -1000 -1000 -10 0.37802747
Car -1 -1 -10 712.872 607.842 744.172 656.391 -1 -1 -1 -1000 -1000 -1000 -10 0.03466750
Car -1 -1 -10 662.970 614.514 721.172 670.855 -1 -1 -1 -1000 -1000 -1000 -10 0.01703723
Car -1 -1 -10 823.906 601.788 862.026 662.150 -1 -1 -1 -1000 -1000 -1000 -10 0.01700070
Car -1 -1 -10 0.000 602.063 84.705 710.969 -1 -1 -1 -1000 -1000 -1000 -10 0.03928997
Car -1 -1 -10 809.260 606.617 852.441 679.884 -1 -1 -1 -1000 -1000 -1000 -10 0.02433898
Car -1 -1 -10 790.031 603.945 847.031 668.051 -1 -1 -1 -1000 -1000 -1000 -10 0.00978120
Car -1 -1 -10 203.180 617.487 358.800 691.944 -1 -1 -1 -1000 -1000 -1000 -10 0.02309301
Car -1 -1 -10 822.492 605.231 869.097 659.108 -1 -1 -1 -1000 -1000 -1000 -10 0.00918369
Car -1 -1 -10 339.165 607.922 419.210 675.957 -1 -1 -1 -1000 -1000 -1000 -10 0.00894427
Car -1 -1 -10 187.493 602.941 349.009 681.727 -1 -1 -1 -1000 -1000 -1000 -10 0.00845425
Car -1 -1 -10 323.531 603.984 424.965 682.271 -1 -1 -1 -1000 -1000 -1000 -10 0.00815444
Car -1 -1 -10 477.873 596.168 594.448 712.927 -1 -1 -1 -1000 -1000 -1000 -10 0.01449325
Car -1 -1 -10 354.939 608.912 429.955 677.242 -1 -1 -1 -1000 -1000 -1000 -10 0.01346888
Car -1 -1 -10 797.700 606.912 846.383 682.038 -1 -1 -1 -1000 -1000 -1000 -10 0.00707023
Car -1 -1 -10 323.957 609.671 403.062 673.495 -1 -1 -1 -1000 -1000 -1000 -10 0.01124634
Car -1 -1 -10 1105.254 603.118 1158.688 660.784 -1 -1 -1 -1000 -1000 -1000 -10 0.01115636
Car -1 -1 -10 1790.475 644.459 1920.000 826.335 -1 -1 -1 -1000 -1000 -1000 -10 0.01065743
Car -1 -1 -10 733.768 601.299 819.253 669.039 -1 -1 -1 -1000 -1000 -1000 -10 0.00501637
Car -1 -1 -10 218.924 612.472 303.663 679.323 -1 -1 -1 -1000 -1000 -1000 -10 0.00749008
Car -1 -1 -10 15.365 573.968 250.298 700.148 -1 -1 -1 -1000 -1000 -1000 -10 0.00722398
Car -1 -1 -10 0.000 590.825 507.362 1196.484 -1 -1 -1 -1000 -1000 -1000 -10 0.00758916
Car -1 -1 -10 372.271 596.745 475.202 681.673 -1 -1 -1 -1000 -1000 -1000 -10 0.00394133
Car -1 -1 -10 379.489 597.343 461.133 665.862 -1 -1 -1 -1000 -1000 -1000 -10 0.00653070
Car -1 -1 -10 1262.471 0.000 1866.669 215.984 -1 -1 -1 -1000 -1000 -1000 -10 0.00368123
Car -1 -1 -10 639.315 614.537 699.911 671.490 -1 -1 -1 -1000 -1000 -1000 -10 0.00356336
Car -1 -1 -10 274.693 599.919 429.938 679.797 -1 -1 -1 -1000 -1000 -1000 -10 0.00345950
Car -1 -1 -10 101.117 590.187 264.147 684.980 -1 -1 -1 -1000 -1000 -1000 -10 0.00289194
Car -1 -1 -10 1.950 586.852 165.288 738.131 -1 -1 -1 -1000 -1000 -1000 -10 0.00287699
