Car -1 -1 -10 726.742 544.184 826.263 627.225 -1 -1 -1 -1000 -1000 -1000 -10 0.99854667
Car -1 -1 -10 1452.962 538.993 1840.440 707.606 -1 -1 -1 -1000 -1000 -1000 -10 0.28629251
Car -1 -1 -10 1358.623 547.960 1514.061 616.637 -1 -1 -1 -1000 -1000 -1000 -10 0.05973577
Car -1 -1 -10 1384.905 549.027 1482.008 611.209 -1 -1 -1 -1000 -1000 -1000 -10 0.00646429
Car -1 -1 -10 1375.234 539.264 1492.462 611.174 -1 -1 -1 -1000 -1000 -1000 -10 0.00557042
Car -1 -1 -10 1413.428 551.153 1913.320 1174.858 -1 -1 -1 -1000 -1000 -1000 -10 0.00586829
Car -1 -1 -10 1040.475 493.029 1920.000 1181.654 -1 -1 -1 -1000 -1000 -1000 -10 0.00373935
Car -1 -1 -10 16.835 357.963 311.570 1200.000 -1 -1 -1 -1000 -1000 -1000 -10 0.00202761
Car -1 -1 -10 1197.619 566.671 1915.970 1157.915 -1 -1 -1 -1000 -1000 -1000 -10 0.00202196
Car -1 -1 -10 0.000 798.111 460.123 1199.619 -1 -1 -1 -1000 -1000 -1000 -10 0.00728909
Car -1 -1 -10 254.025 1082.872 563.555 1200.000 -1 -1 -1 -1000 -1000 -1000 -10 0.00492619
Car -1 -1 -10 452.275 809.416 1072.985 1188.232 -1 -1 -1 -1000 -1000 -1000 -10 0.00169019
Car -1 -1 -10 1468.802 796.839 1920.000 1197.851 -1 -1 -1 -1000 -1000 -1000 -10 0.00312197
Car -1 -1 -10 22.291 695.545 259.319 1198.017 -1 -1 -1 -1000 -1000 -1000 -10 0.00606654
Car -1 -1 -10 175.297 805.874 802.250 1185.637 -1 -1 -1 -1000 -1000 -1000 -10 0.00156161
Car -1 -1 -10 248.148 853.702 543.424 1198.955 -1 -1 -1 -1000 -1000 -1000 -10 0.00295232
Car -1 -1 -10 1380.579 563.273 1537.441 652.827 -1 -1 -1 -1000 -1000 -1000 -10 0.00275685
Car -1 -1 -10 348.348 1075.826 479.387 1200.000 -1 -1 -1 -1000 -1000 -1000 -10 0.00289465
Car -1 -1 -10 981.259 794.154 1653.567 1200.000 -1 -1 -1 -1000 -1000 -1000 -10 0.00150849
Car -1 -1 -10 1275.602 1087.159 1334.428 1200.000 -1 -1 -1 -1000 -1000 -1000 -10 0.00269538
Car -1 -1 -10 448.439 1102.903 619.764 1200.000 -1 -1 -1 -1000 -1000 -1000 -10 0.00147992
Car -1 -1 -10 681.611 1102.689 853.137 1200.000 -1 -1 -1 -1000 -1000 -1000 -10 0.00280231
Car -1 -1 -10 601.852 1082.881 912.237 1200.000 -1 -1 -1 -1000 -1000 -1000 -10 0.00143849
Car -1 -1 -10 613.790 875.220 897.324 1200.000 -1 -1 -1 -1000 -1000 -1000 -10 0.00143270
Car -1 -1 -10 1234.162 1083.582 1548.057 1200.000 -1 -1 -1 -1000 -1000 -1000 -10 0.00263894
Car -1 -1 -10 5.755 1018.049 290.388 1200.000 -1 -1 -1 -1000 -1000 -1000 -10 0.00142238
Car -1 -1 -10 1141.297 1083.860 1453.992 1200.000 -1 -1 -1 -1000 -1000 -1000 -10 0.00271492
Car -1 -1 -10 1307.007 491.314 1885.101 832.218 -1 -1 -1 -1000 -1000 -1000 -10 0.00141732
Car -1 -1 -10 1188.016 1082.119 1247.800 1200.000 -1 -1 -1 -1000 -1000 -1000 -10 0.00271430
Car -1 -1 -10 1285.357 1122.286 1325.061 1200.000 -1 -1 -1 -1000 -1000 -1000 -10 0.00138895
Car -1 -1 -10 332.845 1133.554 495.098 1200.000 -1 -1 -1 -1000 -1000 -1000 -10 0.00136273
Car -1 -1 -10 460.178 831.427 620.130 1200.000 -1 -1 -1 -1000 -1000 -1000 -10 0.00135162
Car -1 -1 -10 309.440 654.019 482.452 1194.737 -1 -1 -1 -1000 -1000 -1000 -10 0.00134114
Car -1 -1 -10 398.513 1083.447 706.587 1200.000 -1 -1 -1 -1000 -1000 -1000 -10 0.00134052
Car -1 -1 -10 441.196 932.553 1052.854 1200.000 -1 -1 -1 -1000 -1000 -1000 -10 0.00131617
Car -1 -1 -10 65.133 341.896 363.932 1200.000 -1 -1 -1 -1000 -1000 -1000 -10 0.00131007
Car -1 -1 -10 152.900 1014.369 632.214 1200.000 -1 -1 -1 -1000 -1000 -1000 -10 0.00130953
Car -1 -1 -10 1300.581 1087.314 1359.281 1200.000 -1 -1 -1 -1000 -1000 -1000 -10 0.00130849
Car -1 -1 -10 376.501 674.181 562.691 1188.823 -1 -1 -1 -1000 -1000 -1000 -10 0.00130534
Car -1 -1 -10 542.781 1024.655 985.598 1200.000 -1 -1 -1 -1000 -1000 -1000 -10 0.00387184
Car -1 -1 -10 304.535 1102.109 476.768 1200.000 -1 -1 -1 -1000 -1000 -1000 -10 0.00129416
Car -1 -1 -10 1457.235 508.722 1897.427 828.829 -1 -1 -1 -1000 -1000 -1000 -10 0.00129296
Car -1 -1 -10 1288.406 1104.216 1459.150 1200.000 -1 -1 -1 -1000 -1000 -1000 -10 0.00128575
Car -1 -1 -10 335.168 1034.016 762.156 1200.000 -1 -1 -1 -1000 -1000 -1000 -10 0.00128266
Car -1 -1 -10 1236.829 1075.905 1366.627 1199.838 -1 -1 -1 -1000 -1000 -1000 -10 0.00128081
Car -1 -1 -10 230.689 671.100 420.646 1187.972 -1 -1 -1 -1000 -1000 -1000 -10 0.00127449
Car -1 -1 -10 659.221 1114.246 740.154 1200.000 -1 -1 -1 -1000 -1000 -1000 -10 0.00126882
Car -1 -1 -10 243.089 931.522 856.629 1200.000 -1 -1 -1 -1000 -1000 -1000 -10 0.00125851
Car -1 -1 -10 1009.812 910.731 1714.767 1200.000 -1 -1 -1 -1000 -1000 -1000 -10 0.00125635
Car -1 -1 -10 0.000 1060.030 323.275 1200.000 -1 -1 -1 -1000 -1000 -1000 -10 0.00125618
Car -1 -1 -10 203.675 740.885 539.088 1189.021 -1 -1 -1 -1000 -1000 -1000 -10 0.00125102
Car -1 -1 -10 691.067 757.436 818.160 1200.000 -1 -1 -1 -1000 -1000 -1000 -10 0.00124538
Car -1 -1 -10 21.081 746.647 147.060 1200.000 -1 -1 -1 -1000 -1000 -1000 -10 0.00124120
Car -1 -1 -10 699.596 833.133 860.680 1200.000 -1 -1 -1 -1000 -1000 -1000 -10 0.00124003
Car -1 -1 -10 1315.215 1122.345 1354.663 1200.000 -1 -1 -1 -1000 -1000 -1000 -10 0.00123276
Car -1 -1 -10 28.180 536.743 724.575 1200.000 -1 -1 -1 -1000 -1000 -1000 -10 0.00241210
Car -1 -1 -10 708.319 663.439 898.587 1193.733 -1 -1 -1 -1000 -1000 -1000 -10 0.00122146
Car -1 -1 -10 285.400 987.691 824.472 1200.000 -1 -1 -1 -1000 -1000 -1000 -10 0.00122013
Car -1 -1 -10 340.289 824.627 500.299 1200.000 -1 -1 -1 -1000 -1000 -1000 -10 0.00120254
