Car -1 -1 -10 938.556 622.542 1045.761 708.590 -1 -1 -1 -1000 -1000 -1000 -10 0.95277451
Car -1 -1 -10 1317.210 571.821 1702.404 744.068 -1 -1 -1 -1000 -1000 -1000 -10 0.73132297
Car -1 -1 -10 248.638 588.320 647.923 762.169 -1 -1 -1 -1000 -1000 -1000 -10 0.62021051
Car -1 -1 -10 193.579 600.837 343.683 690.366 -1 -1 -1 -1000 -1000 -1000 -10 0.18322998
Car -1 -1 -10 197.772 608.673 295.423 696.869 -1 -1 -1 -1000 -1000 -1000 -10 0.08317494
Car -1 -1 -10 215.860 613.358 370.933 705.222 -1 -1 -1 -1000 -1000 -1000 -10 0.02161331
Car -1 -1 -10 257.642 613.960 480.161 756.672 -1 -1 -1 -1000 -1000 -1000 -10 0.01496663
Car -1 -1 -10 236.394 613.074 393.131 708.491 -1 -1 -1 -1000 -1000 -1000 -10 0.01235163
Car -1 -1 -10 426.071 610.417 668.228 750.834 -1 -1 -1 -1000 -1000 -1000 -10 0.00566582
Car -1 -1 -10 520.133 611.877 682.734 706.472 -1 -1 -1 -1000 -1000 -1000 -10 0.00550208
Car -1 -1 -10 276.399 616.920 438.603 712.181 -1 -1 -1 -1000 -1000 -1000 -10 0.00530445
Car -1 -1 -10 267.538 632.950 427.316 736.377 -1 -1 -1 -1000 -1000 -1000 -10 0.00525158
Car -1 -1 -10 531.320 596.434 693.084 684.660 -1 -1 -1 -1000 -1000 -1000 -10 0.00474537
Car -1 -1 -10 510.942 536.420 1755.243 1197.855 -1 -1 -1 -1000 -1000 -1000 -10 0.00912092
Car -1 -1 -10 449.855 583.750 650.527 745.213 -1 -1 -1 -1000 -1000 -1000 -10 0.00451055
Car -1 -1 -10 1441.568 540.948 1793.322 735.051 -1 -1 -1 -1000 -1000 -1000 -10 0.00444167
Car -1 -1 -10 4.338 632.391 56.576 735.028 -1 -1 -1 -1000 -1000 -1000 -10 0.00815881
Car -1 -1 -10 1297.431 570.814 1535.725 703.262 -1 -1 -1 -1000 -1000 -1000 -10 0.00397486
Car -1 -1 -10 290.805 625.150 412.952 734.273 -1 -1 -1 -1000 -1000 -1000 -10 0.00702235
Car -1 -1 -10 1480.515 585.885 1721.298 724.138 -1 -1 -1 -1000 -1000 -1000 -10 0.00323178
