Car -1 -1 -10 0.000 488.131 1160.758 1196.594 -1 -1 -1 -1000 -1000 -1000 -10 0.05109109
Car -1 -1 -10 413.691 430.442 1814.252 1200.000 -1 -1 -1 -1000 -1000 -1000 -10 0.02870532
Car -1 -1 -10 666.784 155.717 1920.000 1200.000 -1 -1 -1 -1000 -1000 -1000 -10 0.01201641
Car -1 -1 -10 316.665 146.335 1696.161 1200.000 -1 -1 -1 -1000 -1000 -1000 -10 0.01019461
Car -1 -1 -10 663.581 98.514 1740.914 927.411 -1 -1 -1 -1000 -1000 -1000 -10 0.01512021
Car -1 -1 -10 111.136 95.088 1209.472 933.728 -1 -1 -1 -1000 -1000 -1000 -10 0.01394710
Car -1 -1 -10 1472.853 589.703 1630.997 686.518 -1 -1 -1 -1000 -1000 -1000 -10 0.00658908
Car -1 -1 -10 507.721 80.328 1606.202 941.842 -1 -1 -1 -1000 -1000 -1000 -10 0.00642672
Car -1 -1 -10 445.908 183.194 1055.349 551.273 -1 -1 -1 -1000 -1000 -1000 -10 0.00637498
Car -1 -1 -10 1486.474 569.566 1648.912 657.556 -1 -1 -1 -1000 -1000 -1000 -10 0.02118624
Car -1 -1 -10 1006.109 206.522 1442.919 441.066 -1 -1 -1 -1000 -1000 -1000 -10 0.00986308
Car -1 -1 -10 433.249 254.065 1107.164 639.747 -1 -1 -1 -1000 -1000 -1000 -10 0.00587563
Car -1 -1 -10 991.096 18.921 1920.000 1153.817 -1 -1 -1 -1000 -1000 -1000 -10 0.00577539
Car -1 -1 -10 760.982 259.327 1436.127 643.003 -1 -1 -1 -1000 -1000 -1000 -10 0.00563793
Car -1 -1 -10 855.283 244.789 1574.802 651.931 -1 -1 -1 -1000 -1000 -1000 -10 0.01054166
Car -1 -1 -10 772.491 196.703 1412.204 551.148 -1 -1 -1 -1000 -1000 -1000 -10 0.00545029
Car -1 -1 -10 1382.372 577.239 1627.823 693.398 -1 -1 -1 -1000 -1000 -1000 -10 0.00540921
Car -1 -1 -10 1631.663 546.071 1802.750 631.669 -1 -1 -1 -1000 -1000 -1000 -10 0.01066500
Car -1 -1 -10 1579.522 311.079 1920.000 640.100 -1 -1 -1 -1000 -1000 -1000 -10 0.00949075
Car -1 -1 -10 367.043 339.839 1089.988 762.683 -1 -1 -1 -1000 -1000 -1000 -10 0.00516399
Car -1 -1 -10 1341.483 566.048 1649.631 710.077 -1 -1 -1 -1000 -1000 -1000 -10 0.00843245
Car -1 -1 -10 709.252 71.361 1055.078 687.884 -1 -1 -1 -1000 -1000 -1000 -10 0.00512910
Car -1 -1 -10 438.931 477.758 1303.086 1200.000 -1 -1 -1 -1000 -1000 -1000 -10 0.00506602
Car -1 -1 -10 1255.482 487.775 1903.093 840.150 -1 -1 -1 -1000 -1000 -1000 -10 0.00976494
Car -1 -1 -10 317.900 20.070 1538.819 706.170 -1 -1 -1 -1000 -1000 -1000 -10 0.00502404
Car -1 -1 -10 1413.774 489.382 1920.000 859.363 -1 -1 -1 -1000 -1000 -1000 -10 0.00479132
Car -1 -1 -10 744.666 355.410 1440.938 740.800 -1 -1 -1 -1000 -1000 -1000 -10 0.00473204
Car -1 -1 -10 1717.764 366.113 1918.738 561.688 -1 -1 -1 -1000 -1000 -1000 -10 0.01210747
Car -1 -1 -10 576.219 146.290 1237.351 549.782 -1 -1 -1 -1000 -1000 -1000 -10 0.00912896
Car -1 -1 -10 546.071 537.947 1016.808 811.089 -1 -1 -1 -1000 -1000 -1000 -10 0.00459134
Car -1 -1 -10 809.426 95.137 939.836 813.395 -1 -1 -1 -1000 -1000 -1000 -10 0.00453210
Car -1 -1 -10 1761.022 539.652 1917.015 638.945 -1 -1 -1 -1000 -1000 -1000 -10 0.00452584
Car -1 -1 -10 733.854 205.406 1040.059 369.336 -1 -1 -1 -1000 -1000 -1000 -10 0.00449765
Car -1 -1 -10 660.201 184.595 1130.140 463.778 -1 -1 -1 -1000 -1000 -1000 -10 0.00443504
Car -1 -1 -10 689.175 320.704 875.721 997.578 -1 -1 -1 -1000 -1000 -1000 -10 0.00441553
Car -1 -1 -10 1572.520 568.916 1738.294 655.428 -1 -1 -1 -1000 -1000 -1000 -10 0.00857009
Car -1 -1 -10 478.605 63.838 1152.383 448.060 -1 -1 -1 -1000 -1000 -1000 -10 0.00837708
Car -1 -1 -10 568.689 12.135 1798.783 682.416 -1 -1 -1 -1000 -1000 -1000 -10 0.00438756
Car -1 -1 -10 557.619 243.292 1251.777 645.453 -1 -1 -1 -1000 -1000 -1000 -10 0.00437307
Car -1 -1 -10 377.341 468.837 1067.374 837.026 -1 -1 -1 -1000 -1000 -1000 -10 0.00437076
Car -1 -1 -10 547.289 173.277 989.607 395.554 -1 -1 -1 -1000 -1000 -1000 -10 0.00434686
Car -1 -1 -10 682.583 40.632 898.632 1052.029 -1 -1 -1 -1000 -1000 -1000 -10 0.00430854
Car -1 -1 -10 905.176 161.543 1571.381 542.203 -1 -1 -1 -1000 -1000 -1000 -10 0.00425088
Car -1 -1 -10 1529.579 587.244 1692.546 682.983 -1 -1 -1 -1000 -1000 -1000 -10 0.00420632
Car -1 -1 -10 672.247 567.493 844.710 659.586 -1 -1 -1 -1000 -1000 -1000 -10 0.00779783
Car -1 -1 -10 545.413 464.067 993.827 692.861 -1 -1 -1 -1000 -1000 -1000 -10 0.00417318
Car -1 -1 -10 663.208 333.822 1125.255 618.232 -1 -1 -1 -1000 -1000 -1000 -10 0.00414814
Car -1 -1 -10 1365.290 522.302 1794.419 742.716 -1 -1 -1 -1000 -1000 -1000 -10 0.00413495
Car -1 -1 -10 1449.601 296.710 1920.000 1200.000 -1 -1 -1 -1000 -1000 -1000 -10 0.00786819
Car -1 -1 -10 910.300 191.255 1411.033 458.540 -1 -1 -1 -1000 -1000 -1000 -10 0.00411429
Car -1 -1 -10 776.283 33.547 995.389 1060.374 -1 -1 -1 -1000 -1000 -1000 -10 0.00409093
Car -1 -1 -10 487.231 569.420 820.063 710.985 -1 -1 -1 -1000 -1000 -1000 -10 0.00403457
Car -1 -1 -10 760.713 43.472 1055.413 1197.456 -1 -1 -1 -1000 -1000 -1000 -10 0.00398882
Car -1 -1 -10 656.516 72.897 863.702 813.810 -1 -1 -1 -1000 -1000 -1000 -10 0.00395625
Car -1 -1 -10 1479.987 563.863 1785.586 706.704 -1 -1 -1 -1000 -1000 -1000 -10 0.00756369
Car -1 -1 -10 604.465 559.473 911.245 714.386 -1 -1 -1 -1000 -1000 -1000 -10 0.00390464
Car -1 -1 -10 1341.878 580.380 1635.612 738.070 -1 -1 -1 -1000 -1000 -1000 -10 0.00389094
Car -1 -1 -10 1123.414 514.436 1920.000 1004.318 -1 -1 -1 -1000 -1000 -1000 -10 0.00385231
Car -1 -1 -10 691.390 161.094 1120.445 394.482 -1 -1 -1 -1000 -1000 -1000 -10 0.00381463
Car -1 -1 -10 1072.541 180.885 1380.888 343.281 -1 -1 -1 -1000 -1000 -1000 -10 0.00374662
Car -1 -1 -10 960.518 87.472 1167.769 774.785 -1 -1 -1 -1000 -1000 -1000 -10 0.00372162
Car -1 -1 -10 869.627 328.400 1588.882 769.126 -1 -1 -1 -1000 -1000 -1000 -10 0.00370197
Car -1 -1 -10 679.207 193.212 840.278 284.475 -1 -1 -1 -1000 -1000 -1000 -10 0.00368197
Car -1 -1 -10 514.990 552.642 944.470 791.506 -1 -1 -1 -1000 -1000 -1000 -10 0.00367632
Car -1 -1 -10 5.878 499.647 634.903 1200.000 -1 -1 -1 -1000 -1000 -1000 -10 0.00367217
Car -1 -1 -10 1787.771 340.655 1920.000 438.824 -1 -1 -1 -1000 -1000 -1000 -10 0.00364975
Car -1 -1 -10 519.030 204.534 967.419 443.511 -1 -1 -1 -1000 -1000 -1000 -10 0.00364568
Car -1 -1 -10 591.268 534.967 899.879 688.295 -1 -1 -1 -1000 -1000 -1000 -10 0.00357931
Car -1 -1 -10 855.958 45.794 1148.985 1200.000 -1 -1 -1 -1000 -1000 -1000 -10 0.00357664
Car -1 -1 -10 926.024 234.176 1245.320 388.892 -1 -1 -1 -1000 -1000 -1000 -10 0.00354421
Car -1 -1 -10 1447.042 341.239 1916.564 773.978 -1 -1 -1 -1000 -1000 -1000 -10 0.00351109
Car -1 -1 -10 837.370 220.846 1400.984 1200.000 -1 -1 -1 -1000 -1000 -1000 -10 0.00346045
Car -1 -1 -10 1074.864 571.129 1236.398 659.243 -1 -1 -1 -1000 -1000 -1000 -10 0.00342495
Car -1 -1 -10 924.205 44.811 1141.044 1065.050 -1 -1 -1 -1000 -1000 -1000 -10 0.00339742
Car -1 -1 -10 997.273 210.420 1555.567 1200.000 -1 -1 -1 -1000 -1000 -1000 -10 0.00339570
