Car -1 -1 -10 718.406 595.523 775.232 649.138 -1 -1 -1 -1000 -1000 -1000 -10 0.08909642
Car -1 -1 -10 6.799 602.133 510.464 1151.432 -1 -1 -1 -1000 -1000 -1000 -10 0.00294709
Car -1 -1 -10 0.000 812.554 450.588 1198.623 -1 -1 -1 -1000 -1000 -1000 -10 0.00641854
Car -1 -1 -10 303.485 612.174 485.938 1179.206 -1 -1 -1 -1000 -1000 -1000 -10 0.00366055
Car -1 -1 -10 408.240 596.021 566.147 678.817 -1 -1 -1 -1000 -1000 -1000 -10 0.00305688
Car -1 -1 -10 10.791 675.948 253.297 1200.000 -1 -1 -1 -1000 -1000 -1000 -10 0.00281200
Car -1 -1 -10 222.167 1068.635 632.237 1200.000 -1 -1 -1 -1000 -1000 -1000 -10 0.00248684
Car -1 -1 -10 8.849 1104.389 255.423 1200.000 -1 -1 -1 -1000 -1000 -1000 -10 0.00270355
Car -1 -1 -10 79.080 1123.360 118.565 1200.000 -1 -1 -1 -1000 -1000 -1000 -10 0.00131139
Car -1 -1 -10 20.089 580.905 147.022 1193.103 -1 -1 -1 -1000 -1000 -1000 -10 0.00129944
Car -1 -1 -10 380.340 646.056 552.882 1186.158 -1 -1 -1 -1000 -1000 -1000 -10 0.00124290
Car -1 -1 -10 26.295 642.639 297.096 1200.000 -1 -1 -1 -1000 -1000 -1000 -10 0.00118868
Car -1 -1 -10 161.330 612.822 343.993 1182.742 -1 -1 -1 -1000 -1000 -1000 -10 0.00202336
Car -1 -1 -10 112.177 610.531 295.424 1187.934 -1 -1 -1 -1000 -1000 -1000 -10 0.00214940
Car -1 -1 -10 1465.563 429.539 1900.221 811.016 -1 -1 -1 -1000 -1000 -1000 -10 0.00111692
Car -1 -1 -10 58.677 588.418 253.357 1177.882 -1 -1 -1 -1000 -1000 -1000 -10 0.00105404
Car -1 -1 -10 237.851 632.846 411.369 1190.831 -1 -1 -1 -1000 -1000 -1000 -10 0.00205046
Car -1 -1 -10 6.345 1043.612 385.614 1200.000 -1 -1 -1 -1000 -1000 -1000 -10 0.00103857
Car -1 -1 -10 0.000 1024.497 243.703 1200.000 -1 -1 -1 -1000 -1000 -1000 -10 0.00101861
Car -1 -1 -10 38.107 936.320 273.282 1200.000 -1 -1 -1 -1000 -1000 -1000 -10 0.00097217
Car -1 -1 -10 710.664 642.947 898.429 1190.479 -1 -1 -1 -1000 -1000 -1000 -10 0.00095624
Car -1 -1 -10 1497.999 395.024 1920.000 902.654 -1 -1 -1 -1000 -1000 -1000 -10 0.00186224
Car -1 -1 -10 0.000 941.285 317.429 1200.000 -1 -1 -1 -1000 -1000 -1000 -10 0.00185345
Car -1 -1 -10 0.000 1157.315 35.024 1200.000 -1 -1 -1 -1000 -1000 -1000 -10 0.00093883
Car -1 -1 -10 242.959 589.137 395.518 684.121 -1 -1 -1 -1000 -1000 -1000 -10 0.00171277
Car -1 -1 -10 69.785 745.216 195.827 1200.000 -1 -1 -1 -1000 -1000 -1000 -10 0.00092563
Car -1 -1 -10 369.102 693.493 517.223 1200.000 -1 -1 -1 -1000 -1000 -1000 -10 0.00091918
Car -1 -1 -10 64.539 1088.032 123.074 1200.000 -1 -1 -1 -1000 -1000 -1000 -10 0.00091278
Car -1 -1 -10 62.401 1105.678 110.421 1200.000 -1 -1 -1 -1000 -1000 -1000 -10 0.00090706
Car -1 -1 -10 0.000 1108.717 90.977 1200.000 -1 -1 -1 -1000 -1000 -1000 -10 0.00089917
Car -1 -1 -10 70.138 361.765 363.497 1200.000 -1 -1 -1 -1000 -1000 -1000 -10 0.00089336
Car -1 -1 -10 87.038 1157.408 124.647 1200.000 -1 -1 -1 -1000 -1000 -1000 -10 0.00087245
Car -1 -1 -10 0.000 745.986 220.893 1096.900 -1 -1 -1 -1000 -1000 -1000 -10 0.00086443
Car -1 -1 -10 120.774 1123.211 160.391 1200.000 -1 -1 -1 -1000 -1000 -1000 -10 0.00086148
Car -1 -1 -10 0.000 587.975 333.366 964.461 -1 -1 -1 -1000 -1000 -1000 -10 0.00085712
Car -1 -1 -10 6.070 1107.136 177.753 1200.000 -1 -1 -1 -1000 -1000 -1000 -10 0.00084400
Car -1 -1 -10 74.894 1082.443 134.539 1200.000 -1 -1 -1 -1000 -1000 -1000 -10 0.00084286
Car -1 -1 -10 68.705 1157.052 107.200 1200.000 -1 -1 -1 -1000 -1000 -1000 -10 0.00083853
Car -1 -1 -10 1580.779 566.874 1920.000 1200.000 -1 -1 -1 -1000 -1000 -1000 -10 0.00083155
Car -1 -1 -10 203.194 589.914 395.044 1177.315 -1 -1 -1 -1000 -1000 -1000 -10 0.00080931
Car -1 -1 -10 279.271 1108.100 539.417 1200.000 -1 -1 -1 -1000 -1000 -1000 -10 0.00075592
