Car -1 -1 -10 1211.828 535.035 1377.084 646.422 -1 -1 -1 -1000 -1000 -1000 -10 0.99976057
Car -1 -1 -10 452.999 538.869 619.537 656.664 -1 -1 -1 -1000 -1000 -1000 -10 0.99944563
Car -1 -1 -10 1646.568 474.874 1900.530 638.007 -1 -1 -1 -1000 -1000 -1000 -10 0.96195967
Car -1 -1 -10 577.160 539.429 669.182 630.761 -1 -1 -1 -1000 -1000 -1000 -10 0.49819526
Car -1 -1 -10 691.005 545.551 770.968 610.877 -1 -1 -1 -1000 -1000 -1000 -10 0.94693433
Car -1 -1 -10 1146.429 524.893 1250.464 615.920 -1 -1 -1 -1000 -1000 -1000 -10 0.31397909
Car -1 -1 -10 544.012 536.051 676.135 637.388 -1 -1 -1 -1000 -1000 -1000 -10 0.24862593
Car -1 -1 -10 1136.252 523.676 1280.546 616.225 -1 -1 -1 -1000 -1000 -1000 -10 0.18327735
Car -1 -1 -10 1091.804 527.785 1178.009 607.918 -1 -1 -1 -1000 -1000 -1000 -10 0.13309183
Car -1 -1 -10 527.990 536.812 643.739 641.489 -1 -1 -1 -1000 -1000 -1000 -10 0.05205370
Car -1 -1 -10 1078.729 517.665 1215.499 608.217 -1 -1 -1 -1000 -1000 -1000 -10 0.03600059
Car -1 -1 -10 1195.291 530.541 1309.876 636.651 -1 -1 -1 -1000 -1000 -1000 -10 0.00500756
