Car -1 -1 -10 275.990 609.546 379.131 680.119 -1 -1 -1 -1000 -1000 -1000 -10 0.86892836
Car -1 -1 -10 411.939 617.909 478.469 666.288 -1 -1 -1 -1000 -1000 -1000 -10 0.24250722
Car -1 -1 -10 138.544 507.203 1361.645 1199.066 -1 -1 -1 -1000 -1000 -1000 -10 0.00588132
Car -1 -1 -10 0.000 791.375 464.826 1198.492 -1 -1 -1 -1000 -1000 -1000 -10 0.01084720
Car -1 -1 -10 475.949 512.949 1668.991 1198.649 -1 -1 -1 -1000 -1000 -1000 -10 0.00518551
Car -1 -1 -10 685.683 1081.435 1008.491 1200.000 -1 -1 -1 -1000 -1000 -1000 -10 0.00492112
Car -1 -1 -10 692.248 778.575 1303.002 1192.215 -1 -1 -1 -1000 -1000 -1000 -10 0.00177612
Car -1 -1 -10 567.851 784.876 1184.473 1194.307 -1 -1 -1 -1000 -1000 -1000 -10 0.00171346
Car -1 -1 -10 833.432 565.056 964.229 1191.002 -1 -1 -1 -1000 -1000 -1000 -10 0.00153882
Car -1 -1 -10 16.474 365.838 315.355 1200.000 -1 -1 -1 -1000 -1000 -1000 -10 0.00145733
Car -1 -1 -10 771.716 829.668 932.776 1200.000 -1 -1 -1 -1000 -1000 -1000 -10 0.00265187
Car -1 -1 -10 600.204 1020.111 1071.963 1200.000 -1 -1 -1 -1000 -1000 -1000 -10 0.00403733
Car -1 -1 -10 0.000 933.794 325.888 1200.000 -1 -1 -1 -1000 -1000 -1000 -10 0.00269379
Car -1 -1 -10 483.205 1083.206 543.449 1200.000 -1 -1 -1 -1000 -1000 -1000 -10 0.00134026
Car -1 -1 -10 664.250 244.725 965.777 1200.000 -1 -1 -1 -1000 -1000 -1000 -10 0.00131035
Car -1 -1 -10 443.017 779.556 1289.419 1191.958 -1 -1 -1 -1000 -1000 -1000 -10 0.00253079
Car -1 -1 -10 0.000 793.639 211.267 1190.952 -1 -1 -1 -1000 -1000 -1000 -10 0.00127726
Car -1 -1 -10 4.191 913.199 237.186 1200.000 -1 -1 -1 -1000 -1000 -1000 -10 0.00127494
Car -1 -1 -10 332.058 647.384 509.185 1193.513 -1 -1 -1 -1000 -1000 -1000 -10 0.00127411
Car -1 -1 -10 804.239 654.820 993.183 1193.687 -1 -1 -1 -1000 -1000 -1000 -10 0.00127333
Car -1 -1 -10 717.611 629.190 947.295 1192.282 -1 -1 -1 -1000 -1000 -1000 -10 0.00347361
Car -1 -1 -10 767.687 1102.724 944.426 1200.000 -1 -1 -1 -1000 -1000 -1000 -10 0.00126575
Car -1 -1 -10 779.263 1075.964 912.184 1199.770 -1 -1 -1 -1000 -1000 -1000 -10 0.00125533
Car -1 -1 -10 207.169 625.386 289.914 684.419 -1 -1 -1 -1000 -1000 -1000 -10 0.00124316
Car -1 -1 -10 761.476 245.963 1062.431 1200.000 -1 -1 -1 -1000 -1000 -1000 -10 0.00225647
Car -1 -1 -10 881.313 657.008 1102.283 1194.220 -1 -1 -1 -1000 -1000 -1000 -10 0.00122721
Car -1 -1 -10 555.542 987.760 1109.569 1200.000 -1 -1 -1 -1000 -1000 -1000 -10 0.00121128
Car -1 -1 -10 786.902 1022.428 881.683 1200.000 -1 -1 -1 -1000 -1000 -1000 -10 0.00120013
Car -1 -1 -10 676.187 795.049 1031.838 1199.093 -1 -1 -1 -1000 -1000 -1000 -10 0.00119644
Car -1 -1 -10 196.785 1039.799 659.805 1200.000 -1 -1 -1 -1000 -1000 -1000 -10 0.00119140
Car -1 -1 -10 65.548 344.738 364.686 1200.000 -1 -1 -1 -1000 -1000 -1000 -10 0.00223643
Car -1 -1 -10 1547.374 403.136 1920.000 653.371 -1 -1 -1 -1000 -1000 -1000 -10 0.00117535
Car -1 -1 -10 500.985 1156.743 538.848 1200.000 -1 -1 -1 -1000 -1000 -1000 -10 0.00116713
Car -1 -1 -10 493.576 1121.876 532.979 1200.000 -1 -1 -1 -1000 -1000 -1000 -10 0.00115184
Car -1 -1 -10 634.053 727.966 970.773 1189.931 -1 -1 -1 -1000 -1000 -1000 -10 0.00115096
Car -1 -1 -10 1544.926 351.707 1902.497 694.187 -1 -1 -1 -1000 -1000 -1000 -10 0.00113878
Car -1 -1 -10 241.931 802.179 592.395 1196.155 -1 -1 -1 -1000 -1000 -1000 -10 0.00112752
Car -1 -1 -10 1711.043 780.058 1920.000 1185.876 -1 -1 -1 -1000 -1000 -1000 -10 0.00111081
Car -1 -1 -10 1469.987 801.172 1920.000 1197.243 -1 -1 -1 -1000 -1000 -1000 -10 0.00318364
Car -1 -1 -10 257.559 1084.921 582.965 1200.000 -1 -1 -1 -1000 -1000 -1000 -10 0.00109817
Car -1 -1 -10 882.010 592.468 1012.901 1190.532 -1 -1 -1 -1000 -1000 -1000 -10 0.00109562
Car -1 -1 -10 43.789 739.137 170.824 1200.000 -1 -1 -1 -1000 -1000 -1000 -10 0.00108023
Car -1 -1 -10 18.956 715.329 243.427 1197.309 -1 -1 -1 -1000 -1000 -1000 -10 0.00104221
Car -1 -1 -10 0.000 1068.311 284.090 1200.000 -1 -1 -1 -1000 -1000 -1000 -10 0.00102500
Car -1 -1 -10 733.642 939.032 969.345 1200.000 -1 -1 -1 -1000 -1000 -1000 -10 0.00101931
Car -1 -1 -10 1.538 596.193 158.780 681.642 -1 -1 -1 -1000 -1000 -1000 -10 0.00101210
Car -1 -1 -10 386.864 1104.235 646.466 1200.000 -1 -1 -1 -1000 -1000 -1000 -10 0.00092681
