Car -1 -1 -10 0.000 796.248 453.027 1197.801 -1 -1 -1 -1000 -1000 -1000 -10 0.00775144
Car -1 -1 -10 46.988 619.568 212.607 1193.469 -1 -1 -1 -1000 -1000 -1000 -10 0.00482917
Car -1 -1 -10 0.000 543.746 917.752 1200.000 -1 -1 -1 -1000 -1000 -1000 -10 0.00323171
Car -1 -1 -10 60.294 392.718 378.642 1200.000 -1 -1 -1 -1000 -1000 -1000 -10 0.00154705
Car -1 -1 -10 7.737 639.832 577.882 1105.088 -1 -1 -1 -1000 -1000 -1000 -10 0.00245668
Car -1 -1 -10 157.379 572.309 297.477 1194.933 -1 -1 -1 -1000 -1000 -1000 -10 0.00236947
Car -1 -1 -10 0.544 1027.431 293.509 1200.000 -1 -1 -1 -1000 -1000 -1000 -10 0.00115413
Car -1 -1 -10 12.403 567.893 305.697 883.519 -1 -1 -1 -1000 -1000 -1000 -10 0.00115194
Car -1 -1 -10 31.966 674.776 274.246 1197.615 -1 -1 -1 -1000 -1000 -1000 -10 0.00115142
Car -1 -1 -10 109.922 169.829 408.007 1178.123 -1 -1 -1 -1000 -1000 -1000 -10 0.00114055
Car -1 -1 -10 226.313 648.331 398.062 1188.351 -1 -1 -1 -1000 -1000 -1000 -10 0.00217716
Car -1 -1 -10 0.000 1156.291 31.580 1200.000 -1 -1 -1 -1000 -1000 -1000 -10 0.00111694
Car -1 -1 -10 86.073 817.083 373.587 1094.854 -1 -1 -1 -1000 -1000 -1000 -10 0.00110039
Car -1 -1 -10 3.970 1109.257 167.695 1200.000 -1 -1 -1 -1000 -1000 -1000 -10 0.00109520
Car -1 -1 -10 117.403 645.075 290.438 1189.764 -1 -1 -1 -1000 -1000 -1000 -10 0.00106765
Car -1 -1 -10 0.000 630.279 342.451 1098.423 -1 -1 -1 -1000 -1000 -1000 -10 0.00103000
Car -1 -1 -10 0.000 1088.375 294.320 1200.000 -1 -1 -1 -1000 -1000 -1000 -10 0.00102736
Car -1 -1 -10 0.884 1109.915 125.594 1200.000 -1 -1 -1 -1000 -1000 -1000 -10 0.00093876
Car -1 -1 -10 0.000 661.988 252.025 893.932 -1 -1 -1 -1000 -1000 -1000 -10 0.00091686
Car -1 -1 -10 6.870 961.953 310.576 1200.000 -1 -1 -1 -1000 -1000 -1000 -10 0.00091483
