Car -1 -1 -10 761.876 501.655 1821.824 1196.852 -1 -1 -1 -1000 -1000 -1000 -10 0.96828318
Car -1 -1 -10 842.045 532.458 1105.405 710.258 -1 -1 -1 -1000 -1000 -1000 -10 0.35069250
Car -1 -1 -10 1578.857 547.846 1756.901 640.687 -1 -1 -1 -1000 -1000 -1000 -10 0.34189443
Car -1 -1 -10 1295.149 545.350 1918.050 1187.548 -1 -1 -1 -1000 -1000 -1000 -10 0.09756670
Car -1 -1 -10 789.085 514.631 1340.994 1121.468 -1 -1 -1 -1000 -1000 -1000 -10 0.03868898
Car -1 -1 -10 772.899 534.234 1237.308 1056.168 -1 -1 -1 -1000 -1000 -1000 -10 0.01794628
Car -1 -1 -10 958.071 536.901 1687.193 984.155 -1 -1 -1 -1000 -1000 -1000 -10 0.01744666
Car -1 -1 -10 1485.556 547.160 1755.681 726.484 -1 -1 -1 -1000 -1000 -1000 -10 0.01702093
Car -1 -1 -10 977.880 542.355 1584.200 920.243 -1 -1 -1 -1000 -1000 -1000 -10 0.01002535
Car -1 -1 -10 1363.050 529.007 1805.100 816.839 -1 -1 -1 -1000 -1000 -1000 -10 0.00704852
