Car -1 -1 -10 927.292 518.113 1920.000 1200.000 -1 -1 -1 -1000 -1000 -1000 -10 0.01944389
Car -1 -1 -10 1330.727 545.249 1918.014 966.944 -1 -1 -1 -1000 -1000 -1000 -10 0.01481023
Car -1 -1 -10 1398.624 666.534 1828.104 896.768 -1 -1 -1 -1000 -1000 -1000 -10 0.00301919
Car -1 -1 -10 1229.227 689.127 1712.127 965.211 -1 -1 -1 -1000 -1000 -1000 -10 0.00280446
Car -1 -1 -10 1504.519 692.979 1920.000 968.619 -1 -1 -1 -1000 -1000 -1000 -10 0.00482909
Car -1 -1 -10 1537.453 464.536 1920.000 875.558 -1 -1 -1 -1000 -1000 -1000 -10 0.00476105
Car -1 -1 -10 1336.592 163.565 1920.000 1200.000 -1 -1 -1 -1000 -1000 -1000 -10 0.00254990
Car -1 -1 -10 1285.442 585.447 1767.455 864.607 -1 -1 -1 -1000 -1000 -1000 -10 0.00253891
Car -1 -1 -10 1403.224 642.610 1920.000 1200.000 -1 -1 -1 -1000 -1000 -1000 -10 0.00454887
Car -1 -1 -10 560.611 150.713 1889.585 1200.000 -1 -1 -1 -1000 -1000 -1000 -10 0.00231395
Car -1 -1 -10 1380.171 337.442 1918.189 775.917 -1 -1 -1 -1000 -1000 -1000 -10 0.00435212
Car -1 -1 -10 1467.327 440.437 1920.000 807.811 -1 -1 -1 -1000 -1000 -1000 -10 0.00221602
Car -1 -1 -10 1170.530 636.390 1780.701 1002.274 -1 -1 -1 -1000 -1000 -1000 -10 0.00214330
Car -1 -1 -10 0.000 792.985 450.116 1195.000 -1 -1 -1 -1000 -1000 -1000 -10 0.00205812
