Car -1 -1 -10 283.213 584.214 497.161 741.684 -1 -1 -1 -1000 -1000 -1000 -10 0.99999744
Car -1 -1 -10 166.735 610.474 307.198 716.983 -1 -1 -1 -1000 -1000 -1000 -10 0.99835970
Car -1 -1 -10 787.469 586.425 875.307 655.710 -1 -1 -1 -1000 -1000 -1000 -10 0.94842917
Car -1 -1 -10 444.409 584.011 554.978 682.505 -1 -1 -1 -1000 -1000 -1000 -10 0.38828575
Car -1 -1 -10 638.191 570.343 763.210 677.841 -1 -1 -1 -1000 -1000 -1000 -10 0.24216243
Car -1 -1 -10 535.396 595.231 588.170 649.592 -1 -1 -1 -1000 -1000 -1000 -10 0.02953665
Car -1 -1 -10 403.416 588.878 514.273 698.389 -1 -1 -1 -1000 -1000 -1000 -10 0.00406931
Car -1 -1 -10 494.127 592.375 589.981 671.842 -1 -1 -1 -1000 -1000 -1000 -10 0.00375150
Car -1 -1 -10 670.200 570.271 757.329 641.429 -1 -1 -1 -1000 -1000 -1000 -10 0.00217231
Car -1 -1 -10 0.000 797.345 457.854 1199.206 -1 -1 -1 -1000 -1000 -1000 -10 0.00742209
Car -1 -1 -10 722.943 573.993 796.718 641.038 -1 -1 -1 -1000 -1000 -1000 -10 0.00190676
Car -1 -1 -10 1621.620 188.945 1915.924 565.302 -1 -1 -1 -1000 -1000 -1000 -10 0.00279802
Car -1 -1 -10 711.440 568.538 808.054 646.011 -1 -1 -1 -1000 -1000 -1000 -10 0.00135582
Car -1 -1 -10 1493.963 95.275 1920.000 626.725 -1 -1 -1 -1000 -1000 -1000 -10 0.00134168
Car -1 -1 -10 744.309 580.559 798.905 635.157 -1 -1 -1 -1000 -1000 -1000 -10 0.00133310
