Car -1 -1 -10 264.225 655.919 498.504 797.946 -1 -1 -1 -1000 -1000 -1000 -10 0.99988729
Car -1 -1 -10 3.557 750.863 622.807 1200.000 -1 -1 -1 -1000 -1000 -1000 -10 0.00508609
Car -1 -1 -10 0.000 793.805 466.743 1195.507 -1 -1 -1 -1000 -1000 -1000 -10 0.01068164
Car -1 -1 -10 22.165 689.122 301.168 1200.000 -1 -1 -1 -1000 -1000 -1000 -10 0.00163683
Car -1 -1 -10 0.000 934.568 327.559 1200.000 -1 -1 -1 -1000 -1000 -1000 -10 0.00127282
Car -1 -1 -10 46.029 708.659 212.279 1197.285 -1 -1 -1 -1000 -1000 -1000 -10 0.00125652
Car -1 -1 -10 0.000 930.290 232.031 1200.000 -1 -1 -1 -1000 -1000 -1000 -10 0.00124236
Car -1 -1 -10 19.453 400.845 306.173 1200.000 -1 -1 -1 -1000 -1000 -1000 -10 0.00122552
Car -1 -1 -10 44.678 739.097 264.947 1195.841 -1 -1 -1 -1000 -1000 -1000 -10 0.00112585
Car -1 -1 -10 7.322 1060.973 332.183 1200.000 -1 -1 -1 -1000 -1000 -1000 -10 0.00111370
Car -1 -1 -10 1585.544 838.367 1736.471 939.301 -1 -1 -1 -1000 -1000 -1000 -10 0.00092080
Car -1 -1 -10 73.300 824.391 236.882 1199.722 -1 -1 -1 -1000 -1000 -1000 -10 0.00089831
Car -1 -1 -10 181.184 509.695 1334.840 1195.771 -1 -1 -1 -1000 -1000 -1000 -10 0.00088558
