Car -1 -1 -10 748.341 597.084 825.542 663.909 -1 -1 -1 -1000 -1000 -1000 -10 0.99323346
Car -1 -1 -10 3.281 619.417 151.720 714.448 -1 -1 -1 -1000 -1000 -1000 -10 0.00843602
Car -1 -1 -10 0.000 795.082 461.926 1198.978 -1 -1 -1 -1000 -1000 -1000 -10 0.00756064
Car -1 -1 -10 0.000 803.332 212.860 1192.769 -1 -1 -1 -1000 -1000 -1000 -10 0.00297225
Car -1 -1 -10 1582.865 560.024 1920.000 1200.000 -1 -1 -1 -1000 -1000 -1000 -10 0.00265323
Car -1 -1 -10 115.589 745.418 245.390 1200.000 -1 -1 -1 -1000 -1000 -1000 -10 0.00088001
Car -1 -1 -10 5.053 954.924 334.638 1200.000 -1 -1 -1 -1000 -1000 -1000 -10 0.00237089
Car -1 -1 -10 1.055 659.402 122.655 758.673 -1 -1 -1 -1000 -1000 -1000 -10 0.00170710
Car -1 -1 -10 1442.565 423.593 1920.000 1001.462 -1 -1 -1 -1000 -1000 -1000 -10 0.00156525
Car -1 -1 -10 15.446 444.995 362.675 802.335 -1 -1 -1 -1000 -1000 -1000 -10 0.00080935
Car -1 -1 -10 18.651 593.815 526.223 1123.236 -1 -1 -1 -1000 -1000 -1000 -10 0.00148179
Car -1 -1 -10 13.558 555.301 135.831 762.711 -1 -1 -1 -1000 -1000 -1000 -10 0.00073131
Car -1 -1 -10 1612.670 645.635 1906.664 1008.711 -1 -1 -1 -1000 -1000 -1000 -10 0.00072723
Car -1 -1 -10 63.423 352.104 364.542 1200.000 -1 -1 -1 -1000 -1000 -1000 -10 0.00138312
Car -1 -1 -10 22.075 314.880 130.958 988.764 -1 -1 -1 -1000 -1000 -1000 -10 0.00069945
Car -1 -1 -10 1395.173 464.953 1560.261 560.394 -1 -1 -1 -1000 -1000 -1000 -10 0.00124153
Car -1 -1 -10 47.724 515.662 88.372 844.995 -1 -1 -1 -1000 -1000 -1000 -10 0.00068881
Car -1 -1 -10 1477.062 804.399 1920.000 1200.000 -1 -1 -1 -1000 -1000 -1000 -10 0.00068878
Car -1 -1 -10 99.496 811.865 263.269 1200.000 -1 -1 -1 -1000 -1000 -1000 -10 0.00067642
Car -1 -1 -10 0.571 573.754 249.502 792.079 -1 -1 -1 -1000 -1000 -1000 -10 0.00065976
Car -1 -1 -10 762.304 581.058 816.753 644.214 -1 -1 -1 -1000 -1000 -1000 -10 0.00065844
Car -1 -1 -10 535.098 1107.270 785.822 1200.000 -1 -1 -1 -1000 -1000 -1000 -10 0.00064601
Car -1 -1 -10 15.194 300.883 464.694 826.530 -1 -1 -1 -1000 -1000 -1000 -10 0.00064181
Car -1 -1 -10 1318.642 545.489 1877.036 1161.640 -1 -1 -1 -1000 -1000 -1000 -10 0.00062984
Car -1 -1 -10 11.140 577.378 347.308 866.796 -1 -1 -1 -1000 -1000 -1000 -10 0.00062893
Car -1 -1 -10 19.703 435.253 133.813 851.934 -1 -1 -1 -1000 -1000 -1000 -10 0.00062650
Car -1 -1 -10 0.000 1166.626 25.104 1200.000 -1 -1 -1 -1000 -1000 -1000 -10 0.00062247
Car -1 -1 -10 1660.304 631.168 1920.000 1026.191 -1 -1 -1 -1000 -1000 -1000 -10 0.00061298
Car -1 -1 -10 754.928 517.778 812.548 720.168 -1 -1 -1 -1000 -1000 -1000 -10 0.00060972
Car -1 -1 -10 573.543 637.890 745.866 1193.381 -1 -1 -1 -1000 -1000 -1000 -10 0.00060038
Car -1 -1 -10 708.750 588.444 901.925 1181.785 -1 -1 -1 -1000 -1000 -1000 -10 0.00059764
Car -1 -1 -10 14.049 583.597 335.557 973.146 -1 -1 -1 -1000 -1000 -1000 -10 0.00059565
Car -1 -1 -10 56.380 490.106 298.779 1200.000 -1 -1 -1 -1000 -1000 -1000 -10 0.00055647
Car -1 -1 -10 67.863 620.734 225.495 706.604 -1 -1 -1 -1000 -1000 -1000 -10 0.00053335
Car -1 -1 -10 695.861 1106.723 939.915 1200.000 -1 -1 -1 -1000 -1000 -1000 -10 0.00052939
Car -1 -1 -10 439.103 1108.140 691.348 1200.000 -1 -1 -1 -1000 -1000 -1000 -10 0.00052667
