Car -1 -1 -10 452.160 591.707 614.109 703.382 -1 -1 -1 -1000 -1000 -1000 -10 0.99474247
Car -1 -1 -10 399.384 611.236 489.651 693.807 -1 -1 -1 -1000 -1000 -1000 -10 0.49997991
Car -1 -1 -10 922.129 608.391 1009.200 674.989 -1 -1 -1 -1000 -1000 -1000 -10 0.34030641
Car -1 -1 -10 575.713 603.754 627.937 655.013 -1 -1 -1 -1000 -1000 -1000 -10 0.29229222
Car -1 -1 -10 420.279 601.749 541.751 708.120 -1 -1 -1 -1000 -1000 -1000 -10 0.04974001
Car -1 -1 -10 0.000 789.657 469.437 1198.174 -1 -1 -1 -1000 -1000 -1000 -10 0.01617726
Car -1 -1 -10 0.000 618.964 106.690 716.768 -1 -1 -1 -1000 -1000 -1000 -10 0.00918227
Car -1 -1 -10 0.000 828.855 217.603 1193.182 -1 -1 -1 -1000 -1000 -1000 -10 0.00853475
Car -1 -1 -10 769.377 595.245 801.327 637.458 -1 -1 -1 -1000 -1000 -1000 -10 0.00711757
Car -1 -1 -10 5.317 978.071 352.678 1200.000 -1 -1 -1 -1000 -1000 -1000 -10 0.00620625
Car -1 -1 -10 778.743 592.814 818.746 642.386 -1 -1 -1 -1000 -1000 -1000 -10 0.00240821
Car -1 -1 -10 1.780 923.694 239.840 1200.000 -1 -1 -1 -1000 -1000 -1000 -10 0.00443224
Car -1 -1 -10 21.267 617.573 180.755 712.905 -1 -1 -1 -1000 -1000 -1000 -10 0.00192199
Car -1 -1 -10 902.907 597.659 980.011 667.335 -1 -1 -1 -1000 -1000 -1000 -10 0.00173969
Car -1 -1 -10 0.533 608.927 174.524 756.067 -1 -1 -1 -1000 -1000 -1000 -10 0.00153330
Car -1 -1 -10 935.719 598.987 1042.391 689.304 -1 -1 -1 -1000 -1000 -1000 -10 0.00152657
Car -1 -1 -10 946.971 592.273 1098.871 680.342 -1 -1 -1 -1000 -1000 -1000 -10 0.00144294
Car -1 -1 -10 955.845 604.345 1016.810 664.344 -1 -1 -1 -1000 -1000 -1000 -10 0.00142774
Car -1 -1 -10 0.000 1058.580 201.435 1200.000 -1 -1 -1 -1000 -1000 -1000 -10 0.00268113
Car -1 -1 -10 0.000 631.294 60.721 706.292 -1 -1 -1 -1000 -1000 -1000 -10 0.00129940
Car -1 -1 -10 855.540 593.888 1004.881 676.676 -1 -1 -1 -1000 -1000 -1000 -10 0.00129525
Car -1 -1 -10 595.792 1157.821 632.939 1200.000 -1 -1 -1 -1000 -1000 -1000 -10 0.00125831
