Car -1 -1 -10 423.508 596.024 655.217 742.590 -1 -1 -1 -1000 -1000 -1000 -10 0.99999875
Car -1 -1 -10 896.854 590.613 978.968 652.829 -1 -1 -1 -1000 -1000 -1000 -10 0.97646166
Car -1 -1 -10 0.000 794.375 458.631 1198.186 -1 -1 -1 -1000 -1000 -1000 -10 0.00907286
Car -1 -1 -10 10.267 596.698 143.574 1197.013 -1 -1 -1 -1000 -1000 -1000 -10 0.00512959
Car -1 -1 -10 99.892 455.260 409.504 618.688 -1 -1 -1 -1000 -1000 -1000 -10 0.00435580
Car -1 -1 -10 0.000 391.576 477.845 659.942 -1 -1 -1 -1000 -1000 -1000 -10 0.00167126
Car -1 -1 -10 524.747 790.662 1083.056 1195.140 -1 -1 -1 -1000 -1000 -1000 -10 0.00241275
Car -1 -1 -10 0.000 348.890 459.719 612.990 -1 -1 -1 -1000 -1000 -1000 -10 0.00157014
Car -1 -1 -10 18.000 538.319 578.805 1178.662 -1 -1 -1 -1000 -1000 -1000 -10 0.00256760
Car -1 -1 -10 719.675 647.159 910.064 1190.875 -1 -1 -1 -1000 -1000 -1000 -10 0.00250690
Car -1 -1 -10 0.000 1157.254 30.845 1200.000 -1 -1 -1 -1000 -1000 -1000 -10 0.00128553
Car -1 -1 -10 154.380 112.924 340.270 1111.853 -1 -1 -1 -1000 -1000 -1000 -10 0.00121586
Car -1 -1 -10 1463.967 805.556 1920.000 1200.000 -1 -1 -1 -1000 -1000 -1000 -10 0.00307611
Car -1 -1 -10 129.541 219.926 336.105 921.607 -1 -1 -1 -1000 -1000 -1000 -10 0.00117990
Car -1 -1 -10 0.000 933.446 322.324 1200.000 -1 -1 -1 -1000 -1000 -1000 -10 0.00208950
Car -1 -1 -10 46.686 626.316 209.609 1198.577 -1 -1 -1 -1000 -1000 -1000 -10 0.00114224
Car -1 -1 -10 42.745 409.543 421.434 612.982 -1 -1 -1 -1000 -1000 -1000 -10 0.00113087
Car -1 -1 -10 37.777 1159.039 74.697 1200.000 -1 -1 -1 -1000 -1000 -1000 -10 0.00112852
Car -1 -1 -10 1515.171 410.317 1920.000 666.372 -1 -1 -1 -1000 -1000 -1000 -10 0.00111489
Car -1 -1 -10 11.892 348.079 538.154 770.577 -1 -1 -1 -1000 -1000 -1000 -10 0.00209492
Car -1 -1 -10 73.859 138.931 352.192 1200.000 -1 -1 -1 -1000 -1000 -1000 -10 0.00188999
Car -1 -1 -10 619.136 653.427 798.086 1191.888 -1 -1 -1 -1000 -1000 -1000 -10 0.00096972
Car -1 -1 -10 369.083 689.628 611.831 1200.000 -1 -1 -1 -1000 -1000 -1000 -10 0.00095869
Car -1 -1 -10 472.665 1039.391 927.920 1200.000 -1 -1 -1 -1000 -1000 -1000 -10 0.00095000
Car -1 -1 -10 777.851 662.351 969.946 1194.381 -1 -1 -1 -1000 -1000 -1000 -10 0.00094474
Car -1 -1 -10 293.107 1034.949 722.755 1200.000 -1 -1 -1 -1000 -1000 -1000 -10 0.00091778
Car -1 -1 -10 57.185 386.305 364.350 540.176 -1 -1 -1 -1000 -1000 -1000 -10 0.00091348
Car -1 -1 -10 1519.809 438.597 1917.241 719.760 -1 -1 -1 -1000 -1000 -1000 -10 0.00090057
Car -1 -1 -10 58.491 363.531 362.440 518.317 -1 -1 -1 -1000 -1000 -1000 -10 0.00082195
Car -1 -1 -10 751.059 587.206 906.530 1200.000 -1 -1 -1 -1000 -1000 -1000 -10 0.00082090
Car -1 -1 -10 371.000 1105.628 616.331 1200.000 -1 -1 -1 -1000 -1000 -1000 -10 0.00081623
Car -1 -1 -10 54.612 508.791 364.328 665.244 -1 -1 -1 -1000 -1000 -1000 -10 0.00079713
Car -1 -1 -10 135.622 441.115 301.354 536.305 -1 -1 -1 -1000 -1000 -1000 -10 0.00078410
Car -1 -1 -10 105.528 539.035 256.656 1200.000 -1 -1 -1 -1000 -1000 -1000 -10 0.00072810
