Car -1 -1 -10 279.574 546.398 573.965 691.583 -1 -1 -1 -1000 -1000 -1000 -10 0.77479038
Car -1 -1 -10 1684.597 479.419 1916.772 698.529 -1 -1 -1 -1000 -1000 -1000 -10 0.05009067
Car -1 -1 -10 968.246 615.638 1324.077 1195.873 -1 -1 -1 -1000 -1000 -1000 -10 0.01462658
Car -1 -1 -10 31.371 490.994 1078.649 1179.081 -1 -1 -1 -1000 -1000 -1000 -10 0.02357140
Car -1 -1 -10 1231.777 545.980 1391.420 625.775 -1 -1 -1 -1000 -1000 -1000 -10 0.01426132
Car -1 -1 -10 0.000 667.968 674.732 1200.000 -1 -1 -1 -1000 -1000 -1000 -10 0.00622277
Car -1 -1 -10 261.253 539.145 608.360 1200.000 -1 -1 -1 -1000 -1000 -1000 -10 0.01024765
Car -1 -1 -10 0.000 541.382 832.835 1195.521 -1 -1 -1 -1000 -1000 -1000 -10 0.00571777
Car -1 -1 -10 1064.369 614.391 1633.161 1024.598 -1 -1 -1 -1000 -1000 -1000 -10 0.00554971
Car -1 -1 -10 1701.534 489.919 1857.361 588.837 -1 -1 -1 -1000 -1000 -1000 -10 0.00842203
Car -1 -1 -10 710.041 792.305 1397.827 1200.000 -1 -1 -1 -1000 -1000 -1000 -10 0.00802480
Car -1 -1 -10 477.358 503.228 1576.948 1183.669 -1 -1 -1 -1000 -1000 -1000 -10 0.00866048
Car -1 -1 -10 1128.048 574.526 1546.235 796.225 -1 -1 -1 -1000 -1000 -1000 -10 0.00767391
Car -1 -1 -10 1787.125 513.481 1916.603 660.764 -1 -1 -1 -1000 -1000 -1000 -10 0.00787580
Car -1 -1 -10 0.000 570.011 526.854 1189.688 -1 -1 -1 -1000 -1000 -1000 -10 0.00398163
Car -1 -1 -10 1764.516 515.646 1895.418 659.509 -1 -1 -1 -1000 -1000 -1000 -10 0.00704437
Car -1 -1 -10 278.308 556.580 452.397 666.637 -1 -1 -1 -1000 -1000 -1000 -10 0.00367742
Car -1 -1 -10 1518.460 477.839 1920.000 1011.158 -1 -1 -1 -1000 -1000 -1000 -10 0.00667603
Car -1 -1 -10 1774.829 481.060 1914.269 597.385 -1 -1 -1 -1000 -1000 -1000 -10 0.00711251
Car -1 -1 -10 0.000 800.574 475.593 1200.000 -1 -1 -1 -1000 -1000 -1000 -10 0.00336137
Car -1 -1 -10 796.114 545.185 1792.734 1183.826 -1 -1 -1 -1000 -1000 -1000 -10 0.00327041
Car -1 -1 -10 368.144 578.239 546.884 685.564 -1 -1 -1 -1000 -1000 -1000 -10 0.00303979
Car -1 -1 -10 1101.689 588.247 1690.315 945.469 -1 -1 -1 -1000 -1000 -1000 -10 0.00303218
Car -1 -1 -10 300.180 561.467 472.612 663.918 -1 -1 -1 -1000 -1000 -1000 -10 0.00279796
Car -1 -1 -10 1737.857 494.459 1877.977 632.345 -1 -1 -1 -1000 -1000 -1000 -10 0.00251121
Car -1 -1 -10 19.194 780.021 620.071 1195.857 -1 -1 -1 -1000 -1000 -1000 -10 0.00248811
