Car -1 -1 -10 0.000 789.175 472.981 1197.703 -1 -1 -1 -1000 -1000 -1000 -10 0.00946822
Car -1 -1 -10 0.000 622.162 511.144 1200.000 -1 -1 -1 -1000 -1000 -1000 -10 0.00294407
Car -1 -1 -10 0.000 813.650 215.423 1192.544 -1 -1 -1 -1000 -1000 -1000 -10 0.00346651
Car -1 -1 -10 4.542 967.311 344.977 1200.000 -1 -1 -1 -1000 -1000 -1000 -10 0.00416317
Car -1 -1 -10 0.000 531.594 807.623 1190.733 -1 -1 -1 -1000 -1000 -1000 -10 0.00402939
Car -1 -1 -10 67.932 364.964 366.613 1200.000 -1 -1 -1 -1000 -1000 -1000 -10 0.00213696
Car -1 -1 -10 82.547 788.505 277.655 1200.000 -1 -1 -1 -1000 -1000 -1000 -10 0.00206798
Car -1 -1 -10 1536.323 519.668 1758.117 734.849 -1 -1 -1 -1000 -1000 -1000 -10 0.00109181
Car -1 -1 -10 1628.745 529.535 1920.000 900.188 -1 -1 -1 -1000 -1000 -1000 -10 0.00183128
Car -1 -1 -10 619.606 1157.301 657.008 1200.000 -1 -1 -1 -1000 -1000 -1000 -10 0.00152372
Car -1 -1 -10 605.911 1126.943 670.980 1200.000 -1 -1 -1 -1000 -1000 -1000 -10 0.00082257
Car -1 -1 -10 499.851 1105.487 750.120 1200.000 -1 -1 -1 -1000 -1000 -1000 -10 0.00140423
Car -1 -1 -10 1598.755 501.628 1772.757 667.139 -1 -1 -1 -1000 -1000 -1000 -10 0.00077052
Car -1 -1 -10 0.000 708.781 296.661 1139.717 -1 -1 -1 -1000 -1000 -1000 -10 0.00075997
Car -1 -1 -10 0.000 876.434 401.427 1200.000 -1 -1 -1 -1000 -1000 -1000 -10 0.00073738
Car -1 -1 -10 1610.478 525.121 1720.775 635.708 -1 -1 -1 -1000 -1000 -1000 -10 0.00069360
Car -1 -1 -10 622.326 630.839 794.742 1190.208 -1 -1 -1 -1000 -1000 -1000 -10 0.00065927
Car -1 -1 -10 0.000 637.057 359.621 1096.932 -1 -1 -1 -1000 -1000 -1000 -10 0.00065076
Car -1 -1 -10 706.841 1127.981 773.369 1200.000 -1 -1 -1 -1000 -1000 -1000 -10 0.00064827
Car -1 -1 -10 549.724 635.599 722.515 1192.207 -1 -1 -1 -1000 -1000 -1000 -10 0.00064696
Car -1 -1 -10 609.106 1088.645 667.866 1200.000 -1 -1 -1 -1000 -1000 -1000 -10 0.00064536
Car -1 -1 -10 0.000 188.554 421.335 718.129 -1 -1 -1 -1000 -1000 -1000 -10 0.00124662
Car -1 -1 -10 2.792 958.903 212.015 1200.000 -1 -1 -1 -1000 -1000 -1000 -10 0.00061007
Car -1 -1 -10 403.112 1044.709 850.269 1200.000 -1 -1 -1 -1000 -1000 -1000 -10 0.00060746
Car -1 -1 -10 756.430 577.877 948.906 1177.283 -1 -1 -1 -1000 -1000 -1000 -10 0.00060617
Car -1 -1 -10 720.538 1157.542 759.396 1200.000 -1 -1 -1 -1000 -1000 -1000 -10 0.00059213
Car -1 -1 -10 1723.415 543.642 1920.000 732.009 -1 -1 -1 -1000 -1000 -1000 -10 0.00057790
Car -1 -1 -10 719.408 612.076 768.831 658.103 -1 -1 -1 -1000 -1000 -1000 -10 0.00057517
Car -1 -1 -10 1502.981 461.389 1839.984 820.671 -1 -1 -1 -1000 -1000 -1000 -10 0.00056801
Car -1 -1 -10 694.951 627.282 866.830 1189.637 -1 -1 -1 -1000 -1000 -1000 -10 0.00055678
Car -1 -1 -10 1555.717 542.306 1722.046 717.453 -1 -1 -1 -1000 -1000 -1000 -10 0.00054157
Car -1 -1 -10 516.096 588.198 709.811 1178.498 -1 -1 -1 -1000 -1000 -1000 -10 0.00053876
Car -1 -1 -10 403.322 1107.528 654.884 1200.000 -1 -1 -1 -1000 -1000 -1000 -10 0.00053532
Car -1 -1 -10 594.682 1107.970 846.687 1200.000 -1 -1 -1 -1000 -1000 -1000 -10 0.00053385
