Car -1 -1 -10 481.250 617.740 557.263 675.426 -1 -1 -1 -1000 -1000 -1000 -10 0.91953458
Car -1 -1 -10 0.000 797.008 459.096 1199.580 -1 -1 -1 -1000 -1000 -1000 -10 0.00759144
Car -1 -1 -10 1808.374 626.429 1920.000 834.493 -1 -1 -1 -1000 -1000 -1000 -10 0.00198010
Car -1 -1 -10 1760.465 623.430 1920.000 845.126 -1 -1 -1 -1000 -1000 -1000 -10 0.00195729
Car -1 -1 -10 1409.353 578.234 1920.000 1198.403 -1 -1 -1 -1000 -1000 -1000 -10 0.00674365
Car -1 -1 -10 275.206 592.622 467.147 1177.575 -1 -1 -1 -1000 -1000 -1000 -10 0.00161389
Car -1 -1 -10 1638.185 597.697 1920.000 963.424 -1 -1 -1 -1000 -1000 -1000 -10 0.00305148
Car -1 -1 -10 1510.995 538.014 1919.474 833.411 -1 -1 -1 -1000 -1000 -1000 -10 0.00483919
Car -1 -1 -10 392.526 612.559 447.421 671.451 -1 -1 -1 -1000 -1000 -1000 -10 0.00260449
Car -1 -1 -10 0.000 804.539 200.771 1196.865 -1 -1 -1 -1000 -1000 -1000 -10 0.00407235
Car -1 -1 -10 1534.795 659.099 1911.511 990.339 -1 -1 -1 -1000 -1000 -1000 -10 0.00251634
Car -1 -1 -10 9.180 1106.662 254.380 1200.000 -1 -1 -1 -1000 -1000 -1000 -10 0.00352229
Car -1 -1 -10 226.367 618.549 404.549 1186.232 -1 -1 -1 -1000 -1000 -1000 -10 0.00341907
Car -1 -1 -10 1600.594 543.164 1758.242 634.755 -1 -1 -1 -1000 -1000 -1000 -10 0.00227756
Car -1 -1 -10 0.000 1009.036 258.440 1200.000 -1 -1 -1 -1000 -1000 -1000 -10 0.00119392
Car -1 -1 -10 0.000 940.547 314.054 1200.000 -1 -1 -1 -1000 -1000 -1000 -10 0.00118936
Car -1 -1 -10 53.083 584.448 253.652 1185.677 -1 -1 -1 -1000 -1000 -1000 -10 0.00227146
Car -1 -1 -10 347.608 679.347 586.835 1200.000 -1 -1 -1 -1000 -1000 -1000 -10 0.00116254
Car -1 -1 -10 308.167 626.592 484.205 1190.803 -1 -1 -1 -1000 -1000 -1000 -10 0.00114969
Car -1 -1 -10 13.788 454.700 519.526 1200.000 -1 -1 -1 -1000 -1000 -1000 -10 0.00110960
Car -1 -1 -10 1712.648 641.399 1920.000 874.049 -1 -1 -1 -1000 -1000 -1000 -10 0.00109105
Car -1 -1 -10 1347.646 494.145 1795.585 773.718 -1 -1 -1 -1000 -1000 -1000 -10 0.00108354
Car -1 -1 -10 428.250 1158.100 466.375 1200.000 -1 -1 -1 -1000 -1000 -1000 -10 0.00108085
Car -1 -1 -10 80.735 539.970 232.505 1200.000 -1 -1 -1 -1000 -1000 -1000 -10 0.00107819
Car -1 -1 -10 1831.182 631.774 1920.000 800.606 -1 -1 -1 -1000 -1000 -1000 -10 0.00107710
Car -1 -1 -10 1367.888 440.455 1908.472 882.495 -1 -1 -1 -1000 -1000 -1000 -10 0.00107013
Car -1 -1 -10 405.955 1115.324 488.479 1200.000 -1 -1 -1 -1000 -1000 -1000 -10 0.00106321
Car -1 -1 -10 9.841 1039.273 358.550 1200.000 -1 -1 -1 -1000 -1000 -1000 -10 0.00105620
Car -1 -1 -10 12.159 989.595 394.641 1200.000 -1 -1 -1 -1000 -1000 -1000 -10 0.00104704
Car -1 -1 -10 59.034 389.370 378.322 1200.000 -1 -1 -1 -1000 -1000 -1000 -10 0.00103027
Car -1 -1 -10 0.000 1111.045 123.442 1200.000 -1 -1 -1 -1000 -1000 -1000 -10 0.00099813
