Car -1 -1 -10 705.915 568.465 804.662 645.371 -1 -1 -1 -1000 -1000 -1000 -10 0.98890719
Car -1 -1 -10 1312.863 503.452 1535.488 620.949 -1 -1 -1 -1000 -1000 -1000 -10 0.16713373
Car -1 -1 -10 255.587 570.622 413.167 642.617 -1 -1 -1 -1000 -1000 -1000 -10 0.04554038
Car -1 -1 -10 856.756 566.868 916.503 615.778 -1 -1 -1 -1000 -1000 -1000 -10 0.02877897
Car -1 -1 -10 492.091 501.328 1733.660 1191.987 -1 -1 -1 -1000 -1000 -1000 -10 0.03143962
Car -1 -1 -10 615.608 558.329 692.193 625.162 -1 -1 -1 -1000 -1000 -1000 -10 0.00938805
Car -1 -1 -10 6.420 731.875 688.753 1200.000 -1 -1 -1 -1000 -1000 -1000 -10 0.00460727
Car -1 -1 -10 822.849 1052.256 1225.388 1197.451 -1 -1 -1 -1000 -1000 -1000 -10 0.01185568
Car -1 -1 -10 1014.300 513.375 1920.000 1198.353 -1 -1 -1 -1000 -1000 -1000 -10 0.00711427
Car -1 -1 -10 466.993 824.401 1114.488 1189.531 -1 -1 -1 -1000 -1000 -1000 -10 0.00441719
Car -1 -1 -10 786.940 792.366 1481.296 1200.000 -1 -1 -1 -1000 -1000 -1000 -10 0.00763438
Car -1 -1 -10 1159.017 735.674 1920.000 1193.755 -1 -1 -1 -1000 -1000 -1000 -10 0.00406304
Car -1 -1 -10 850.786 1034.009 1311.796 1200.000 -1 -1 -1 -1000 -1000 -1000 -10 0.00396753
Car -1 -1 -10 957.138 754.717 1883.667 1196.928 -1 -1 -1 -1000 -1000 -1000 -10 0.00395605
Car -1 -1 -10 684.535 784.572 1368.923 1200.000 -1 -1 -1 -1000 -1000 -1000 -10 0.00666857
Car -1 -1 -10 1350.921 537.061 1518.957 630.962 -1 -1 -1 -1000 -1000 -1000 -10 0.00632007
Car -1 -1 -10 0.000 786.526 514.739 1197.348 -1 -1 -1 -1000 -1000 -1000 -10 0.00635621
Car -1 -1 -10 639.808 854.704 971.568 1195.503 -1 -1 -1 -1000 -1000 -1000 -10 0.00656845
Car -1 -1 -10 1262.552 809.263 1900.951 1194.430 -1 -1 -1 -1000 -1000 -1000 -10 0.00625720
Car -1 -1 -10 1476.566 734.433 1718.111 1194.265 -1 -1 -1 -1000 -1000 -1000 -10 0.00317853
Car -1 -1 -10 0.000 520.607 977.485 1197.200 -1 -1 -1 -1000 -1000 -1000 -10 0.00862422
Car -1 -1 -10 591.802 1025.455 1031.616 1200.000 -1 -1 -1 -1000 -1000 -1000 -10 0.00303806
Car -1 -1 -10 319.927 800.969 957.197 1196.394 -1 -1 -1 -1000 -1000 -1000 -10 0.00579983
Car -1 -1 -10 1224.151 1031.627 1595.507 1193.424 -1 -1 -1 -1000 -1000 -1000 -10 0.00294558
Car -1 -1 -10 1456.561 801.987 1920.000 1200.000 -1 -1 -1 -1000 -1000 -1000 -10 0.00293540
Car -1 -1 -10 947.124 1085.336 1115.030 1187.734 -1 -1 -1 -1000 -1000 -1000 -10 0.00291292
Car -1 -1 -10 0.000 670.468 355.162 1190.925 -1 -1 -1 -1000 -1000 -1000 -10 0.00290900
Car -1 -1 -10 1043.849 1068.418 1215.111 1164.155 -1 -1 -1 -1000 -1000 -1000 -10 0.00283088
Car -1 -1 -10 848.668 837.027 1194.051 1192.704 -1 -1 -1 -1000 -1000 -1000 -10 0.00280576
Car -1 -1 -10 1244.293 848.990 1568.134 1198.094 -1 -1 -1 -1000 -1000 -1000 -10 0.00279809
Car -1 -1 -10 933.398 1068.056 1105.322 1164.731 -1 -1 -1 -1000 -1000 -1000 -10 0.00278248
Car -1 -1 -10 951.655 797.401 1140.075 1200.000 -1 -1 -1 -1000 -1000 -1000 -10 0.00267834
Car -1 -1 -10 923.638 847.842 1511.086 1189.460 -1 -1 -1 -1000 -1000 -1000 -10 0.00266801
Car -1 -1 -10 1395.154 760.719 1735.628 1187.851 -1 -1 -1 -1000 -1000 -1000 -10 0.00266691
Car -1 -1 -10 872.355 895.216 1166.486 1200.000 -1 -1 -1 -1000 -1000 -1000 -10 0.00266525
Car -1 -1 -10 1063.947 675.934 1216.067 1200.000 -1 -1 -1 -1000 -1000 -1000 -10 0.00265521
Car -1 -1 -10 1286.495 1102.560 1546.221 1200.000 -1 -1 -1 -1000 -1000 -1000 -10 0.00496541
Car -1 -1 -10 912.708 845.223 1348.791 1098.700 -1 -1 -1 -1000 -1000 -1000 -10 0.00256092
Car -1 -1 -10 986.723 1073.101 1269.362 1197.339 -1 -1 -1 -1000 -1000 -1000 -10 0.00254281
Car -1 -1 -10 1529.591 806.244 1920.000 1048.389 -1 -1 -1 -1000 -1000 -1000 -10 0.00246632
Car -1 -1 -10 997.018 855.013 1452.379 1095.832 -1 -1 -1 -1000 -1000 -1000 -10 0.00245839
Car -1 -1 -10 534.611 979.197 1091.328 1200.000 -1 -1 -1 -1000 -1000 -1000 -10 0.00245423
Car -1 -1 -10 1131.337 983.321 1689.188 1200.000 -1 -1 -1 -1000 -1000 -1000 -10 0.00244801
Car -1 -1 -10 1493.475 554.598 1910.874 1197.304 -1 -1 -1 -1000 -1000 -1000 -10 0.00231809
