Car -1 -1 -10 529.817 600.170 715.020 737.273 -1 -1 -1 -1000 -1000 -1000 -10 0.99713315
Car -1 -1 -10 674.235 607.412 770.772 689.573 -1 -1 -1 -1000 -1000 -1000 -10 0.46367241
Car -1 -1 -10 417.223 634.665 471.827 682.566 -1 -1 -1 -1000 -1000 -1000 -10 0.03774188
Car -1 -1 -10 624.899 607.728 756.094 711.372 -1 -1 -1 -1000 -1000 -1000 -10 0.00707056
Car -1 -1 -10 599.123 589.850 710.098 703.863 -1 -1 -1 -1000 -1000 -1000 -10 0.00914369
Car -1 -1 -10 517.734 599.847 632.652 711.506 -1 -1 -1 -1000 -1000 -1000 -10 0.00953964
Car -1 -1 -10 612.654 600.482 740.529 722.210 -1 -1 -1 -1000 -1000 -1000 -10 0.00393362
Car -1 -1 -10 654.050 608.009 731.568 680.579 -1 -1 -1 -1000 -1000 -1000 -10 0.00477711
Car -1 -1 -10 521.040 600.560 615.270 686.969 -1 -1 -1 -1000 -1000 -1000 -10 0.00254041
Car -1 -1 -10 695.877 606.360 755.259 662.694 -1 -1 -1 -1000 -1000 -1000 -10 0.00663689
Car -1 -1 -10 0.000 795.084 465.659 1197.879 -1 -1 -1 -1000 -1000 -1000 -10 0.00759032
Car -1 -1 -10 705.686 607.125 763.349 664.144 -1 -1 -1 -1000 -1000 -1000 -10 0.00205908
Car -1 -1 -10 644.134 605.120 734.787 696.345 -1 -1 -1 -1000 -1000 -1000 -10 0.00346167
Car -1 -1 -10 704.691 634.390 763.818 694.419 -1 -1 -1 -1000 -1000 -1000 -10 0.00307724
Car -1 -1 -10 0.000 643.576 786.837 1199.723 -1 -1 -1 -1000 -1000 -1000 -10 0.00138868
Car -1 -1 -10 696.128 569.051 742.797 729.157 -1 -1 -1 -1000 -1000 -1000 -10 0.00370473
Car -1 -1 -10 521.343 612.468 613.683 698.711 -1 -1 -1 -1000 -1000 -1000 -10 0.00134220
Car -1 -1 -10 0.000 931.662 231.611 1200.000 -1 -1 -1 -1000 -1000 -1000 -10 0.00131620
Car -1 -1 -10 7.783 1106.489 250.134 1200.000 -1 -1 -1 -1000 -1000 -1000 -10 0.00131254
Car -1 -1 -10 0.000 536.818 893.297 1200.000 -1 -1 -1 -1000 -1000 -1000 -10 0.00130189
Car -1 -1 -10 703.301 598.799 731.717 694.052 -1 -1 -1 -1000 -1000 -1000 -10 0.00129875
Car -1 -1 -10 0.000 867.424 250.153 1200.000 -1 -1 -1 -1000 -1000 -1000 -10 0.00127978
Car -1 -1 -10 704.127 569.962 750.743 730.424 -1 -1 -1 -1000 -1000 -1000 -10 0.00127095
Car -1 -1 -10 635.038 603.920 689.949 662.610 -1 -1 -1 -1000 -1000 -1000 -10 0.00115254
Car -1 -1 -10 628.237 516.534 678.331 812.106 -1 -1 -1 -1000 -1000 -1000 -10 0.00114143
Car -1 -1 -10 42.603 650.584 216.242 1191.797 -1 -1 -1 -1000 -1000 -1000 -10 0.00112607
Car -1 -1 -10 406.535 0.000 1031.803 370.927 -1 -1 -1 -1000 -1000 -1000 -10 0.00211393
Car -1 -1 -10 21.511 750.836 146.633 1199.231 -1 -1 -1 -1000 -1000 -1000 -10 0.00219783
Car -1 -1 -10 561.534 387.263 710.575 875.892 -1 -1 -1 -1000 -1000 -1000 -10 0.00109922
Car -1 -1 -10 617.277 514.563 666.227 829.068 -1 -1 -1 -1000 -1000 -1000 -10 0.00108475
Car -1 -1 -10 641.453 600.315 683.449 667.250 -1 -1 -1 -1000 -1000 -1000 -10 0.00108444
Car -1 -1 -10 3.454 951.805 316.692 1200.000 -1 -1 -1 -1000 -1000 -1000 -10 0.00211247
Car -1 -1 -10 708.610 609.117 737.322 702.691 -1 -1 -1 -1000 -1000 -1000 -10 0.00107324
Car -1 -1 -10 9.961 1086.387 295.163 1200.000 -1 -1 -1 -1000 -1000 -1000 -10 0.00101830
Car -1 -1 -10 24.860 1136.046 200.897 1200.000 -1 -1 -1 -1000 -1000 -1000 -10 0.00101327
