Car -1 -1 -10 79.997 586.493 291.060 734.923 -1 -1 -1 -1000 -1000 -1000 -10 0.99997127
Car -1 -1 -10 608.868 572.670 764.148 698.249 -1 -1 -1 -1000 -1000 -1000 -10 0.80177204
Car -1 -1 -10 279.196 596.964 366.483 687.451 -1 -1 -1 -1000 -1000 -1000 -10 0.35838889
Car -1 -1 -10 869.888 515.693 1534.588 779.011 -1 -1 -1 -1000 -1000 -1000 -10 0.42820526
Car -1 -1 -10 15.171 588.484 168.326 694.426 -1 -1 -1 -1000 -1000 -1000 -10 0.12026226
Car -1 -1 -10 213.977 594.063 328.305 708.249 -1 -1 -1 -1000 -1000 -1000 -10 0.12827882
Car -1 -1 -10 992.937 528.707 1408.613 754.020 -1 -1 -1 -1000 -1000 -1000 -10 0.01185354
Car -1 -1 -10 739.328 590.226 1623.604 1122.007 -1 -1 -1 -1000 -1000 -1000 -10 0.01193481
Car -1 -1 -10 1196.812 521.045 1562.591 727.654 -1 -1 -1 -1000 -1000 -1000 -10 0.01089978
Car -1 -1 -10 838.943 516.357 1218.591 749.486 -1 -1 -1 -1000 -1000 -1000 -10 0.01457720
Car -1 -1 -10 675.341 483.824 1904.274 1200.000 -1 -1 -1 -1000 -1000 -1000 -10 0.00433617
