Car -1 -1 -10 0.000 522.162 1055.432 1197.176 -1 -1 -1 -1000 -1000 -1000 -10 0.02309221
Car -1 -1 -10 0.000 783.276 657.216 1198.384 -1 -1 -1 -1000 -1000 -1000 -10 0.01743583
Car -1 -1 -10 307.271 504.898 1574.943 1197.302 -1 -1 -1 -1000 -1000 -1000 -10 0.00874811
Car -1 -1 -10 450.521 773.222 1379.085 1188.431 -1 -1 -1 -1000 -1000 -1000 -10 0.01262194
Car -1 -1 -10 211.215 570.039 340.896 1196.240 -1 -1 -1 -1000 -1000 -1000 -10 0.00477963
Car -1 -1 -10 111.406 167.180 404.818 1184.528 -1 -1 -1 -1000 -1000 -1000 -10 0.00574185
Car -1 -1 -10 0.000 849.912 392.004 1110.016 -1 -1 -1 -1000 -1000 -1000 -10 0.00539350
Car -1 -1 -10 0.000 557.832 380.328 1200.000 -1 -1 -1 -1000 -1000 -1000 -10 0.00276495
Car -1 -1 -10 11.073 434.665 516.042 1192.266 -1 -1 -1 -1000 -1000 -1000 -10 0.00263558
Car -1 -1 -10 620.242 503.564 1811.133 1199.673 -1 -1 -1 -1000 -1000 -1000 -10 0.00448317
Car -1 -1 -10 0.000 793.355 278.533 1200.000 -1 -1 -1 -1000 -1000 -1000 -10 0.00224286
Car -1 -1 -10 43.535 355.222 382.071 1200.000 -1 -1 -1 -1000 -1000 -1000 -10 0.00219994
Car -1 -1 -10 20.218 1006.312 551.795 1200.000 -1 -1 -1 -1000 -1000 -1000 -10 0.00424346
Car -1 -1 -10 176.838 509.738 324.941 1200.000 -1 -1 -1 -1000 -1000 -1000 -10 0.00214890
Car -1 -1 -10 149.345 850.774 436.296 1021.483 -1 -1 -1 -1000 -1000 -1000 -10 0.00396957
Car -1 -1 -10 78.118 813.745 526.331 1048.920 -1 -1 -1 -1000 -1000 -1000 -10 0.00204659
Car -1 -1 -10 53.653 854.157 519.472 1093.574 -1 -1 -1 -1000 -1000 -1000 -10 0.00195598
Car -1 -1 -10 14.831 629.922 236.043 1194.778 -1 -1 -1 -1000 -1000 -1000 -10 0.00195082
Car -1 -1 -10 0.000 848.756 433.898 1200.000 -1 -1 -1 -1000 -1000 -1000 -10 0.00191049
Car -1 -1 -10 230.849 691.067 418.689 1193.915 -1 -1 -1 -1000 -1000 -1000 -10 0.00188967
Car -1 -1 -10 154.920 705.534 395.369 1150.847 -1 -1 -1 -1000 -1000 -1000 -10 0.00187331
Car -1 -1 -10 309.640 583.359 438.510 1200.000 -1 -1 -1 -1000 -1000 -1000 -10 0.00186935
Car -1 -1 -10 195.793 845.891 356.458 1200.000 -1 -1 -1 -1000 -1000 -1000 -10 0.00184259
Car -1 -1 -10 151.636 521.667 300.382 1200.000 -1 -1 -1 -1000 -1000 -1000 -10 0.00183545
Car -1 -1 -10 130.797 501.634 279.157 1200.000 -1 -1 -1 -1000 -1000 -1000 -10 0.00176651
Car -1 -1 -10 226.724 461.857 489.191 1200.000 -1 -1 -1 -1000 -1000 -1000 -10 0.00169880
Car -1 -1 -10 547.077 971.295 1105.234 1200.000 -1 -1 -1 -1000 -1000 -1000 -10 0.00165358
Car -1 -1 -10 144.661 699.946 686.427 1050.692 -1 -1 -1 -1000 -1000 -1000 -10 0.00162936
Car -1 -1 -10 859.617 248.310 1160.904 1200.000 -1 -1 -1 -1000 -1000 -1000 -10 0.00161735
Car -1 -1 -10 522.724 929.331 1160.905 1200.000 -1 -1 -1 -1000 -1000 -1000 -10 0.00156820
