Car -1 -1 -10 0.000 586.612 524.306 1200.000 -1 -1 -1 -1000 -1000 -1000 -10 0.02002836
Car -1 -1 -10 66.314 94.096 363.671 1199.092 -1 -1 -1 -1000 -1000 -1000 -10 0.00510252
Car -1 -1 -10 0.273 790.854 355.696 1188.912 -1 -1 -1 -1000 -1000 -1000 -10 0.00575557
Car -1 -1 -10 17.853 556.773 151.385 1194.788 -1 -1 -1 -1000 -1000 -1000 -10 0.00229430
Car -1 -1 -10 46.701 631.242 211.920 1198.472 -1 -1 -1 -1000 -1000 -1000 -10 0.00206180
Car -1 -1 -10 0.000 700.531 304.691 1047.375 -1 -1 -1 -1000 -1000 -1000 -10 0.00195218
Car -1 -1 -10 120.621 500.155 1354.121 1199.091 -1 -1 -1 -1000 -1000 -1000 -10 0.00293308
Car -1 -1 -10 7.415 587.712 336.985 963.193 -1 -1 -1 -1000 -1000 -1000 -10 0.00168824
Car -1 -1 -10 544.523 640.274 1201.068 1068.405 -1 -1 -1 -1000 -1000 -1000 -10 0.00087573
Car -1 -1 -10 0.000 840.671 302.302 1200.000 -1 -1 -1 -1000 -1000 -1000 -10 0.00081691
Car -1 -1 -10 877.585 437.484 1450.538 803.375 -1 -1 -1 -1000 -1000 -1000 -10 0.00079436
Car -1 -1 -10 688.958 646.361 872.813 1193.176 -1 -1 -1 -1000 -1000 -1000 -10 0.00079131
Car -1 -1 -10 987.052 479.655 1278.561 642.218 -1 -1 -1 -1000 -1000 -1000 -10 0.00145701
Car -1 -1 -10 760.417 649.437 945.896 1196.750 -1 -1 -1 -1000 -1000 -1000 -10 0.00071717
Car -1 -1 -10 982.077 537.380 1617.124 948.333 -1 -1 -1 -1000 -1000 -1000 -10 0.00071250
Car -1 -1 -10 53.057 617.445 212.848 711.190 -1 -1 -1 -1000 -1000 -1000 -10 0.00070057
Car -1 -1 -10 104.495 542.413 258.166 1200.000 -1 -1 -1 -1000 -1000 -1000 -10 0.00069486
