Car -1 -1 -10 0.000 494.317 998.765 1199.003 -1 -1 -1 -1000 -1000 -1000 -10 0.01798549
Car -1 -1 -10 1.888 578.492 566.100 1200.000 -1 -1 -1 -1000 -1000 -1000 -10 0.00801549
Car -1 -1 -10 0.000 788.027 461.873 1194.754 -1 -1 -1 -1000 -1000 -1000 -10 0.00265297
Car -1 -1 -10 493.413 503.632 1740.601 1199.884 -1 -1 -1 -1000 -1000 -1000 -10 0.00499752
Car -1 -1 -10 743.540 499.838 1920.000 1200.000 -1 -1 -1 -1000 -1000 -1000 -10 0.00454505
Car -1 -1 -10 16.118 168.421 315.877 1190.743 -1 -1 -1 -1000 -1000 -1000 -10 0.00230505
Car -1 -1 -10 0.000 693.017 675.822 1180.816 -1 -1 -1 -1000 -1000 -1000 -10 0.00226545
Car -1 -1 -10 0.000 540.820 353.894 1200.000 -1 -1 -1 -1000 -1000 -1000 -10 0.00200046
Car -1 -1 -10 0.000 1030.856 232.430 1200.000 -1 -1 -1 -1000 -1000 -1000 -10 0.00303633
Car -1 -1 -10 28.849 585.678 231.705 1190.303 -1 -1 -1 -1000 -1000 -1000 -10 0.00165978
Car -1 -1 -10 5.516 1103.642 183.989 1200.000 -1 -1 -1 -1000 -1000 -1000 -10 0.00437617
Car -1 -1 -10 0.000 959.677 304.553 1200.000 -1 -1 -1 -1000 -1000 -1000 -10 0.00310223
Car -1 -1 -10 0.000 861.115 425.627 1200.000 -1 -1 -1 -1000 -1000 -1000 -10 0.00158116
Car -1 -1 -10 105.136 1158.341 142.210 1200.000 -1 -1 -1 -1000 -1000 -1000 -10 0.00155533
Car -1 -1 -10 0.000 914.913 350.072 1200.000 -1 -1 -1 -1000 -1000 -1000 -10 0.00152921
Car -1 -1 -10 60.054 1139.015 173.414 1200.000 -1 -1 -1 -1000 -1000 -1000 -10 0.00275389
Car -1 -1 -10 184.619 170.992 489.050 1185.405 -1 -1 -1 -1000 -1000 -1000 -10 0.00270069
Car -1 -1 -10 108.358 142.934 410.119 1199.998 -1 -1 -1 -1000 -1000 -1000 -10 0.00142172
Car -1 -1 -10 0.000 1106.023 91.410 1200.000 -1 -1 -1 -1000 -1000 -1000 -10 0.00140866
Car -1 -1 -10 63.191 88.365 385.929 1174.138 -1 -1 -1 -1000 -1000 -1000 -10 0.00137270
Car -1 -1 -10 18.083 304.392 403.781 1037.361 -1 -1 -1 -1000 -1000 -1000 -10 0.00137105
Car -1 -1 -10 0.000 1060.382 202.036 1200.000 -1 -1 -1 -1000 -1000 -1000 -10 0.00136578
Car -1 -1 -10 903.302 766.115 1562.681 1200.000 -1 -1 -1 -1000 -1000 -1000 -10 0.00136522
Car -1 -1 -10 103.086 532.676 254.829 1200.000 -1 -1 -1 -1000 -1000 -1000 -10 0.00132131
Car -1 -1 -10 24.790 641.662 299.803 1200.000 -1 -1 -1 -1000 -1000 -1000 -10 0.00131056
Car -1 -1 -10 211.617 669.687 426.421 1186.571 -1 -1 -1 -1000 -1000 -1000 -10 0.00130465
Car -1 -1 -10 79.577 582.626 231.956 1200.000 -1 -1 -1 -1000 -1000 -1000 -10 0.00129783
Car -1 -1 -10 10.501 769.502 769.572 1188.902 -1 -1 -1 -1000 -1000 -1000 -10 0.00129174
Car -1 -1 -10 199.765 591.085 350.980 1200.000 -1 -1 -1 -1000 -1000 -1000 -10 0.00121900
