Car -1 -1 -10 586.652 603.540 687.400 683.982 -1 -1 -1 -1000 -1000 -1000 -10 0.99986105
Car -1 -1 -10 742.353 600.952 794.326 649.271 -1 -1 -1 -1000 -1000 -1000 -10 0.44588045
Car -1 -1 -10 0.566 623.299 162.218 697.262 -1 -1 -1 -1000 -1000 -1000 -10 0.09172783
Car -1 -1 -10 0.000 607.247 293.629 976.521 -1 -1 -1 -1000 -1000 -1000 -10 0.01079919
Car -1 -1 -10 0.000 563.318 520.820 1194.415 -1 -1 -1 -1000 -1000 -1000 -10 0.01072077
Car -1 -1 -10 0.000 620.041 215.645 835.508 -1 -1 -1 -1000 -1000 -1000 -10 0.00704578
Car -1 -1 -10 33.231 143.582 214.476 1200.000 -1 -1 -1 -1000 -1000 -1000 -10 0.00249870
Car -1 -1 -10 40.673 638.682 197.796 732.905 -1 -1 -1 -1000 -1000 -1000 -10 0.00566559
Car -1 -1 -10 0.000 505.528 1119.292 1199.895 -1 -1 -1 -1000 -1000 -1000 -10 0.00423286
Car -1 -1 -10 0.000 637.633 117.555 732.408 -1 -1 -1 -1000 -1000 -1000 -10 0.00500459
Car -1 -1 -10 30.452 598.651 197.524 685.528 -1 -1 -1 -1000 -1000 -1000 -10 0.00288286
Car -1 -1 -10 4.794 556.650 384.376 827.231 -1 -1 -1 -1000 -1000 -1000 -10 0.00277832
Car -1 -1 -10 3.499 598.310 117.838 676.548 -1 -1 -1 -1000 -1000 -1000 -10 0.00359707
Car -1 -1 -10 101.209 782.760 779.121 1200.000 -1 -1 -1 -1000 -1000 -1000 -10 0.00145577
Car -1 -1 -10 67.457 620.635 227.281 703.632 -1 -1 -1 -1000 -1000 -1000 -10 0.00259466
Car -1 -1 -10 62.116 302.564 207.005 1126.051 -1 -1 -1 -1000 -1000 -1000 -10 0.00136704
Car -1 -1 -10 4.543 795.195 373.851 1156.615 -1 -1 -1 -1000 -1000 -1000 -10 0.00115441
Car -1 -1 -10 44.290 616.814 136.292 674.956 -1 -1 -1 -1000 -1000 -1000 -10 0.00107930
Car -1 -1 -10 652.840 1126.739 719.001 1200.000 -1 -1 -1 -1000 -1000 -1000 -10 0.00098969
Car -1 -1 -10 0.000 414.474 412.900 916.226 -1 -1 -1 -1000 -1000 -1000 -10 0.00094038
Car -1 -1 -10 648.929 1156.605 687.259 1200.000 -1 -1 -1 -1000 -1000 -1000 -10 0.00093700
Car -1 -1 -10 1477.479 797.048 1920.000 1200.000 -1 -1 -1 -1000 -1000 -1000 -10 0.00085260
