Car -1 -1 -10 495.114 592.725 598.144 674.177 -1 -1 -1 -1000 -1000 -1000 -10 0.99885887
Car -1 -1 -10 1398.446 535.551 1644.099 646.090 -1 -1 -1 -1000 -1000 -1000 -10 0.08623660
Car -1 -1 -10 1432.167 402.968 1920.000 747.661 -1 -1 -1 -1000 -1000 -1000 -10 0.00270835
Car -1 -1 -10 1434.050 544.677 1920.000 900.830 -1 -1 -1 -1000 -1000 -1000 -10 0.00256420
Car -1 -1 -10 1382.237 568.458 1920.000 1199.458 -1 -1 -1 -1000 -1000 -1000 -10 0.00431216
Car -1 -1 -10 1333.767 346.398 1615.894 614.508 -1 -1 -1 -1000 -1000 -1000 -10 0.00399745
Car -1 -1 -10 1401.975 566.456 1571.222 651.563 -1 -1 -1 -1000 -1000 -1000 -10 0.00473165
Car -1 -1 -10 1430.783 475.631 1915.472 851.415 -1 -1 -1 -1000 -1000 -1000 -10 0.00392587
Car -1 -1 -10 1481.544 647.149 1919.938 1006.090 -1 -1 -1 -1000 -1000 -1000 -10 0.00389444
Car -1 -1 -10 1410.195 532.377 1911.546 983.012 -1 -1 -1 -1000 -1000 -1000 -10 0.00206388
Car -1 -1 -10 1348.079 511.793 1721.477 670.857 -1 -1 -1 -1000 -1000 -1000 -10 0.00186966
Car -1 -1 -10 1446.892 369.099 1920.000 1200.000 -1 -1 -1 -1000 -1000 -1000 -10 0.00183503
Car -1 -1 -10 1567.523 676.752 1917.363 981.520 -1 -1 -1 -1000 -1000 -1000 -10 0.00320424
Car -1 -1 -10 1312.218 499.156 1745.079 690.182 -1 -1 -1 -1000 -1000 -1000 -10 0.00168386
Car -1 -1 -10 1465.080 345.328 1920.000 706.313 -1 -1 -1 -1000 -1000 -1000 -10 0.00162121
Car -1 -1 -10 1370.630 343.579 1914.600 775.465 -1 -1 -1 -1000 -1000 -1000 -10 0.00159046
Car -1 -1 -10 1626.334 808.199 1920.000 967.592 -1 -1 -1 -1000 -1000 -1000 -10 0.00157173
Car -1 -1 -10 1456.802 813.783 1920.000 1200.000 -1 -1 -1 -1000 -1000 -1000 -10 0.00143611
Car -1 -1 -10 1566.282 488.288 1875.166 641.788 -1 -1 -1 -1000 -1000 -1000 -10 0.00136345
Car -1 -1 -10 1395.631 503.892 1782.104 668.423 -1 -1 -1 -1000 -1000 -1000 -10 0.00135413
Car -1 -1 -10 1229.969 542.725 1920.000 1200.000 -1 -1 -1 -1000 -1000 -1000 -10 0.00131585
Car -1 -1 -10 1589.314 585.594 1900.660 739.896 -1 -1 -1 -1000 -1000 -1000 -10 0.00127040
