Car -1 -1 -10 1142.510 618.098 1338.328 742.998 -1 -1 -1 -1000 -1000 -1000 -10 0.99996918
Car -1 -1 -10 1328.965 625.112 1542.187 748.161 -1 -1 -1 -1000 -1000 -1000 -10 0.99886000
Car -1 -1 -10 4.191 607.225 164.077 730.321 -1 -1 -1 -1000 -1000 -1000 -10 0.99720599
Car -1 -1 -10 1067.516 616.682 1169.789 713.146 -1 -1 -1 -1000 -1000 -1000 -10 0.99409726
Car -1 -1 -10 1510.449 632.394 1746.400 754.712 -1 -1 -1 -1000 -1000 -1000 -10 0.93099186
Car -1 -1 -10 109.640 614.942 252.223 705.088 -1 -1 -1 -1000 -1000 -1000 -10 0.36045480
Car -1 -1 -10 1029.403 621.106 1104.184 699.523 -1 -1 -1 -1000 -1000 -1000 -10 0.25663037
Car -1 -1 -10 1431.238 631.500 1672.776 748.818 -1 -1 -1 -1000 -1000 -1000 -10 0.10704419
Car -1 -1 -10 978.375 621.720 1051.077 688.991 -1 -1 -1 -1000 -1000 -1000 -10 0.09341939
Car -1 -1 -10 1695.987 625.591 1909.013 748.558 -1 -1 -1 -1000 -1000 -1000 -10 0.04595359
Car -1 -1 -10 19.279 543.233 1266.089 1199.180 -1 -1 -1 -1000 -1000 -1000 -10 0.07854075
Car -1 -1 -10 260.906 614.747 400.108 714.387 -1 -1 -1 -1000 -1000 -1000 -10 0.06204833
Car -1 -1 -10 1270.368 632.013 1432.995 741.622 -1 -1 -1 -1000 -1000 -1000 -10 0.02850217
Car -1 -1 -10 3.062 645.231 508.238 1200.000 -1 -1 -1 -1000 -1000 -1000 -10 0.01160412
Car -1 -1 -10 1699.804 637.806 1857.700 741.289 -1 -1 -1 -1000 -1000 -1000 -10 0.01691864
Car -1 -1 -10 1815.166 650.502 1920.000 763.443 -1 -1 -1 -1000 -1000 -1000 -10 0.01995256
Car -1 -1 -10 1446.983 640.857 1612.234 733.978 -1 -1 -1 -1000 -1000 -1000 -10 0.00925952
Car -1 -1 -10 1470.869 638.484 1638.821 735.613 -1 -1 -1 -1000 -1000 -1000 -10 0.00921832
