Car -1 -1 -10 1546.963 592.176 1782.191 705.087 -1 -1 -1 -1000 -1000 -1000 -10 0.07820261
Car -1 -1 -10 39.104 571.223 1305.180 1191.401 -1 -1 -1 -1000 -1000 -1000 -10 0.07280059
Car -1 -1 -10 1710.996 527.765 1920.000 714.787 -1 -1 -1 -1000 -1000 -1000 -10 0.04372638
Car -1 -1 -10 1759.764 526.431 1915.965 703.025 -1 -1 -1 -1000 -1000 -1000 -10 0.03089340
Car -1 -1 -10 2.905 665.634 682.160 1199.870 -1 -1 -1 -1000 -1000 -1000 -10 0.03866510
Car -1 -1 -10 1804.388 535.194 1901.108 704.120 -1 -1 -1 -1000 -1000 -1000 -10 0.00497495
Car -1 -1 -10 1771.360 568.349 1918.704 691.963 -1 -1 -1 -1000 -1000 -1000 -10 0.00418721
Car -1 -1 -10 1802.300 559.961 1920.000 677.769 -1 -1 -1 -1000 -1000 -1000 -10 0.00365756
Car -1 -1 -10 1572.369 591.557 1802.055 718.759 -1 -1 -1 -1000 -1000 -1000 -10 0.00355815
Car -1 -1 -10 0.000 619.641 313.197 1196.279 -1 -1 -1 -1000 -1000 -1000 -10 0.00643824
Car -1 -1 -10 259.308 773.795 974.271 1200.000 -1 -1 -1 -1000 -1000 -1000 -10 0.00843402
Car -1 -1 -10 0.000 937.192 236.560 1200.000 -1 -1 -1 -1000 -1000 -1000 -10 0.00279228
Car -1 -1 -10 1704.442 494.234 1920.000 743.996 -1 -1 -1 -1000 -1000 -1000 -10 0.00265454
Car -1 -1 -10 82.057 251.196 385.629 1193.891 -1 -1 -1 -1000 -1000 -1000 -10 0.00265408
Car -1 -1 -10 193.649 859.265 1091.344 1200.000 -1 -1 -1 -1000 -1000 -1000 -10 0.00245133
Car -1 -1 -10 476.825 249.121 778.796 1198.168 -1 -1 -1 -1000 -1000 -1000 -10 0.00227786
Car -1 -1 -10 571.365 255.345 871.155 1197.729 -1 -1 -1 -1000 -1000 -1000 -10 0.00218593
