Car -1 -1 -10 875.307 594.191 927.291 643.513 -1 -1 -1 -1000 -1000 -1000 -10 0.19383194
Car -1 -1 -10 0.000 792.646 470.005 1197.893 -1 -1 -1 -1000 -1000 -1000 -10 0.01093033
Car -1 -1 -10 0.639 999.864 290.094 1200.000 -1 -1 -1 -1000 -1000 -1000 -10 0.00367318
Car -1 -1 -10 18.550 724.636 243.512 1197.675 -1 -1 -1 -1000 -1000 -1000 -10 0.00509978
Car -1 -1 -10 219.756 492.269 1382.748 1188.019 -1 -1 -1 -1000 -1000 -1000 -10 0.00550160
Car -1 -1 -10 0.000 539.994 742.053 1190.034 -1 -1 -1 -1000 -1000 -1000 -10 0.00524590
Car -1 -1 -10 8.259 1001.703 428.279 1200.000 -1 -1 -1 -1000 -1000 -1000 -10 0.00276814
Car -1 -1 -10 0.000 1106.253 90.286 1200.000 -1 -1 -1 -1000 -1000 -1000 -10 0.00152370
Car -1 -1 -10 1.073 1084.261 292.698 1200.000 -1 -1 -1 -1000 -1000 -1000 -10 0.00150580
Car -1 -1 -10 74.424 833.051 234.837 1200.000 -1 -1 -1 -1000 -1000 -1000 -10 0.00150417
Car -1 -1 -10 0.000 1103.677 49.326 1200.000 -1 -1 -1 -1000 -1000 -1000 -10 0.00147938
Car -1 -1 -10 0.000 966.467 208.777 1200.000 -1 -1 -1 -1000 -1000 -1000 -10 0.00142180
Car -1 -1 -10 0.140 1105.384 140.895 1200.000 -1 -1 -1 -1000 -1000 -1000 -10 0.00378098
Car -1 -1 -10 0.000 1055.396 202.417 1200.000 -1 -1 -1 -1000 -1000 -1000 -10 0.00252294
Car -1 -1 -10 34.514 638.680 299.963 1200.000 -1 -1 -1 -1000 -1000 -1000 -10 0.00122997
Car -1 -1 -10 53.745 913.206 298.294 1200.000 -1 -1 -1 -1000 -1000 -1000 -10 0.00116718
Car -1 -1 -10 571.009 473.100 1078.581 784.028 -1 -1 -1 -1000 -1000 -1000 -10 0.00112500
Car -1 -1 -10 141.482 754.901 267.985 1198.817 -1 -1 -1 -1000 -1000 -1000 -10 0.00214484
Car -1 -1 -10 550.916 614.855 1062.723 953.367 -1 -1 -1 -1000 -1000 -1000 -10 0.00107989
Car -1 -1 -10 773.775 487.434 1068.152 640.800 -1 -1 -1 -1000 -1000 -1000 -10 0.00105111
Car -1 -1 -10 770.026 570.237 928.158 659.415 -1 -1 -1 -1000 -1000 -1000 -10 0.00209369
Car -1 -1 -10 45.995 1074.846 182.489 1200.000 -1 -1 -1 -1000 -1000 -1000 -10 0.00104117
Car -1 -1 -10 402.962 596.673 480.591 669.190 -1 -1 -1 -1000 -1000 -1000 -10 0.00104070
Car -1 -1 -10 36.439 1104.892 294.498 1200.000 -1 -1 -1 -1000 -1000 -1000 -10 0.00103148
Car -1 -1 -10 17.095 1017.044 113.425 1200.000 -1 -1 -1 -1000 -1000 -1000 -10 0.00100400
Car -1 -1 -10 699.456 486.441 1005.538 639.048 -1 -1 -1 -1000 -1000 -1000 -10 0.00099557
