Car -1 -1 -10 273.166 507.526 566.843 748.498 -1 -1 -1 -1000 -1000 -1000 -10 0.99967891
Car -1 -1 -10 235.087 575.587 1406.721 1184.825 -1 -1 -1 -1000 -1000 -1000 -10 0.01409410
Car -1 -1 -10 2.501 784.789 501.801 1196.640 -1 -1 -1 -1000 -1000 -1000 -10 0.00921481
Car -1 -1 -10 0.000 591.726 506.710 1200.000 -1 -1 -1 -1000 -1000 -1000 -10 0.00261887
Car -1 -1 -10 1.859 811.549 315.748 1200.000 -1 -1 -1 -1000 -1000 -1000 -10 0.00422297
Car -1 -1 -10 479.482 726.660 1203.141 1153.705 -1 -1 -1 -1000 -1000 -1000 -10 0.00202873
Car -1 -1 -10 10.292 686.101 253.397 1200.000 -1 -1 -1 -1000 -1000 -1000 -10 0.00198916
Car -1 -1 -10 322.840 505.690 456.971 628.698 -1 -1 -1 -1000 -1000 -1000 -10 0.00198508
Car -1 -1 -10 44.008 616.448 207.511 1196.181 -1 -1 -1 -1000 -1000 -1000 -10 0.00501755
Car -1 -1 -10 451.955 528.841 527.957 606.712 -1 -1 -1 -1000 -1000 -1000 -10 0.00179150
Car -1 -1 -10 781.128 623.351 1227.118 842.755 -1 -1 -1 -1000 -1000 -1000 -10 0.00172587
Car -1 -1 -10 8.402 1103.683 249.163 1200.000 -1 -1 -1 -1000 -1000 -1000 -10 0.00171672
Car -1 -1 -10 0.961 1023.658 265.986 1200.000 -1 -1 -1 -1000 -1000 -1000 -10 0.00160231
Car -1 -1 -10 923.097 394.079 1129.208 1118.596 -1 -1 -1 -1000 -1000 -1000 -10 0.00159606
Car -1 -1 -10 5.394 1084.681 317.181 1200.000 -1 -1 -1 -1000 -1000 -1000 -10 0.00158725
Car -1 -1 -10 377.729 524.770 491.162 640.795 -1 -1 -1 -1000 -1000 -1000 -10 0.00157077
Car -1 -1 -10 0.000 634.702 759.146 1195.056 -1 -1 -1 -1000 -1000 -1000 -10 0.00154912
Car -1 -1 -10 381.885 787.265 1189.882 1179.962 -1 -1 -1 -1000 -1000 -1000 -10 0.00154242
Car -1 -1 -10 57.054 202.843 367.089 1187.879 -1 -1 -1 -1000 -1000 -1000 -10 0.00150477
Car -1 -1 -10 11.357 1037.742 391.090 1200.000 -1 -1 -1 -1000 -1000 -1000 -10 0.00149456
Car -1 -1 -10 413.080 510.567 560.402 618.695 -1 -1 -1 -1000 -1000 -1000 -10 0.00147588
Car -1 -1 -10 0.389 893.768 263.621 1200.000 -1 -1 -1 -1000 -1000 -1000 -10 0.00146119
