Car -1 -1 -10 0.000 542.101 985.022 1198.125 -1 -1 -1 -1000 -1000 -1000 -10 0.02674107
Car -1 -1 -10 0.000 731.331 696.025 1195.280 -1 -1 -1 -1000 -1000 -1000 -10 0.01541186
Car -1 -1 -10 12.679 771.031 579.633 1200.000 -1 -1 -1 -1000 -1000 -1000 -10 0.00338148
Car -1 -1 -10 0.000 563.346 377.154 1200.000 -1 -1 -1 -1000 -1000 -1000 -10 0.00319128
Car -1 -1 -10 5.193 816.849 331.273 1199.149 -1 -1 -1 -1000 -1000 -1000 -10 0.01025659
Car -1 -1 -10 5.945 1036.767 407.500 1200.000 -1 -1 -1 -1000 -1000 -1000 -10 0.00221388
Car -1 -1 -10 349.738 1101.780 600.469 1200.000 -1 -1 -1 -1000 -1000 -1000 -10 0.00435878
Car -1 -1 -10 181.650 245.741 487.220 1200.000 -1 -1 -1 -1000 -1000 -1000 -10 0.00554491
Car -1 -1 -10 47.408 619.629 213.119 1199.104 -1 -1 -1 -1000 -1000 -1000 -10 0.00365677
Car -1 -1 -10 20.468 753.709 147.307 1198.815 -1 -1 -1 -1000 -1000 -1000 -10 0.00365227
Car -1 -1 -10 2.493 1084.270 307.855 1200.000 -1 -1 -1 -1000 -1000 -1000 -10 0.00377791
Car -1 -1 -10 271.515 1050.361 694.609 1200.000 -1 -1 -1 -1000 -1000 -1000 -10 0.00348039
Car -1 -1 -10 399.271 663.942 586.958 1195.092 -1 -1 -1 -1000 -1000 -1000 -10 0.00183655
Car -1 -1 -10 99.179 823.397 260.983 1200.000 -1 -1 -1 -1000 -1000 -1000 -10 0.00182706
Car -1 -1 -10 92.958 654.815 268.002 1191.308 -1 -1 -1 -1000 -1000 -1000 -10 0.00179587
Car -1 -1 -10 0.000 1019.561 244.130 1200.000 -1 -1 -1 -1000 -1000 -1000 -10 0.00162513
Car -1 -1 -10 220.123 769.623 888.316 1200.000 -1 -1 -1 -1000 -1000 -1000 -10 0.00158151
Car -1 -1 -10 20.795 1103.549 270.216 1200.000 -1 -1 -1 -1000 -1000 -1000 -10 0.00155647
Car -1 -1 -10 411.896 828.475 570.750 1200.000 -1 -1 -1 -1000 -1000 -1000 -10 0.00149350
Car -1 -1 -10 0.000 971.458 477.494 1200.000 -1 -1 -1 -1000 -1000 -1000 -10 0.00148936
Car -1 -1 -10 144.437 1062.626 542.453 1200.000 -1 -1 -1 -1000 -1000 -1000 -10 0.00147789
Car -1 -1 -10 310.339 799.615 667.919 1198.626 -1 -1 -1 -1000 -1000 -1000 -10 0.00143189
Car -1 -1 -10 128.389 597.484 279.376 1200.000 -1 -1 -1 -1000 -1000 -1000 -10 0.00142627
