Car -1 -1 -10 1017.602 542.906 1344.439 800.532 -1 -1 -1 -1000 -1000 -1000 -10 0.99936484
Car -1 -1 -10 14.574 610.563 268.417 780.041 -1 -1 -1 -1000 -1000 -1000 -10 0.99946643
Car -1 -1 -10 983.315 572.984 1137.737 742.875 -1 -1 -1 -1000 -1000 -1000 -10 0.99875583
Car -1 -1 -10 940.888 591.876 1070.478 718.893 -1 -1 -1 -1000 -1000 -1000 -10 0.53508289
Car -1 -1 -10 214.020 616.377 349.608 732.286 -1 -1 -1 -1000 -1000 -1000 -10 0.37931597
Car -1 -1 -10 912.210 596.456 1014.591 689.385 -1 -1 -1 -1000 -1000 -1000 -10 0.15861655
Car -1 -1 -10 750.054 609.151 876.042 761.815 -1 -1 -1 -1000 -1000 -1000 -10 0.14949333
Car -1 -1 -10 904.900 584.751 1033.355 686.689 -1 -1 -1 -1000 -1000 -1000 -10 0.07166464
Car -1 -1 -10 0.000 631.534 105.818 809.586 -1 -1 -1 -1000 -1000 -1000 -10 0.12527479
Car -1 -1 -10 238.998 728.045 780.942 1184.264 -1 -1 -1 -1000 -1000 -1000 -10 0.02098847
