Car -1 -1 -10 556.851 559.527 1126.901 1136.161 -1 -1 -1 -1000 -1000 -1000 -10 0.32865927
Car -1 -1 -10 408.203 550.921 1312.266 1159.640 -1 -1 -1 -1000 -1000 -1000 -10 0.14907022
Car -1 -1 -10 464.017 571.032 1021.695 1009.675 -1 -1 -1 -1000 -1000 -1000 -10 0.02122540
Car -1 -1 -10 658.805 559.695 1185.365 887.580 -1 -1 -1 -1000 -1000 -1000 -10 0.01358047
Car -1 -1 -10 2.443 794.269 598.780 1200.000 -1 -1 -1 -1000 -1000 -1000 -10 0.01654641
Car -1 -1 -10 1401.481 583.998 1915.926 1167.957 -1 -1 -1 -1000 -1000 -1000 -10 0.01237225
Car -1 -1 -10 428.534 560.038 941.281 885.551 -1 -1 -1 -1000 -1000 -1000 -10 0.00541614
Car -1 -1 -10 465.249 570.283 850.103 1175.073 -1 -1 -1 -1000 -1000 -1000 -10 0.00530590
Car -1 -1 -10 406.077 760.063 991.670 1187.377 -1 -1 -1 -1000 -1000 -1000 -10 0.00913040
Car -1 -1 -10 556.083 251.492 869.009 1185.884 -1 -1 -1 -1000 -1000 -1000 -10 0.00881949
Car -1 -1 -10 420.840 636.624 930.442 1195.204 -1 -1 -1 -1000 -1000 -1000 -10 0.00403842
Car -1 -1 -10 622.618 642.846 1184.357 1074.969 -1 -1 -1 -1000 -1000 -1000 -10 0.00395091
Car -1 -1 -10 766.468 281.938 1078.951 1169.993 -1 -1 -1 -1000 -1000 -1000 -10 0.00389861
Car -1 -1 -10 738.708 570.543 1128.586 1178.900 -1 -1 -1 -1000 -1000 -1000 -10 0.00380527
