Car -1 -1 -10 391.168 609.911 469.870 668.924 -1 -1 -1 -1000 -1000 -1000 -10 0.52884022
Car -1 -1 -10 541.651 609.287 622.660 669.917 -1 -1 -1 -1000 -1000 -1000 -10 0.49666785
Car -1 -1 -10 714.067 606.665 760.615 655.788 -1 -1 -1 -1000 -1000 -1000 -10 0.01302511
Car -1 -1 -10 425.594 2.643 1052.201 273.828 -1 -1 -1 -1000 -1000 -1000 -10 0.00802043
Car -1 -1 -10 516.946 0.000 956.960 293.980 -1 -1 -1 -1000 -1000 -1000 -10 0.00263449
Car -1 -1 -10 524.828 4.929 903.681 364.248 -1 -1 -1 -1000 -1000 -1000 -10 0.00251558
Car -1 -1 -10 228.992 0.000 1129.739 319.461 -1 -1 -1 -1000 -1000 -1000 -10 0.00227935
Car -1 -1 -10 489.779 0.000 955.498 180.809 -1 -1 -1 -1000 -1000 -1000 -10 0.00202277
Car -1 -1 -10 19.503 552.934 687.179 1200.000 -1 -1 -1 -1000 -1000 -1000 -10 0.00342978
Car -1 -1 -10 480.304 0.000 746.312 253.428 -1 -1 -1 -1000 -1000 -1000 -10 0.00180558
Car -1 -1 -10 544.972 2.489 896.581 153.857 -1 -1 -1 -1000 -1000 -1000 -10 0.00179974
Car -1 -1 -10 674.280 31.802 860.840 503.049 -1 -1 -1 -1000 -1000 -1000 -10 0.00325916
Car -1 -1 -10 420.984 5.033 798.896 367.226 -1 -1 -1 -1000 -1000 -1000 -10 0.00173565
Car -1 -1 -10 598.719 40.831 893.325 846.513 -1 -1 -1 -1000 -1000 -1000 -10 0.00320188
Car -1 -1 -10 544.338 8.780 923.539 191.458 -1 -1 -1 -1000 -1000 -1000 -10 0.00169626
Car -1 -1 -10 605.656 13.857 904.844 400.597 -1 -1 -1 -1000 -1000 -1000 -10 0.00165653
Car -1 -1 -10 605.438 34.773 786.135 515.201 -1 -1 -1 -1000 -1000 -1000 -10 0.00295219
Car -1 -1 -10 575.800 20.391 831.342 466.883 -1 -1 -1 -1000 -1000 -1000 -10 0.00159054
Car -1 -1 -10 602.025 1.480 852.692 244.669 -1 -1 -1 -1000 -1000 -1000 -10 0.00156061
Car -1 -1 -10 568.186 20.376 869.816 952.296 -1 -1 -1 -1000 -1000 -1000 -10 0.00151471
Car -1 -1 -10 413.838 0.000 878.257 181.815 -1 -1 -1 -1000 -1000 -1000 -10 0.00151077
Car -1 -1 -10 433.768 0.000 807.216 207.612 -1 -1 -1 -1000 -1000 -1000 -10 0.00149609
Car -1 -1 -10 650.589 15.027 805.374 111.112 -1 -1 -1 -1000 -1000 -1000 -10 0.00149136
Car -1 -1 -10 521.492 32.622 702.064 512.720 -1 -1 -1 -1000 -1000 -1000 -10 0.00148665
Car -1 -1 -10 657.425 54.663 808.505 589.217 -1 -1 -1 -1000 -1000 -1000 -10 0.00146025
Car -1 -1 -10 477.920 6.194 1003.798 543.368 -1 -1 -1 -1000 -1000 -1000 -10 0.00145534
Car -1 -1 -10 656.829 37.628 813.874 136.627 -1 -1 -1 -1000 -1000 -1000 -10 0.00145521
Car -1 -1 -10 627.903 2.736 928.811 336.828 -1 -1 -1 -1000 -1000 -1000 -10 0.00144209
Car -1 -1 -10 455.444 2.934 800.839 156.915 -1 -1 -1 -1000 -1000 -1000 -10 0.00139488
Car -1 -1 -10 546.991 42.107 841.812 850.133 -1 -1 -1 -1000 -1000 -1000 -10 0.00136977
Car -1 -1 -10 536.466 21.869 793.048 468.964 -1 -1 -1 -1000 -1000 -1000 -10 0.00134491
Car -1 -1 -10 638.435 4.267 765.169 122.659 -1 -1 -1 -1000 -1000 -1000 -10 0.00132183
Car -1 -1 -10 388.464 1.603 908.884 548.937 -1 -1 -1 -1000 -1000 -1000 -10 0.00127217
