Car -1 -1 -10 187.494 601.264 407.809 747.371 -1 -1 -1 -1000 -1000 -1000 -10 0.99945910
Car -1 -1 -10 711.942 614.257 769.025 671.128 -1 -1 -1 -1000 -1000 -1000 -10 0.97394656
Car -1 -1 -10 544.870 634.541 606.081 685.277 -1 -1 -1 -1000 -1000 -1000 -10 0.00696832
Car -1 -1 -10 7.655 599.748 582.951 1197.944 -1 -1 -1 -1000 -1000 -1000 -10 0.00710649
Car -1 -1 -10 0.000 791.079 465.218 1199.775 -1 -1 -1 -1000 -1000 -1000 -10 0.00484171
Car -1 -1 -10 0.000 784.735 348.996 1200.000 -1 -1 -1 -1000 -1000 -1000 -10 0.00224636
Car -1 -1 -10 0.000 935.815 323.784 1200.000 -1 -1 -1 -1000 -1000 -1000 -10 0.00245083
Car -1 -1 -10 201.986 597.994 319.695 714.543 -1 -1 -1 -1000 -1000 -1000 -10 0.00141344
Car -1 -1 -10 0.000 922.490 230.580 1200.000 -1 -1 -1 -1000 -1000 -1000 -10 0.00131837
Car -1 -1 -10 168.797 601.980 308.559 724.471 -1 -1 -1 -1000 -1000 -1000 -10 0.00219416
Car -1 -1 -10 8.068 736.223 243.553 1197.837 -1 -1 -1 -1000 -1000 -1000 -10 0.00211649
Car -1 -1 -10 85.513 251.058 391.836 1199.639 -1 -1 -1 -1000 -1000 -1000 -10 0.00120110
Car -1 -1 -10 715.466 535.742 769.650 723.154 -1 -1 -1 -1000 -1000 -1000 -10 0.00089965
Car -1 -1 -10 1603.243 593.157 1760.703 685.823 -1 -1 -1 -1000 -1000 -1000 -10 0.00155122
Car -1 -1 -10 1426.029 505.946 1889.664 769.669 -1 -1 -1 -1000 -1000 -1000 -10 0.00078079
Car -1 -1 -10 1326.542 549.523 1920.000 957.137 -1 -1 -1 -1000 -1000 -1000 -10 0.00077989
Car -1 -1 -10 12.923 605.475 304.978 1183.649 -1 -1 -1 -1000 -1000 -1000 -10 0.00077897
Car -1 -1 -10 257.597 511.474 352.954 846.004 -1 -1 -1 -1000 -1000 -1000 -10 0.00077778
Car -1 -1 -10 268.457 591.689 388.281 706.586 -1 -1 -1 -1000 -1000 -1000 -10 0.00144436
Car -1 -1 -10 1360.532 433.353 1897.458 890.001 -1 -1 -1 -1000 -1000 -1000 -10 0.00066097
