Car -1 -1 -10 742.073 574.099 828.611 636.804 -1 -1 -1 -1000 -1000 -1000 -10 0.01494762
Car -1 -1 -10 898.149 796.362 1456.675 1184.379 -1 -1 -1 -1000 -1000 -1000 -10 0.00898821
Car -1 -1 -10 311.684 768.831 888.845 1188.791 -1 -1 -1 -1000 -1000 -1000 -10 0.00260256
Car -1 -1 -10 213.448 1141.209 331.329 1200.000 -1 -1 -1 -1000 -1000 -1000 -10 0.00226822
Car -1 -1 -10 549.073 524.193 810.343 1189.459 -1 -1 -1 -1000 -1000 -1000 -10 0.00223791
Car -1 -1 -10 940.535 661.794 1102.882 1193.678 -1 -1 -1 -1000 -1000 -1000 -10 0.00393610
Car -1 -1 -10 1043.464 578.583 1098.530 631.377 -1 -1 -1 -1000 -1000 -1000 -10 0.00373586
Car -1 -1 -10 687.435 1158.946 723.688 1200.000 -1 -1 -1 -1000 -1000 -1000 -10 0.00309843
Car -1 -1 -10 0.000 668.454 475.584 1200.000 -1 -1 -1 -1000 -1000 -1000 -10 0.00198012
Car -1 -1 -10 0.000 810.461 471.529 1200.000 -1 -1 -1 -1000 -1000 -1000 -10 0.00190429
Car -1 -1 -10 824.950 650.715 1335.075 1200.000 -1 -1 -1 -1000 -1000 -1000 -10 0.00188681
Car -1 -1 -10 443.364 778.478 1032.462 1189.477 -1 -1 -1 -1000 -1000 -1000 -10 0.00188588
Car -1 -1 -10 588.559 720.135 817.263 1196.735 -1 -1 -1 -1000 -1000 -1000 -10 0.00188281
Car -1 -1 -10 254.861 1157.239 292.738 1200.000 -1 -1 -1 -1000 -1000 -1000 -10 0.00184466
Car -1 -1 -10 880.208 1037.187 1340.090 1200.000 -1 -1 -1 -1000 -1000 -1000 -10 0.00180556
Car -1 -1 -10 462.884 761.954 827.609 1163.660 -1 -1 -1 -1000 -1000 -1000 -10 0.00178258
Car -1 -1 -10 123.629 793.467 484.885 1197.376 -1 -1 -1 -1000 -1000 -1000 -10 0.00335524
Car -1 -1 -10 938.676 351.578 1222.620 1200.000 -1 -1 -1 -1000 -1000 -1000 -10 0.00168500
Car -1 -1 -10 775.634 927.940 1384.651 1200.000 -1 -1 -1 -1000 -1000 -1000 -10 0.00157516
Car -1 -1 -10 523.894 1054.042 951.906 1200.000 -1 -1 -1 -1000 -1000 -1000 -10 0.00268418
Car -1 -1 -10 925.295 1061.793 1330.947 1200.000 -1 -1 -1 -1000 -1000 -1000 -10 0.00148158
Car -1 -1 -10 18.404 373.355 310.756 1200.000 -1 -1 -1 -1000 -1000 -1000 -10 0.00276007
Car -1 -1 -10 16.603 691.488 256.060 1193.779 -1 -1 -1 -1000 -1000 -1000 -10 0.00145117
Car -1 -1 -10 603.304 356.367 888.049 1200.000 -1 -1 -1 -1000 -1000 -1000 -10 0.00142510
Car -1 -1 -10 947.999 602.855 1139.199 1173.360 -1 -1 -1 -1000 -1000 -1000 -10 0.00140182
Car -1 -1 -10 218.701 1156.846 256.972 1200.000 -1 -1 -1 -1000 -1000 -1000 -10 0.00139949
Car -1 -1 -10 780.671 536.462 1893.744 1198.288 -1 -1 -1 -1000 -1000 -1000 -10 0.00271635
Car -1 -1 -10 392.886 917.699 1088.831 1200.000 -1 -1 -1 -1000 -1000 -1000 -10 0.00135023
Car -1 -1 -10 888.850 354.995 1176.185 1200.000 -1 -1 -1 -1000 -1000 -1000 -10 0.00135008
Car -1 -1 -10 303.495 1158.056 340.291 1200.000 -1 -1 -1 -1000 -1000 -1000 -10 0.00133143
Car -1 -1 -10 569.081 515.478 923.138 1200.000 -1 -1 -1 -1000 -1000 -1000 -10 0.00132113
Car -1 -1 -10 234.950 1145.164 287.417 1200.000 -1 -1 -1 -1000 -1000 -1000 -10 0.00131071
Car -1 -1 -10 157.308 657.784 347.406 1191.624 -1 -1 -1 -1000 -1000 -1000 -10 0.00126599
Car -1 -1 -10 119.959 351.765 412.411 1200.000 -1 -1 -1 -1000 -1000 -1000 -10 0.00235687
Car -1 -1 -10 631.156 665.261 782.960 1197.285 -1 -1 -1 -1000 -1000 -1000 -10 0.00120625
Car -1 -1 -10 696.774 669.235 861.034 1192.804 -1 -1 -1 -1000 -1000 -1000 -10 0.00223680
Car -1 -1 -10 218.387 820.634 381.775 1200.000 -1 -1 -1 -1000 -1000 -1000 -10 0.00117510
Car -1 -1 -10 0.871 715.257 362.344 1198.680 -1 -1 -1 -1000 -1000 -1000 -10 0.00116645
Car -1 -1 -10 114.496 1058.635 511.319 1200.000 -1 -1 -1 -1000 -1000 -1000 -10 0.00109724
Car -1 -1 -10 1059.732 589.538 1216.162 1200.000 -1 -1 -1 -1000 -1000 -1000 -10 0.00106541
Car -1 -1 -10 0.000 906.673 650.185 1200.000 -1 -1 -1 -1000 -1000 -1000 -10 0.00105758
Car -1 -1 -10 21.810 647.608 192.539 1194.588 -1 -1 -1 -1000 -1000 -1000 -10 0.00100189
Car -1 -1 -10 174.411 579.669 328.589 1200.000 -1 -1 -1 -1000 -1000 -1000 -10 0.00099353
