Car -1 -1 -10 175.266 810.599 560.034 1196.655 -1 -1 -1 -1000 -1000 -1000 -10 0.00820278
Car -1 -1 -10 0.000 511.497 907.239 1196.888 -1 -1 -1 -1000 -1000 -1000 -10 0.00886870
Car -1 -1 -10 0.000 838.536 783.811 1200.000 -1 -1 -1 -1000 -1000 -1000 -10 0.00514878
Car -1 -1 -10 1403.051 572.295 1920.000 1200.000 -1 -1 -1 -1000 -1000 -1000 -10 0.00957396
Car -1 -1 -10 0.000 802.222 472.076 1200.000 -1 -1 -1 -1000 -1000 -1000 -10 0.00275187
Car -1 -1 -10 0.000 595.758 508.228 1200.000 -1 -1 -1 -1000 -1000 -1000 -10 0.00267795
Car -1 -1 -10 0.000 735.477 390.328 1200.000 -1 -1 -1 -1000 -1000 -1000 -10 0.00402779
Car -1 -1 -10 203.281 1011.669 544.945 1200.000 -1 -1 -1 -1000 -1000 -1000 -10 0.00188682
Car -1 -1 -10 289.935 830.633 456.652 1200.000 -1 -1 -1 -1000 -1000 -1000 -10 0.00337218
Car -1 -1 -10 1597.207 550.165 1920.000 898.035 -1 -1 -1 -1000 -1000 -1000 -10 0.00183310
Car -1 -1 -10 1040.666 499.448 1920.000 1200.000 -1 -1 -1 -1000 -1000 -1000 -10 0.00356189
Car -1 -1 -10 575.330 173.298 1914.128 1200.000 -1 -1 -1 -1000 -1000 -1000 -10 0.00161550
Car -1 -1 -10 0.000 635.688 659.339 1088.513 -1 -1 -1 -1000 -1000 -1000 -10 0.00150706
Car -1 -1 -10 172.575 1057.763 588.648 1200.000 -1 -1 -1 -1000 -1000 -1000 -10 0.00144511
Car -1 -1 -10 1547.531 602.858 1919.188 948.647 -1 -1 -1 -1000 -1000 -1000 -10 0.00139430
Car -1 -1 -10 316.913 784.543 688.406 1199.469 -1 -1 -1 -1000 -1000 -1000 -10 0.00134351
Car -1 -1 -10 355.520 753.253 487.299 1200.000 -1 -1 -1 -1000 -1000 -1000 -10 0.00133398
Car -1 -1 -10 181.244 244.749 487.983 1199.776 -1 -1 -1 -1000 -1000 -1000 -10 0.00256286
Car -1 -1 -10 1656.970 505.025 1911.544 943.332 -1 -1 -1 -1000 -1000 -1000 -10 0.00125818
Car -1 -1 -10 260.083 750.801 389.998 1200.000 -1 -1 -1 -1000 -1000 -1000 -10 0.00236916
Car -1 -1 -10 0.000 937.067 321.375 1200.000 -1 -1 -1 -1000 -1000 -1000 -10 0.00118768
Car -1 -1 -10 1753.355 630.275 1920.000 799.020 -1 -1 -1 -1000 -1000 -1000 -10 0.00111554
Car -1 -1 -10 1497.362 526.532 1916.157 993.081 -1 -1 -1 -1000 -1000 -1000 -10 0.00109610
