Car -1 -1 -10 749.547 642.812 806.327 693.746 -1 -1 -1 -1000 -1000 -1000 -10 0.70953687
Car -1 -1 -10 789.923 643.812 858.378 695.396 -1 -1 -1 -1000 -1000 -1000 -10 0.67047781
Car -1 -1 -10 541.768 645.492 605.098 690.854 -1 -1 -1 -1000 -1000 -1000 -10 0.02401330
Car -1 -1 -10 0.000 745.851 466.054 1196.549 -1 -1 -1 -1000 -1000 -1000 -10 0.02564085
Car -1 -1 -10 0.000 721.534 274.880 1132.328 -1 -1 -1 -1000 -1000 -1000 -10 0.00216937
Car -1 -1 -10 0.000 791.868 213.343 1190.993 -1 -1 -1 -1000 -1000 -1000 -10 0.00209460
Car -1 -1 -10 0.000 929.169 329.463 1200.000 -1 -1 -1 -1000 -1000 -1000 -10 0.00366607
Car -1 -1 -10 269.698 799.153 897.380 1188.859 -1 -1 -1 -1000 -1000 -1000 -10 0.00192252
Car -1 -1 -10 50.901 561.993 208.581 1198.012 -1 -1 -1 -1000 -1000 -1000 -10 0.00185460
Car -1 -1 -10 509.282 1126.577 574.735 1200.000 -1 -1 -1 -1000 -1000 -1000 -10 0.00178300
Car -1 -1 -10 2.003 1056.486 330.012 1200.000 -1 -1 -1 -1000 -1000 -1000 -10 0.00170452
