Car -1 -1 -10 746.670 629.583 833.587 706.583 -1 -1 -1 -1000 -1000 -1000 -10 0.92137080
Car -1 -1 -10 547.996 575.443 712.191 735.752 -1 -1 -1 -1000 -1000 -1000 -10 0.18658916
Car -1 -1 -10 0.000 710.263 474.947 1199.304 -1 -1 -1 -1000 -1000 -1000 -10 0.01121475
Car -1 -1 -10 10.181 707.162 241.152 1197.411 -1 -1 -1 -1000 -1000 -1000 -10 0.00699710
Car -1 -1 -10 0.000 516.566 833.114 1198.426 -1 -1 -1 -1000 -1000 -1000 -10 0.00417073
Car -1 -1 -10 0.000 958.260 306.938 1200.000 -1 -1 -1 -1000 -1000 -1000 -10 0.00403086
Car -1 -1 -10 0.000 633.783 599.204 1075.457 -1 -1 -1 -1000 -1000 -1000 -10 0.00201605
Car -1 -1 -10 0.000 1020.560 243.280 1200.000 -1 -1 -1 -1000 -1000 -1000 -10 0.00200517
Car -1 -1 -10 0.000 801.049 287.607 1200.000 -1 -1 -1 -1000 -1000 -1000 -10 0.00198153
Car -1 -1 -10 557.063 1125.936 622.686 1200.000 -1 -1 -1 -1000 -1000 -1000 -10 0.00187617
Car -1 -1 -10 19.238 380.465 308.860 1200.000 -1 -1 -1 -1000 -1000 -1000 -10 0.00185799
Car -1 -1 -10 202.073 727.095 556.919 1189.633 -1 -1 -1 -1000 -1000 -1000 -10 0.00182906
Car -1 -1 -10 158.174 667.593 344.533 1195.808 -1 -1 -1 -1000 -1000 -1000 -10 0.00178803
Car -1 -1 -10 77.251 683.982 290.238 1183.085 -1 -1 -1 -1000 -1000 -1000 -10 0.00178480
Car -1 -1 -10 306.220 678.383 524.049 1190.167 -1 -1 -1 -1000 -1000 -1000 -10 0.00177728
Car -1 -1 -10 21.673 752.467 146.849 1200.000 -1 -1 -1 -1000 -1000 -1000 -10 0.00177174
Car -1 -1 -10 593.356 1115.084 674.053 1200.000 -1 -1 -1 -1000 -1000 -1000 -10 0.00326834
Car -1 -1 -10 56.046 639.165 206.757 1200.000 -1 -1 -1 -1000 -1000 -1000 -10 0.00174059
Car -1 -1 -10 470.282 1101.831 711.546 1200.000 -1 -1 -1 -1000 -1000 -1000 -10 0.00173484
Car -1 -1 -10 700.365 1113.312 782.576 1200.000 -1 -1 -1 -1000 -1000 -1000 -10 0.00172387
Car -1 -1 -10 185.175 674.642 370.515 1196.776 -1 -1 -1 -1000 -1000 -1000 -10 0.00171775
Car -1 -1 -10 0.000 1105.255 90.119 1200.000 -1 -1 -1 -1000 -1000 -1000 -10 0.00170807
Car -1 -1 -10 250.144 1061.580 640.477 1200.000 -1 -1 -1 -1000 -1000 -1000 -10 0.00170427
Car -1 -1 -10 784.623 640.502 850.732 698.578 -1 -1 -1 -1000 -1000 -1000 -10 0.00165754
Car -1 -1 -10 177.742 589.131 326.340 1200.000 -1 -1 -1 -1000 -1000 -1000 -10 0.00163768
Car -1 -1 -10 365.939 1034.511 793.289 1200.000 -1 -1 -1 -1000 -1000 -1000 -10 0.00163599
Car -1 -1 -10 10.736 1103.601 249.764 1200.000 -1 -1 -1 -1000 -1000 -1000 -10 0.00159699
Car -1 -1 -10 0.000 859.337 397.184 1095.663 -1 -1 -1 -1000 -1000 -1000 -10 0.00156139
Car -1 -1 -10 129.413 599.226 278.845 1200.000 -1 -1 -1 -1000 -1000 -1000 -10 0.00155806
Car -1 -1 -10 5.437 923.324 573.764 1200.000 -1 -1 -1 -1000 -1000 -1000 -10 0.00147532
Car -1 -1 -10 0.000 1040.635 324.610 1200.000 -1 -1 -1 -1000 -1000 -1000 -10 0.00147417
Car -1 -1 -10 554.802 1086.814 613.419 1200.000 -1 -1 -1 -1000 -1000 -1000 -10 0.00146089
