Car -1 -1 -10 544.009 593.147 679.237 699.763 -1 -1 -1 -1000 -1000 -1000 -10 0.99636623
Car -1 -1 -10 1018.613 525.388 1908.684 1200.000 -1 -1 -1 -1000 -1000 -1000 -10 0.01264716
Car -1 -1 -10 740.447 607.734 778.335 667.733 -1 -1 -1 -1000 -1000 -1000 -10 0.00580399
Car -1 -1 -10 1417.814 415.229 1920.000 1185.083 -1 -1 -1 -1000 -1000 -1000 -10 0.00285928
Car -1 -1 -10 1415.627 615.089 1914.618 1086.744 -1 -1 -1 -1000 -1000 -1000 -10 0.00696626
Car -1 -1 -10 594.677 161.240 1906.383 1200.000 -1 -1 -1 -1000 -1000 -1000 -10 0.00228149
Car -1 -1 -10 0.000 791.667 467.187 1198.408 -1 -1 -1 -1000 -1000 -1000 -10 0.00642400
Car -1 -1 -10 0.000 724.537 399.764 1200.000 -1 -1 -1 -1000 -1000 -1000 -10 0.00216106
Car -1 -1 -10 1415.410 448.472 1916.698 840.775 -1 -1 -1 -1000 -1000 -1000 -10 0.00539450
Car -1 -1 -10 1463.560 801.809 1920.000 1200.000 -1 -1 -1 -1000 -1000 -1000 -10 0.00535829
Car -1 -1 -10 1516.424 581.470 1920.000 867.138 -1 -1 -1 -1000 -1000 -1000 -10 0.00169536
Car -1 -1 -10 1481.802 732.179 1920.000 1017.419 -1 -1 -1 -1000 -1000 -1000 -10 0.00137262
Car -1 -1 -10 301.034 684.734 537.635 1196.892 -1 -1 -1 -1000 -1000 -1000 -10 0.00132537
Car -1 -1 -10 1450.088 655.577 1920.000 1002.710 -1 -1 -1 -1000 -1000 -1000 -10 0.00130604
Car -1 -1 -10 1366.405 330.464 1918.234 781.657 -1 -1 -1 -1000 -1000 -1000 -10 0.00128029
