Car -1 -1 -10 1148.461 578.210 1217.449 631.884 -1 -1 -1 -1000 -1000 -1000 -10 0.90972631
Car -1 -1 -10 948.178 567.280 992.822 615.414 -1 -1 -1 -1000 -1000 -1000 -10 0.05539671
Car -1 -1 -10 0.000 507.454 1140.073 1195.401 -1 -1 -1 -1000 -1000 -1000 -10 0.03658508
Car -1 -1 -10 943.124 557.466 993.864 612.410 -1 -1 -1 -1000 -1000 -1000 -10 0.01097984
Car -1 -1 -10 0.000 657.603 533.135 1200.000 -1 -1 -1 -1000 -1000 -1000 -10 0.02006795
Car -1 -1 -10 1284.401 740.299 1919.757 1200.000 -1 -1 -1 -1000 -1000 -1000 -10 0.01555754
Car -1 -1 -10 1055.247 540.237 1920.000 1196.586 -1 -1 -1 -1000 -1000 -1000 -10 0.01043590
Car -1 -1 -10 827.646 1037.724 1214.684 1197.592 -1 -1 -1 -1000 -1000 -1000 -10 0.01201656
Car -1 -1 -10 868.554 828.804 1219.762 1190.719 -1 -1 -1 -1000 -1000 -1000 -10 0.00439515
Car -1 -1 -10 870.272 895.171 1168.584 1200.000 -1 -1 -1 -1000 -1000 -1000 -10 0.00388198
Car -1 -1 -10 745.447 566.157 798.063 616.226 -1 -1 -1 -1000 -1000 -1000 -10 0.00972534
Car -1 -1 -10 901.432 949.922 1140.795 1200.000 -1 -1 -1 -1000 -1000 -1000 -10 0.00352006
Car -1 -1 -10 903.293 1097.242 1159.554 1200.000 -1 -1 -1 -1000 -1000 -1000 -10 0.00649997
Car -1 -1 -10 122.665 752.022 1021.790 1184.712 -1 -1 -1 -1000 -1000 -1000 -10 0.00488432
Car -1 -1 -10 73.149 236.819 388.562 1200.000 -1 -1 -1 -1000 -1000 -1000 -10 0.00265093
Car -1 -1 -10 351.281 787.130 1030.081 1200.000 -1 -1 -1 -1000 -1000 -1000 -10 0.00262046
Car -1 -1 -10 696.767 815.872 1321.505 1200.000 -1 -1 -1 -1000 -1000 -1000 -10 0.00261340
Car -1 -1 -10 929.580 1064.558 1093.705 1166.099 -1 -1 -1 -1000 -1000 -1000 -10 0.00478072
Car -1 -1 -10 519.316 1057.079 907.695 1200.000 -1 -1 -1 -1000 -1000 -1000 -10 0.00255947
Car -1 -1 -10 945.285 729.207 1097.342 1200.000 -1 -1 -1 -1000 -1000 -1000 -10 0.00255889
Car -1 -1 -10 966.642 673.871 1165.787 1190.324 -1 -1 -1 -1000 -1000 -1000 -10 0.00474923
Car -1 -1 -10 180.164 239.501 487.111 1200.000 -1 -1 -1 -1000 -1000 -1000 -10 0.00252423
Car -1 -1 -10 0.000 827.176 406.767 1197.121 -1 -1 -1 -1000 -1000 -1000 -10 0.00250955
Car -1 -1 -10 888.309 1055.411 1173.537 1196.109 -1 -1 -1 -1000 -1000 -1000 -10 0.00250917
Car -1 -1 -10 1401.820 1158.012 1437.877 1200.000 -1 -1 -1 -1000 -1000 -1000 -10 0.00250561
Car -1 -1 -10 641.618 864.366 1486.387 1200.000 -1 -1 -1 -1000 -1000 -1000 -10 0.00246240
Car -1 -1 -10 218.804 818.501 576.217 1196.376 -1 -1 -1 -1000 -1000 -1000 -10 0.00467289
Car -1 -1 -10 716.452 1091.471 882.874 1189.699 -1 -1 -1 -1000 -1000 -1000 -10 0.00239531
Car -1 -1 -10 926.910 1081.249 986.815 1200.000 -1 -1 -1 -1000 -1000 -1000 -10 0.00237982
Car -1 -1 -10 646.115 1089.540 812.899 1189.798 -1 -1 -1 -1000 -1000 -1000 -10 0.00236175
Car -1 -1 -10 958.931 1076.215 1093.624 1200.000 -1 -1 -1 -1000 -1000 -1000 -10 0.00236169
Car -1 -1 -10 758.038 990.772 1305.119 1200.000 -1 -1 -1 -1000 -1000 -1000 -10 0.00236037
Car -1 -1 -10 1553.149 549.247 1920.000 1200.000 -1 -1 -1 -1000 -1000 -1000 -10 0.00235424
Car -1 -1 -10 995.802 781.015 1184.856 1199.439 -1 -1 -1 -1000 -1000 -1000 -10 0.00235088
Car -1 -1 -10 51.304 566.772 208.894 1200.000 -1 -1 -1 -1000 -1000 -1000 -10 0.00233158
Car -1 -1 -10 961.044 1055.396 1091.897 1179.696 -1 -1 -1 -1000 -1000 -1000 -10 0.00231228
Car -1 -1 -10 0.442 711.862 314.540 1190.727 -1 -1 -1 -1000 -1000 -1000 -10 0.00230161
Car -1 -1 -10 69.189 786.424 761.095 1200.000 -1 -1 -1 -1000 -1000 -1000 -10 0.00229257
Car -1 -1 -10 175.722 583.730 326.936 1200.000 -1 -1 -1 -1000 -1000 -1000 -10 0.00225429
Car -1 -1 -10 277.228 238.972 580.545 1200.000 -1 -1 -1 -1000 -1000 -1000 -10 0.00223328
Car -1 -1 -10 978.423 1018.930 1072.879 1200.000 -1 -1 -1 -1000 -1000 -1000 -10 0.00218369
Car -1 -1 -10 157.615 1030.601 609.018 1200.000 -1 -1 -1 -1000 -1000 -1000 -10 0.00216648
