Car -1 -1 -10 0.000 542.934 1146.205 1198.599 -1 -1 -1 -1000 -1000 -1000 -10 0.03747330
Car -1 -1 -10 874.404 778.792 1825.289 1195.309 -1 -1 -1 -1000 -1000 -1000 -10 0.01514664
Car -1 -1 -10 804.407 517.559 1920.000 1196.918 -1 -1 -1 -1000 -1000 -1000 -10 0.02911573
Car -1 -1 -10 311.769 775.343 1216.242 1191.807 -1 -1 -1 -1000 -1000 -1000 -10 0.02516108
Car -1 -1 -10 1194.753 774.790 1920.000 1198.076 -1 -1 -1 -1000 -1000 -1000 -10 0.01698196
Car -1 -1 -10 140.093 796.159 861.758 1200.000 -1 -1 -1 -1000 -1000 -1000 -10 0.01144489
Car -1 -1 -10 629.840 764.119 1552.983 1195.083 -1 -1 -1 -1000 -1000 -1000 -10 0.00921438
Car -1 -1 -10 33.371 746.073 800.511 1193.990 -1 -1 -1 -1000 -1000 -1000 -10 0.00914065
Car -1 -1 -10 0.000 820.818 534.292 1194.979 -1 -1 -1 -1000 -1000 -1000 -10 0.00820709
Car -1 -1 -10 1454.079 795.723 1920.000 1200.000 -1 -1 -1 -1000 -1000 -1000 -10 0.00344691
Car -1 -1 -10 483.478 533.237 1667.242 1200.000 -1 -1 -1 -1000 -1000 -1000 -10 0.00343971
Car -1 -1 -10 742.854 727.888 1455.243 1200.000 -1 -1 -1 -1000 -1000 -1000 -10 0.00336926
Car -1 -1 -10 0.000 592.239 505.854 1200.000 -1 -1 -1 -1000 -1000 -1000 -10 0.00332848
Car -1 -1 -10 1089.931 921.832 1735.829 1200.000 -1 -1 -1 -1000 -1000 -1000 -10 0.00303055
Car -1 -1 -10 1204.486 690.871 1596.625 1063.725 -1 -1 -1 -1000 -1000 -1000 -10 0.00297461
