Car -1 -1 -10 154.196 580.508 332.945 690.552 -1 -1 -1 -1000 -1000 -1000 -10 0.99971700
Car -1 -1 -10 307.235 588.918 450.901 682.395 -1 -1 -1 -1000 -1000 -1000 -10 0.52481760
Car -1 -1 -10 912.965 578.845 985.677 643.375 -1 -1 -1 -1000 -1000 -1000 -10 0.96735691
Car -1 -1 -10 1444.166 587.264 1626.782 679.883 -1 -1 -1 -1000 -1000 -1000 -10 0.25681844
Car -1 -1 -10 1406.407 580.215 1639.194 682.964 -1 -1 -1 -1000 -1000 -1000 -10 0.09831671
Car -1 -1 -10 367.585 594.888 526.370 678.196 -1 -1 -1 -1000 -1000 -1000 -10 0.01137598
Car -1 -1 -10 0.000 0.000 327.388 197.523 -1 -1 -1 -1000 -1000 -1000 -10 0.00571791
Car -1 -1 -10 30.188 14.627 286.674 474.032 -1 -1 -1 -1000 -1000 -1000 -10 0.00497606
Car -1 -1 -10 0.000 825.157 307.135 1193.679 -1 -1 -1 -1000 -1000 -1000 -10 0.00275900
Car -1 -1 -10 177.899 648.057 326.539 1200.000 -1 -1 -1 -1000 -1000 -1000 -10 0.00253752
Car -1 -1 -10 17.293 843.849 397.288 1195.166 -1 -1 -1 -1000 -1000 -1000 -10 0.00455206
Car -1 -1 -10 491.569 800.509 1121.618 1193.821 -1 -1 -1 -1000 -1000 -1000 -10 0.00469686
Car -1 -1 -10 0.000 806.456 466.629 1200.000 -1 -1 -1 -1000 -1000 -1000 -10 0.00237234
Car -1 -1 -10 105.853 652.784 254.902 1200.000 -1 -1 -1 -1000 -1000 -1000 -10 0.00444889
Car -1 -1 -10 1384.105 591.436 1534.986 680.644 -1 -1 -1 -1000 -1000 -1000 -10 0.00447794
Car -1 -1 -10 588.351 498.459 1854.342 1199.315 -1 -1 -1 -1000 -1000 -1000 -10 0.00437151
Car -1 -1 -10 682.609 831.530 1338.929 1187.596 -1 -1 -1 -1000 -1000 -1000 -10 0.00394371
Car -1 -1 -10 274.167 641.716 423.635 1200.000 -1 -1 -1 -1000 -1000 -1000 -10 0.00218550
Car -1 -1 -10 14.848 0.000 230.929 211.276 -1 -1 -1 -1000 -1000 -1000 -10 0.00433341
Car -1 -1 -10 20.794 761.779 147.138 1197.647 -1 -1 -1 -1000 -1000 -1000 -10 0.00402338
Car -1 -1 -10 0.000 1017.714 242.375 1200.000 -1 -1 -1 -1000 -1000 -1000 -10 0.00212263
Car -1 -1 -10 1449.011 596.964 1539.759 663.565 -1 -1 -1 -1000 -1000 -1000 -10 0.00211632
Car -1 -1 -10 1434.676 593.691 1541.628 673.021 -1 -1 -1 -1000 -1000 -1000 -10 0.00204228
Car -1 -1 -10 1161.604 533.841 1723.382 911.768 -1 -1 -1 -1000 -1000 -1000 -10 0.00200539
Car -1 -1 -10 928.825 692.022 1116.129 1188.467 -1 -1 -1 -1000 -1000 -1000 -10 0.00199026
Car -1 -1 -10 669.386 665.976 882.899 1186.978 -1 -1 -1 -1000 -1000 -1000 -10 0.00194619
Car -1 -1 -10 238.011 672.547 451.937 1182.653 -1 -1 -1 -1000 -1000 -1000 -10 0.00194109
Car -1 -1 -10 155.695 723.712 343.773 1193.171 -1 -1 -1 -1000 -1000 -1000 -10 0.00186337
Car -1 -1 -10 0.000 955.364 216.266 1200.000 -1 -1 -1 -1000 -1000 -1000 -10 0.00183441
Car -1 -1 -10 712.766 598.825 774.756 646.687 -1 -1 -1 -1000 -1000 -1000 -10 0.00181658
Car -1 -1 -10 700.160 599.774 785.282 656.823 -1 -1 -1 -1000 -1000 -1000 -10 0.00178738
Car -1 -1 -10 0.000 876.089 248.281 1200.000 -1 -1 -1 -1000 -1000 -1000 -10 0.00178373
Car -1 -1 -10 0.000 556.823 365.601 1200.000 -1 -1 -1 -1000 -1000 -1000 -10 0.00176964
Car -1 -1 -10 26.341 0.000 246.653 117.658 -1 -1 -1 -1000 -1000 -1000 -10 0.00176416
Car -1 -1 -10 25.710 820.681 675.904 1192.004 -1 -1 -1 -1000 -1000 -1000 -10 0.00174767
Car -1 -1 -10 54.310 629.052 206.623 1200.000 -1 -1 -1 -1000 -1000 -1000 -10 0.00170763
Car -1 -1 -10 0.000 982.121 292.101 1200.000 -1 -1 -1 -1000 -1000 -1000 -10 0.00166551
Car -1 -1 -10 84.829 1.416 371.692 130.514 -1 -1 -1 -1000 -1000 -1000 -10 0.00165072
Car -1 -1 -10 128.216 641.227 277.782 1200.000 -1 -1 -1 -1000 -1000 -1000 -10 0.00161672
Car -1 -1 -10 68.026 0.000 160.227 180.898 -1 -1 -1 -1000 -1000 -1000 -10 0.00150922
