Car -1 -1 -10 1687.482 517.350 1864.092 613.893 -1 -1 -1 -1000 -1000 -1000 -10 0.51857783
Car -1 -1 -10 1.031 669.403 650.286 1194.121 -1 -1 -1 -1000 -1000 -1000 -10 0.04297910
Car -1 -1 -10 40.542 505.857 1086.349 1185.577 -1 -1 -1 -1000 -1000 -1000 -10 0.03007102
Car -1 -1 -10 287.145 572.272 627.925 1200.000 -1 -1 -1 -1000 -1000 -1000 -10 0.00627084
Car -1 -1 -10 968.591 627.089 1326.067 1184.251 -1 -1 -1 -1000 -1000 -1000 -10 0.01016995
Car -1 -1 -10 0.000 793.475 466.053 1200.000 -1 -1 -1 -1000 -1000 -1000 -10 0.00525345
Car -1 -1 -10 424.686 493.194 1529.750 1187.035 -1 -1 -1 -1000 -1000 -1000 -10 0.01285025
Car -1 -1 -10 1230.325 546.699 1384.704 626.148 -1 -1 -1 -1000 -1000 -1000 -10 0.01463921
Car -1 -1 -10 1121.813 580.565 1542.115 798.235 -1 -1 -1 -1000 -1000 -1000 -10 0.01034998
Car -1 -1 -10 263.606 563.256 773.839 1130.653 -1 -1 -1 -1000 -1000 -1000 -10 0.00448243
Car -1 -1 -10 715.507 793.400 1399.200 1200.000 -1 -1 -1 -1000 -1000 -1000 -10 0.00770985
Car -1 -1 -10 1071.957 618.959 1622.084 1017.189 -1 -1 -1 -1000 -1000 -1000 -10 0.00437156
Car -1 -1 -10 1631.645 539.196 1920.000 909.276 -1 -1 -1 -1000 -1000 -1000 -10 0.00638913
Car -1 -1 -10 236.439 297.441 489.919 1200.000 -1 -1 -1 -1000 -1000 -1000 -10 0.00295269
Car -1 -1 -10 1499.517 502.425 1920.000 1011.009 -1 -1 -1 -1000 -1000 -1000 -10 0.00557947
Car -1 -1 -10 299.266 597.478 556.257 1083.100 -1 -1 -1 -1000 -1000 -1000 -10 0.00277401
Car -1 -1 -10 1050.379 551.728 1451.007 982.348 -1 -1 -1 -1000 -1000 -1000 -10 0.00238987
Car -1 -1 -10 0.000 624.453 470.093 1025.308 -1 -1 -1 -1000 -1000 -1000 -10 0.00203623
