Car -1 -1 -10 213.334 536.029 1389.531 1182.332 -1 -1 -1 -1000 -1000 -1000 -10 0.00981037
Car -1 -1 -10 771.836 383.716 1112.860 983.610 -1 -1 -1 -1000 -1000 -1000 -10 0.00438278
Car -1 -1 -10 669.199 468.564 1076.108 774.678 -1 -1 -1 -1000 -1000 -1000 -10 0.00362800
Car -1 -1 -10 0.000 807.038 465.380 1199.646 -1 -1 -1 -1000 -1000 -1000 -10 0.00731273
Car -1 -1 -10 1237.629 390.326 1837.293 753.665 -1 -1 -1 -1000 -1000 -1000 -10 0.00417350
Car -1 -1 -10 590.536 163.488 1889.949 1200.000 -1 -1 -1 -1000 -1000 -1000 -10 0.00333944
Car -1 -1 -10 1510.298 206.454 1898.963 905.139 -1 -1 -1 -1000 -1000 -1000 -10 0.00277368
Car -1 -1 -10 709.474 421.480 1151.658 908.639 -1 -1 -1 -1000 -1000 -1000 -10 0.00163805
Car -1 -1 -10 1162.838 461.813 1781.795 850.528 -1 -1 -1 -1000 -1000 -1000 -10 0.00301399
Car -1 -1 -10 511.601 527.704 1165.735 963.130 -1 -1 -1 -1000 -1000 -1000 -10 0.00152287
Car -1 -1 -10 420.578 707.171 1162.549 1158.334 -1 -1 -1 -1000 -1000 -1000 -10 0.00141604
Car -1 -1 -10 681.427 113.495 974.496 1185.982 -1 -1 -1 -1000 -1000 -1000 -10 0.00259847
Car -1 -1 -10 1319.302 298.512 1700.688 1001.071 -1 -1 -1 -1000 -1000 -1000 -10 0.00138952
Car -1 -1 -10 1419.726 481.488 1714.404 643.224 -1 -1 -1 -1000 -1000 -1000 -10 0.00251927
Car -1 -1 -10 1527.836 403.108 1920.000 836.590 -1 -1 -1 -1000 -1000 -1000 -10 0.00244485
Car -1 -1 -10 1263.693 523.541 1729.816 817.338 -1 -1 -1 -1000 -1000 -1000 -10 0.00135399
Car -1 -1 -10 1303.000 460.272 1733.700 695.967 -1 -1 -1 -1000 -1000 -1000 -10 0.00117090
Car -1 -1 -10 1488.719 514.631 1648.659 613.358 -1 -1 -1 -1000 -1000 -1000 -10 0.00213990
Car -1 -1 -10 464.127 641.698 1190.047 1102.342 -1 -1 -1 -1000 -1000 -1000 -10 0.00115103
Car -1 -1 -10 1278.821 435.701 1884.339 807.726 -1 -1 -1 -1000 -1000 -1000 -10 0.00114949
Car -1 -1 -10 969.836 357.251 1920.000 1040.597 -1 -1 -1 -1000 -1000 -1000 -10 0.00205897
Car -1 -1 -10 1428.155 452.779 1920.000 1044.004 -1 -1 -1 -1000 -1000 -1000 -10 0.00109633
Car -1 -1 -10 0.000 803.926 210.000 1196.198 -1 -1 -1 -1000 -1000 -1000 -10 0.00108998
Car -1 -1 -10 0.000 965.298 208.312 1200.000 -1 -1 -1 -1000 -1000 -1000 -10 0.00106702
Car -1 -1 -10 1332.010 507.263 1626.696 668.070 -1 -1 -1 -1000 -1000 -1000 -10 0.00083084
Car -1 -1 -10 1210.942 483.820 1723.271 1011.603 -1 -1 -1 -1000 -1000 -1000 -10 0.00082289
