Car -1 -1 -10 695.517 561.046 783.940 645.191 -1 -1 -1 -1000 -1000 -1000 -10 0.99946098
Car -1 -1 -10 203.039 546.665 284.046 615.507 -1 -1 -1 -1000 -1000 -1000 -10 0.89872864
Car -1 -1 -10 407.661 571.660 458.450 617.941 -1 -1 -1 -1000 -1000 -1000 -10 0.02780840
Car -1 -1 -10 878.423 777.117 1697.339 1191.515 -1 -1 -1 -1000 -1000 -1000 -10 0.01030470
Car -1 -1 -10 631.748 532.478 1796.075 1197.558 -1 -1 -1 -1000 -1000 -1000 -10 0.00528441
Car -1 -1 -10 618.558 780.930 1285.475 1200.000 -1 -1 -1 -1000 -1000 -1000 -10 0.00524690
Car -1 -1 -10 343.931 515.686 1517.701 1200.000 -1 -1 -1 -1000 -1000 -1000 -10 0.00375251
Car -1 -1 -10 275.127 800.651 892.372 1186.735 -1 -1 -1 -1000 -1000 -1000 -10 0.00308224
Car -1 -1 -10 842.709 1032.507 1272.463 1200.000 -1 -1 -1 -1000 -1000 -1000 -10 0.00172760
Car -1 -1 -10 1200.434 791.220 1559.540 1197.567 -1 -1 -1 -1000 -1000 -1000 -10 0.00309742
Car -1 -1 -10 924.698 817.843 1261.419 1193.011 -1 -1 -1 -1000 -1000 -1000 -10 0.00169841
Car -1 -1 -10 743.849 930.563 1364.653 1200.000 -1 -1 -1 -1000 -1000 -1000 -10 0.00308483
Car -1 -1 -10 948.336 874.793 1233.706 1200.000 -1 -1 -1 -1000 -1000 -1000 -10 0.00156108
Car -1 -1 -10 1152.809 1036.894 1591.626 1200.000 -1 -1 -1 -1000 -1000 -1000 -10 0.00155408
Car -1 -1 -10 948.108 1081.304 1260.028 1200.000 -1 -1 -1 -1000 -1000 -1000 -10 0.00149396
Car -1 -1 -10 547.259 603.301 677.380 1199.252 -1 -1 -1 -1000 -1000 -1000 -10 0.00148993
Car -1 -1 -10 725.334 1043.554 1135.871 1200.000 -1 -1 -1 -1000 -1000 -1000 -10 0.00279762
Car -1 -1 -10 1016.015 1054.196 1421.651 1200.000 -1 -1 -1 -1000 -1000 -1000 -10 0.00551915
Car -1 -1 -10 747.871 645.093 1019.068 1200.000 -1 -1 -1 -1000 -1000 -1000 -10 0.00146534
Car -1 -1 -10 884.841 1072.751 996.670 1189.490 -1 -1 -1 -1000 -1000 -1000 -10 0.00145764
Car -1 -1 -10 801.432 641.880 1069.706 1200.000 -1 -1 -1 -1000 -1000 -1000 -10 0.00281084
Car -1 -1 -10 772.659 645.206 1294.296 1200.000 -1 -1 -1 -1000 -1000 -1000 -10 0.00140982
Car -1 -1 -10 1076.739 1103.855 1322.844 1200.000 -1 -1 -1 -1000 -1000 -1000 -10 0.00281295
Car -1 -1 -10 420.642 653.223 612.211 1193.617 -1 -1 -1 -1000 -1000 -1000 -10 0.00140556
Car -1 -1 -10 1011.793 1098.708 1181.719 1196.470 -1 -1 -1 -1000 -1000 -1000 -10 0.00399296
Car -1 -1 -10 896.630 512.062 1257.190 1200.000 -1 -1 -1 -1000 -1000 -1000 -10 0.00138901
Car -1 -1 -10 844.411 829.627 1004.643 1200.000 -1 -1 -1 -1000 -1000 -1000 -10 0.00138389
Car -1 -1 -10 202.392 794.872 778.787 1186.964 -1 -1 -1 -1000 -1000 -1000 -10 0.00138284
Car -1 -1 -10 844.224 1102.116 1014.213 1200.000 -1 -1 -1 -1000 -1000 -1000 -10 0.00272831
Car -1 -1 -10 857.397 244.185 1160.854 1199.898 -1 -1 -1 -1000 -1000 -1000 -10 0.00127858
Car -1 -1 -10 1450.537 803.798 1920.000 1200.000 -1 -1 -1 -1000 -1000 -1000 -10 0.00125536
Car -1 -1 -10 1012.964 824.368 1173.426 1200.000 -1 -1 -1 -1000 -1000 -1000 -10 0.00120818
Car -1 -1 -10 748.269 801.393 1101.113 1198.294 -1 -1 -1 -1000 -1000 -1000 -10 0.00117323
