Car -1 -1 -10 824.592 606.468 874.402 652.455 -1 -1 -1 -1000 -1000 -1000 -10 0.95448597
Car -1 -1 -10 1136.931 492.778 1669.410 871.289 -1 -1 -1 -1000 -1000 -1000 -10 0.00348363
Car -1 -1 -10 33.021 157.267 1159.197 1200.000 -1 -1 -1 -1000 -1000 -1000 -10 0.00146516
Car -1 -1 -10 0.000 514.532 931.742 1200.000 -1 -1 -1 -1000 -1000 -1000 -10 0.00142514
Car -1 -1 -10 335.339 0.000 944.299 342.715 -1 -1 -1 -1000 -1000 -1000 -10 0.00396341
Car -1 -1 -10 270.564 0.000 1156.122 323.318 -1 -1 -1 -1000 -1000 -1000 -10 0.00138692
Car -1 -1 -10 1090.404 617.139 1651.200 1010.907 -1 -1 -1 -1000 -1000 -1000 -10 0.00132579
Car -1 -1 -10 570.890 32.677 869.410 965.509 -1 -1 -1 -1000 -1000 -1000 -10 0.00480683
Car -1 -1 -10 0.000 800.658 455.036 1198.299 -1 -1 -1 -1000 -1000 -1000 -10 0.00353369
Car -1 -1 -10 496.787 8.634 774.982 389.931 -1 -1 -1 -1000 -1000 -1000 -10 0.00363212
Car -1 -1 -10 535.980 1.767 1146.593 290.093 -1 -1 -1 -1000 -1000 -1000 -10 0.00328803
Car -1 -1 -10 1254.371 425.878 1591.961 1060.787 -1 -1 -1 -1000 -1000 -1000 -10 0.00215743
Car -1 -1 -10 825.049 586.661 862.145 641.378 -1 -1 -1 -1000 -1000 -1000 -10 0.00116981
Car -1 -1 -10 466.598 21.712 807.630 446.449 -1 -1 -1 -1000 -1000 -1000 -10 0.00114210
Car -1 -1 -10 725.655 9.899 1004.092 390.972 -1 -1 -1 -1000 -1000 -1000 -10 0.00213926
Car -1 -1 -10 540.831 46.464 734.126 765.305 -1 -1 -1 -1000 -1000 -1000 -10 0.00109229
Car -1 -1 -10 561.495 66.234 710.458 593.727 -1 -1 -1 -1000 -1000 -1000 -10 0.00212647
Car -1 -1 -10 12.802 454.973 544.080 1200.000 -1 -1 -1 -1000 -1000 -1000 -10 0.00102937
Car -1 -1 -10 635.049 66.454 784.034 593.524 -1 -1 -1 -1000 -1000 -1000 -10 0.00102779
Car -1 -1 -10 528.107 39.249 696.798 688.660 -1 -1 -1 -1000 -1000 -1000 -10 0.00102493
Car -1 -1 -10 405.472 0.000 899.828 523.476 -1 -1 -1 -1000 -1000 -1000 -10 0.00101264
Car -1 -1 -10 816.753 595.485 850.347 651.110 -1 -1 -1 -1000 -1000 -1000 -10 0.00100685
Car -1 -1 -10 614.602 8.021 897.074 396.493 -1 -1 -1 -1000 -1000 -1000 -10 0.00291247
Car -1 -1 -10 641.395 0.000 1243.360 257.705 -1 -1 -1 -1000 -1000 -1000 -10 0.00099843
Car -1 -1 -10 800.242 66.451 948.570 591.527 -1 -1 -1 -1000 -1000 -1000 -10 0.00099041
Car -1 -1 -10 643.022 0.035 1140.509 527.316 -1 -1 -1 -1000 -1000 -1000 -10 0.00098822
Car -1 -1 -10 762.074 26.201 1063.576 954.655 -1 -1 -1 -1000 -1000 -1000 -10 0.00097145
Car -1 -1 -10 1377.315 495.679 1625.236 964.179 -1 -1 -1 -1000 -1000 -1000 -10 0.00096416
Car -1 -1 -10 679.913 65.879 828.796 592.877 -1 -1 -1 -1000 -1000 -1000 -10 0.00090319
Car -1 -1 -10 707.030 66.123 855.973 592.450 -1 -1 -1 -1000 -1000 -1000 -10 0.00089037
Car -1 -1 -10 619.960 50.177 748.579 533.106 -1 -1 -1 -1000 -1000 -1000 -10 0.00087153
