Car -1 -1 -10 499.788 559.206 645.524 683.673 -1 -1 -1 -1000 -1000 -1000 -10 0.92878635
Car -1 -1 -10 51.284 609.334 163.124 682.426 -1 -1 -1 -1000 -1000 -1000 -10 0.14680386
Car -1 -1 -10 660.244 598.358 715.883 646.195 -1 -1 -1 -1000 -1000 -1000 -10 0.08884500
Car -1 -1 -10 489.878 564.927 585.278 652.033 -1 -1 -1 -1000 -1000 -1000 -10 0.04308643
Car -1 -1 -10 1766.639 569.300 1918.372 638.406 -1 -1 -1 -1000 -1000 -1000 -10 0.02587622
Car -1 -1 -10 1792.839 562.691 1900.931 632.376 -1 -1 -1 -1000 -1000 -1000 -10 0.00536191
Car -1 -1 -10 25.509 602.992 176.596 682.699 -1 -1 -1 -1000 -1000 -1000 -10 0.00509493
Car -1 -1 -10 30.429 617.010 172.498 699.278 -1 -1 -1 -1000 -1000 -1000 -10 0.00320445
Car -1 -1 -10 213.019 567.978 376.590 655.334 -1 -1 -1 -1000 -1000 -1000 -10 0.00465601
Car -1 -1 -10 0.000 1020.310 266.628 1200.000 -1 -1 -1 -1000 -1000 -1000 -10 0.00201207
Car -1 -1 -10 0.000 968.410 211.280 1200.000 -1 -1 -1 -1000 -1000 -1000 -10 0.00194934
Car -1 -1 -10 680.492 606.776 722.808 654.142 -1 -1 -1 -1000 -1000 -1000 -10 0.00352967
Car -1 -1 -10 7.395 1104.008 246.758 1200.000 -1 -1 -1 -1000 -1000 -1000 -10 0.00496678
Car -1 -1 -10 12.640 611.638 207.437 1197.838 -1 -1 -1 -1000 -1000 -1000 -10 0.00184805
Car -1 -1 -10 0.000 822.373 277.714 1199.966 -1 -1 -1 -1000 -1000 -1000 -10 0.00173916
Car -1 -1 -10 1831.563 564.353 1920.000 627.872 -1 -1 -1 -1000 -1000 -1000 -10 0.00171224
Car -1 -1 -10 11.404 681.670 253.111 1200.000 -1 -1 -1 -1000 -1000 -1000 -10 0.00314519
Car -1 -1 -10 43.555 758.196 170.868 1200.000 -1 -1 -1 -1000 -1000 -1000 -10 0.00163859
Car -1 -1 -10 0.000 798.786 454.833 1199.626 -1 -1 -1 -1000 -1000 -1000 -10 0.00408758
Car -1 -1 -10 510.402 576.477 571.070 635.806 -1 -1 -1 -1000 -1000 -1000 -10 0.00152250
Car -1 -1 -10 64.090 1010.151 162.006 1200.000 -1 -1 -1 -1000 -1000 -1000 -10 0.00151088
Car -1 -1 -10 512.042 550.566 551.190 686.937 -1 -1 -1 -1000 -1000 -1000 -10 0.00147559
Car -1 -1 -10 0.000 1058.853 128.582 1200.000 -1 -1 -1 -1000 -1000 -1000 -10 0.00147174
Car -1 -1 -10 135.073 547.404 356.766 666.565 -1 -1 -1 -1000 -1000 -1000 -10 0.00145580
Car -1 -1 -10 4.106 1062.731 331.870 1200.000 -1 -1 -1 -1000 -1000 -1000 -10 0.00131428
Car -1 -1 -10 154.465 563.587 317.242 658.736 -1 -1 -1 -1000 -1000 -1000 -10 0.00130813
Car -1 -1 -10 0.000 1121.874 104.928 1200.000 -1 -1 -1 -1000 -1000 -1000 -10 0.00242323
Car -1 -1 -10 91.662 1158.298 128.667 1200.000 -1 -1 -1 -1000 -1000 -1000 -10 0.00126293
Car -1 -1 -10 113.367 613.896 293.637 1188.395 -1 -1 -1 -1000 -1000 -1000 -10 0.00352164
Car -1 -1 -10 53.965 960.237 173.872 1198.755 -1 -1 -1 -1000 -1000 -1000 -10 0.00122588
Car -1 -1 -10 17.837 364.864 309.534 1200.000 -1 -1 -1 -1000 -1000 -1000 -10 0.00120738
Car -1 -1 -10 14.079 1157.114 51.929 1200.000 -1 -1 -1 -1000 -1000 -1000 -10 0.00120048
Car -1 -1 -10 3.652 1088.120 61.767 1200.000 -1 -1 -1 -1000 -1000 -1000 -10 0.00119933
Car -1 -1 -10 65.580 1139.585 181.618 1200.000 -1 -1 -1 -1000 -1000 -1000 -10 0.00119785
Car -1 -1 -10 81.720 1087.694 139.318 1200.000 -1 -1 -1 -1000 -1000 -1000 -10 0.00118598
Car -1 -1 -10 51.268 609.634 133.730 677.568 -1 -1 -1 -1000 -1000 -1000 -10 0.00117482
Car -1 -1 -10 16.796 993.172 426.061 1200.000 -1 -1 -1 -1000 -1000 -1000 -10 0.00112986
Car -1 -1 -10 8.966 1158.975 46.247 1200.000 -1 -1 -1 -1000 -1000 -1000 -10 0.00107236
Car -1 -1 -10 69.888 745.902 195.820 1200.000 -1 -1 -1 -1000 -1000 -1000 -10 0.00101860
Car -1 -1 -10 63.879 1115.159 147.227 1200.000 -1 -1 -1 -1000 -1000 -1000 -10 0.00099181
Car -1 -1 -10 513.338 525.295 559.939 684.360 -1 -1 -1 -1000 -1000 -1000 -10 0.00098154
Car -1 -1 -10 107.122 1090.167 163.816 1200.000 -1 -1 -1 -1000 -1000 -1000 -10 0.00097011
Car -1 -1 -10 81.947 560.048 126.869 722.878 -1 -1 -1 -1000 -1000 -1000 -10 0.00094443
