Car -1 -1 -10 1285.291 537.220 1578.169 754.476 -1 -1 -1 -1000 -1000 -1000 -10 0.99990974
Car -1 -1 -10 1178.806 560.525 1334.305 678.722 -1 -1 -1 -1000 -1000 -1000 -10 0.99970652
Car -1 -1 -10 1108.630 566.103 1192.990 634.514 -1 -1 -1 -1000 -1000 -1000 -10 0.96293889
Car -1 -1 -10 1076.332 561.056 1143.843 623.317 -1 -1 -1 -1000 -1000 -1000 -10 0.26795107
Car -1 -1 -10 1054.675 562.675 1108.316 622.210 -1 -1 -1 -1000 -1000 -1000 -10 0.03946954
Car -1 -1 -10 485.913 795.491 1196.748 1200.000 -1 -1 -1 -1000 -1000 -1000 -10 0.01549712
Car -1 -1 -10 775.562 811.853 1422.496 1191.686 -1 -1 -1 -1000 -1000 -1000 -10 0.01008996
Car -1 -1 -10 2.535 806.032 565.044 1194.515 -1 -1 -1 -1000 -1000 -1000 -10 0.01325380
Car -1 -1 -10 769.422 870.232 1084.703 1200.000 -1 -1 -1 -1000 -1000 -1000 -10 0.00575068
Car -1 -1 -10 1131.439 802.752 1758.775 1194.454 -1 -1 -1 -1000 -1000 -1000 -10 0.00508260
Car -1 -1 -10 729.774 997.862 1227.960 1200.000 -1 -1 -1 -1000 -1000 -1000 -10 0.00299496
Car -1 -1 -10 155.051 705.490 406.673 1194.891 -1 -1 -1 -1000 -1000 -1000 -10 0.00298063
Car -1 -1 -10 989.938 717.739 1203.549 1192.567 -1 -1 -1 -1000 -1000 -1000 -10 0.00261464
Car -1 -1 -10 745.931 1054.374 1159.332 1200.000 -1 -1 -1 -1000 -1000 -1000 -10 0.00260095
Car -1 -1 -10 852.871 1038.417 1310.785 1200.000 -1 -1 -1 -1000 -1000 -1000 -10 0.00254769
Car -1 -1 -10 1017.808 683.594 1168.902 1198.852 -1 -1 -1 -1000 -1000 -1000 -10 0.00204560
