Car -1 -1 -10 484.730 557.169 854.801 838.726 -1 -1 -1 -1000 -1000 -1000 -10 0.99751955
Car -1 -1 -10 0.000 814.009 455.523 1198.946 -1 -1 -1 -1000 -1000 -1000 -10 0.00735530
Car -1 -1 -10 109.408 767.891 722.578 1186.091 -1 -1 -1 -1000 -1000 -1000 -10 0.00452744
Car -1 -1 -10 541.709 569.483 758.628 707.162 -1 -1 -1 -1000 -1000 -1000 -10 0.00222803
Car -1 -1 -10 623.839 558.500 778.047 662.010 -1 -1 -1 -1000 -1000 -1000 -10 0.00402999
Car -1 -1 -10 558.367 581.760 719.783 689.180 -1 -1 -1 -1000 -1000 -1000 -10 0.00207291
Car -1 -1 -10 272.984 663.604 467.526 1187.009 -1 -1 -1 -1000 -1000 -1000 -10 0.00202937
Car -1 -1 -10 5.753 564.080 481.436 1198.521 -1 -1 -1 -1000 -1000 -1000 -10 0.00372084
Car -1 -1 -10 651.216 558.804 686.326 616.242 -1 -1 -1 -1000 -1000 -1000 -10 0.00201921
Car -1 -1 -10 653.994 567.224 836.365 754.339 -1 -1 -1 -1000 -1000 -1000 -10 0.00328221
Car -1 -1 -10 557.713 577.519 657.986 658.429 -1 -1 -1 -1000 -1000 -1000 -10 0.00189249
Car -1 -1 -10 657.980 541.776 839.805 811.895 -1 -1 -1 -1000 -1000 -1000 -10 0.00187182
Car -1 -1 -10 223.074 558.139 566.068 1200.000 -1 -1 -1 -1000 -1000 -1000 -10 0.00177509
Car -1 -1 -10 504.029 563.831 780.884 729.848 -1 -1 -1 -1000 -1000 -1000 -10 0.00176708
Car -1 -1 -10 152.506 890.776 311.646 988.790 -1 -1 -1 -1000 -1000 -1000 -10 0.00174327
Car -1 -1 -10 574.144 564.435 789.870 709.841 -1 -1 -1 -1000 -1000 -1000 -10 0.00316244
Car -1 -1 -10 172.408 780.415 564.336 1156.832 -1 -1 -1 -1000 -1000 -1000 -10 0.00160482
Car -1 -1 -10 514.660 600.218 674.969 723.131 -1 -1 -1 -1000 -1000 -1000 -10 0.00288726
Car -1 -1 -10 694.982 719.764 1000.605 1188.176 -1 -1 -1 -1000 -1000 -1000 -10 0.00146570
Car -1 -1 -10 42.860 645.685 211.541 1190.229 -1 -1 -1 -1000 -1000 -1000 -10 0.00145434
Car -1 -1 -10 54.798 520.198 206.305 1200.000 -1 -1 -1 -1000 -1000 -1000 -10 0.00140607
Car -1 -1 -10 5.973 835.133 373.663 1129.738 -1 -1 -1 -1000 -1000 -1000 -10 0.00126012
