Car -1 -1 -10 96.358 512.675 485.779 802.055 -1 -1 -1 -1000 -1000 -1000 -10 0.98375374
Car -1 -1 -10 809.459 598.290 861.553 645.573 -1 -1 -1 -1000 -1000 -1000 -10 0.98584017
Car -1 -1 -10 5.555 559.893 593.293 1188.909 -1 -1 -1 -1000 -1000 -1000 -10 0.02920577
Car -1 -1 -10 385.750 552.193 497.737 662.090 -1 -1 -1 -1000 -1000 -1000 -10 0.00778970
Car -1 -1 -10 266.321 518.775 506.018 752.368 -1 -1 -1 -1000 -1000 -1000 -10 0.00892697
Car -1 -1 -10 233.791 517.471 492.686 712.665 -1 -1 -1 -1000 -1000 -1000 -10 0.00461061
Car -1 -1 -10 83.052 528.352 352.860 714.197 -1 -1 -1 -1000 -1000 -1000 -10 0.00360453
Car -1 -1 -10 287.138 521.429 469.836 699.972 -1 -1 -1 -1000 -1000 -1000 -10 0.00350152
Car -1 -1 -10 127.273 530.284 313.710 701.903 -1 -1 -1 -1000 -1000 -1000 -10 0.00308392
Car -1 -1 -10 0.000 750.149 429.605 1199.232 -1 -1 -1 -1000 -1000 -1000 -10 0.00604384
Car -1 -1 -10 283.984 524.442 396.242 635.382 -1 -1 -1 -1000 -1000 -1000 -10 0.00268856
Car -1 -1 -10 155.416 522.379 337.319 695.549 -1 -1 -1 -1000 -1000 -1000 -10 0.00266993
