Car -1 -1 -10 1014.429 511.488 1406.062 701.755 -1 -1 -1 -1000 -1000 -1000 -10 0.38222821
Car -1 -1 -10 962.415 488.510 1425.328 689.523 -1 -1 -1 -1000 -1000 -1000 -10 0.06001548
Car -1 -1 -10 0.000 595.938 784.784 1187.745 -1 -1 -1 -1000 -1000 -1000 -10 0.06109556
Car -1 -1 -10 831.932 471.742 1447.760 832.468 -1 -1 -1 -1000 -1000 -1000 -10 0.01069130
Car -1 -1 -10 1267.708 541.404 1424.358 635.189 -1 -1 -1 -1000 -1000 -1000 -10 0.02877808
Car -1 -1 -10 1371.837 573.120 1915.952 941.208 -1 -1 -1 -1000 -1000 -1000 -10 0.01884507
Car -1 -1 -10 279.124 631.807 596.073 1188.363 -1 -1 -1 -1000 -1000 -1000 -10 0.01232218
Car -1 -1 -10 320.779 475.067 1472.916 1186.417 -1 -1 -1 -1000 -1000 -1000 -10 0.01057713
Car -1 -1 -10 969.334 619.029 1326.777 1192.599 -1 -1 -1 -1000 -1000 -1000 -10 0.00850749
Car -1 -1 -10 482.274 512.186 1590.341 1185.420 -1 -1 -1 -1000 -1000 -1000 -10 0.00930369
Car -1 -1 -10 707.711 790.160 1397.320 1200.000 -1 -1 -1 -1000 -1000 -1000 -10 0.00812127
Car -1 -1 -10 1203.313 531.298 1396.653 689.101 -1 -1 -1 -1000 -1000 -1000 -10 0.00875224
Car -1 -1 -10 1404.075 508.736 1913.758 976.852 -1 -1 -1 -1000 -1000 -1000 -10 0.00443668
Car -1 -1 -10 13.788 768.649 509.455 1199.608 -1 -1 -1 -1000 -1000 -1000 -10 0.00937876
Car -1 -1 -10 1201.367 538.681 1369.789 636.033 -1 -1 -1 -1000 -1000 -1000 -10 0.00313235
Car -1 -1 -10 1512.352 648.900 1920.000 881.446 -1 -1 -1 -1000 -1000 -1000 -10 0.00309650
Car -1 -1 -10 251.390 629.332 719.060 1142.874 -1 -1 -1 -1000 -1000 -1000 -10 0.00304939
Car -1 -1 -10 0.000 686.276 479.053 1069.342 -1 -1 -1 -1000 -1000 -1000 -10 0.00299995
