Car -1 -1 -10 0.000 517.160 1225.172 1199.632 -1 -1 -1 -1000 -1000 -1000 -10 0.03088520
Car -1 -1 -10 0.000 146.509 1590.623 1200.000 -1 -1 -1 -1000 -1000 -1000 -10 0.01084929
Car -1 -1 -10 0.000 466.549 934.583 1199.326 -1 -1 -1 -1000 -1000 -1000 -10 0.01379530
Car -1 -1 -10 0.000 588.340 528.165 1200.000 -1 -1 -1 -1000 -1000 -1000 -10 0.01800780
Car -1 -1 -10 26.728 42.563 331.775 1197.174 -1 -1 -1 -1000 -1000 -1000 -10 0.01501189
Car -1 -1 -10 147.560 129.023 380.462 1197.345 -1 -1 -1 -1000 -1000 -1000 -10 0.00693304
Car -1 -1 -10 0.000 138.123 590.575 1200.000 -1 -1 -1 -1000 -1000 -1000 -10 0.00644662
Car -1 -1 -10 277.150 103.597 579.681 1181.498 -1 -1 -1 -1000 -1000 -1000 -10 0.00320449
Car -1 -1 -10 1.764 453.491 567.619 854.085 -1 -1 -1 -1000 -1000 -1000 -10 0.00797504
Car -1 -1 -10 311.467 285.536 516.951 1022.444 -1 -1 -1 -1000 -1000 -1000 -10 0.00311167
Car -1 -1 -10 171.292 503.567 674.775 762.584 -1 -1 -1 -1000 -1000 -1000 -10 0.00298417
Car -1 -1 -10 10.463 544.147 495.347 813.001 -1 -1 -1 -1000 -1000 -1000 -10 0.00282130
Car -1 -1 -10 51.572 772.835 922.402 1192.790 -1 -1 -1 -1000 -1000 -1000 -10 0.00281602
Car -1 -1 -10 84.064 631.224 838.538 1093.076 -1 -1 -1 -1000 -1000 -1000 -10 0.00280238
Car -1 -1 -10 273.997 287.746 477.422 1025.136 -1 -1 -1 -1000 -1000 -1000 -10 0.00264792
Car -1 -1 -10 45.838 549.090 786.155 967.901 -1 -1 -1 -1000 -1000 -1000 -10 0.00602325
Car -1 -1 -10 188.052 278.998 316.829 1015.597 -1 -1 -1 -1000 -1000 -1000 -10 0.00256852
Car -1 -1 -10 279.297 443.780 896.386 796.889 -1 -1 -1 -1000 -1000 -1000 -10 0.00256487
Car -1 -1 -10 233.634 280.920 364.116 1012.520 -1 -1 -1 -1000 -1000 -1000 -10 0.00252877
Car -1 -1 -10 216.407 279.620 420.874 1017.469 -1 -1 -1 -1000 -1000 -1000 -10 0.00252554
Car -1 -1 -10 2.544 755.953 414.017 1109.326 -1 -1 -1 -1000 -1000 -1000 -10 0.00247136
Car -1 -1 -10 233.235 388.755 844.741 749.971 -1 -1 -1 -1000 -1000 -1000 -10 0.00244173
Car -1 -1 -10 375.599 112.445 677.932 1179.300 -1 -1 -1 -1000 -1000 -1000 -10 0.00400780
Car -1 -1 -10 0.000 649.804 335.097 1063.441 -1 -1 -1 -1000 -1000 -1000 -10 0.00447955
Car -1 -1 -10 180.636 134.170 436.482 1190.572 -1 -1 -1 -1000 -1000 -1000 -10 0.00233248
Car -1 -1 -10 0.000 616.605 417.592 938.385 -1 -1 -1 -1000 -1000 -1000 -10 0.00225684
Car -1 -1 -10 298.611 52.847 514.206 1169.940 -1 -1 -1 -1000 -1000 -1000 -10 0.00209114
Car -1 -1 -10 0.000 324.340 323.598 939.296 -1 -1 -1 -1000 -1000 -1000 -10 0.00205631
Car -1 -1 -10 151.269 446.467 631.774 714.545 -1 -1 -1 -1000 -1000 -1000 -10 0.00203115
Car -1 -1 -10 114.189 293.340 244.627 1013.890 -1 -1 -1 -1000 -1000 -1000 -10 0.00200204
Car -1 -1 -10 394.665 287.942 597.756 1023.349 -1 -1 -1 -1000 -1000 -1000 -10 0.00197554
Car -1 -1 -10 465.949 231.437 668.387 978.342 -1 -1 -1 -1000 -1000 -1000 -10 0.00178758
Car -1 -1 -10 0.000 556.576 256.072 895.056 -1 -1 -1 -1000 -1000 -1000 -10 0.00168261
Car -1 -1 -10 61.941 356.162 712.147 745.570 -1 -1 -1 -1000 -1000 -1000 -10 0.00159498
Car -1 -1 -10 191.796 465.053 862.398 836.583 -1 -1 -1 -1000 -1000 -1000 -10 0.00158524
Car -1 -1 -10 0.000 648.361 155.622 879.178 -1 -1 -1 -1000 -1000 -1000 -10 0.00157087
